1714.568481 219.506195
11470.427734 207.839157
1299.127075 168.836945
7239.107910 114.048035
5793.237305 85.806015
634.031250 122.558380
2446.941650 165.494064
767.618164 202.465790
491.706360 258.642975
4659.951660 399.114227
1450.701050 488.859192
12816.562500 482.805389
8350.887695 140.300751
4755.688477 86.105095
8687.262695 72.524704
1322.125488 133.036774
1723.137695 45.989399
213.570618 96.921295
13411.806641 156.046112
1146.707642 191.795975
5899.979492 152.800125
8001.189453 107.046974
6298.582031 56.029362
5781.175781 30.080883
6838.786621 172.239014
129.247269 276.515259
11091.305664 379.453003
711.490601 420.322144
3832.116699 308.246368
678.757629 234.114746
6166.838867 153.667068
3800.352295 124.209427
3621.735840 90.998215
4580.163086 154.091812
487.065063 278.167084
8997.480469 411.707031
13970.180664 168.086685
1155.868652 183.392517
67.348740 147.918060
2155.644287 99.691742
3623.526611 35.229523
1066.289429 18.508297
137.270782 8.167179
22981.269531 11.512693
277.585846 17.489107
17862.183594 34.890469
4142.675781 47.439522
459.311951 47.493599
1580.547607 64.797951
8004.187500 61.351002
3695.455566 51.123779
17822.255859 38.284950
13225.450195 18.613306
72.143738 31.912857
4703.966309 47.218727
3025.995605 59.589085
1386.510376 79.508179
1202.505615 145.047806
4113.912109 183.313110
6072.691406 168.211578
7917.926758 174.724167
10385.157227 90.121185
1683.956421 32.296932
299.929840 30.321609
4606.411133 58.030670
214.375885 111.878189
7294.210938 191.242249
2297.928223 263.147186
17515.578125 100.829437
48777.964844 91.717133
16260.953125 64.852432
9396.375977 45.218464
1076.342041 5.197446
12333.927734 33.734444
1403.903442 83.275681
22845.566406 134.538986
3365.644775 49.018478
3314.090332 42.063240
3965.852539 22.198090
1679.314941 4.187277
1554.747803 131.033249
4013.474365 144.080063
191.515106 126.379395
8854.783203 88.473045
210.441498 2.492619
4729.937988 10.702997
1146.650146 44.906860
2641.182129 92.049988
597.496094 46.657738
6032.490234 134.268845
3080.036133 220.934250
34176.390625 256.067780
11053.664062 209.830063
7405.406250 125.759163
3134.770264 42.048355
5158.419434 8.833932
1112.961182 49.151268
527.771606 91.113068
10707.651367 117.661079
15473.609375 121.519562
7771.872070 82.310669
11868.695312 26.578054
628.432678 0.672167
40.445683 11.770960
410.918579 153.844345
9223.303711 260.275818
6569.949219 363.353973
467.805756 391.872375
264.173492 467.544769
4366.102051 329.388428
4511.025391 187.403244
1098.992920 118.719040
1669.500977 138.449020
12679.601562 220.163101
9973.162109 371.653015
22658.503906 534.661743
5069.385742 190.565018
19410.648438 212.642029
3423.888428 181.778336
119.078835 137.866974
7590.022461 8.157990
22362.455078 34.582088
12628.095703 79.292282
30077.085938 132.481674
3084.728027 17.030634
6032.770020 11.074976
905.870178 4.167569
152.601166 0.360178
3443.594238 23.076248
792.479675 66.512016
8511.617188 114.819000
17526.886719 145.615982
2597.353760 44.681911
6525.928223 27.484531
14019.655273 7.253528
4598.615234 2.095739
1172.675171 69.575783
2678.272705 64.816566
403.109619 68.163742
4645.537109 70.754921
8932.038086 117.467415
7821.128906 120.147079
8168.556641 105.883087
3346.758789 85.199837
3285.746094 31.615108
3070.709717 54.039604
349.875793 79.319237
5528.407227 97.445137
11397.658203 25.924063
6943.997070 22.118822
2556.540771 17.574768
280.872681 19.143944
1221.545776 10.207398
10368.274414 5.838723
4254.984375 3.321693
13906.169922 1.906653
6781.274902 40.404118
653.285400 34.117882
46.517956 25.474907
2523.489746 16.923841
292.734985 39.917732
279.386597 36.406746
22539.742188 33.769196
17620.035156 34.028297
1598.906494 23.886461
9635.054688 31.847189
364.381409 38.536541
1269.184448 41.314419
2867.639160 54.142998
2410.746826 37.019417
6553.169434 17.790468
3465.936523 6.738910
2311.390381 40.248009
18753.720703 46.968704
2371.526367 56.909782
1417.737671 61.202465
244.146942 34.187626
634.969360 41.763969
11246.255859 53.206280
948.414551 58.225800
20172.169922 84.218529
6702.986816 72.860626
2338.242188 53.678829
702.126465 38.140137
10322.175781 4.837435
6983.231934 12.470698
10322.640625 32.209080
10581.516602 65.217468
40388.523438 3.440249
6216.824707 1.012853
1201.832642 2.455468
67.943398 3.378607
5602.646484 97.402946
33.587967 131.751953
578.113403 144.809311
2229.996338 129.289642
10436.014648 31.031349
9007.715820 23.155542
6910.910156 30.851000
15972.753906 58.243637
1364.040039 49.773529
3364.481689 69.645065
4437.327148 107.526199
30815.931641 147.678192
2747.090820 61.120293
19190.304688 70.111961
1856.328735 63.038727
94.343185 50.949165
1921.868896 0.260539
7533.438965 2.097490
17790.371094 6.843157
49750.828125 12.550910
26346.722656 6.986857
13373.984375 6.826722
2972.682861 4.490374
373.818634 1.557644
2534.461182 42.301090
871.890869 30.466333
1572.744141 18.750166
8706.363281 11.370162
36699.914062 30.066462
8622.163086 41.263412
1018.413269 48.916817
2371.879395 49.427628
966.990112 65.725594
5995.166504 74.842392
13171.791992 71.298080
10062.167969 53.742474
14217.070312 53.338058
4731.457031 44.123001
8735.913086 42.962547
609.810547 51.923111
708.133179 94.471771
7711.781250 143.968811
2533.738281 190.300964
2462.723877 211.519409
304.546478 64.900269
996.360901 58.324528
771.014038 51.858070
2072.840576 61.380493
3768.912842 4.470802
6818.248047 33.642242
13209.914062 94.039040
10205.268555 165.277313
17132.773438 37.066772
3217.945557 41.787918
3798.543701 27.592949
2491.603760 7.831932
1885.721436 117.438622
1446.683838 162.468979
4175.512207 173.968048
6984.904297 146.506683
12994.682617 25.809856
5298.096680 7.869417
9259.608398 18.869850
5998.431641 60.814945
7.751745 37.176991
16053.133789 97.212082
4712.650879 182.329208
21795.216797 246.687378
8218.302734 173.620789
9860.449219 137.317398
7308.864258 75.794739
2153.931885 31.301720
125.645294 12.961577
1765.927490 41.885601
4341.921875 78.826248
26709.728516 108.222443
14822.239258 43.206612
3155.095215 28.594849
962.789795 10.820924
2432.495361 2.528008
8604.415039 17.991669
6566.792969 35.819405
4821.786133 59.130241
5734.832520 77.805199
21651.238281 49.796307
5505.388672 36.214920
9362.685547 20.932089
3143.247803 12.844549
722.620789 77.983932
1715.457275 133.688232
5550.551270 170.576553
20781.941406 167.568954
34149.074219 101.782753
11248.074219 55.381226
309.496094 26.327410
6306.043945 34.508469
2258.254883 19.428104
5356.363770 69.657646
12600.113281 134.429657
11797.517578 181.357773
32865.093750 101.401077
656.335205 72.008537
3917.062744 30.691793
3054.090088 6.266329
9599.214844 0.990654
3178.838379 14.413399
8977.166016 36.953907
2060.783203 56.747208
25196.667969 85.897720
68.498199 58.701504
1494.512329 27.428350
882.871948 5.272729
2899.886719 14.150402
6447.495117 34.417332
15426.715820 61.000900
34842.722656 80.801102
2979.399414 71.208702
4504.971191 49.254910
20.306456 24.720736
3339.026367 10.394172
506.567566 10.047794
1877.154297 29.557196
3303.927246 53.522881
1312.464233 73.319405
5919.662109 21.792162
12534.212891 12.223997
3357.810059 3.181246
719.724487 1.017472
49.273510 0.469346
4461.950195 12.172297
394.220734 33.793701
15750.977539 53.251606
10344.049805 54.469978
10606.048828 43.270126
1083.514771 22.822283
1985.347412 5.029737
1501.338257 15.163226
8285.573242 16.235119
7889.428223 10.401395
2877.707031 2.763200
4476.195312 18.264872
6635.829102 3.918284
130.148773 1.867085
652.811096 8.210546
5661.408691 34.006508
11871.460938 44.458729
51843.828125 58.431541
49236.714844 67.019783
5496.314453 77.611237
1794.489746 63.656590
1361.961914 46.030220
4250.220215 34.193501
782.445129 46.042892
2042.235962 71.915283
4239.513672 100.240646
32904.160156 122.895981
8051.539062 14.142558
13632.791016 14.897851
2783.732422 18.396141
3665.597168 27.915581
877.919006 80.427643
2700.462402 128.640396
2366.216064 173.464188
832.294434 196.205521
26329.113281 34.710159
17414.490234 31.258440
3135.414551 30.912840
2652.858643 45.595528
8629.538086 15.849545
4009.459473 18.431856
7235.901855 34.871552
18723.324219 52.739513
15491.141602 94.386047
4646.794922 84.890045
10067.815430 59.377041
2336.017822 31.657440
1074.197021 2.170811
49.507523 0.964918
16287.519531 1.921761
9093.049805 3.747345
4347.556641 28.036863
392.220978 21.333321
6570.280762 13.331803
2114.380371 6.398790
391.577637 16.524214
5034.374023 15.178181
7216.117188 17.397837
12238.830078 23.304934
17742.296875 49.797859
29109.496094 38.601631
6417.773438 28.703861
93.616211 21.151749
1600.006714 75.976807
2239.867676 112.134758
1757.442627 139.337433
6245.088379 148.294067
14038.103516 0.611420
10672.990234 4.816360
3857.214111 17.483498
2828.291260 41.833736
1248.685181 12.381766
3831.118164 20.131449
8593.900391 32.141933
19338.753906 41.613510
19671.765625 57.934654
12689.125977 43.092819
5335.927734 25.972946
2770.848389 14.152590
2417.630859 97.478783
2944.457031 88.262558
14581.266602 76.687363
1911.323120 63.484264
2899.699951 70.187744
3638.509277 89.229118
3365.287598 100.150291
4265.781250 102.319801
127.371979 1.767456
1643.031494 16.891808
3817.609131 43.873516
8823.743164 72.573326
2255.523682 29.466257
6709.249023 24.122952
8517.662109 12.283309
3098.312988 1.781330
376.312622 56.211586
2634.468506 54.737064
38120.406250 40.248936
3066.730469 20.476528
25322.470703 3.599607
20209.101562 8.529099
10926.743164 24.637880
1561.331787 43.949890
3163.198486 138.038223
3721.425781 152.726196
3863.641602 164.311768
10153.227539 153.958740
20704.660156 215.426773
535.102051 194.205994
3429.629150 161.339676
917.399841 138.903778
1713.122437 86.592102
7446.945801 129.558105
11794.328125 188.500763
34061.925781 242.314606
27086.839844 58.172268
16596.046875 67.406570
6948.620117 66.551811
439.843536 67.870209
18.104786 222.991730
15192.232422 168.083374
15862.149414 96.486732
13690.676758 35.838402
10228.931641 79.456802
4469.725586 146.687057
4595.809570 208.388184
350.853729 238.429901
251.091690 248.763000
1416.981201 345.669495
2543.929443 379.734680
1002.798889 332.705048
7156.561035 93.714729
2048.052002 52.371811
4514.634766 63.131798
2303.996826 137.424103
5863.886719 137.633820
703.429932 210.762909
3640.613770 279.672241
1886.954590 295.742828
1675.287354 293.506561
3419.591797 222.890518
9422.006836 144.753845
2423.226562 109.120270
2923.454590 101.608353
977.691772 89.603638
7996.903320 123.301300
12548.399414 181.550613
2023.406128 207.768433
10244.684570 233.198624
8939.610352 207.869781
1206.420532 151.658478
1237.685059 70.812515
8627.333008 39.656227
15683.712891 13.585238
7150.719727 16.203831
11484.094727 5.507097
16867.009766 32.436199
4055.558838 66.529968
1153.279053 82.962723
2153.986328 156.628937
3024.421631 178.605316
1118.142578 159.347321
10150.414062 107.436462
720.788818 42.779533
11395.656250 32.410583
12969.273438 56.904942
282.382080 106.883934
461.176178 112.755257
1820.195435 202.955658
17784.509766 277.830322
23562.134766 291.959473
23487.822266 215.340942
4547.165039 138.634232
4506.078613 71.980232
4156.206055 59.547382
2818.109131 70.703285
1771.063843 63.616669
2894.955322 127.382607
26364.773438 243.164719
39032.542969 144.376495
7178.247070 189.249023
3578.626709 179.422256
2698.442383 125.520866
4191.416016 175.248947
4562.096680 208.118790
18248.988281 188.526321
44079.007812 130.245575
12979.779297 80.326393
13658.744141 35.856911
8760.127930 49.675228
8564.483398 108.886246
2661.118408 53.073902
6096.824219 156.189865
25933.054688 286.253540
17373.888672 376.623749
3818.629395 213.996155
9985.718750 155.455093
1675.796387 72.409065
436.918854 24.341152
303.830811 34.234013
2375.621582 18.679466
2971.312012 36.942497
20182.630859 90.648758
35894.210938 70.319046
3379.507080 87.494469
2085.798340 87.123413
3103.351074 64.856407
7522.818848 55.952873
4660.711914 82.280075
6779.499512 100.806183
14997.322266 107.621330
7460.825195 86.955521
1848.127075 47.592876
6088.435547 28.470274
2228.946045 33.588375
776.772888 143.273438
941.503906 237.057037
2608.411865 358.585205
15505.294922 465.221313
5751.165039 67.078644
1316.100586 83.988838
2462.562500 85.761543
5553.178223 96.261841
97.470154 27.246172
741.709595 55.243027
17019.119141 98.692139
3851.809814 142.657700
20352.175781 31.288141
3839.374512 32.214558
1253.570557 25.111122
963.449463 19.380396
4052.435547 1.582266
793.188965 9.334057
7532.051758 33.022457
3630.593994 57.229919
4147.570801 129.649948
16023.469727 99.100357
1947.306519 55.880867
2720.231201 18.382483
3687.051758 67.201889
30.792259 67.560066
58.386841 62.730576
6255.176758 53.967133
2148.165527 31.891035
368.742126 41.941090
2162.116943 52.608192
989.716370 61.749893
453.566132 77.762924
415.205933 97.754379
14922.577148 96.786530
4611.761230 75.306030
23296.894531 2.847731
123.442841 1.834009
2304.052490 17.164209
255.246216 46.205147
8720.566406 119.059074
10946.853516 145.568756
7822.221680 160.505203
27952.507812 144.793198
15883.654297 218.447968
6784.828125 170.878830
9725.185547 125.872589
6361.656250 107.082321
1117.249512 250.641098
276.059692 378.123657
4303.499023 508.365295
84.508629 587.617493
7457.652344 110.828827
12090.429688 123.268684
3254.948486 130.580704
4786.589844 165.572433
67.328293 0.665563
4529.391602 16.170269
6019.625977 70.137604
8578.893555 140.933350
1981.166382 84.952118
8860.079102 87.650520
1950.516235 61.098602
4175.500488 22.756760
1052.530884 130.438461
12877.160156 151.551590
25313.513672 135.911392
10558.602539 91.493340
5591.632812 5.258740
2401.107910 4.179396
746.633606 33.549698
825.736633 83.303993
3098.628906 126.484299
2423.685059 176.789398
1220.013428 219.096115
262.014099 217.867401
10429.929688 276.610229
13161.120117 209.844757
7875.955078 140.408966
1569.206543 107.970123
2572.092285 57.751862
11613.394531 108.178864
10804.759766 164.077423
9959.473633 198.087677
875.880005 92.066719
2085.015381 70.151665
3838.516113 43.350769
677.680054 34.594082
384.651947 2.603173
3431.451416 23.529577
7675.679688 63.298401
4105.766602 102.853363
23885.667969 111.299385
4819.185547 82.642776
4475.484863 42.686089
4312.762695 10.514204
3404.067139 88.276718
440.106079 139.831421
6209.122070 171.096161
5234.467773 167.830627
24487.697266 88.126999
12124.286133 44.924191
1502.596191 25.556610
5278.255371 42.453270
6678.486328 52.301003
9330.469727 116.045830
25145.847656 195.002258
6362.161133 243.115646
2023.723511 227.581741
9614.903320 165.325378
15317.259766 87.774178
5841.247559 40.768940
779.607544 120.639267
4836.842285 133.293854
17329.066406 189.729095
83602.585938 275.650055
48.822193 95.993103
3445.288330 140.408127
897.769897 153.005310
261.847443 137.569931
4719.111328 84.875687
906.447449 73.787148
10912.771484 53.012302
6805.409668 41.117867
77315.367188 31.382034
1622.947388 31.689253
4655.656250 52.855816
721.290588 76.255409
4980.395508 150.432007
6834.883789 257.070801
5690.436523 334.053680
632.681580 348.194458
2389.575195 30.687399
3939.640137 5.876012
3539.538574 7.612657
74.669067 57.099064
1009.921631 7.152867
4049.102783 54.108532
17595.728516 129.547470
5459.279297 190.568848
23063.291016 222.690155
9029.816406 163.144363
655.719238 79.812714
1131.742432 16.797655
3739.727051 74.561615
1769.782349 123.342804
2786.454590 197.059692
2046.958984 264.797241
18265.201172 157.059250
2902.506836 132.503433
7570.250000 93.902740
5327.346680 66.826302
543.030151 27.788361
4121.192871 64.327225
10239.321289 145.220764
9665.824219 251.025909
2652.592773 27.335537
115.889328 44.558033
4590.410645 42.567425
1760.702637 28.794441
1157.472412 23.951952
135.158295 47.170551
4115.324219 81.378220
4048.198730 119.701210
14141.740234 3.235049
575.127197 4.775254
811.629456 7.304561
980.591858 12.103880
7210.676758 119.792252
359.991180 140.372849
17893.117188 163.715775
98.393478 186.924072
1397.507324 31.074903
7044.852539 54.009518
1033.882202 78.533249
778.031555 100.255676
1735.158447 368.571838
3056.029297 577.509399
19406.578125 711.682861
663.028748 704.705566
10306.132812 146.256821
3160.963379 85.076668
2998.604248 80.489899
1495.173950 179.154800
2821.749756 92.381378
255.103943 235.721039
2842.264404 442.928101
13031.843750 612.458496
5283.587891 333.836823
6059.594727 273.570343
2160.810059 156.745209
2415.449219 71.145432
3814.387695 64.753685
7113.966309 42.105850
2251.076172 25.810762
28202.693359 17.252773
22108.587891 135.909470
3901.978271 130.257797
12711.181641 113.866440
309.697388 90.327271
2615.798096 14.529421
1420.585449 1.046482
16695.005859 7.449598
21256.740234 23.480175
14316.097656 150.082428
2676.528320 132.735779
1242.640259 93.943787
2740.030518 48.895924
2648.352783 150.201233
806.797852 146.200363
15641.732422 110.019463
17169.771484 58.122311
702.810547 80.646858
15819.069336 71.110184
440.963623 90.538361
494.327332 125.017967
15006.692383 130.203033
9185.332031 222.275299
32998.175781 334.135803
27710.728516 400.690918
11250.980469 301.605042
21747.958984 243.670074
1417.004883 158.521957
3993.238037 107.187500
4129.502930 128.290237
14442.698242 114.511490
31633.677734 111.420151
18888.757812 123.570526
195.831024 56.566799
6501.978516 101.015671
5497.109863 131.287735
1805.321533 138.690659
9.671819 51.315754
349.899323 44.779785
8452.367188 33.848995
34594.023438 21.808334
17048.792969 21.808334
34594.023438 33.848995
8452.367188 44.779785
349.899323 51.315754
5512.396484 79.677872
192.464737 106.926804
18911.980469 125.247246
10826.914062 129.227356
106170.375000 7.726351
6615.144043 13.749409
1309.698486 28.082338
158.062057 51.165848
5344.890137 135.092575
3717.250000 245.241608
714.682068 329.780579
1264.729370 349.493622
20265.003906 60.096664
3378.978027 23.918755
774.293030 9.919759
5791.191406 46.576416
8389.023438 29.886536
303.521545 117.443459
757.804932 227.486053
11479.819336 302.441193
2982.492188 185.738464
8082.799316 129.025970
10966.614258 51.897800
7364.473145 6.916201
2128.532227 36.417942
4020.636719 72.865860
6180.542969 96.616600
16015.453125 96.745384
9896.828125 92.229248
2853.887939 39.712906
1013.882874 7.701339
888.972107 8.376934
1640.154053 115.843628
7418.604492 188.760101
127.854111 259.624481
46336.660156 282.796875
1165.257690 262.715027
3719.070068 192.777969
1376.326782 118.615646
247.601471 86.370056
2350.546875 25.859695
348.519836 44.603203
1315.965820 121.272514
144.541122 222.149048
12694.956055 146.565109
7959.230469 159.951645
471.172394 122.997406
712.291443 63.374763
2453.387695 192.964935
10005.378906 190.306412
12534.878906 139.395386
46456.277344 67.721481
280.555420 0.812840
777.906738 16.703569
13284.945312 74.589508
7496.397949 145.919113
4228.053223 112.199112
3701.410889 198.177734
1475.961060 252.411209
1336.858398 237.175751
22521.039062 252.151169
10895.202148 142.385895
9212.327148 61.901566
7081.771484 52.418251
609.613708 172.923004
2880.394531 183.290756
2301.310547 219.143661
4505.451172 253.725403
5795.150391 237.785614
5973.078125 255.023834
3335.011475 232.524933
3513.092773 195.012207
2539.877441 18.271984
9970.151367 18.734867
3941.262451 36.910824
6986.101074 75.310028
8020.602539 3.669489
1873.931641 15.547520
11002.645508 24.594566
916.515381 24.155989
3637.784912 15.093655
10181.430664 18.046427
11148.161133 17.694950
41496.554688 15.562960
1052.969727 5.904376
636.473328 2.540575
649.006042 4.358053
3637.636719 9.609905
4481.723633 88.262665
1734.220215 109.373001
633.714417 124.561981
24174.769531 124.884155
12097.242188 48.991497
6377.869629 54.521832
9298.928711 59.657928
4349.066895 70.250946
29.509520 4.761121
2764.478027 24.207119
791.010498 51.998646
15295.076172 75.466278
8310.593750 30.752230
16746.416016 23.596893
170.009491 10.090544
301.701691 0.727813
215.061829 28.255550
980.331177 44.359215
9079.912109 56.325768
16718.609375 55.849586
7306.511230 55.417431
38171.171875 37.407127
19959.958984 22.230516
1763.829712 18.681917
1021.802612 15.890759
11460.458008 49.590820
3413.983154 89.756714
28599.007812 113.797348
27266.160156 87.342575
5887.914062 59.988201
1396.244751 25.945793
1063.738647 6.874248
570.576660 7.087339
4497.753906 3.694140
10407.462891 9.240149
22601.179688 23.606083
2930.141602 22.800060
5489.481445 24.768606
5983.109375 22.360657
5702.794434 15.217741
1772.143311 35.290016
3220.519531 51.886959
3978.104492 62.198631
1668.289673 59.997169
5756.579102 39.640087
5717.339844 26.538256
1052.735107 18.648403
1818.815186 21.829685
747.232910 8.298648
2202.960938 16.523344
4723.441406 34.756958
34154.558594 57.861366
2338.774414 19.980570
6149.344727 19.955503
2406.447021 15.486881
3884.176025 9.617244
337.961670 151.594986
4889.412598 158.977463
8522.425781 140.071640
24710.660156 102.914490
42046.195312 12.827910
2774.925049 37.854683
684.446045 77.460991
211.740753 120.458328
3988.607910 1.520348
4391.920898 9.780674
7213.028320 26.069681
3220.912109 38.358612
32664.746094 116.465744
1476.177979 81.313568
2782.148438 41.082298
4486.247070 11.445659
746.469116 72.932259
3829.211426 66.763008
12326.750977 56.512077
35739.238281 46.527348
1023.599609 32.343925
2519.164551 47.314556
4822.464355 62.062958
6448.764648 71.556526
611.817932 18.995365
115.989601 26.410702
5875.352539 27.578304
8045.790039 22.571939
40418.433594 22.192532
44420.285156 9.385942
463.703766 5.115835
130.487503 9.780785
2430.497070 18.714987
6823.045898 31.679722
2868.951416 37.787991
146.932343 32.808903
15513.438477 48.288254
9617.380859 24.617222
2757.455566 9.432734
3004.225830 8.347464
221.387070 44.290977
4707.502930 64.091652
8524.119141 86.404251
29861.642578 99.506508
4505.227051 66.102226
12175.094727 55.620682
3697.027832 42.262260
9.940478 36.385967
3658.267578 16.955093
6891.600098 31.303080
36760.636719 60.048294
12378.725586 93.461769
9694.146484 29.290947
16870.464844 32.209991
2349.357910 26.286537
1705.088013 17.775137
178.989883 30.923790
6019.077637 41.088409
5248.222168 56.917049
21036.542969 76.118706
1371.839600 6.508934
371.888733 13.191201
4840.323730 19.689249
9308.643555 24.895069
2875.310059 124.250267
8122.150391 109.291428
31097.488281 84.943054
16885.646484 57.536674
8203.221680 84.392395
22152.017578 102.186584
4065.332520 117.988365
2613.248779 126.767395
1128.447632 58.965996
2524.929932 117.314148
2923.369629 178.887085
8084.439453 221.397842
6275.037598 16.921755
9695.008789 10.580036
17442.875000 7.432124
3179.547607 20.870338
556.838135 12.122703
1352.475708 51.252460
466.930969 97.524216
487.005096 125.441780
3028.793945 91.261337
4532.681641 59.801331
14505.273438 21.574080
912.823608 0.851025
6623.139160 13.402882
2343.428711 39.882618
5380.043457 73.333427
5990.433594 101.744339
629.992065 14.846786
7138.757324 9.140103
4917.470215 1.835454
3493.024902 0.963343
5276.495117 131.311890
573.816223 216.441452
19344.058594 268.294495
4833.242676 262.869324
2085.052246 32.783932
1152.163208 4.946223
1300.419800 5.553452
210.892899 50.620758
5746.240234 6.501037
11238.818359 17.740408
2277.420166 46.948505
708.242371 68.051125
21457.878906 210.754410
21477.847656 161.347534
6752.995605 90.814873
2531.795898 31.521978
10697.802734 7.590389
26920.320312 0.446361
44727.656250 1.141335
46244.546875 5.465641
214.131165 111.265015
22898.115234 84.826828
9358.242188 53.291275
2088.128174 25.563259
202.853348 16.597378
4682.897461 17.820152
11136.443359 12.554973
9434.583984 5.555515
48202.507812 19.026430
10168.764648 5.592206
4284.343262 3.766752
2179.279541 9.875883
4757.706543 27.199852
10295.857422 48.527302
1605.244629 59.364201
5063.227051 54.025948
21525.218750 30.261147
15842.039062 9.531577
14509.055664 0.048858
6309.821777 7.291374
6144.087891 47.706390
2897.501465 76.015114
7877.527832 86.014786
14873.032227 73.845032
5701.222656 45.801239
19784.501953 12.634647
5874.063477 1.615614
5515.848145 16.759674
966.186401 122.907135
869.379028 207.424332
8717.446289 258.289703
18705.925781 243.286057
18027.728516 191.688766
7957.035156 104.616280
151.942642 48.523911
686.080811 56.424725
3184.068115 14.693541
1454.140137 52.174366
6049.872070 121.417488
21931.757812 184.860886
37623.695312 218.363678
8731.212891 167.398193
6437.203613 91.887306
2106.046875 30.347286
2914.493164 51.310959
1981.509033 72.287460
856.236267 112.620071
12327.675781 154.303711
5030.180664 161.042877
4896.882324 130.526855
3158.426758 90.488251
5471.425781 58.887291
2792.009766 27.951073
164.615051 31.690527
6116.291992 72.232658
5109.491211 141.984192
17476.886719 36.868488
5032.990723 61.674072
1278.380249 64.808258
106.287094 47.215015
1774.669678 51.294174
4901.416016 45.335804
6129.365723 26.039856
16584.089844 6.682962
866.120483 10.955206
627.237183 6.402225
2563.256836 20.319433
420.745850 40.249043
764.965881 14.481222
5285.491699 32.395901
3979.705566 53.453693
17317.425781 70.109161
1330.390381 30.104412
10519.513672 18.099298
10919.743164 8.036430
2499.691895 5.787364
928.008484 105.190086
4839.885742 139.423874
207.545090 176.357452
8464.309570 196.976761
9195.611328 108.310287
7615.809082 102.298012
8192.500000 90.505722
698.661377 88.120033
3843.071777 92.861450
2170.255859 167.563934
19470.578125 266.410706
21003.601562 360.984741
14482.800781 37.127323
2721.621338 40.912060
1279.681519 41.977085
1545.693237 53.528728
1026.043335 90.369019
7044.810547 89.887329
5104.928223 81.561440
19002.916016 66.967720
6897.078125 39.922077
8407.332031 55.416637
274.920044 70.772964
639.528381 83.344330
111.034058 3.910568
3204.964111 11.487172
11509.474609 33.799381
19030.117188 56.890079
26595.343750 155.216888
3695.841309 111.812912
2627.264893 60.881264
8.990294 20.736103
5749.357422 36.629169
3130.741211 41.568443
11751.053711 45.077118
8968.761719 47.337551
22720.248047 5.862075
1692.904907 12.921694
3579.173828 21.620039
438.124603 29.916348
2356.671631 13.271518
7580.153809 7.276999
13988.576172 6.167085
9408.628906 7.623498
2765.263184 68.981125
5844.531738 57.505409
7787.164062 41.233368
2325.133789 25.129501
789.863770 0.408891
11637.237305 6.647301
1881.784058 17.346155
4718.462402 28.101959
91.637833 45.597572
49016.074219 28.860012
2531.390381 12.643684
112.660690 2.192050
525.359436 51.609402
3030.406982 63.422306
3243.621582 67.179123
8940.963867 61.992691
5725.766113 1.551677
9377.126953 7.701589
5850.897461 19.467705
2697.422852 35.373947
545.669250 11.959595
687.060852 5.731135
4094.030762 1.549444
8171.590820 0.217674
2226.905762 19.215521
1354.584351 22.506279
7542.188477 22.214981
2761.748779 18.219435
9015.559570 29.741730
303.386505 35.688358
11356.829102 36.522648
14620.653320 32.217300
2744.838135 1.484821
304.791351 4.654980
3426.504639 11.421803
852.865112 20.655407
1351.024658 1.557511
7787.096680 9.440353
14699.301758 18.483887
33573.855469 22.839151
2422.609131 41.072071
8128.321777 25.474764
3022.569336 9.781859
4236.434082 0.854611
4643.993652 10.997487
5908.906738 10.879355
6013.607910 8.260059
36401.253906 6.499949
11814.685547 4.964219
7957.129883 1.033004
1979.148438 3.020271
358.888489 7.661891
1553.436401 77.442093
1901.577759 104.739555
7551.035156 115.312668
23995.628906 102.561562
6321.133789 35.587479
4375.590820 25.986059
9754.087891 28.407948
1535.812134 47.474648
4349.166504 38.763687
922.400879 20.301826
5935.184570 4.777371
17490.605469 2.710352
12464.358398 9.951219
21511.757812 27.010723
2762.630127 43.388603
684.381592 48.434910
12772.656250 85.000618
13939.416992 108.577705
37332.050781 117.377251
9888.330078 103.398407
3778.213135 74.954720
71.782669 58.760967
4670.984375 51.766708
7106.380859 61.697960
2616.848389 23.244671
493.854919 58.995213
36066.906250 101.600067
10155.722656 133.141464
15407.729492 28.048616
2706.805176 20.333015
1555.215576 8.696715
1101.107788 6.342816
2317.484375 42.043953
228.948746 23.112322
24168.367188 10.382710
31661.984375 7.499527
25951.132812 45.412582
2055.724365 61.620659
4356.212891 67.114563
7516.122070 59.351475
2384.697754 6.811114
3113.596191 21.948555
1204.826538 32.701004
19101.947266 30.689884
941.479980 85.397171
30851.328125 46.081989
2412.514648 14.014404
2187.945557 0.818029
635.456177 4.144003
5009.175781 0.710521
6086.636719 0.598237
22589.326172 5.734409
2791.769531 48.279274
13511.037109 31.601135
4979.791016 18.835794
102.213081 10.016506
7557.416504 2.013012
7690.871094 4.988449
13736.534180 10.459755
13807.076172 19.795687
42391.777344 36.500065
1892.042603 17.682716
11596.322266 6.266407
4995.676270 1.787447
2085.891602 12.877353
2528.745361 31.773205
827.477600 62.372234
835.353149 94.912331
13658.461914 23.261715
2871.783691 20.785412
375.535156 13.782008
2279.449707 8.421390
306.959900 39.061218
986.120422 36.754417
2227.947998 28.690027
619.716797 24.254593
18222.193359 4.562128
5485.615723 3.999520
9659.093750 16.167561
15.386693 31.054962
3466.473877 40.344894
2507.871338 90.718071
3365.704346 144.279327
967.364502 177.270447
4346.257812 52.074234
4625.161621 33.080933
12466.320312 13.828878
3599.297607 12.853024
5311.627441 12.072470
1258.034058 32.738453
7551.121582 65.924271
3751.432129 102.685959
7582.154297 19.954124
856.655518 15.881165
384.405243 9.576610
1656.813965 5.891972
13959.179688 61.463627
12643.659180 123.478409
13322.966797 176.910248
21622.683594 200.129456
11495.942383 41.106499
8736.458984 13.837714
953.199036 0.064919
9239.982422 15.380082
221.596100 111.148102
3074.151611 215.142548
17364.617188 290.986603
26735.988281 302.531738
3326.310791 102.440155
19756.835938 37.755020
377.970856 3.184301
2808.444092 28.593113
2115.874268 49.783813
4731.766602 142.953201
933.141541 266.701660
5950.712891 355.973083
23194.695312 262.373383
25382.429688 191.441681
177.751190 94.757729
4368.637695 33.257320
2382.986328 29.358040
13540.993164 91.510178
29238.503906 168.777039
11099.542969 231.431839
604.077759 110.962730
3375.242188 65.360786
504.674377 21.751213
9.915314 4.736816
2228.948730 60.095390
432.980286 140.433014
9347.759766 238.743744
7710.134766 302.763977
11454.843750 200.695587
1653.606323 147.323486
6901.812988 76.846703
1974.038330 37.291500
5942.777344 76.171890
1627.905151 60.634949
6012.403320 91.458466
12698.996094 153.736252
12162.513672 150.037781
11026.056641 183.767990
472.799194 171.124954
823.497559 124.246956
7792.545410 13.108933
753.610107 5.002468
5770.998535 0.035493
4011.143066 5.211984
5419.921875 13.260090
8879.902344 12.505435
7414.863281 16.222548
154.147903 17.597736
641.482849 77.055153
804.300720 121.916763
8355.429688 155.112823
5220.746094 163.963791
25463.281250 5.567266
5235.845703 2.731382
3702.064941 10.842710
107.788818 36.292091
3346.708252 19.184359
6175.330566 8.944644
2042.517334 5.807597
8507.271484 11.117613
47834.835938 26.360216
6576.667480 35.896233
5596.317871 37.828255
640.407898 30.995319
5148.804199 54.458630
5048.625977 73.778931
2989.307129 82.421349
1232.239380 77.054016
114.429871 2.467204
1218.417114 3.923301
944.863037 13.520939
4805.530762 31.815115
390.462219 59.328075
1144.067627 98.827583
1292.394897 121.905228
6518.181152 118.837822
2043.172974 26.671787
5392.007812 5.326828
13711.530273 1.272136
1848.635498 21.334877
780.536865 32.073738
1251.745361 10.397846
2765.268799 2.901082
10498.241211 3.316623
16793.617188 152.504028
12748.872070 140.856888
26267.460938 108.448288
2574.840820 67.620285
1627.855347 17.311968
1544.890625 25.207016
26.879402 33.249756
3138.391357 45.429146
2025.600830 29.167904
12246.666016 9.568540
1411.467163 4.323102
289.647064 9.016779
1371.791504 104.585022
3550.480957 110.308159
1634.287964 105.395386
14520.584961 89.906586
12664.921875 55.922737
27601.203125 64.930138
2186.914795 77.309685
606.860352 91.864746
321.511108 66.609276
8277.638672 118.292229
6291.678711 159.366394
366.305664 172.327118
1085.204224 28.376928
4585.046875 12.110279
351.678650 7.000733
794.280640 25.077703
2758.765137 38.335270
797.821655 54.186905
3128.126953 62.403751
11770.713867 53.406433
8187.810547 119.368889
3898.895508 78.294930
1053.035156 44.334106
4974.902344 30.985069
9703.585938 214.384018
3476.863281 287.454742
346.244141 349.564697
441.534851 366.994385
15064.572266 151.994537
9322.157227 148.934464
135.393311 144.007477
3876.006592 162.227432
3788.404297 35.321404
665.441711 99.833481
11243.034180 191.444092
18585.093750 274.773285
11805.771484 56.502865
26264.527344 50.215782
17147.677734 27.873461
391.471588 14.310449
5348.395996 26.684286
625.190491 73.345940
10168.097656 120.846024
7926.693848 145.873962
18197.439453 59.606010
24586.994141 33.300751
4604.899902 7.480330
5643.366699 2.154797
12.070797 12.340647
341.201660 24.534847
7124.222656 61.283730
37068.531250 98.019714
25210.423828 146.553665
1656.659668 127.854675
3640.194336 82.018967
1893.608643 34.997478
8351.479492 62.261044
31.290907 52.820190
17708.191406 33.669575
2344.495117 14.295446
4267.499023 5.087835
9229.621094 19.470268
1101.492554 40.062874
2008.752075 57.159904
1233.595947 23.788683
3752.490479 58.833862
568.439880 85.826035
24363.800781 89.508400
12150.598633 79.895401
7209.164062 38.123360
4468.917969 6.732412
154.798309 1.648984
6991.667969 53.512711
7181.631836 45.712170
2632.326416 28.282202
17683.287109 12.043289
8380.768555 18.336048
10737.478516 19.413982
5767.865234 32.523178
6079.799316 47.500984
3271.714600 100.345795
1066.580444 105.200485
12881.749023 100.152794
9446.750000 74.327919
10630.192383 254.325104
3424.714600 193.931900
8925.133789 137.783493
4469.907715 106.071289
5456.803711 117.937202
1505.093140 134.389069
4119.015137 163.080811
9640.788086 193.197784
2589.318115 66.955460
5693.855957 95.602409
6244.645508 109.524605
644.694092 113.049225
48.805984 106.852486
3637.584961 97.771057
22639.562500 82.032104
7141.004883 68.522530
1793.350098 25.556322
5738.631836 52.675499
1648.742798 81.770401
2313.379883 101.920769
295.652191 56.624088
9567.523438 74.248825
8515.107422 75.022972
23871.556641 59.825920
12705.617188 16.441599
8050.674316 4.489638
2088.896973 9.858164
6095.702148 30.732615
2483.914551 37.456570
4994.238281 16.379551
2754.410889 8.971590
22401.716797 5.610403
3446.717773 255.067413
1912.609619 205.628174
7660.837891 140.200806
1884.066895 79.496201
3462.327148 20.304569
8229.859375 36.758194
2995.843506 73.951271
37748.273438 128.281540
53741.136719 5.978507
27917.781250 12.215626
4807.040527 16.959972
982.219971 17.429190
92.190018 60.817238
9746.432617 47.724812
8954.861328 24.911819
443.403748 10.286828
16180.894531 16.719473
27485.570312 16.069815
2385.477295 34.506119
322.754974 54.786102
2381.715088 151.182526
3831.575684 215.142883
1394.265625 257.737396
9807.264648 254.644775
2280.313232 108.833916
3825.196777 86.079819
15742.887695 75.874641
1112.568115 97.608589
1609.624268 60.038261
148.899780 107.010750
1248.213257 174.015747
7402.744141 236.071320
3573.523682 57.986805
11420.449219 59.934200
7881.753418 49.650166
1963.910889 43.481293
800.087036 31.709803
4041.445312 45.621101
5941.093750 105.687881
12805.065430 187.901779
8963.967773 104.488785
6087.700684 121.897202
3799.532227 100.904610
1425.929932 59.570736
1431.966431 123.596664
6622.890625 96.987572
6824.883789 55.035767
10570.150391 20.505558
20306.652344 28.914043
7798.265625 53.625450
8201.849609 91.678513
3218.754150 120.902504
1818.512817 394.228668
6772.541992 548.578674
27861.611328 615.259949
29214.144531 559.567017
9849.205078 138.196838
7200.186523 92.091614
12692.555664 114.142799
3182.504395 225.546890
2774.016357 172.753311
1395.873779 180.115341
8641.404297 224.369156
261.772461 266.147278
4021.607910 341.703308
4395.443848 343.144684
1508.193115 287.463806
11697.524414 215.767380
810.763733 66.748039
4260.661133 85.513046
1055.047974 117.506622
20302.611328 151.845581
5018.223633 55.288795
4967.668945 65.034477
7682.172852 65.479668
2784.334961 62.569092
5149.890625 1.922547
1634.088257 8.115383
17138.968750 29.597574
11771.181641 58.131790
2900.534668 28.760035
3691.404053 32.124413
7936.818848 23.829979
94.229309 10.106363
1950.619507 3.056147
5956.589355 9.416264
21579.066406 18.691288
7917.978027 25.747715
825.175049 22.430933
7057.450195 17.031054
2779.329102 8.895857
3968.732178 2.985327
898.727234 35.024765
1535.225220 31.179714
3755.383301 24.656549
4205.521973 18.204712
4877.377441 17.064686
15963.847656 23.076914
3810.558594 29.810652
1418.876709 34.484425
241.846375 11.430084
169.533386 7.917087
2906.781738 9.477803
26213.371094 16.186264
14016.206055 41.716988
1280.113037 35.015255
856.001221 26.971834
279.313873 18.499630
2674.452148 113.832893
5544.316895 133.026688
1396.609619 131.756271
16846.039062 110.603394
48084.871094 6.400456
9077.525391 20.389631
1444.276733 46.837440
524.734436 81.329269
9103.066406 97.739105
2261.971680 129.183670
2773.941895 155.150375
48228.675781 155.976440
9643.593750 148.606750
8126.751465 121.239189
3149.200439 92.377815
1378.927979 82.126045
1032.650879 80.639587
1655.985352 124.855492
11482.323242 161.826935
8205.688477 176.873001
52886.203125 21.148186
41279.292969 19.411957
8040.859375 24.379374
375.405487 44.346516
16732.519531 22.584797
6525.941406 25.946560
15965.731445 27.003616
30062.820312 22.291216
23307.794922 64.840263
3258.476807 47.119762
2364.601318 31.228222
8675.082031 22.888815
2061.419678 39.759487
2645.794434 25.087093
15588.122070 17.627134
6177.556641 15.986324
5153.686035 147.950546
2128.373779 122.698715
7704.135742 91.814964
8952.454102 62.530098
774.609375 118.901154
5014.402344 158.611603
3012.299316 192.298996
47165.378906 213.335144
1032.293335 3.677822
8102.644043 18.910269
10440.244141 44.981590
1775.913818 79.422394
484.145538 3.155585
462.474182 17.572996
7830.232422 40.927742
13767.458984 64.350555
27189.753906 34.801170
11682.756836 24.857203
1799.467407 11.427498
897.444336 1.870345
2312.711426 44.722038
1040.832764 67.583351
10357.142578 75.108780
6671.448730 63.518482
24302.896484 17.326902
11817.881836 2.480586
11019.227539 1.938707
6300.219727 18.417927
2271.874512 168.992981
9158.469727 220.199493
9152.458984 219.283356
7628.106445 163.504150
1142.501709 106.816681
697.006470 54.947441
75.228790 50.928677
442.393738 98.252014
1898.658691 145.448776
4395.365234 213.990585
6845.316406 263.271118
12636.363281 247.904068
3091.076172 422.723297
694.720764 290.766846
713.674683 170.631927
3688.715576 118.491745
238.142166 315.511078
3196.618164 393.680389
221.665909 491.592407
8230.396484 564.351013
35057.523438 268.284393
9380.097656 288.076172
7466.852539 281.974915
1208.602783 280.899475
603.134583 76.626907
4013.414551 155.019760
10653.123047 292.835205
3151.481689 451.576904
25443.156250 49.375523
3959.726074 72.571892
4809.028809 69.573997
1373.641479 58.353607
278.936798 6.430558
1821.456665 38.046749
5212.853516 93.475471
29764.021484 152.985550
3428.637451 36.615387
1348.092163 34.620621
6316.524902 19.074482
3177.552002 3.636375
100.044991 50.754753
3564.930908 42.550442
450.302490 37.757641
3853.959961 34.751450
21354.138672 60.157303
4266.673828 69.164299
2311.130859 68.582527
2643.645508 60.855125
5660.491699 6.822190
3853.647949 18.155605
24270.066406 25.350058
387.757233 23.200132
5103.160156 45.822922
210.787735 22.833834
92.473236 5.379502
3753.828125 0.227331
541.912048 33.763641
1290.618164 44.282436
9169.522461 58.734711
330.717987 69.914703
6255.680664 36.719883
413.916565 37.888531
5785.238281 34.084160
1644.724609 30.891472
101.429443 17.298717
7616.021484 28.939877
17232.007812 43.830330
9211.830078 57.050011
3021.767822 9.508002
30830.546875 10.191507
6150.876465 9.871811
5242.110352 11.250692
468.624695 0.494900
3982.146484 10.726722
237.847687 28.899717
40788.375000 45.009903
8617.836914 58.067871
4534.938477 42.497250
5180.857910 21.104876
1179.378418 4.384868
4821.383789 41.520485
828.254028 45.475246
336.942200 44.148590
3361.124756 39.974804
15446.775391 2.565488
7828.868164 8.515122
3753.649902 19.661346
1425.988159 32.074928
1343.883911 91.416618
33.546494 79.956650
17466.847656 59.696587
5734.683105 37.083668
6625.767090 43.980186
1286.211914 61.534626
4593.596680 79.134811
796.974854 90.738472
125.660103 14.503766
6560.813965 9.208599
1475.492676 8.697825
2354.881836 9.713020
15881.219727 67.197365
2821.230713 57.710884
4126.695801 42.101360
279.805115 26.081398
982.166382 137.289658
426.907288 150.830048
9660.776367 143.211319
12938.699219 120.170921
6509.356445 7.282929
20184.478516 28.530563
2425.717041 64.496948
3974.480469 105.128975
6137.933105 59.772121
110.640175 54.267818
9291.788086 41.362309
686.469849 24.463623
2025.139771 122.376968
4841.894531 91.514816
5091.989258 70.976845
3137.825195 62.446507
6729.526855 258.583374
13240.807617 303.844421
41188.328125 313.605347
38181.703125 274.996216
23298.867188 151.621262
2967.623535 150.634186
3304.895264 165.095520
56.732117 204.187546
3958.680176 300.510193
1123.906250 431.218597
1065.061035 544.468506
35271.199219 582.873535
2993.565186 195.899811
11984.552734 184.012146
7496.349609 173.802124
3589.804932 206.969025
6244.065918 194.743713
2454.764404 173.134903
6825.716309 202.875671
1128.858154 262.331726
54320.054688 262.727753
10052.778320 318.733246
19144.484375 309.626556
18935.351562 253.900620
290.740387 35.954483
6545.679688 26.842369
13226.514648 18.983517
23157.470703 21.304605
199.800430 1.195064
17816.722656 12.559192
9356.162109 27.982759
7503.927734 37.387447
1439.672852 0.665437
2158.232666 0.867245
33.378902 4.078030
13398.893555 10.324589
4039.118896 13.098230
5835.035645 9.146955
1306.175293 5.643950
379.631073 2.606906
731.940735 236.509674
3481.478027 271.212982
13538.952148 265.291534
7457.964844 217.341766
23919.156250 60.879082
3416.113525 79.909645
12259.999023 120.373749
2243.572754 178.416336
390.133057 25.142807
326.101471 71.221138
6865.215332 150.653061
2091.009277 221.823380
26827.439453 164.470505
4278.423828 139.612946
1253.129761 83.063499
119.773727 32.953751
5680.081055 14.877382
4713.060547 16.185617
3484.351074 14.018106
695.975342 11.956800
9848.535156 28.601875
3653.008301 13.710918
4315.265625 8.606865
959.299927 10.814801
8416.553711 54.591213
3863.035400 64.943977
20843.386719 84.016640
729.882690 95.061546
3566.911865 146.278091
35.841125 126.792358
520.613281 93.196625
4479.936523 64.449684
525.561035 37.322845
1448.019531 46.753891
1112.544189 64.626411
50390.675781 90.894531
3746.508301 9.114675
19440.841797 16.257877
8381.895508 25.154602
915.252197 31.775358
508.693024 134.672729
2950.334961 149.392181
1701.636963 143.326813
33552.777344 117.290298
31874.345703 29.600349
12303.742188 46.722591
6153.305176 73.457306
2846.987305 105.844109
10177.475586 51.706642
3502.290039 50.665573
9684.561523 60.390480
8679.544922 75.051384
26279.417969 60.651070
8315.937500 73.056358
327.334106 71.849182
649.790039 61.562790
3384.410645 78.550827
15772.020508 132.706680
18112.337891 155.059540
37616.515625 132.707794
1208.270508 88.021706
9089.766602 29.341421
4700.163574 3.785467
62.854774 24.743198
1714.311279 19.490444
578.123413 35.400360
7195.167969 72.054825
2885.388672 105.576599
6616.084961 156.227798
24525.416016 129.305969
9145.819336 80.973091
792.533936 36.884338
1330.167236 3.559365
210.944733 6.336016
1727.007080 12.540861
5118.087891 28.732311
4952.921875 58.768646
154.704437 23.571243
14249.708984 6.325123
9353.476562 2.152802
1063.967163 111.958710
2580.573486 185.320114
11198.708984 242.229446
7244.804688 260.339325
8286.538086 69.418503
4669.075195 36.544365
200.421112 25.470879
635.602112 51.567360
223.779724 60.412457
3876.264160 158.184021
521.450012 265.665100
6286.952637 333.334686
7314.915527 134.136429
7837.054688 82.497925
2028.147949 28.485155
7.633822 13.478968
28.980925 83.678482
329.292816 148.202332
7625.934570 238.946487
9222.758789 311.687164
4753.787109 161.271103
42323.109375 143.873962
21052.679688 101.268883
3684.091309 70.350830
4422.063965 10.346076
24665.222656 17.151171
22131.937500 54.467098
24753.964844 111.406250
17543.783203 40.640774
4447.092285 54.578342
3145.172119 47.962463
2928.477051 27.006903
2418.821533 3.336617
1330.677002 6.021927
14027.758789 16.418350
32551.941406 30.471556
13938.594727 16.549997
19568.589844 18.689690
9391.660156 14.736794
2034.664917 7.764645
6452.309082 35.693253
2406.338135 51.433105
1003.577026 59.266689
714.579285 56.301373
48442.445312 4.041551
9004.802734 1.312126
2017.520630 5.728042
2581.881592 18.317072
1892.342773 48.443848
1167.454224 95.960457
1459.933472 138.677902
16059.373047 159.042130
1727.795898 16.339842
2165.734131 5.139058
1838.610474 0.308566
548.071045 13.634520
913.021729 37.094734
4502.325195 62.831215
2858.197021 75.734215
8301.398438 68.414009
3090.776855 36.920238
3957.900879 14.314738
3786.715820 4.035989
421.226440 13.074195
848.538452 55.816898
4181.843750 51.750507
8358.199219 51.778492
20785.365234 44.631248
1703.288696 191.888870
7780.992676 157.124039
811.409729 112.171204
4610.151855 75.139290
2089.163330 55.175087
2466.451172 60.892895
7242.965332 79.299622
14532.748047 103.168709
18288.039062 48.928635
20119.037109 64.089073
459.754364 66.466354
164.714813 60.122906
8779.891602 5.148976
2504.582275 3.277662
2357.488037 5.886291
26695.601562 18.402756
28909.078125 4.023964
7621.461914 0.495461
1897.010132 3.152605
5015.944824 5.765837
2797.531006 41.778873
1715.270264 60.550358
10521.691406 77.308449
7968.725586 86.924629
31716.564453 9.640787
6466.491211 10.755258
1001.025452 15.551564
3806.222168 25.876801
27.092781 60.387135
4989.002441 103.142708
10353.826172 138.323654
4185.584961 151.834442
5696.805176 13.263607
992.955017 6.596718
1215.303711 7.836973
4280.466797 25.535063
949.045288 41.256020
1411.825928 25.845594
5141.728027 22.365110
8400.911133 27.510559
4194.522461 103.605789
12700.556641 104.650726
1168.129517 89.917343
2041.976074 65.482567
2138.837402 5.399398
1055.328003 0.278096
4085.571045 6.533313
18381.472656 22.299538
5746.676270 62.996147
16359.396484 52.728119
1365.047241 37.124756
196.963745 19.474733
97.291779 72.551620
692.665649 50.264835
6581.876953 46.482609
4118.587891 86.759987
6256.543945 421.261078
17681.810547 263.872375
2703.973145 161.672104
2878.149414 105.240128
4286.709473 200.100128
1093.790771 171.142899
398.207764 163.423828
6063.343750 178.485413
8383.333008 499.908234
23675.640625 409.880280
1952.840332 322.506775
771.371948 250.722000
965.405518 46.101620
2966.301514 30.742290
2745.104248 33.215389
4806.770996 61.564762
5699.535645 408.710449
3080.900391 265.070587
11356.371094 153.730652
2034.837280 83.220894
3209.789551 79.757416
48.805912 47.276310
2815.282471 28.359581
6377.020508 20.592579
59446.105469 479.352386
3302.815674 351.645508
754.834595 229.724884
476.132690 137.446152
5953.014648 54.501129
1090.858887 35.656353
3061.406250 28.736370
3203.618896 30.472937
20823.988281 170.476669
23724.789062 151.821396
4065.913086 120.147018
58.068012 84.597519
807.385925 7.843024
8002.653809 17.422104
8863.910156 35.658215
14704.147461 59.502121
13114.929688 45.677567
4947.699707 28.858547
587.994324 15.394940
4223.060547 7.609369
3119.844727 19.525627
2925.108398 14.883056
4510.677246 21.971508
4935.188477 51.125443
47992.183594 267.892609
6947.021484 155.502899
4709.915039 78.415619
1341.306396 36.953064
12497.519531 70.366074
211.649261 58.199623
1124.439941 45.912731
5832.099609 37.760906
7441.335938 160.314133
26839.085938 127.364883
27698.792969 101.146538
9591.050781 83.265800
225.254913 15.784151
3221.636719 7.246345
2507.581543 6.207824
7931.321777 10.458549
31710.283203 171.186935
6975.980469 120.462982
6338.205566 72.336418
323.133850 36.502243
1827.133179 16.599834
1315.325684 32.803402
146.169678 70.062790
3817.889160 126.968521
8071.346191 69.094513
5545.198242 43.367607
75.637657 26.405313
1537.251953 16.527027
775.563477 58.436729
3053.054932 44.008953
4162.919922 44.894188
6715.323730 65.918541
12708.666016 438.667236
7093.847656 290.031952
1101.457886 171.565155
14000.178711 96.341408
102.379608 105.804436
1683.632080 135.156235
1117.282471 188.214294
8804.630859 264.432617
5551.138672 230.739685
5209.541992 159.932648
1366.897949 116.403214
850.223022 99.246635
1381.997925 63.825062
5298.067383 41.334953
49.589901 44.424622
3828.935059 81.923546
5298.944336 587.848877
11320.126953 384.847290
787.944031 223.549240
3349.873047 119.211006
634.542725 106.982811
2883.928467 82.551163
12828.528320 62.117813
11067.440430 42.828213
17848.451172 409.947021
31804.000000 310.985077
9640.208008 216.947403
942.843140 148.115738
6951.388672 56.169075
4669.097656 44.184238
16628.779297 39.953148
6998.433594 42.132450
6236.963867 158.472214
313.151733 133.176132
104.482956 103.709618
4039.132812 76.546310
1440.593506 30.708384
1576.536133 27.629883
535.566284 35.297569
6807.285645 55.883484
14936.599609 241.880234
6988.375000 156.205154
34664.093750 89.612015
5872.361328 48.899723
1111.298950 36.898392
2825.365723 16.155500
1835.954590 8.828682
4522.250488 10.393004
23482.359375 192.718948
17155.753906 161.590530
846.766846 117.303780
9279.314453 72.241364
327.657166 21.396505
1829.299561 14.183822
1353.542725 12.382832
1920.515259 19.746593
1277.936035 155.387405
23240.423828 102.038986
11486.593750 61.134003
1837.620239 35.420994
1237.208740 38.520935
1854.125488 31.414444
2074.898926 30.762810
2071.211914 36.470097
15842.387695 119.892494
4412.634766 95.861511
265.964417 72.036217
673.789612 52.238876
3476.160889 3.241261
3741.952148 4.304851
2285.638916 8.781548
16392.953125 16.508411
18816.378906 6.597723
2505.759521 6.200713
2719.149414 5.557282
902.449707 4.246793
277.757690 7.066713
34.099567 3.071262
1973.960083 14.546049
3602.527100 33.888081
13152.479492 77.459129
11671.873047 71.751556
9119.208984 51.659718
3405.306396 26.098497
2424.609131 14.715164
3494.143555 10.486826
1354.420166 8.230127
21320.863281 5.692390
10123.533203 114.236229
7503.480957 80.169258
7401.279785 48.286118
2421.712891 26.036987
96.539368 7.741903
8492.064453 11.016888
1502.235229 12.354407
4734.850098 11.337041
9989.334961 13.335020
19629.009766 7.033558
12287.920898 3.874305
832.214233 4.552020
3255.458740 3.170051
832.323792 1.287564
208.088959 4.597369
4892.388184 20.888403
57481.757812 15.475093
1762.318848 2.838110
8853.480469 1.559291
11642.878906 3.540502
2896.403076 42.892094
3199.761719 20.159168
1188.856201 6.802467
7943.320801 2.057311
10924.814453 176.488861
6278.857422 148.922867
2479.357910 112.177612
859.927612 74.645309
4061.984863 17.443279
2361.910156 12.141720
8767.325195 11.672309
914.337891 15.170410
9456.569336 83.410866
10362.431641 64.453270
1667.020264 44.815769
1979.701294 28.424082
1550.431763 4.465906
827.508667 2.063636
890.986145 7.326904
3126.476562 18.543829
2866.196777 31.030159
2828.948730 29.031260
6957.801758 22.252277
11870.183594 12.635849
1656.458740 22.238594
476.944031 13.163361
6299.899902 11.595876
1980.015503 19.427910
6445.290039 101.854515
1364.763916 78.131638
3621.052734 55.911953
894.911133 36.925091
2514.912598 20.086735
19.629606 12.915888
2012.703857 8.721829
3815.569092 11.541941
2814.985840 90.907486
5129.492188 63.086891
6472.121094 42.635296
906.723999 29.267336
1603.226562 30.973385
5357.917480 24.627312
3272.308105 22.464048
2272.500488 19.340790
8681.281250 173.317642
2606.301270 128.680817
2086.842285 83.162560
866.219116 49.164757
2697.093994 15.937062
460.434570 27.926779
4530.502930 54.468620
528.357239 99.130501
10669.951172 66.865387
3165.760254 34.788391
12362.766602 18.700771
10813.043945 13.443027
2334.552490 51.446404
965.329834 33.601353
8498.106445 28.023115
1015.329102 30.445478
19029.423828 421.729645
1394.664185 293.525818
11552.671875 177.143600
3727.388672 95.416710
344.552185 42.683392
429.754669 46.054718
3227.535645 53.672195
9639.506836 67.487999
16544.615234 102.994843
22933.015625 72.636322
639.697937 53.030613
463.367310 44.050598
3017.409912 23.683327
3510.937988 17.296295
1585.446045 24.451275
2186.292236 43.089272
17437.060547 192.964432
16441.892578 137.127258
10982.208984 85.228966
5283.052734 46.140343
1654.412109 22.238802
4364.064453 22.142862
1258.646362 32.957546
2860.455078 60.805363
75425.125000 117.231323
9033.242188 72.696213
854.194275 44.554623
3992.846436 29.321827
3530.457764 60.721809
1400.467529 51.668659
3108.232422 53.992928
6511.804688 69.184662
15935.775391 307.926361
15731.988281 214.329254
14043.377930 137.292892
8008.226562 86.701385
2654.655029 41.141094
1317.339722 35.668564
409.476166 40.309776
746.442749 54.490070
27713.132812 183.655197
4794.410156 134.208252
2170.563721 90.430344
665.416504 58.854515
5150.238281 16.079893
931.207581 14.152822
9892.880859 15.198536
20635.925781 20.257072
5662.590820 74.695175
1881.079956 51.350540
2598.160645 33.195621
3492.260986 21.795109
1311.937256 15.346952
959.228271 15.041049
984.049438 19.336620
294.492401 28.352287
170.384521 76.612892
5036.701172 52.775650
14658.296875 33.561916
1025.939941 21.124195
848.928711 16.098505
955.771851 14.454671
1167.893433 16.672461
1757.989990 22.419500
14794.468750 117.106415
10992.934570 77.734962
1719.939453 45.431728
1660.621826 25.109293
431.327393 17.347912
2397.414551 22.671600
71.329887 34.514019
3953.141846 53.989025
16807.953125 41.718685
19648.457031 27.482952
1988.976318 19.697628
1261.317505 16.631235
559.775085 21.056625
8830.302734 17.085989
7896.615234 14.162012
20293.164062 12.657242
16249.873047 64.763031
2594.930420 49.990822
779.881714 36.758713
2147.159180 27.153788
6911.209473 7.974051
1113.518921 8.472261
4136.987305 9.272404
1102.192993 11.171964
12926.808594 23.710016
1315.659180 15.285036
9888.750977 10.128825
4628.184570 8.107078
101.177498 21.610950
1220.419312 17.871622
3232.315186 26.422523
2250.791260 50.590374
13144.950195 178.106720
6862.304688 115.890373
4602.576172 68.122002
3077.905762 37.445404
1775.036377 61.115772
2545.192871 35.473629
1736.885010 23.607693
1465.001831 22.534206
9604.454102 307.136414
9396.103516 239.837341
20826.625000 167.145905
11611.041016 104.918907
1296.729126 32.383045
2020.130371 35.093613
3802.563477 40.266857
16402.449219 48.010754
5381.334961 55.569073
422.649780 43.885754
539.602905 36.085518
707.120483 32.460320
82.236221 1.823416
1560.400391 0.336439
9770.357422 0.853827
2442.331299 3.742890
49595.175781 31.421843
39785.210938 20.703968
5225.642578 11.751194
211.883316 5.480414
7654.379883 1.450273
5516.355957 0.781728
1125.004150 3.580889
3554.677002 15.083294
6162.247559 61.885208
3539.136230 30.135956
9281.850586 11.814806
636.384338 4.049302
2047.461914 49.506462
1325.489990 35.413551
1598.862915 34.040340
10404.981445 45.678841
11603.408203 209.223297
8083.011719 161.482452
3270.193115 114.837799
3310.850342 76.307648
4687.187988 18.323652
2941.201660 7.628356
8178.551270 5.616653
1939.819580 8.580086
24280.792969 70.495270
28030.251953 69.806702
12910.651367 56.502636
1610.947144 36.623207
479.964478 5.867416
1821.312256 5.264955
868.915955 6.795057
915.200806 6.153262
23182.908203 119.085678
5465.863770 78.575851
19984.533203 40.974831
8286.870117 16.078558
750.004456 24.011133
3279.917236 42.790146
11453.971680 70.385956
7235.765625 103.432587
7413.637207 20.207346
12740.318359 12.361887
3358.395020 10.428010
5808.144531 13.864914
3499.380371 19.706305
1234.065674 3.584029
2769.243652 0.000745
411.274414 2.832493
9097.382812 276.578918
899.518005 198.797165
18929.380859 119.398834
1035.939697 57.141171
3891.773926 18.658468
2692.208008 8.373220
12414.661133 2.985217
13176.768555 9.492567
11507.896484 227.035126
22894.970703 139.292160
11355.885742 74.843643
4848.904297 37.323402
1161.106323 38.207916
2305.655273 13.307104
12118.199219 11.671598
4139.514648 26.165735
8399.423828 133.303864
13518.989258 142.501144
14717.918945 121.181831
3137.695557 79.976227
645.220764 32.169281
150.351410 23.351213
3990.642334 38.813698
3691.443848 92.525345
21827.933594 314.550293
17200.248047 193.168060
3729.644043 109.166725
517.408997 59.011982
2115.142090 134.638260
610.100708 96.606171
2313.762695 87.216324
621.362549 117.601364
9421.608398 624.669128
1305.283203 450.847809
4376.226562 305.701660
2986.500977 201.625122
267.224915 88.841721
2020.852783 54.322556
4803.477539 33.781815
401.783600 22.072079
21698.009766 346.992889
20212.978516 287.263000
5440.352539 212.456146
3782.817871 142.235291
1015.446594 8.608743
4172.828613 0.351399
8854.381836 4.973296
5067.903320 19.060247
24162.308594 46.251099
33157.140625 51.200058
3379.016357 43.091110
1748.111084 25.869316
3542.780762 21.174057
1907.016724 17.834280
2394.607422 30.690056
1408.001465 63.111538
7597.129883 53.697769
4432.011719 46.938320
12284.640625 41.081722
1884.271851 31.692232
1078.824219 43.562271
3861.082275 35.362408
1464.512573 45.375656
15112.041992 85.506706
1372.043579 388.306396
20261.277344 239.056885
1801.787354 132.547531
1241.333374 71.564339
1397.562866 97.769249
971.001221 78.732643
5377.754883 70.948387
6771.274414 62.507404
42781.144531 277.916534
20654.675781 244.798370
2252.044189 190.413040
2897.221191 136.134277
4243.833496 4.660106
5213.596191 11.707541
581.044373 39.659073
20533.986328 91.644333
79163.125000 1.530532
44499.414062 2.342287
31932.783203 6.757826
3894.531250 6.719923
2197.967041 65.447609
4997.859375 58.319370
12485.343750 60.712116
12064.941406 76.924057
20585.748047 483.162598
7690.602539 308.175903
1344.297607 174.100021
6022.641602 96.684036
1615.192627 67.138901
1907.845215 52.466469
3178.846191 48.101612
8761.157227 50.309883
11980.072266 131.139130
10070.159180 130.454651
871.020386 114.565353
2778.596436 90.289177
2710.217773 1.998282
7191.609375 1.562801
2426.950928 5.763292
1373.223755 17.398144
17044.136719 2.100411
8050.709961 0.738314
141.207642 2.267696
4108.431152 3.017854
2020.192383 8.932159
928.769897 0.977595
583.297058 1.792380
4874.066406 12.822205
4124.690918 161.960159
6467.679199 106.641083
2103.967285 59.996967
4747.161621 27.559265
440.507294 81.443848
236.782013 61.996468
447.718567 63.554947
26102.431641 82.428459
22377.916016 412.178558
3564.348877 306.819397
2872.516602 205.984756
1089.413086 128.479416
627.497742 49.909950
1463.285645 27.937868
1112.803223 22.184513
3156.044922 29.505501
12756.708984 362.513763
13910.929688 264.118073
31817.894531 168.943741
929.858032 95.500420
18.451019 11.731962
81.753586 5.364822
410.901215 2.102623
5249.333984 2.381503
6535.555664 29.203426
1198.964111 29.381224
1523.835815 25.913599
2237.337646 19.388973
1328.770874 22.740574
1345.320435 34.923698
3299.489014 61.050987
12040.644531 103.969109
4412.941406 93.165710
4764.341797 53.220436
3533.785156 30.370739
699.841980 21.270861
865.453003 56.381920
3979.513916 31.856564
3412.501221 23.793179
14881.555664 31.912178
55610.234375 323.459534
4216.590820 243.132996
22721.867188 164.186462
4726.637207 100.146011
757.170044 32.966194
267.210571 17.398951
253.307922 6.008249
1635.412109 11.496669
13376.799805 236.733536
40347.125000 147.196472
6870.214844 86.291367
3509.404785 52.322075
1464.476074 91.342178
2110.568604 59.370354
443.573883 44.610031
3103.524170 42.354809
5437.985352 444.334778
6551.438477 341.938995
7846.775391 235.817139
9624.676758 149.078934
54.728302 37.850975
5608.217285 49.023258
8866.620117 80.212463
2794.660645 135.906281
5344.294434 113.892456
7587.570312 73.420273
5355.775391 50.555309
349.716431 39.542606
3010.762207 74.907150
28.018143 39.496738
3738.894043 26.194777
2958.919922 39.320473
19002.093750 461.808777
19478.923828 336.941162
1688.866089 222.879181
9482.128906 134.693665
6131.703613 77.717323
6328.949219 69.742805
5576.323242 70.908707
17182.291016 87.054214
1481.089478 235.265533
4299.323242 171.334137
3202.572998 123.946335
604.385437 94.299774
919.625854 62.659458
49.161217 51.680794
3342.599121 56.239662
1042.408691 73.388702
3096.225098 295.350464
131.512329 219.359894
17788.806641 147.863724
7613.576172 93.999847
2688.832031 33.032654
3252.234863 43.686268
365.892487 68.602524
4942.843750 111.695312
2078.770996 91.113350
2333.320312 56.634464
10276.368164 38.492149
4475.164551 31.741377
5500.247559 58.197601
1245.258667 45.883324
6344.828613 50.176815
6157.079590 73.647232
18791.210938 446.909088
12851.655273 296.640411
21921.617188 174.780960
1596.255005 96.659904
1448.067261 44.872463
5211.240234 26.941328
11993.084961 15.327229
3659.548096 8.980383
46161.359375 114.868973
12694.971680 108.557770
5756.745605 91.006714
4661.518555 67.705765
3162.389404 24.580084
3149.247314 6.731731
616.603455 2.255045
10029.791016 7.869121
7431.483398 83.173714
20783.101562 89.183090
8896.690430 76.622383
8970.859375 51.366283
5470.109375 18.344107
610.136292 28.906342
3797.420898 53.963917
9441.800781 104.720673
20093.462891 157.295242
8772.329102 76.562714
2590.840332 32.769955
1722.336182 17.565437
5853.284668 94.642319
94.797691 72.858963
5664.494629 78.009766
7728.546387 105.019409
5749.554688 565.247009
21139.230469 407.205719
11991.904297 261.642456
55.426670 155.009094
581.649475 40.042274
379.892456 33.290051
522.184875 28.100582
2169.441406 26.727730
15767.679688 107.680862
4629.761230 82.798447
26540.191406 62.713715
8193.771484 49.020576
35.001488 16.076944
149.538208 2.931104
3361.339844 0.773740
7612.380371 3.522846
3156.566162 186.664368
1329.282837 142.226273
851.414673 90.385574
5936.626465 45.444954
386.317932 30.768860
796.944946 19.102144
2134.003418 14.696315
7235.188965 16.446823
16099.512695 151.416061
6237.718262 117.181320
3127.217529 81.476166
596.937988 51.511620
601.159302 2.204410
4016.823486 2.759322
1758.060547 12.872934
12283.640625 25.248026
18129.279297 102.864914
7299.901367 75.449646
15766.438477 42.923122
183.133621 15.994757
712.444336 15.201931
1277.856934 16.870832
8144.729980 41.526924
3919.316895 107.554352
32515.714844 386.075134
2042.823608 207.666351
1453.759033 92.094238
575.758301 34.815727
5254.779297 199.940521
432.692688 139.402405
3268.460938 107.906776
474.843323 117.240463
64746.003906 1023.744019
17598.068359 728.059509
2251.840088 477.912048
240.265442 304.391937
9209.603516 120.871887
4414.678711 94.493042
2849.675781 101.300636
135.597580 137.555099
4697.404297 452.163696
7302.423828 360.774048
7305.673828 264.165588
4726.583008 179.749481
369.419678 23.654387
4367.113770 20.126835
339.630402 24.230915
22607.402344 29.983641
3497.003906 129.044739
10789.841797 100.724655
3454.721680 67.409851
1948.060425 39.530403
69.536827 1.367810
8782.781250 15.480016
4904.755371 49.331360
6593.174805 94.647957
3276.541992 20.303391
7121.706055 21.334932
16287.871094 14.687731
1444.571777 4.494086
6001.935059 34.771122
13219.651367 15.655577
10070.861328 7.691685
8754.222656 15.881449
15968.085938 591.773010
4000.374268 368.807129
9550.923828 191.945099
11551.732422 84.322945
6358.818359 90.955994
770.388367 49.425323
14244.196289 19.447872
24153.136719 9.139224
27583.492188 168.135223
535.257996 172.090439
1614.192505 160.547516
3690.887451 131.711914
5512.396484 51.165848
158.062057 28.082338
1309.698486 13.749409
6615.144043 7.726351
1163.253906 129.227356
10826.914062 125.247246
18911.980469 106.926804
192.464737 79.677872
1960.431763 0.143295
3131.965820 1.479620
4223.669434 5.044422
10453.933594 11.844384
20060.695312 11.844384
10453.933594 5.044422
4223.669434 1.479620
3131.965820 0.143295
6895.472656 23.335968
6285.636230 23.038685
537.069641 37.541000
547.096313 75.815628
202090.046875 264.710876
37532.050781 154.647263
2494.505127 79.280235
3644.001709 38.903221
12433.918945 103.246735
1988.941162 86.647728
1904.805908 84.695694
2686.190430 102.437355
28460.058594 484.726074
2716.102783 337.110016
1336.908813 218.651199
7697.472656 142.634262
1707.146606 73.966202
1064.906006 78.924683
2960.530029 106.349106
4157.761230 158.039703
8989.333008 289.527893
6013.785645 200.682678
485.138947 133.192566
3208.747314 91.357056
465.222015 42.984528
563.083984 27.881041
11410.132812 29.040598
12589.864258 51.899628
126.558937 307.864929
7971.954102 209.527466
4302.237793 129.807220
2175.513428 75.227905
647.422302 50.371567
104.893143 31.582464
2432.729248 22.559736
4086.955566 16.817907
20137.642578 390.842957
24845.724609 278.625214
1773.740112 171.475388
239.842133 93.565231
2270.097168 27.014467
1154.925781 34.606693
8478.368164 63.783886
11607.287109 116.463425
1787.251465 32.850498
721.116089 31.484911
6218.820312 32.757477
2128.520508 30.115086
1192.229980 58.737213
407.019012 45.070843
7922.184570 56.927723
418.241760 110.370064
18940.140625 475.603577
31607.824219 298.428589
8097.430176 171.595230
2985.555420 96.545334
573.727783 112.516937
2389.923584 68.648712
884.873657 36.847729
89.168213 18.353411
4255.022461 319.506653
6404.980469 280.699097
10888.206055 225.727432
9830.572266 166.562454
1630.998535 28.408642
922.826538 16.464390
5281.271484 10.685134
5250.512695 7.755180
18244.123047 98.567421
6084.194824 89.360382
6163.789551 69.896942
4106.839355 47.335739
1704.536133 3.031675
7884.923828 4.184617
4648.515137 9.438638
4170.919922 18.797691
27.767273 8.654822
1862.638672 7.306849
3995.686279 6.067400
1358.415894 4.321328
1431.987915 8.686139
1469.986206 2.141862
3588.014160 3.243255
14802.907227 12.071502
7333.326172 63.894363
10147.125000 51.008312
10482.970703 36.017021
5849.273926 20.953917
973.898376 34.247040
308.841431 30.484673
644.207153 32.638966
7488.968750 38.929253
955.716736 182.069962
7919.280762 128.052551
5251.984375 80.974625
6800.031738 49.456158
562.079285 25.546432
1240.060913 22.070551
2850.693848 25.098398
16682.337891 33.857243
17038.947266 95.397339
53511.585938 73.634789
20544.167969 52.642681
3285.102051 35.928680
361.245728 16.728449
4815.960938 16.118185
4546.177246 19.713718
15482.906250 30.754261
5280.681641 194.969055
32562.572266 115.626831
24294.876953 58.060822
2426.584961 27.248350
1919.300537 34.688934
6955.410645 27.941671
294.343384 22.767408
15107.631836 19.378204
8225.671875 48.021984
10973.431641 49.882332
4746.620117 47.507545
4405.340332 41.834778
1408.484131 1.391912
1389.818604 0.833157
728.889954 0.708218
1057.907471 4.289497
3442.971680 10.993184
11057.732422 2.535589
1793.411255 0.082334
1386.385254 0.753527
549.928223 22.092308
644.118225 13.959612
8430.268555 10.420233
2440.608643 15.223511
811.314148 89.380859
1924.209351 65.462784
5972.887207 46.736153
3429.613770 32.841396
1855.614380 10.694580
705.891357 5.608381
9353.216797 20.344006
10223.216797 59.110733
39071.605469 59.607201
12779.604492 48.302757
1326.167114 38.372730
4897.136719 24.876242
5695.672852 46.169823
738.684570 27.654301
953.281311 24.161667
3456.852295 33.648281
3170.238770 339.116699
13345.929688 243.215088
11731.420898 153.610962
136.859528 86.521126
633.358154 15.839928
2947.827881 12.392590
1480.634766 13.252299
19800.320312 19.292112
8489.854492 22.982553
1845.009888 24.562963
761.993652 24.134447
3127.482910 20.758322
1149.050049 23.538683
1303.388184 15.991363
5058.591309 15.379936
899.593750 21.764910
54341.546875 93.891083
28725.486328 75.126053
8417.661133 55.196766
1847.095581 37.169765
7215.681641 18.881956
6894.227051 19.499701
675.458740 25.330647
907.026611 39.316452
1875.885010 81.335594
3976.489258 51.935154
118.063446 32.664654
2309.534424 22.628466
642.264221 23.608158
1110.339111 16.805578
2642.991943 12.716526
11944.123047 13.042188
10545.087891 63.100479
8667.010742 51.986805
3417.875977 41.425480
394.816772 31.945711
751.921997 8.209703
7659.882812 3.018130
8730.023438 1.998797
7404.237305 2.126423
1843.739624 94.836357
8359.127930 69.819901
797.304932 42.824596
1683.110474 21.140711
82.354462 8.817465
1668.056152 10.227259
15789.074219 20.939480
1153.660400 43.680447
29049.472656 58.862720
7927.304199 36.647793
16763.082031 22.174271
6679.441406 13.288460
6851.293945 42.809372
1915.008545 20.052431
16350.335938 11.003851
3746.057617 11.277049
14872.357422 150.508545
1485.460571 142.306366
2737.647705 114.571152
1276.284424 77.289391
4174.006836 9.940470
3108.387207 11.942539
5732.840332 18.983379
8283.390625 32.336227
5558.805176 176.996674
1023.987549 103.307388
6739.366211 48.692608
12023.276367 19.121786
1178.384033 26.449255
704.698792 14.677311
798.180420 13.391726
696.527344 21.346460
14168.939453 254.580841
5836.853027 175.893707
2536.049316 105.243713
3945.765625 54.828537
3708.280518 25.641148
4846.120117 22.232796
394.229706 20.590660
2181.408203 21.163939
1437.403442 67.323067
1308.457031 53.122627
2934.253174 40.594784
5574.124512 31.447586
2209.228516 16.250444
2097.602295 26.635748
3100.397705 59.054256
34783.304688 126.688675
18855.931641 208.391647
5274.590820 105.925735
1535.782959 46.502480
937.176758 21.050373
5026.240723 100.301720
5235.162598 69.026428
78.448425 67.323372
967.928650 90.889893
5172.350586 601.125610
27123.285156 440.228577
31002.207031 287.687561
2063.744873 171.287827
3177.443848 30.718874
12758.251953 26.697937
9839.947266 26.710693
41235.855469 30.644590
67914.781250 90.158760
18238.671875 71.058647
11704.556641 53.207817
343.139893 39.434502
3454.806152 1.883537
1946.243896 4.929731
275.012512 11.598190
2652.873779 22.793070
25436.791016 9.549400
3842.514160 3.647403
9495.730469 1.292876
15672.998047 0.924895
7105.153320 11.352623
4254.320312 14.263958
637.070007 21.637573
304.748596 36.745354
104509.671875 37.607025
40126.742188 20.551424
21593.964844 12.609184
12332.099609 10.594990
6337.629395 29.144264
713.614441 38.264515
5195.795898 61.965137
1689.463745 103.258530
8455.210938 144.707474
2709.115967 88.508972
9718.000977 51.605072
12494.162109 32.993526
57.701283 54.791626
717.053528 51.944546
922.030396 72.809952
11746.837891 129.071838
11221.375000 269.627258
2133.243164 174.515366
582.057983 110.977142
2625.785889 73.824989
686.829224 107.407555
657.194458 96.438622
1590.540527 105.808853
9580.890625 132.288727
22158.550781 484.745972
12536.564453 349.177551
11563.874023 230.705307
4043.308105 149.168579
2605.418945 30.501741
3302.705322 23.889273
3178.850098 21.972582
161.555603 25.201946
17811.250000 101.937325
11194.267578 79.849854
5560.526855 58.891891
2861.661621 42.095634
549.385864 8.861648
56.267807 4.202338
1959.170532 6.065455
8095.599121 6.340958
2023.949707 145.118332
4403.893555 107.313110
3227.350586 63.465790
2867.025879 28.078110
774.350403 7.747700
2588.483643 1.422502
7576.342773 3.488162
8039.101074 15.726113
802.677795 9.059231
5424.588867 17.065580
6088.132812 20.328560
178.878540 16.255486
1060.417969 25.672146
96.838593 28.006918
4906.643555 32.513580
3913.404785 39.272842
14079.557617 53.729408
19961.578125 40.208130
20154.443359 30.815659
2026.505127 26.215160
831.563232 3.144539
6039.799805 0.786943
319.089172 0.160843
1896.651611 1.799045
3331.873779 60.582802
8321.777344 38.296940
4508.373047 20.286098
20.754272 8.854788
5072.007324 20.987818
5468.389160 6.408482
2214.371582 3.651364
5742.044922 19.497108
3236.273438 248.727966
10388.774414 161.337799
324.049347 93.030327
2458.986328 47.843800
1225.036255 96.065598
793.459778 82.018021
9355.935547 88.674149
1738.832520 113.455315
6147.404785 284.770630
9943.731445 233.403030
4685.722656 178.464371
1780.822144 129.883972
873.760193 26.121132
1163.006958 7.921949
11577.745117 3.208283
1373.209473 6.301775
20588.716797 321.252869
5450.312988 228.900314
9083.742188 137.598221
3133.216064 67.642471
1474.099609 33.544315
5588.972168 43.450043
2716.051514 51.026497
3178.175537 54.124939
15746.831055 6.824296
7570.668945 10.057917
3242.528320 15.631294
334.390167 23.691208
3782.765869 12.627476
414.959442 19.910187
9968.577148 27.474377
7077.750488 32.460415
37086.500000 77.830467
730.641174 46.549263
3419.271484 22.740559
3627.689697 11.737091
4062.778076 2.673759
1332.986816 0.530084
6755.575195 0.220961
540.940857 0.378588
4521.714355 127.936127
30507.929688 79.055878
17706.248047 38.220222
1056.957031 13.060850
402.747467 10.293073
434.428864 5.492794
8443.121094 1.117548
4668.369629 2.856192
12779.349609 4.551032
497.596466 3.411028
15423.243164 7.463347
10536.080078 11.068295
942.943481 18.017498
1252.618042 8.715116
275.079498 3.722647
3143.612793 1.812355
17948.839844 66.179619
28103.462891 59.419441
2922.257324 46.507832
5022.934082 31.398247
5025.735352 0.861168
37.173409 2.770221
116.157280 6.381564
4349.426758 11.311237
6558.395508 6.971967
649.325256 3.876344
323.442535 1.696384
2339.561523 0.598131
1313.546509 9.723415
408.947418 9.991393
16253.202148 11.547791
780.802856 16.553158
1377.501221 79.597984
10094.406250 46.363113
6556.752441 23.726084
1893.183838 12.735634
437.124268 14.157162
9166.104492 10.958542
2312.960938 9.247175
13130.086914 12.358165
19931.705078 27.208693
3356.606689 20.522934
14800.919922 17.820822
4237.837891 16.439178
3826.570068 18.579056
500.958679 7.686118
1852.317139 2.297794
28876.105469 14.387192
25444.779297 8.486587
3019.605469 8.646972
3096.792969 17.733664
9521.722656 23.210512
5462.612793 35.715534
1069.028687 24.772406
675.430725 27.524519
4773.363770 43.513042
33237.535156 75.308716
38540.269531 78.063034
15619.464844 70.601768
2644.620361 54.100697
14820.209961 19.558010
1312.401855 8.548632
8496.792969 3.225123
17232.964844 8.322561
7625.292969 34.318501
2448.115479 35.266323
1133.234131 35.073387
3306.250000 29.844425
1171.970215 22.801535
4736.883789 16.739725
6616.128418 17.597355
29080.052734 26.562635
12115.326172 145.008743
656.971802 100.426025
10845.909180 63.091045
2323.484375 37.368885
2798.933105 26.509338
3911.037354 26.306225
980.641479 40.892097
24484.783203 63.242683
49159.539062 159.730530
17137.984375 121.510086
242.521317 79.569733
3379.296143 45.098263
1277.637573 20.832018
724.412354 15.833521
6672.291992 18.631123
8136.555664 30.743435
13163.544922 158.063934
41261.453125 105.826027
23373.023438 63.487671
5701.997070 35.550034
1139.544922 14.688314
551.107605 19.518433
2289.910156 29.195164
3690.671875 43.358990
1939.734131 44.759140
8294.297852 29.937908
5889.427734 19.787527
2327.781250 14.739636
1262.670410 9.273395
2093.829834 10.888101
9548.178711 14.219614
4815.966797 19.024296
24800.753906 15.221144
2048.484863 12.293816
22388.423828 10.265299
9706.733398 9.180885
800.821655 2.543651
23.056923 4.421600
2138.999756 4.627578
12041.981445 2.943202
33448.140625 9.804399
5971.003418 4.085143
1394.790283 0.807114
5537.536133 0.656386
2497.144775 1.387976
1741.893799 1.885068
1054.025269 10.263749
2016.599365 24.963825
5822.843750 8.884163
15268.199219 11.990235
10458.625977 10.892864
1081.029907 6.043727
2659.794434 8.666492
2313.542480 7.566064
711.180603 7.146536
8356.279297 9.827873
17858.386719 75.940826
7870.916992 44.522682
7480.495117 22.991259
5475.698242 12.268429
1631.362549 14.319285
698.297791 18.146059
178.019775 28.473988
854.759094 41.759293
32167.761719 91.478310
4566.537109 63.215027
2467.731201 37.570446
512.610046 20.420183
9442.142578 17.076088
3700.699951 20.693548
5538.259766 31.273523
13065.926758 51.266029
64590.445312 104.060181
17741.880859 62.627724
344.373810 34.789688
10127.334961 20.723427
2963.311035 43.502636
2320.020996 54.017075
3742.563477 86.861328
9030.532227 151.397705
12734.428711 290.808838
3843.573242 170.441971
1879.565308 92.166122
3417.880615 53.535465
5216.570312 108.161942
7.692871 84.222168
3844.442627 80.138474
5315.269531 96.553017
982.289551 542.951355
4420.187500 389.764832
1513.490356 255.917358
8131.292969 161.765564
1841.106689 67.030113
3776.352295 69.296959
5404.667480 86.000000
12794.979492 117.358902
28.217451 254.570099
828.168884 178.659439
2932.842285 119.108902
44.425896 82.222000
1683.135132 50.044189
1555.139893 37.437782
3495.331787 41.713081
3605.990234 67.591728
14584.908203 390.571381
2257.782471 258.282074
16552.005859 152.871979
2715.233887 85.016251
810.682129 42.216480
5072.312988 15.856203
1271.749878 6.997980
820.745850 4.308333
6927.169434 292.924988
96.669296 239.523590
7403.129883 165.010376
926.000488 93.411453
3256.046387 15.841218
154.363678 10.830756
5727.282227 6.874879
5103.903809 3.533526
12609.570312 70.213623
6831.145020 53.186932
10517.363281 36.550682
6975.659668 23.879925
2046.335693 4.911326
93.780067 2.722944
1896.673706 1.515909
13897.008789 11.008808
14596.257812 46.766880
20058.669922 16.247925
2531.909424 4.597785
16.217167 4.055273
1080.325806 40.173431
444.104523 20.625868
3922.781982 9.269176
8970.321289 4.320991
629.914307 124.989624
8537.266602 116.153259
25869.935547 94.388908
4344.762207 66.521294
3775.266113 0.820671
770.828796 2.811007
12906.187500 8.459422
3521.950684 19.894583
8026.662109 15.370703
11678.269531 5.695318
3517.530273 1.511833
635.578064 0.468557
1512.647339 26.699787
1057.000854 29.728548
1164.507935 47.627258
3501.440674 86.363365
8681.208008 193.440018
9734.826172 116.987083
14903.285156 65.121407
4395.479004 37.046780
616.673767 70.755638
6056.933594 51.310593
774.838928 43.639000
3917.863525 43.859909
1082.995605 276.791595
6556.180664 220.596054
22234.105469 159.059204
15365.785156 106.598312
1991.946777 6.340680
2129.121582 9.222804
801.916870 14.998692
1499.831787 25.768719
417.601318 44.636776
21472.474609 23.343866
8192.833984 10.886448
6.720872 6.181344
81.772980 11.029071
354.595551 6.357473
1064.349976 5.486334
10578.232422 8.996140
11555.835938 11.531267
8212.445312 17.450012
6267.944824 19.370495
1708.484619 16.552492
397.094910 34.477097
3322.280518 28.969603
317.056519 34.524067
6478.618652 56.843925
16763.681641 224.160889
38562.500000 144.999329
2541.350098 86.744530
1785.205078 51.716225
455.793304 75.207817
1873.405884 63.588287
5124.408203 68.638069
646.958069 92.406883
40906.632812 290.380554
555.539490 215.467209
2945.363770 150.954590
1539.077271 103.845352
8812.744141 52.115910
529.737244 29.778654
1260.391724 15.579792
1390.740234 18.222721
13333.603516 168.755737
1650.968262 132.597961
1013.333496 102.548096
3556.239990 76.639175
3267.119141 66.618019
1758.323364 47.902615
1253.070312 41.691322
17209.144531 46.427437
208.097870 343.312134
3030.377441 252.486786
19158.716797 167.839798
9960.326172 104.760216
184.362946 48.227619
81.379822 42.773026
2657.757812 51.574448
8352.125000 76.775757
30638.691406 254.581146
31073.117188 175.509918
29898.117188 111.878181
6310.626953 69.889412
1911.802002 37.458900
505.990845 19.522413
4118.225586 13.007270
6079.840332 15.040017
333.363037 304.675781
22623.097656 218.594589
9140.206055 136.458878
16036.519531 74.638458
2864.030762 22.615070
1438.341553 26.237814
798.120300 34.098957
21519.533203 44.321575
27701.167969 23.042057
24804.316406 24.375858
8542.348633 23.994274
1012.811401 22.635534
1569.773438 9.845172
1650.015381 8.588511
9036.746094 12.400030
7375.635254 28.660233
21551.722656 151.887253
5769.229492 82.915909
2947.553955 38.343121
988.965393 16.993977
9255.422852 52.209423
769.084656 64.422668
10974.845703 88.559059
1601.491699 123.884193
11056.450195 91.108093
927.891479 69.272018
2290.565186 55.881973
1499.400513 50.036369
3896.316650 27.670019
450.302582 9.070800
1549.979980 5.352979
9005.102539 18.608322
3979.416260 234.240265
6548.009277 169.317230
1273.472168 108.993576
4212.196777 60.927250
245.357697 24.548710
3251.027832 11.736794
1502.114380 3.208570
475.873047 0.016801
4118.693848 129.784225
3741.353760 98.379906
2136.242676 67.738953
895.191772 42.771770
634.147644 21.744263
2301.358887 7.018517
1141.097778 3.591017
19017.865234 7.470943
9208.292969 94.855843
9796.628906 91.236237
3801.250977 72.517776
8.638852 46.062794
73.810684 34.576908
3536.827637 51.342968
15888.914062 84.467064
17346.060547 140.676590
21924.023438 125.680283
999.862854 67.234917
8213.921875 37.517815
810.812256 29.282978
5415.769043 65.804123
2586.504395 32.237999
2028.422241 18.915619
1153.220337 18.687696
30958.150391 411.480774
28413.191406 319.464355
3044.555664 216.465729
16389.785156 127.343010
2883.527344 6.131077
1955.381592 14.496574
8531.218750 19.914265
7013.139648 18.904119
45360.382812 26.878056
31614.542969 12.888062
10397.144531 2.751536
8262.193359 0.666915
2386.609375 1.291192
5241.401367 1.219420
1132.555298 12.835037
3217.763428 35.984661
21060.533203 6.307928
39943.078125 11.024045
5078.501953 11.949425
3475.361084 7.328193
1214.087158 26.460918
1915.033813 17.327843
2597.723633 13.745663
2992.938965 24.472578
10772.087891 112.193367
7716.240234 74.022537
13158.859375 50.398312
3293.511719 36.704414
1705.382812 51.281361
1425.213989 35.388313
2017.467407 27.470078
475.226166 27.636709
424.728943 204.850632
10180.769531 159.281525
9373.036133 114.040230
8146.060059 77.109711
227.558792 17.167341
272.123383 3.846292
2514.735107 0.957479
2590.868896 0.071866
12602.418945 277.518036
5865.568848 197.711182
618.705933 115.647507
3078.651123 52.689449
2037.532349 21.205873
3648.467773 18.269440
6379.840332 22.697308
12523.398438 31.917469
14385.157227 29.579008
2652.660400 37.205799
3807.977539 36.397209
6485.069336 29.174219
2589.117188 19.778681
2741.873535 14.763105
1737.898560 43.410435
40467.867188 139.328033
56950.957031 306.268311
6095.775879 153.625610
7669.393066 72.394600
5255.739258 36.973206
7179.858887 240.160065
363.659790 147.625290
2471.258545 90.038414
1743.160034 62.565094
7779.079102 828.959412
19625.949219 698.131897
16606.128906 532.653748
9166.718750 371.318665
1204.032104 40.561966
2206.582031 28.917995
5428.670898 21.789188
7042.304688 21.376652
8465.795898 107.046829
11456.894531 89.547134
9367.932617 71.702026
3327.170654 55.112442
1836.632568 31.803213
2086.954102 14.798259
363.046692 8.245256
10267.164062 8.174307
14854.502930 202.969437
909.707397 158.724121
11818.382812 107.847626
1829.607910 63.052975
120.545311 11.961395
1318.297119 10.945797
8795.620117 13.689905
7329.314453 22.184238
48232.507812 55.687160
11443.434570 36.794098
1480.568481 23.674023
6364.218750 15.916028
7570.447266 17.960659
1030.310425 15.890503
795.566772 19.389854
2310.120117 28.587219
10913.637695 49.020470
3117.011719 40.661530
10537.115234 32.123409
792.452698 24.044716
321.391479 5.813480
702.208374 1.601748
3209.130615 0.600802
594.239258 0.823772
379.605896 67.112251
175.949982 49.879692
148.813477 30.991100
1163.077026 15.461322
1172.484497 3.382121
4702.779297 8.877953
507.074463 21.305645
390.850952 42.688412
27094.679688 21.021378
13389.044922 8.331153
2603.463867 2.967140
3675.713135 1.830748
4792.398926 35.424641
382.715515 16.118727
5640.597656 7.031775
17770.207031 8.240286
6372.505371 309.722198
15158.219727 216.712341
2318.246582 132.747696
8235.103516 71.918007
250.507843 55.319656
2040.099121 45.824810
7540.666504 42.685455
30049.296875 59.143578
57399.679688 120.982018
49013.039062 85.321587
6873.316406 69.307770
283.454224 62.614502
13227.648438 78.082298
60.269344 63.246010
16587.900391 68.303925
134.927063 95.012764
2433.521484 326.004211
32220.000000 242.545456
15814.128906 168.632599
4142.978516 112.991501
45.158863 31.072744
5647.927734 19.970825
769.990540 15.510150
20367.937500 16.686562
262.587372 137.365295
7560.957520 108.254791
3609.738281 77.050858
4455.033691 50.187286
1546.753418 0.182905
1444.519531 1.341937
6542.328613 5.690889
13424.614258 17.481529
9317.696289 34.830246
7985.902344 13.725958
1472.616211 3.298484
553.492554 0.221468
2139.899170 50.053623
2348.376953 31.296024
2375.064697 21.360304
1301.539429 19.407648
23439.794922 200.404068
6860.741211 161.202744
727.793823 117.781242
1191.064941 79.101524
7263.925781 26.040268
30.786263 29.367430
1302.588379 41.671757
9605.071289 65.420273
14034.613281 104.046494
7975.247070 67.918152
8086.833984 43.580940
5769.289551 30.399734
1093.696045 57.965900
1422.438721 66.092697
6474.759766 108.280029
2083.178955 191.521851
1775.634766 288.828918
10882.331055 188.409302
6795.213379 118.424515
4321.716797 76.112694
654.770081 148.735336
423.241089 118.193268
5798.620117 121.709915
2028.812500 175.623169
3026.684326 747.715820
366.942627 513.684692
6707.742188 332.530823
228.162506 214.960052
404.959229 133.016342
156.951874 88.962547
4926.674316 52.714542
1538.674927 33.588638
12334.903320 252.050522
18944.599609 236.521118
14310.273438 211.063980
4294.406250 175.756927
2755.820801 62.264858
619.360413 24.814903
444.835388 9.805417
12046.058594 8.031696
1170.383057 442.116089
1322.309448 343.819061
13382.859375 230.615540
3892.404297 131.229462
237.137222 51.702888
1049.270264 38.376060
430.078766 39.905220
10708.828125 54.891304
426.800720 350.572235
16071.728516 245.548676
10629.197266 152.757874
1803.777100 87.492790
1970.647949 35.505077
68.008400 19.515652
3052.591064 17.914331
953.437012 27.378801
17575.203125 200.096649
11595.034180 158.834976
1269.096313 110.861847
6350.595215 67.046806
218.974640 12.335627
9931.086914 9.594213
4119.567383 12.132240
8938.151367 21.245640
4796.256348 108.073380
819.485840 70.386841
2458.687988 40.666435
429.112640 21.754471
565.559937 22.800730
1021.179626 17.919102
92.256897 11.859631
8084.990723 6.821581
46385.398438 31.493366
3214.277832 28.745176
2147.820801 27.140635
2413.704590 25.647211
2537.196533 13.213531
1088.430420 12.509514
7484.908691 14.222595
3983.849854 17.906912
12499.332031 33.249104
19233.337891 27.360683
4794.428711 21.355400
6699.113281 16.332582
2277.434570 9.032615
3416.921631 6.471565
7847.840332 8.093479
13708.316406 14.833359
5846.180664 165.446869
2451.315430 101.213333
3830.183838 51.016094
745.512817 21.315344
5103.742188 21.975086
952.784302 16.347994
1052.773682 12.477048
1218.390259 15.043074
16952.070312 22.197176
27466.105469 21.667944
1909.343506 24.087772
516.833496 24.996737
1430.483887 16.843096
6708.618652 9.839682
1180.166870 11.475590
16990.623047 21.247467
2357.136475 24.204439
621.087830 34.019218
1584.087524 35.149715
2942.465088 27.678143
486.087769 26.043438
3017.153320 19.420233
5056.665039 16.494802
5358.703125 16.086109
17487.658203 149.246582
5960.821289 106.720589
1002.897095 68.117699
2702.492188 40.941216
5880.782715 0.140123
2141.987305 1.721645
761.697388 14.154054
5974.622070 44.196289
1179.295166 15.236486
10388.205078 2.547334
2556.604492 0.585981
7518.959473 0.999356
3673.016602 65.745735
2098.928467 42.432251
3346.629395 42.106983
8022.400391 61.576260
19733.351562 340.966278
3778.999268 264.072937
3506.777344 183.130661
12801.359375 113.705368
3720.141846 29.252918
3273.752930 15.110018
5382.707031 12.057828
53660.015625 27.996374
10596.674805 136.188721
17200.718750 98.549232
10701.321289 70.227280
3974.917725 48.099266
4620.698242 77.382439
4392.491699 48.853081
14869.496094 46.538204
8633.978516 89.171005
65354.472656 505.250122
18267.447266 335.124329
16769.699219 208.874405
1362.890625 127.339973
9018.992188 167.130692
947.284790 81.833183
805.058105 32.284004
2302.638428 10.675591
10446.800781 665.749146
25087.429688 571.524353
20401.964844 433.906372
8065.434082 289.197174
2477.398926 50.618237
2739.575684 28.266581
20332.738281 11.991031
6470.930176 3.180498
8986.462891 96.026871
10775.083984 101.063705
10979.580078 93.081856
3342.939941 74.385315
1562.320068 6.124195
2070.128906 8.127274
79.583923 11.950432
1583.659058 19.139664
1220.390747 26.905771
3255.882812 14.394001
10619.158203 7.642700
2291.210205 5.551654
1771.716553 6.297364
784.084229 0.026742
5363.010254 10.192862
5813.925781 44.545303
19682.947266 10.457446
3048.024414 12.349364
13886.572266 17.349146
11175.381836 15.398343
686.505249 80.454704
932.007324 47.361519
616.559631 32.396816
2649.870605 30.666246
12875.958008 506.323517
21966.195312 374.321136
6873.257324 244.469650
295.462524 143.710449
947.644775 34.222427
4918.296875 43.258221
2918.179199 62.582489
14.616222 90.859650
1466.344116 81.011139
2071.576172 59.114361
4031.630371 43.437077
204.526749 34.759613
3436.340088 16.435850
3326.352051 7.885965
4664.465332 3.430473
7212.775879 1.793599
20662.656250 124.459244
6221.915039 90.909973
609.533203 57.893921
2650.776855 32.391594
29.710188 9.575704
704.223267 3.048091
9062.766602 2.710404
2699.630371 12.189749
51755.964844 90.426262
20324.230469 60.032032
1883.639893 36.744484
111.103615 20.533211
9782.580078 27.995464
8434.178711 14.306072
449.001129 11.773132
1822.673340 22.617731
17072.531250 35.162670
8966.672852 49.233780
861.556091 53.055111
1150.854126 44.209450
1604.745483 16.167318
11753.197266 19.227512
5043.890625 34.690796
3807.128662 54.250607
712.309814 195.788864
13846.696289 134.689926
9043.763672 75.821236
3356.191406 34.097485
2797.225098 32.722740
2824.540771 34.125267
8552.812500 54.143902
46673.914062 99.845657
28438.625000 271.633575
1777.852661 165.984802
10213.431641 91.572754
3865.318604 49.611244
1840.979370 85.040947
2048.661133 76.149918
1853.563965 71.211563
5689.758789 70.212952
10054.347656 244.587814
18850.296875 187.001297
16812.705078 137.133759
936.903015 103.341904
5612.241211 13.324673
1601.974976 19.716393
782.827209 33.483494
1562.681396 54.749252
29265.955078 34.519371
6065.252441 22.572243
2876.756348 15.616268
8245.590820 12.491246
2709.415283 13.800854
3456.140381 16.950974
3386.323242 26.782534
4737.102051 48.784363
1856.009033 37.811493
176.825653 19.253586
1435.839722 12.827211
851.339905 12.525136
2093.920898 45.920132
2417.602295 39.478004
517.948730 50.831863
2908.341309 82.010864
2477.748047 407.400757
18614.966797 264.283691
14087.408203 150.190247
291.087799 78.732513
1303.411011 63.149673
2512.555420 43.758232
5038.168457 34.605682
1653.836670 39.424461
10603.283203 291.775299
43776.265625 212.940445
39069.328125 144.712891
8629.679688 95.140518
2177.243896 51.181618
2564.774902 27.969509
6713.093262 16.352039
20139.859375 11.815701
8086.499512 238.132980
7915.270508 195.059219
8310.129883 140.650177
3100.752441 89.471268
2972.894531 6.641533
483.694336 1.995245
4126.190430 0.637231
7670.503906 0.974318
15985.152344 67.434143
7011.458496 50.304428
12728.707031 31.768337
1737.775146 16.447744
6557.194336 2.409679
70.811943 1.941022
1025.115234 2.202188
1270.125488 4.191555
1930.301025 8.376917
4802.791992 5.128870
479.470825 3.578733
3582.251465 2.924365
976.510742 12.319433
1341.131592 12.026120
2229.098389 16.378635
3263.681152 30.969540
13800.972656 100.350784
1153.766724 56.346558
1898.822388 29.091600
3141.385742 16.479973
1660.914795 50.244576
3442.498047 51.116470
386.589386 69.777458
434.495483 109.542389
16438.933594 246.916534
1501.949219 165.549957
1048.777222 104.529938
2969.402832 66.990273
5560.748047 52.005417
389.671844 28.032543
4386.924805 20.692522
15148.384766 28.602287
11251.423828 270.171356
11593.590820 212.294678
3388.487061 149.311523
1277.503540 93.311005
2947.949219 27.108526
666.434143 20.417616
43.900551 15.012112
7067.129395 9.305497
17943.302734 89.892639
4969.416016 72.910156
6849.462402 53.774818
665.693665 37.809269
2746.845215 4.473975
169.005341 2.056232
8615.796875 3.191987
1920.228271 7.855251
34392.121094 7.168853
12818.322266 10.580318
2181.739746 11.068949
8230.538086 8.413433
3723.320068 0.628309
509.525848 0.139318
1657.822998 0.262325
9184.539062 1.836860
6207.739258 3.076931
16950.628906 1.558269
2706.889648 1.130361
3605.202637 1.000096
169.932739 12.676048
2890.051514 12.513670
867.958618 20.697031
10726.514648 41.285286
4596.006836 131.253571
1191.775513 78.352325
5485.418945 41.517376
2242.368652 21.051521
168.807358 40.024086
2458.133545 16.922352
1157.168091 9.207813
1679.952148 12.555975
8828.626953 240.391479
12217.689453 193.222946
8561.045898 135.205933
2350.609863 80.671997
202090.046875 202090.046875
202090.046875 202090.046875
0.000000 0.000000
0.000000 0.000000
0.000000 0.000000
0.000000 0.000000
0.000000 0.000000
0.000000 0.000000
