4792.630859 13.400527
7031.921875 37.168266
5077.794434 104.746948
341.378845 199.372452
2518.651367 164.454376
217.372925 124.906013
965.659485 76.086082
285.052765 31.902864
1108.565918 88.969788
3231.437744 11.533795
1672.896606 37.198326
7563.852539 238.455963
3722.807129 613.964111
2557.160889 412.151978
1782.285156 291.021973
757.926941 192.615143
1421.116455 155.055527
1314.719482 150.605972
3739.604980 181.573120
336.144165 275.954742
10068.971680 494.018311
1809.293091 327.805115
6059.051758 228.558044
2833.441895 178.673889
6939.209473 18.292183
3.967075 1.809600
5767.060547 36.837242
1342.136108 193.734528
78.347038 437.235382
4187.931152 191.684906
1848.642334 78.896217
30.277203 40.348209
1243.488770 93.117714
5145.156250 61.130524
334.434845 19.338215
1011.697021 2.247133
6358.471680 885.509521
307.428711 516.005737
1569.585693 264.055359
420.663849 139.871796
461.321503 36.570679
340.566956 29.487225
2919.057861 41.291027
9391.878906 55.531033
9671.914062 290.824188
8445.758789 224.430878
19.420521 143.505142
1435.016479 75.021156
2695.198242 30.630901
980.409668 69.593819
1035.996582 118.269424
1101.713623 164.877777
6683.474609 23.202694
485.398865 9.409118
2494.401611 2.606939
552.626465 8.201223
937.713074 22.008417
9464.756836 1.619746
15795.125000 39.666935
23390.294922 179.442749
4024.485596 168.159241
4392.022461 91.275208
115.235588 67.387794
198.351791 51.048492
1391.699463 79.434692
1003.741699 63.054646
4802.151367 37.072720
644.719727 31.806839
46209.234375 316.947968
25421.312500 178.288818
4816.022461 106.008774
1484.937988 84.749313
1926.618530 3.466664
5825.179688 8.748300
12.536393 12.261281
1298.041748 23.614239
100.956329 228.975830
1652.613159 109.612335
247.593994 34.548115
2221.919189 5.067535
390.521851 29.372208
1332.152466 96.925873
2752.543945 216.990204
12422.244141 367.119019
773.090637 40.787758
1275.799194 29.576241
40.656582 17.335478
234.185974 10.096502
1134.985107 76.261467
2446.486816 44.151814
831.263062 39.853111
2297.404053 124.964073
11839.190430 343.026459
1590.270386 180.258560
1419.388428 115.231415
2982.664551 96.900452
1008.872681 99.885338
155.950562 192.959976
822.169617 345.087097
8029.858887 550.506653
5726.531738 159.567963
2284.308594 78.162399
265.383789 47.590599
216.296997 55.106777
2185.738525 33.590752
4553.332031 3.055430
1268.804077 41.775520
2017.770508 241.623199
1795.118896 483.586914
39.700157 215.621262
2083.164795 103.218132
245.606125 65.723053
1294.071533 166.369156
3707.256836 132.618088
7320.151367 67.667145
1281.808594 12.681417
6238.434570 893.595825
7708.803223 531.729004
1010.707581 298.100037
187.889847 196.999512
142.155334 42.054852
1090.630493 39.862518
12253.759766 53.203583
5961.782715 79.973038
340.246613 317.694702
7.964425 212.531845
135.648727 124.739883
679.045044 67.758224
2444.573486 20.831524
27.357237 18.777529
2851.632080 32.683895
11469.386719 84.124138
2526.810303 250.680710
7675.534668 128.373856
4097.449219 59.441692
3048.382568 30.687847
709.720093 3.763870
4088.471436 0.829571
1775.209351 11.979709
887.014709 40.323479
6409.097168 221.505234
29.248938 133.240646
4456.694336 65.316025
1509.619873 23.265671
705.215149 19.952190
1058.083008 3.840983
1496.927490 2.409926
266.946228 26.812910
2614.311035 251.013901
943.429810 158.550369
1028.600220 90.819847
1531.621948 47.197704
700.661804 20.624638
582.537842 21.794088
844.178223 27.747536
527.838562 38.921299
32.448704 71.318672
2942.757568 50.120071
715.564941 34.138546
1503.250122 24.464495
710.986816 11.071931
2917.710938 23.062099
9270.413086 35.138493
9683.680664 43.117805
3578.942383 8.309443
3684.426758 3.512683
1495.054199 0.847925
157.594574 3.065630
1597.330078 8.019608
718.887695 29.657990
11086.646484 76.148155
3084.550293 126.131897
6701.552246 124.263382
5514.473145 98.573441
53.954773 56.920498
545.765869 19.926352
1171.040161 43.937328
2898.587402 26.681393
4956.199707 8.041795
3110.053711 1.407784
7872.962891 130.242798
856.311218 89.201019
909.424072 66.559387
2151.325684 55.213348
744.026672 38.006508
6022.345215 49.672417
21377.419922 56.992470
4582.218262 51.699947
7575.903320 98.076469
50.557777 70.282623
943.614868 45.242886
1190.067871 33.921658
3737.171143 14.098949
2251.917969 14.164039
1264.346680 43.351913
2343.280762 116.629990
3810.706787 8.099663
2307.535156 3.571258
3883.893066 14.292379
6088.151855 19.219854
1382.163574 50.644489
5317.405762 28.088959
359.693207 9.427883
11523.375000 4.316698
3416.200928 329.670929
6275.224609 219.461380
1018.517212 134.784531
822.244507 81.717110
2827.205078 14.489100
3802.363281 11.861416
2598.653076 14.161107
12308.084961 21.199371
5079.622559 96.048363
7074.169434 66.517097
1643.256348 41.169048
233.501251 23.701988
432.545410 3.976824
108.179024 19.680693
3027.866211 45.902855
1032.972412 73.651573
11569.253906 63.624008
155.589340 41.269836
166.446838 18.563103
523.153076 3.960297
13.898952 11.964175
294.917480 1.080161
6756.488770 19.600286
1582.359131 72.295258
2359.476807 128.417969
2798.015137 98.433701
3273.277344 69.738815
306.925354 39.111488
1036.362915 23.831738
265.550323 6.201934
4764.012695 2.769797
3346.861816 38.730370
888.518494 161.160294
1038.149414 88.663345
468.397125 54.441345
1568.525146 39.031731
1159.413818 70.764137
4753.424805 73.389938
223.061737 58.627846
14965.114258 32.928074
2932.970215 306.906433
1112.272827 181.883118
419.439697 99.997314
731.648682 69.512688
497.735504 12.108957
232.154617 51.209412
5987.174316 145.763275
1410.103638 298.888611
8341.240234 20.977543
1698.806641 2.371214
3584.034668 2.554038
1102.332275 3.985151
2216.439209 80.343491
5696.728516 51.620377
1613.507935 20.643391
4614.648926 30.750570
1389.140259 457.977051
2936.012451 255.274689
5423.796875 143.164749
2613.457520 100.092880
531.792725 23.937551
4505.124023 32.026455
9559.352539 50.369247
11384.364258 90.578308
10453.505859 161.990143
523.681824 81.219139
134.454483 37.456123
1188.761230 22.958662
5136.543457 22.879387
1748.016724 45.178356
7711.619141 79.106384
7560.383789 126.830750
10655.716797 148.966705
3023.012695 74.024216
935.437012 29.586609
69.216438 15.086531
14.585262 5.557784
764.081116 7.262757
3364.456787 52.495930
2124.167725 167.901733
16300.708984 81.015533
1459.343262 29.262171
5728.761719 17.525797
3120.928223 14.062374
499.371887 57.542225
753.866943 49.179775
10376.127930 50.606544
6335.593750 92.891586
946.664490 344.585358
1142.296387 185.763245
1840.098877 99.487251
3612.177002 67.605911
3054.780273 24.415487
530.553223 36.127522
2551.027832 59.101864
1344.961304 101.699448
7169.710938 157.274200
348.620605 80.609337
73.511475 37.403160
219.563278 22.374775
1684.306641 10.421745
463.968506 10.328306
8287.101562 14.969591
3220.056396 37.915154
332.911285 79.329071
1235.846069 30.960508
866.922607 11.236051
2556.094727 8.882452
1113.251465 10.181204
160.799942 16.449343
2325.858887 31.143326
5979.726562 59.434692
1207.140381 109.534966
4626.602539 56.515282
1826.568726 24.656853
803.007507 11.401279
1702.273315 20.508488
2099.522461 20.562979
127.083374 17.830650
8387.990234 23.788864
9158.318359 121.906075
1365.547607 58.341709
80.095070 25.810768
451.415436 18.204372
437.118347 17.344887
1798.306885 43.171978
2547.318848 87.412621
100.244980 142.767883
4418.763184 8.644890
1943.080933 7.078090
371.466827 6.559333
55.063240 7.731351
924.929932 28.311794
636.908386 17.083740
15379.542969 5.711054
6489.954102 6.678398
1494.780396 60.085712
870.764771 38.467468
2114.281250 32.568058
377.465179 32.532349
1297.047119 11.085347
249.448242 10.675975
467.236877 14.765171
3803.387207 28.586105
1946.415283 81.893997
11754.948242 45.958679
1224.357178 24.359833
3367.349854 14.529969
1504.513428 0.556165
438.032837 7.701599
12568.158203 43.513844
2753.863281 122.818100
82.303436 238.545731
10699.086914 120.765358
2774.175049 48.652744
16.255659 12.909178
703.652710 39.001793
2150.826660 16.355885
3389.308350 4.603332
3216.888916 12.843440
3114.725586 340.400299
1079.199829 225.395325
1453.979004 134.786972
3842.544189 75.059547
7552.275391 24.468342
3231.515625 28.111748
3305.564941 34.164459
1425.628296 44.225708
1849.778320 53.238106
1051.112671 35.787991
547.124878 26.119566
510.977722 23.184021
897.327026 0.088745
665.736694 0.408000
3972.064697 1.193115
5388.151855 2.686468
9272.527344 1.872960
5776.120117 0.646464
2191.882080 0.115874
737.838074 0.000063
2040.070923 0.187005
2087.348145 3.314777
906.680969 18.402767
14391.441406 56.318359
6262.031738 56.318359
14391.441406 18.402767
906.680969 3.314777
2087.348145 0.187005
36.401714 9.993723
5713.448730 3.890011
1660.904541 19.912514
12902.123047 62.604805
34001.796875 221.317352
4216.602051 141.442123
644.257507 78.434860
179.253113 34.904964
555.126282 32.353783
486.215637 28.348059
10056.751953 31.349167
5692.236328 37.837708
6657.774902 107.013779
2508.608154 88.308411
2789.208496 65.545105
1358.419434 45.251862
2208.805908 40.604858
4753.437500 35.617878
3331.551270 22.433632
11505.680664 6.395062
4003.211670 156.726517
6141.572266 98.640053
2312.955566 60.333954
923.829102 44.304218
981.642639 37.876041
1213.058228 91.950813
8743.599609 168.490540
2945.103027 250.494781
24775.333984 2.544733
8142.068848 0.325404
612.234863 1.084134
222.238968 10.053379
3870.911621 41.220757
5377.000000 23.469337
9115.618164 31.443846
17956.517578 84.624146
538.375305 310.643341
3474.336426 196.443848
768.689087 120.110550
81.421989 72.570465
63.723831 32.162537
1451.664795 17.611666
7678.877930 15.844954
6263.465332 45.460785
23254.867188 467.305664
5916.037109 271.996124
681.470093 136.873657
290.461609 64.179932
4490.015137 41.253899
2414.065918 64.267296
3672.915771 127.662491
3094.862305 189.565582
2233.694092 263.293884
7774.004883 231.166260
105.571648 154.393738
1608.360107 76.886810
493.407623 17.551838
495.058167 8.348776
4828.774414 111.699562
1428.029053 356.819336
509.226929 366.375031
1356.299194 242.372009
415.901855 158.344574
1523.929199 82.135902
2035.048584 77.789543
3438.024658 24.720781
1497.913696 42.050804
1564.428345 193.486359
1917.267456 694.607483
4746.988281 422.751801
6804.350586 256.529449
1552.900513 154.901108
1749.450928 78.541794
3023.723389 60.932629
190.749954 32.706711
7390.987305 3.795950
2950.570801 605.330933
7635.495117 373.911652
3171.959717 202.618454
144.151489 111.894547
390.301056 5.935593
2998.988281 30.199589
16108.725586 85.078354
2418.155029 130.827209
12611.535156 265.600708
4348.569336 207.016617
1286.079102 115.605156
248.208511 36.672714
1779.302490 6.509971
3069.438965 21.524815
362.130096 104.675575
3601.109619 248.874863
2677.956787 67.324677
7538.890137 74.621346
2568.875732 64.783691
306.966980 33.737877
1329.338379 25.774792
1072.943359 7.425414
4865.614746 48.362720
6567.131836 210.459290
5800.455078 361.400940
1349.126465 171.602600
608.809387 87.356766
133.930618 53.383995
511.253601 189.266434
9825.270508 216.898056
2165.171387 199.160187
6215.294434 124.919434
15607.478516 616.873108
10395.944336 394.372772
1819.897461 233.882782
60.122063 173.669891
457.132080 32.718838
4977.461914 64.162468
2223.347412 193.247345
3648.277344 405.464417
4187.230957 34.488674
5153.244141 78.350677
7295.458984 89.467499
3287.403320 61.003704
2911.060059 120.080780
3933.004395 81.379700
2050.112793 42.009144
4841.560547 77.784035
35.869583 563.643372
1080.008667 292.857697
642.419739 166.633682
2732.363281 134.366501
446.664276 80.922379
620.299927 108.568726
423.068420 127.734261
13729.541016 119.507439
6192.114258 275.706116
7833.628418 187.068085
2180.029297 110.838509
530.838013 74.616394
921.644348 3.910303
3348.322021 3.134853
5678.664062 33.083153
2720.276855 100.044403
7688.443359 6.257823
1860.294922 13.488408
4511.042480 20.682024
688.775635 15.894949
1208.211792 28.035721
1585.396362 25.765976
9094.258789 22.239986
1762.107910 45.661842
148.961578 396.264343
2916.619873 194.117691
1342.206909 76.507408
2416.244873 33.671310
249.109787 59.552895
6054.043945 52.100426
10938.444336 62.007339
2727.131836 91.770630
323.927917 440.275940
3326.788086 288.899139
731.475830 168.644699
581.456848 93.814896
2719.371582 9.082248
28.265457 1.661438
1830.870605 3.312923
1258.807861 25.488037
2109.080078 261.381470
2531.951172 146.960098
3850.523193 68.834320
2443.258545 27.195274
146.340073 2.570248
881.413086 0.876746
2216.150879 3.927073
2674.614990 10.656384
2364.546631 9.634315
2541.788818 12.687725
1893.194092 11.653750
98.836845 7.290271
353.712891 28.802364
2725.762451 65.528374
19070.748047 137.127975
2791.996582 241.636322
3033.096191 52.058575
2358.765137 26.092764
279.945435 16.743969
491.483826 16.499985
392.406952 28.899265
7752.258789 2.692820
2217.172119 23.100044
24226.757812 115.655525
1880.495728 284.868134
3763.033691 187.650925
4918.125977 123.432411
6130.424805 73.347977
510.084778 59.532078
607.970520 21.291546
10.392370 6.317876
4394.927246 70.687332
13534.903320 534.151428
3605.774658 293.803894
1534.491577 159.471710
3988.985840 97.808937
442.902710 79.817757
2262.445312 55.650848
1241.614380 33.333229
10243.071289 19.893600
7534.252930 614.846008
6073.350586 398.304871
1415.682983 228.225327
527.343567 126.869370
1896.758667 44.326321
4856.583984 109.769859
5721.249023 229.878159
4930.697266 391.044647
7990.554199 13.560275
589.851562 10.218332
360.497040 14.320051
569.014465 20.562231
834.950256 58.147762
261.225342 7.588928
849.835632 12.910519
2628.517090 121.204193
8876.746094 476.009521
7724.690918 305.632294
866.195557 199.053528
603.695679 124.597122
1411.693726 59.400703
383.208496 46.369423
13274.242188 54.788597
10862.125000 114.623032
2662.296387 338.717468
2637.623047 196.440216
95.005417 116.303757
1461.762817 79.261620
946.310974 58.567196
2610.790527 70.577660
5478.592773 90.154488
2932.668945 129.542389
14626.015625 284.742676
718.986145 159.144241
1199.310913 84.670189
1117.575317 57.433556
3601.550781 11.902197
3217.073242 41.678078
2568.791504 123.649612
5953.381836 272.449432
10171.421875 71.296829
1867.968018 20.711098
1118.489868 7.462584
2411.836426 6.456312
1507.365967 49.102695
1184.210083 30.614265
7638.726074 34.935795
5450.150879 115.138672
11340.319336 439.472900
9285.163086 219.351379
1199.577026 107.533592
1364.293335 67.313583
1799.295898 80.523346
6139.787109 89.947525
1320.261230 79.735542
15913.106445 46.670620
1023.984802 426.403870
1239.636230 260.540100
3750.445801 138.589417
1016.438416 83.889107
962.972168 25.016371
839.717773 21.681877
5214.490234 62.296703
2359.041016 119.315308
19553.080078 197.021515
58.350021 193.827499
210.259216 143.143860
2896.285645 74.049026
3845.725342 23.150774
2160.917725 31.696590
5823.065430 91.785439
2945.349121 243.464783
724.990479 150.049149
904.686523 52.321514
1251.853394 25.645645
276.825378 24.887259
761.780029 88.222595
4075.963379 90.392899
10617.471680 105.036903
2004.898560 169.779892
10105.956055 468.669678
36.476971 249.527649
2736.000000 131.249161
101.063560 91.985970
2593.116211 27.648947
73.537590 22.542608
964.009766 15.831201
977.289673 35.694050
1941.313232 206.977295
4779.178711 89.550041
1002.802490 35.240788
1380.612061 25.160166
1162.339844 9.054317
1375.159546 17.141062
7535.023926 18.807486
1836.701782 9.397569
2338.134277 426.852356
1943.140137 240.904053
1128.056152 98.136154
145.589554 24.686169
631.669312 13.187996
1857.689453 4.679087
5317.501465 1.798809
1281.306396 3.473649
1565.462280 174.362320
1841.290771 118.272995
25.368786 67.981735
272.637939 32.656963
3438.957764 19.977875
1098.343384 57.543747
7739.354980 102.327606
1380.851196 138.774811
4023.483154 99.315712
2015.942749 53.881935
1272.463989 17.505524
2943.787598 4.461092
5735.477539 5.647099
888.277466 17.907492
3348.589844 149.815216
1300.217041 478.125183
682.342773 326.691071
2412.468994 121.705948
260.515015 50.403915
569.366089 26.803410
598.142517 207.712646
97.279198 105.916046
5700.958496 26.574556
12323.011719 71.983582
13105.714844 1405.604126
2654.204102 845.594604
1190.222778 493.831055
2272.031738 313.649445
128.306168 72.696083
5020.072266 104.062225
3622.850342 168.044449
7001.210449 250.391479
18138.607422 354.977051
10755.743164 240.318573
2464.456055 143.972839
5.432260 85.117928
854.410583 68.458519
7151.427734 81.715454
5243.295898 74.697968
6293.220703 53.632385
5117.306641 54.785175
1011.500305 25.626688
2136.795410 23.332163
907.145630 43.092911
2714.186523 28.079416
2484.506104 84.899002
1875.447754 204.057251
11800.546875 355.719788
3101.898193 41.740864
2916.956299 57.934280
454.530334 48.659409
1534.729492 27.021742
2123.790039 85.817596
3818.796875 39.167755
11393.276367 12.093248
10878.759766 79.805984
12325.384766 722.910950
7529.797852 388.905701
98.176582 204.833115
19.018120 127.626427
1530.265137 57.926521
818.103271 19.060942
21300.017578 9.365582
621.294067 21.516584
4916.875488 506.915283
4111.313965 380.971130
336.182129 246.957123
1128.560791 134.075653
1600.006714 41.833736
2828.291260 17.483498
3857.214111 4.816360
10672.990234 0.611420
7058.404785 148.294067
6245.088379 139.337433
1757.442627 112.134758
2239.867676 75.976807
7654.379883 4.049302
636.384338 11.814806
9281.850586 30.135956
3539.136230 61.885208
19299.005859 15.083294
3554.677002 3.580889
1125.004150 0.781728
5516.355957 1.450273
1712.662720 10.180535
6538.066406 14.785276
3660.535645 71.734497
6878.968262 223.321045
10264.980469 223.288116
2358.819336 89.258499
2632.816406 35.470551
4661.539062 19.150074
959.069214 108.972031
58.321808 82.840675
2145.184570 66.967590
11200.939453 120.400322
9588.485352 511.818329
13137.263672 277.893555
6356.268066 161.947327
2070.689453 125.000328
149.098206 56.069767
2395.671631 115.034119
2447.631348 221.824341
1165.489258 379.832703
9011.114258 152.323334
201.070999 70.243568
1187.052490 34.868008
89.404381 31.932302
2193.888672 14.868505
5078.483887 0.636614
190.334808 28.969437
6058.457031 153.163300
111.787827 286.660492
3353.606201 124.238068
352.007568 55.136566
720.429810 32.266209
1392.712891 77.081741
3055.582275 73.196808
3384.008057 44.629486
4464.781250 6.900285
1774.261597 662.303101
3055.652100 374.465515
5.805208 178.117935
157.984238 91.981232
125.566330 49.178749
6744.985840 111.580803
5841.247559 248.792511
13127.182617 423.648712
5102.465332 68.377930
4685.104980 94.805679
7984.461914 83.967041
2665.958008 53.787910
1382.523193 35.768158
861.366882 5.599360
6925.891113 64.612045
4304.667969 273.682068
3778.924561 388.770111
11628.056641 222.235596
6058.697754 141.633072
2517.323242 89.373619
1690.691772 109.496155
1278.535034 62.656319
7702.789551 17.307468
1864.615723 1.498885
5618.788086 536.615784
2697.325928 357.547058
706.817566 231.998672
1802.549927 157.939087
214.946350 46.488846
1192.378296 37.295303
3813.438965 34.547649
3164.208496 24.720676
380.770081 307.776581
1973.126465 228.967590
3832.576904 143.911636
1408.351318 79.501266
306.339752 8.626856
10086.496094 16.682789
3258.542969 35.322147
3746.828857 61.811325
1420.334961 12.734034
26.415293 12.726933
242.529907 11.307146
2240.924316 8.586779
1461.103271 8.839556
6221.491699 5.902286
1240.169678 20.783047
7086.958496 60.566467
5645.528809 119.867653
3184.247803 73.744408
1347.667236 42.664707
2351.111328 22.010073
2201.269043 54.381470
8892.800781 45.704952
552.984375 38.163681
1973.259033 42.041313
4555.850586 217.142471
822.442383 140.222809
165.747696 90.177589
281.708252 65.490150
2295.739258 2.864709
7262.014160 11.233348
6140.649902 37.414581
521.286804 87.566551
9085.657227 65.262260
11005.767578 29.793798
13062.017578 11.913933
2545.383057 4.200752
849.621582 25.703493
5438.285156 15.686706
2971.532471 10.235813
8486.908203 36.732635
2784.292969 192.227280
1713.440430 90.230865
548.823853 42.633289
131.736649 30.128910
942.529785 34.650871
1119.881836 41.746071
731.919434 45.845879
17644.097656 43.096401
533.605713 78.993378
3075.855713 56.666943
6244.354492 38.947418
1059.097656 31.762167
2171.927979 10.444920
1286.646973 7.272110
1824.386719 13.902987
656.410156 40.607227
8732.228516 5.342038
1257.205322 0.316136
780.072510 6.534386
787.345215 11.770960
3060.078369 14.686131
3854.208740 4.773205
6737.724609 1.578675
7375.716797 9.041979
3755.028076 185.297302
2110.029541 119.352188
929.266235 67.281822
266.091705 33.560375
1437.268799 14.307299
4987.120117 31.872322
5439.918945 83.500992
3863.872559 160.559097
4002.322998 16.343342
2516.644043 29.697861
1196.290894 30.931293
515.953491 20.630062
683.644043 22.121778
2183.812256 10.414124
219.381042 11.010639
315.990540 36.079723
4359.343750 226.706116
7275.666016 138.169785
634.230713 77.763344
1821.377808 42.423923
4169.939941 16.357922
3269.193848 28.417206
7184.478027 44.228027
3396.979248 57.875824
560.277466 12.767457
1222.900391 13.031102
6524.522461 11.174462
246.534073 10.987679
429.893433 11.111993
1470.796143 4.511306
1720.999268 17.990278
8793.538086 51.267418
11704.222656 99.756332
6677.209961 79.997055
3401.376953 56.631130
428.868988 31.445269
1374.294800 13.180690
2866.776855 15.024544
282.273834 34.884338
4488.464844 80.911659
2594.119385 48.765209
6171.246094 28.767515
2173.601318 21.746223
1309.166260 17.595163
797.855103 16.744410
5080.472656 7.787062
1159.680908 5.109665
7490.097656 22.477491
6547.884766 87.347527
4080.266357 48.118214
2802.805176 30.394989
298.993469 23.518404
1208.649658 6.553386
3123.531006 5.471377
17809.607422 2.845940
1950.630005 1.641746
4668.760742 172.078079
5320.288086 95.939880
804.517456 41.391266
23.361235 14.171784
2665.253906 1.939880
1204.711670 16.660738
5276.402832 43.560497
3367.333740 79.871933
363.449738 122.599419
3927.349121 66.010178
2692.445068 24.617649
5428.862793 3.395412
880.071289 43.805725
1039.140991 25.679796
11190.011719 25.179668
16669.222656 33.997410
4700.992676 138.212189
8547.152344 139.254715
546.682617 115.058647
870.372925 77.691681
1018.979065 35.093216
497.836182 32.102367
2699.169922 32.702862
8653.922852 56.062820
14745.145508 193.440826
9385.631836 99.926323
1918.181519 51.838234
908.483643 37.237972
137.180862 9.949773
1223.000488 5.791910
2627.903320 11.771824
2929.583252 51.159210
7088.683594 180.030273
5133.933594 79.913254
2339.663086 30.298729
1444.266235 14.559996
5454.580078 24.198586
572.904663 30.947420
1926.148560 38.604435
4960.898438 52.182907
4359.295898 101.856148
5565.684570 53.756229
1511.998535 27.284548
954.754517 20.292250
1332.624268 3.005382
5437.929688 23.973915
23246.250000 101.930679
6967.790039 266.598511
329.325317 122.539047
2717.296875 34.190449
68.934158 6.525230
514.486206 2.164042
4109.881348 57.068832
7783.229980 57.109604
3028.895752 72.475502
1658.298828 125.527908
6755.545410 394.181152
5069.229492 221.578659
993.880493 116.515411
2311.814209 70.285507
5671.547363 13.908202
8783.844727 20.972748
4851.892090 28.956476
18797.189453 42.038219
7912.009766 39.344990
6848.463867 14.866719
6917.725586 5.520390
6073.926758 7.334598
206.152817 2.236498
2242.764648 15.461737
10084.652344 43.365456
7672.029785 79.884514
14747.569336 6.183493
4924.135742 8.334814
2583.169434 6.093028
102.222710 1.614469
3089.214844 11.706795
6376.375977 14.913330
3157.516602 35.638599
18346.003906 82.947861
6455.016113 14.150146
4321.388672 5.378289
5393.487305 9.045787
5841.629395 12.373839
856.462708 30.554745
480.557739 72.959915
544.493713 153.591400
3283.759521 273.935699
13850.577148 52.260849
3945.149902 17.480766
3045.142334 8.512628
1095.074707 12.959795
875.458008 16.576088
5983.060547 18.491238
12159.661133 102.427475
6354.659180 313.949585
2844.553955 194.553345
2434.043213 90.151009
1196.236328 55.773849
75.170937 38.312168
54.863914 118.544434
754.073303 119.597710
1625.225464 124.264069
8555.010742 167.426224
13598.003906 490.140137
1982.786987 275.320190
2237.716064 157.869476
232.349884 120.075432
1354.898682 6.160831
3468.673096 6.524608
1216.145752 13.751402
5396.571289 44.253319
2215.646484 166.018478
524.676086 74.483070
5925.419434 25.371761
3068.593750 8.648972
576.042236 31.699152
3414.584229 49.757698
881.342651 54.629837
3088.817383 34.466034
5494.346191 368.234192
246.458557 214.503098
79.018112 93.637405
141.088150 35.145565
482.547852 12.660152
3705.234619 14.330941
10096.729492 49.837009
971.020142 105.519135
1611.637939 69.959526
4214.192871 83.795029
957.557129 69.803856
25.639610 38.369801
934.566223 36.586555
2137.146484 40.219982
4543.846680 46.656307
755.103577 63.363304
124.887627 55.734161
7332.984375 33.494789
3951.709961 28.002510
342.889038 31.645788
5.744548 7.434234
3603.747803 4.872275
926.500000 9.170973
12942.015625 39.595688
2631.239502 104.722717
4752.883301 38.916683
1413.106934 11.724207
261.049347 7.365286
1086.923340 35.667053
1463.655518 20.944357
7792.122559 23.083145
16542.195312 59.456352
4724.829590 514.457886
2297.791504 304.619202
315.935120 155.774963
583.111755 72.886665
699.573486 97.882591
1547.769775 112.049843
7974.581055 143.803619
4365.795898 184.921051
8373.997070 187.760025
802.240845 156.686081
1279.572998 126.014946
43.221329 103.804596
2028.059326 27.931267
245.018158 12.245709
1565.213745 6.835495
2965.337646 22.499115
1560.505005 264.262421
4324.725098 167.145737
328.275055 96.529121
1485.495850 53.188530
2676.324219 52.817951
3916.406006 64.477982
6390.845703 70.349518
8780.892578 67.379272
3768.189941 17.163992
2639.768555 21.898705
1010.010376 29.096962
538.615051 39.822281
824.263489 47.984638
3508.661133 46.712605
8090.152832 38.020454
13062.414062 25.249039
530.265442 52.630661
1683.652466 42.544716
4913.342773 40.178158
670.195190 43.873711
36.175350 6.348296
3630.462891 5.586992
3798.833252 5.780645
7756.900391 10.830503
18287.064453 91.496056
11788.305664 49.806511
2935.279297 22.546858
453.345062 9.936391
2388.441650 10.759441
984.528259 7.260102
2561.466553 10.640567
2152.664551 25.923435
7571.038574 9.283181
5408.791016 9.602284
637.103271 13.249672
1969.578613 14.132814
1270.286499 8.734087
373.487457 3.734096
769.717957 1.859086
4903.600098 0.821094
465.750183 66.349586
3370.909668 51.965359
2712.247803 34.428894
869.815125 18.983370
4474.644531 1.384009
1231.787720 6.660917
3370.770020 18.535530
3497.548828 35.606819
2487.430664 13.918514
978.928040 8.847347
798.388550 4.635791
103.444481 1.518249
404.508972 18.116201
489.274353 9.656795
9002.181641 3.915317
552.644104 10.785825
490.594788 66.683952
7556.090332 40.544895
1350.529053 28.629951
1381.271484 23.733086
2429.367676 17.877472
862.136597 28.903875
1586.501587 44.935516
19435.486328 62.909515
397.332275 1.062809
8156.850098 4.383160
362.608673 7.882475
1779.300537 11.650213
3511.757080 30.978024
5336.709473 9.857401
11129.714844 14.143166
16431.236328 62.722839
3903.703369 41.361778
3090.283447 43.754982
5562.063477 54.047913
2054.210693 51.133583
1259.771484 64.144806
136.434921 91.726524
454.396545 128.194962
17956.728516 154.592560
10009.591797 94.202774
3064.133789 86.891998
346.201202 69.188080
395.776123 57.191841
4877.170898 23.483578
723.579529 3.777495
13052.421875 9.054399
2319.863037 54.582771
7720.990234 43.745697
3780.113770 45.800987
7421.993164 51.821407
3122.928223 44.818592
6776.711914 9.371439
135.494583 5.235166
8224.247070 10.246353
1869.769897 39.184616
1503.242554 195.216675
659.691284 100.984375
390.204498 44.620972
1023.411621 19.164738
512.495850 42.820198
5796.907227 68.311447
2369.461426 97.837532
22157.517578 117.350060
5739.217773 159.776138
109.243706 106.567581
75.054726 60.215614
4919.353516 37.330196
2408.867676 11.304256
2591.145996 6.351610
9.631392 18.580193
1423.483154 60.842960
13600.944336 68.747391
12759.663086 38.578705
325.760223 26.514561
1974.411865 19.676897
658.047729 16.878616
3313.839600 33.482426
8158.816406 54.150269
7831.873535 75.283005
1405.262939 8.954252
6841.564453 2.871565
154.642136 1.751606
1387.004883 6.217517
3546.233398 4.604124
2848.407471 12.233571
9476.069336 26.169270
5527.533691 43.890354
7648.675781 1.126980
5714.333008 2.116393
5466.922363 2.401135
780.853760 2.337144
732.321106 18.291618
1567.011475 21.833797
4734.552246 14.437588
1887.653687 3.291532
8183.268555 44.836796
2460.140869 12.192633
843.908325 1.173924
393.131500 7.395652
1429.948730 5.819700
2613.779297 26.779633
3730.435059 70.893860
2118.843750 121.932854
9604.099609 47.471672
2185.299072 45.844513
933.060181 29.514227
826.447998 10.480480
566.226562 26.937654
1622.240234 16.331142
700.291138 7.494734
1212.104126 26.466524
1923.120728 94.493622
3163.919434 36.555683
4132.272461 21.118059
1893.324829 25.838076
2289.046875 25.815170
306.380920 50.795326
5844.892090 79.039566
7203.348633 108.061531
7275.336426 136.205643
1903.782715 67.835487
272.187500 25.377453
182.906952 13.481843
6159.901367 19.143698
725.385376 34.393246
2508.186279 73.703484
10994.618164 155.579391
13760.708984 83.409554
794.073730 24.076984
1474.066895 7.143722
7674.850586 10.698061
293.543945 29.031603
1053.342407 61.190804
596.736206 161.973236
19873.484375 370.584473
11957.708984 202.766251
4592.952637 70.854553
944.661255 26.465906
1339.996826 21.809071
722.779907 100.414658
197.221603 79.627037
3006.645264 73.127892
493.780823 144.771027
17295.117188 560.975342
6912.865723 291.153992
303.359222 156.362808
243.383896 114.258263
357.205933 47.799309
195.528992 77.143509
14474.944336 134.924515
7382.495605 239.715271
910.231689 320.008636
514.952759 158.071823
251.842346 69.636917
234.466339 40.797421
434.546844 16.187641
226.785904 7.391038
2645.821777 25.254925
2883.649170 123.834915
2969.945801 434.198517
1619.842163 192.536667
280.102173 70.156525
728.333313 28.914227
142.394196 40.063625
5267.634277 44.626522
7003.074219 38.434189
5334.925293 15.071193
2707.831787 523.096924
3299.879883 312.885223
1581.464600 148.111237
1608.467529 61.218681
3467.960205 22.827248
799.090881 11.934480
7342.670898 13.001034
6083.468262 16.065262
2404.783203 173.865524
1908.079468 142.159485
1408.619629 95.873657
662.334534 51.853935
989.133484 16.098886
2006.761841 11.169663
9204.443359 17.235214
1818.123169 53.703957
8259.156250 33.023994
1891.142578 6.647828
2100.237549 7.646690
469.890289 15.536688
2726.049805 17.973339
4835.596191 11.344268
1255.537231 10.466728
9751.821289 8.802246
9894.742188 146.774826
3995.112061 111.375549
201.311615 70.556938
381.253296 37.205349
923.949097 0.496313
3577.761719 3.158517
7491.927246 17.661211
6427.645996 47.225945
1921.949097 3.891957
816.408630 1.238250
1042.612915 2.573571
1679.574829 2.265171
710.748596 7.529922
658.098083 26.505291
10044.580078 80.989792
12128.011719 181.826630
5097.948242 117.799561
5583.063965 53.051147
3945.494385 21.308041
874.719116 8.264911
170.850677 66.318604
3833.892334 51.676399
3212.055664 33.921425
10580.398438 19.915377
19442.302734 223.836868
10961.552734 158.427567
4946.925781 110.132172
1397.630981 82.144531
2819.565918 5.564948
1863.010498 18.822445
1379.253906 43.169773
3634.211670 72.467880
6675.136230 28.760653
3862.465820 20.632828
793.314941 11.187383
372.118927 4.294682
882.637817 18.251686
3500.845947 19.499338
486.094299 32.116383
9268.049805 57.210835
14717.931641 5.909340
4594.024902 14.610489
2726.200684 21.091257
1109.677734 21.336172
24.139957 27.482288
3604.654541 14.391288
5826.221191 35.140270
1314.355225 110.203400
2126.410400 270.918823
580.742676 166.097214
200.925812 99.188057
97.472771 56.744736
1041.168701 29.618137
577.806641 35.413162
72.905670 81.805565
9924.112305 180.485352
3426.826660 216.176010
2216.057373 133.735458
3556.141357 81.195129
4533.311035 47.800964
3965.806641 50.277901
1715.607056 10.761485
5684.670898 4.266777
10964.860352 73.164772
6104.197266 317.136719
3792.973389 195.160034
245.139740 130.162506
2030.119141 90.657150
788.082886 63.023495
5840.194824 46.247734
4832.742188 37.534035
10382.572266 60.214836
19098.427734 519.438904
12703.495117 307.171783
2527.343262 165.212616
323.849945 93.167503
2905.582520 15.818124
945.769653 25.971619
1178.253784 62.224197
2678.066162 144.035034
7119.342773 229.276886
11308.625000 110.267998
7890.240234 45.686928
1139.551025 20.387243
645.560974 27.587217
2477.975342 16.330263
1353.784546 2.783041
7334.107910 7.688556
5760.815918 328.828430
3681.034180 176.270844
3448.910156 81.744316
1243.310913 40.959152
10694.224609 31.903965
2059.116455 50.399570
2925.827393 82.373047
1810.430908 112.889755
5332.039062 59.754780
5327.550781 59.227497
523.814697 46.133942
1739.625854 32.534508
1213.127808 20.796984
1240.775269 5.288889
1532.058594 7.845003
2348.744629 53.554970
4831.083984 97.464958
1568.468506 51.378757
1314.502197 37.603489
273.558685 32.757500
1384.644531 68.560600
4267.433594 128.413208
2953.246094 204.475586
1847.033936 277.619690
6903.825195 12.898085
14171.500000 13.236956
1796.454956 17.600739
2069.780762 32.873276
399.837158 34.410378
729.154541 13.370569
627.011230 36.465775
1256.434448 125.240616
4576.076660 202.315125
9134.769531 142.705460
1478.802124 105.273537
2021.041748 70.657303
513.437073 44.202831
2893.513672 31.547953
938.510315 25.158802
1489.512817 31.251572
669.561279 372.109131
2963.139160 237.028702
1825.675415 133.688309
1292.586426 72.576996
235.810593 32.148228
5965.711426 20.804001
4106.312988 34.167419
5144.470215 57.035595
1980.333252 248.496552
1389.307617 204.332336
3471.005859 138.520157
1703.461792 74.247780
608.674438 41.936844
5269.237793 65.264183
11358.380859 122.675575
26511.605469 217.059967
3015.341064 96.062683
4243.574219 62.741398
2833.551758 47.024868
2414.624023 39.676380
2648.081299 29.979277
1803.552246 10.240932
6933.430664 2.191100
26826.789062 16.835260
7881.013672 229.377487
5314.030273 153.001236
3155.186035 95.986870
1357.893921 57.234390
3012.629150 25.320456
7657.878906 48.910969
288.604492 57.871803
13120.448242 44.323059
44584.816406 135.549896
7247.413086 67.091011
670.005615 20.234747
30.976799 8.630323
371.735352 7.639511
5563.387207 41.198692
8824.901367 110.485100
2053.727051 190.291229
12459.265625 55.222946
7134.156250 58.925720
1884.657471 38.938507
124.285538 12.963451
329.762939 31.750620
6490.529297 3.529558
2260.836426 14.013023
3355.760986 99.789200
2112.812988 164.151215
6778.022949 100.858063
4905.759766 78.066399
539.825806 61.061844
270.932922 35.973213
239.611877 20.410614
142.404388 14.694127
2643.986572 35.877262
6917.660645 386.394104
5986.616699 229.645432
1283.037598 121.997971
1410.778076 63.656845
1381.635742 31.158325
3996.755127 41.696987
3317.481934 35.179462
10167.084961 16.477331
4205.426758 461.776611
1275.929077 246.785873
2188.865723 98.246246
242.280243 34.892246
897.592834 48.827377
1215.812378 87.039482
3752.382324 160.162720
5564.875000 232.908569
11708.771484 135.392197
830.346313 132.639023
1054.660278 96.850883
671.730164 57.632290
157.224243 21.028730
1271.249634 14.985542
2628.314941 162.770294
38659.789062 524.866638
1273.429443 413.175018
9873.885742 241.310303
7717.777344 156.053314
3990.204834 87.400826
1522.828247 215.879700
5249.236328 106.492851
208.388031 25.777979
2505.006592 12.527926
26110.851562 1112.058105
2961.486084 793.800415
4276.227539 535.740784
591.277405 350.661591
221.927505 21.863117
1510.276367 9.028413
824.692261 6.716627
3523.214844 21.320007
3399.403076 292.482819
2605.129883 184.546997
4634.597656 101.232277
146.775070 49.182117
3104.186279 12.326203
90.590248 5.300560
2102.767090 3.761068
5868.518066 7.606830
3653.776367 265.612183
7615.200684 166.426331
3831.427002 85.320274
576.854309 34.976902
255.603500 1.080515
130.897812 0.723677
17109.478516 5.593418
2167.401123 21.159637
1630.884277 67.028542
921.780701 33.184086
3668.938477 13.382841
1498.912231 4.428070
144.411362 22.471701
692.908569 31.542015
763.658020 43.726280
2868.326416 55.037395
4494.184082 16.902237
7523.204590 17.785849
126.797485 17.476519
699.125122 18.153484
1111.487549 2.663552
1403.833496 4.077934
2630.521484 6.633871
13723.389648 7.606498
2740.020264 46.561653
630.090088 30.954622
466.398743 15.877380
439.276917 5.961057
690.266052 5.171721
6059.222656 29.178963
2399.882080 79.840576
17309.820312 154.184021
19238.228516 28.558743
843.587402 12.851716
159.201675 4.624488
91.052170 0.389349
11329.708984 47.318077
4921.302734 11.062716
2011.892700 6.348058
6883.366211 57.741299
6988.279785 376.020721
2506.232666 250.861725
1640.421387 161.497681
3740.702637 97.683929
3365.252930 45.643135
6339.816406 16.923260
2806.525146 16.246983
10093.384766 66.675354
24649.058594 271.097076
9346.214844 183.176666
4195.144043 125.204147
204.172379 83.047165
1681.587158 49.289566
2210.135010 62.696449
3126.721924 95.195488
82.450821 149.376984
4283.984863 173.378479
3133.805664 112.180054
3079.196289 72.325348
4772.184570 52.343956
3389.223389 8.161675
1204.566895 2.937617
2584.483398 0.653350
2497.423584 5.167275
1741.449219 49.831005
12136.148438 32.863354
4037.054688 21.568150
1168.044434 14.154338
1184.207764 7.159244
1081.318237 14.443060
2948.890869 35.816437
1232.102661 74.595581
576.379761 120.026848
565.238342 66.174103
2863.713867 30.555840
800.736694 12.024529
642.972412 41.812180
4116.976562 21.090340
3372.505615 9.468964
5136.025391 12.459944
333.127014 237.580429
11074.303711 170.960602
2318.110352 113.982697
88.078247 71.578568
1269.005615 15.068435
462.799194 34.368385
1609.510742 80.078377
6237.224121 154.629440
5279.650391 51.411098
8331.889648 26.430382
7322.156250 15.836115
3521.941162 11.851202
2237.179688 11.930672
1080.210449 74.420929
7416.126953 245.456650
131.232239 526.777283
4036.022461 201.701294
217.379364 112.123856
176.668701 58.079445
407.542725 20.017654
2029.087646 94.446732
6653.870117 39.114483
9224.111328 81.971291
7574.238281 299.651978
484.865784 671.164368
565.991943 414.455444
813.978394 270.238861
1790.999878 177.310577
229.942093 104.895172
134.183380 47.929089
3912.660645 6.941478
5696.825195 30.960384
16970.173828 574.861267
2973.154541 363.142883
1832.141357 232.291397
1179.192261 159.440033
1841.621094 36.868145
9534.875000 14.217060
3357.634277 2.182960
6102.624023 6.034027
17722.753906 880.426453
2960.507324 536.221802
907.941101 265.069824
365.535339 104.815109
1382.246826 24.236721
2599.307129 15.856948
4063.182129 17.380898
15201.048828 38.115788
1721.640991 430.741241
1512.431396 254.298676
1762.313599 125.099518
679.901489 53.273960
37.650097 17.023823
1332.123413 26.452457
866.721252 42.269108
591.668030 60.338783
8463.963867 124.231392
1612.264404 77.918304
4406.274414 40.803192
378.100128 20.263563
2059.274170 2.820607
828.862427 4.211291
10154.902344 19.512577
1066.444458 55.941036
25.425173 48.732319
1590.851074 23.888321
1785.587769 12.498153
1462.244995 6.749782
4000.464111 24.307873
4806.224121 15.607426
3818.031250 4.784049
5494.036133 0.749096
200.216263 71.559784
1402.558838 45.060284
2274.653320 32.416836
508.524719 28.290676
1019.381348 6.069598
1996.481812 7.780188
3542.946289 13.168341
771.698730 23.884714
17924.082031 65.125443
7730.935547 37.208412
1193.639771 18.257654
1056.240234 8.687293
1069.891724 12.072770
4416.610352 6.128785
414.843597 0.820752
14639.058594 7.460748
3610.329346 146.687225
6319.446289 77.207947
1707.271118 35.872616
181.920731 18.470177
2042.704590 27.194061
512.304688 34.114422
2372.697266 45.485199
7698.440430 60.506401
5155.431152 4.389550
958.306519 10.763432
2612.020752 17.486500
130.894287 22.604160
3090.280762 44.481758
37.326775 52.300484
15.550671 74.287537
6568.034668 102.401199
7695.838867 61.653141
2539.370850 66.563103
2319.171875 60.855034
1146.617554 50.092312
8.819812 39.473549
1778.827148 20.571419
4249.407227 5.536981
27071.781250 0.160799
9814.963867 178.583801
492.662994 131.235504
101.254074 91.488449
1386.219849 61.892044
731.602478 1.201511
409.895050 21.011478
4306.346680 70.695389
12492.914062 145.176590
19882.390625 35.905540
10680.624023 24.808722
572.633484 14.258451
629.249756 3.373603
6951.244141 9.612830
1516.959351 12.513118
1039.475220 69.738907
159.332764 172.951614
6436.615723 321.991425
2242.023926 227.140335
860.114014 133.565231
3006.206299 55.138550
3491.609375 14.633217
5009.797852 1.042769
22921.218750 47.923233
2263.645752 177.921310
3826.211670 216.198059
1236.844238 141.633942
3000.266113 94.987404
4061.778320 53.576065
3547.609619 44.155121
12410.815430 0.686455
2319.961182 46.372391
5586.173828 248.858337
5986.350098 828.216980
12070.645508 478.150940
2043.422119 258.825684
3175.851318 129.030701
163.192047 149.052948
1608.401123 79.676559
7623.726562 35.184689
2245.395996 19.057714
1753.370605 1154.534912
21156.060547 800.042114
15108.594727 489.606384
5938.045898 273.781860
230.511978 56.987366
357.988281 22.630365
10205.796875 10.337768
1377.135254 9.140555
7856.204590 288.021729
12633.719727 253.546600
5893.653809 188.607010
2781.688965 115.930038
14.581850 20.019735
3373.796631 33.564129
8145.480957 46.348419
8992.867188 57.183060
2495.571777 10.105286
3251.147461 1.610841
945.696777 1.202898
237.965576 8.186857
2788.200928 17.077162
2633.007080 26.592171
5826.219727 93.856613
398.274689 224.550766
5933.371582 62.261929
1795.079346 56.269077
3747.011475 52.614246
2067.466553 35.933178
10.409817 102.151939
562.511902 60.140915
1949.549927 19.195745
2008.405273 15.197970
2070.817383 618.388550
1582.904297 383.102417
1241.635864 227.887573
259.962036 146.725967
1225.546265 34.633141
2096.589600 71.351784
5086.852539 128.905563
1293.963623 196.689697
175.212509 61.337887
6840.089844 39.520420
3831.520508 24.596025
428.467194 20.679447
6348.716309 27.988861
3811.992920 15.605867
2215.808838 3.086038
636.205261 10.205901
1456.120117 124.148033
138.058838 64.411171
457.464020 38.544701
401.802429 32.616051
1235.722534 9.736090
4430.139160 8.715673
1839.433105 23.366909
6176.633301 48.787025
9565.167969 244.097305
4629.666016 160.060043
4047.545654 85.280304
1249.605835 33.814941
1482.719116 52.645088
5731.974609 37.342113
3932.965088 44.130150
10948.299805 75.223007
1174.885498 42.939671
8336.845703 72.184181
4954.620117 84.430412
859.307129 74.566727
2152.518066 61.714397
5324.229004 89.886688
7178.642578 110.728905
3968.062500 118.348686
8663.708984 170.111649
154.783173 98.627045
662.091614 53.170006
336.534302 43.380177
590.358093 2.434408
4544.823242 26.510386
12662.153320 115.691162
1233.247559 287.585266
2964.534180 134.226746
3973.438965 60.842209
653.642700 28.299524
172.323990 10.367547
1721.389893 112.356529
1468.536865 95.716774
3987.798096 66.326225
8239.724609 51.855194
7582.919922 263.666473
6667.392090 165.028946
1866.320435 120.314789
1074.545532 113.135330
1818.725098 12.985884
499.818085 47.285984
952.620972 103.824554
29.270697 169.074631
1839.540527 34.844025
3844.171875 23.035681
7250.432129 10.184074
4670.639648 3.165255
1950.864990 10.815166
4787.401855 14.595474
3737.389648 54.058727
6372.536133 154.463501
865.222351 47.344673
1952.205566 8.045362
230.167252 6.759888
177.192368 12.417480
3025.745117 42.327385
11077.333008 45.051712
6607.602051 76.155342
3454.705811 182.843155
6043.044434 406.398804
1737.343506 187.717331
921.424500 79.726555
344.849548 46.926830
2785.174072 39.025932
558.407654 17.928148
776.032776 7.269609
2366.251709 48.715405
14497.693359 452.324188
26848.917969 235.910858
6159.953613 112.646194
1890.795166 61.253513
4666.772461 35.459129
966.006287 24.672588
14189.712891 16.699608
3705.742920 7.731317
6013.351562 430.842316
263.180664 278.306519
730.220154 149.821045
992.355652 69.969490
548.598877 0.129295
101.112198 1.336633
255.775238 2.118943
4816.347656 2.326785
6625.208496 83.099243
13771.081055 45.854637
2983.708984 17.907864
182.363754 3.543911
1471.114258 1.630899
514.181274 2.398519
3561.605469 13.273643
3727.741699 36.619629
1986.873169 2.712691
11021.365234 3.421758
45.683651 5.477631
3068.832031 4.548320
1742.478760 14.549129
225.610199 7.284948
1471.997803 12.916121
7949.500000 50.757309
358.640808 115.568436
176.375046 56.402580
1223.564453 30.482168
852.873779 21.581356
79.291428 33.203873
2396.006348 61.301460
12.598734 121.153275
6326.614258 219.037979
3560.152832 126.083374
3718.472412 64.328850
566.671936 34.572529
134.747360 25.953983
3622.113281 12.926285
785.760864 0.121089
4775.419434 14.357882
1648.617920 69.019211
10093.631836 228.801971
851.222595 142.913040
1069.622437 82.489151
3892.482422 41.179291
870.743103 49.507317
269.863861 39.933445
4528.877930 24.417948
20579.246094 6.831140
9722.782227 227.036362
3261.186523 150.721527
573.628296 93.449692
362.706238 62.431778
926.840210 11.497976
1440.739624 14.372612
215.170624 25.967405
54.821964 36.869450
14500.402344 69.805344
3044.196777 61.157513
332.510254 41.602978
2550.581055 21.766413
423.119904 1.197963
1097.558594 0.092248
1865.067383 2.153808
4303.030762 11.571741
2098.793457 6.535456
5519.040527 0.602885
256.487915 0.446269
1610.998413 1.586497
224.848038 0.832723
1110.498047 7.574782
3107.116211 36.439678
848.813965 100.712288
4687.077637 134.421799
2926.677246 61.058537
1643.636475 22.000109
75.816895 5.513484
398.258728 8.069854
755.287903 2.833251
1.157368 14.378986
2231.725098 39.365013
592.366211 286.864441
1511.345337 186.172516
5543.449707 98.175293
154.285095 37.853813
651.271118 279.801147
4168.004395 409.942688
5517.869629 531.246094
5756.260254 618.817322
2599.228271 59.869720
600.409729 52.527424
1548.824951 87.584702
1864.759644 166.131226
189.728165 146.294403
1626.364746 314.663696
3595.114990 572.078125
81.187393 891.832214
2783.472168 441.415558
7010.163086 228.523529
4332.250977 104.689423
178.378387 76.282616
204.839188 45.840069
1057.739624 121.608482
3946.062256 233.214920
2880.979492 361.990204
29972.554688 138.342743
2127.795166 68.049751
9595.326172 23.744251
58.568829 13.849411
15.325835 270.412659
3688.551270 500.771179
127.271286 772.620483
4793.046875 1047.186646
16898.148438 94.263084
7554.853516 12.717139
557.819275 17.539782
3572.476318 105.384155
232.039490 28.528019
530.819031 102.370834
1487.189331 262.625366
2080.062256 504.801453
11562.776367 508.889404
5825.520508 278.707520
3376.885254 119.568710
375.280029 35.793278
1289.075806 48.543709
308.298065 34.745010
350.424042 21.186737
2120.480469 9.243883
2410.220215 118.568787
10440.022461 100.686913
8549.067383 81.124542
2516.117188 63.549000
1349.222412 62.235542
3894.636230 74.971893
2122.293213 84.358742
3669.301758 87.801262
2189.018066 21.129589
4911.598633 27.751385
1836.367554 37.104164
102.794609 48.929825
131.085541 167.750031
444.149139 259.137604
4188.479492 359.508148
14731.781250 452.728577
2134.107910 104.729225
2134.121094 66.373688
1899.620239 64.235397
169.385391 99.492752
600.991333 8.327345
2057.914062 56.640038
1589.957275 153.665024
3872.671875 294.687927
3267.322266 169.436859
3042.029785 83.626160
5957.536621 28.325596
2638.505615 1.897398
793.994690 7.479382
672.832642 19.441257
3549.870605 48.897755
2211.180176 96.119751
22135.466797 100.989273
12507.697266 57.300648
682.602600 27.241997
1674.879517 10.634089
948.515991 179.659119
326.020142 235.202072
991.764771 283.937012
3831.007324 312.725800
6555.319336 24.543343
2294.382080 50.194221
2872.020508 84.423866
460.583679 127.739799
3066.531738 43.557709
431.327850 114.889923
1762.571411 223.812881
5553.887695 354.343658
10782.529297 181.225922
7545.441406 92.790131
3323.379150 35.392483
364.659760 17.171618
1061.508911 173.664261
1294.813599 233.617462
120.167542 294.159546
3042.552002 342.930054
2420.950684 54.720856
1807.952759 62.999611
6397.346680 85.897545
101.205177 123.072044
426.453369 347.669708
1313.190796 593.348572
3188.117188 869.432617
2675.981934 1130.322754
2784.689697 102.304344
4359.592773 39.126842
4870.027344 59.628891
685.812317 164.257065
243.689362 25.381813
263.187469 118.986938
4346.842773 315.875122
7889.914062 608.603516
4665.318848 563.228699
7697.644531 301.481049
2894.351074 121.679977
4770.852051 28.667080
1901.020264 90.797165
272.285431 104.034225
2282.368164 136.500015
3921.060059 186.790070
4744.151367 202.260498
1150.720459 153.048813
2902.898193 116.847672
3091.020020 95.630371
736.943359 10.284258
1980.051025 44.152039
152.417206 103.164230
4678.092773 185.850418
10644.217773 126.007607
18474.037109 56.707527
11964.617188 15.297170
4969.266113 0.567311
322.592346 86.975471
1319.894043 158.087662
5664.725586 238.363251
2384.318848 310.758575
5570.863770 46.180115
8284.952148 21.015524
12782.544922 16.415358
360.459412 37.902321
762.234375 8.470276
1125.533447 24.491226
831.502258 62.985626
1479.488770 124.939827
9751.854492 161.992538
4867.623047 89.702194
1005.129883 39.941509
4316.454590 13.439381
1772.386108 0.037023
310.687195 0.117524
81.421707 0.165986
3160.632812 0.131990
95.365494 2.480806
3099.555176 1.397704
748.002014 0.552115
441.062988 0.115815
162.420624 20.778252
1603.262817 41.802540
2657.453613 70.350090
8902.623047 103.712936
1140.272461 11.078259
2903.736328 1.671793
2461.966064 0.952319
861.378235 7.391210
2098.070312 111.011421
1197.133301 131.331711
931.358398 149.421997
10013.739258 155.273712
9421.528320 116.969910
42.868713 107.463211
6598.597168 98.444420
1159.045654 98.540985
206.775452 74.967743
689.755737 108.603493
4512.543945 144.516373
11754.414062 174.504059
280.809845 76.804192
2344.591064 54.802986
46.097900 45.136662
970.539429 52.011795
414.637207 49.561512
1165.008301 22.550798
2530.568115 4.871008
13124.190430 4.824673
680.835327 189.071426
2046.930786 149.206879
575.511597 112.927231
3229.342285 80.144745
1476.925537 141.155563
502.530029 211.450317
667.514587 289.483246
1470.261230 365.359253
15494.374023 4.419790
23257.705078 9.708836
922.398376 37.917603
1050.873291 82.766792
249.809998 27.557186
1010.106384 53.956238
1938.737061 118.527382
707.995728 213.981476
3167.893066 224.476151
4045.891357 144.264221
5686.750977 79.764999
2008.125122 38.256645
752.840393 8.727942
1057.196899 9.457197
4457.928711 12.520384
2645.558105 18.035587
39678.546875 31.962090
5535.959961 22.251026
2292.857178 14.897508
412.432098 10.436589
1828.414429 66.337151
356.328522 87.642456
43.592888 110.166672
2381.737061 129.348404
1210.152832 31.530701
12849.880859 32.070324
5258.558594 37.929962
1951.423584 49.349815
335.906952 77.777275
197.066757 125.981949
19.879566 178.477905
2150.753662 224.202728
5146.243164 48.750572
9021.014648 30.438150
3163.284668 27.423666
978.999023 43.236374
842.889343 64.713188
786.054199 150.837585
494.755859 268.297607
7432.569824 401.372131
8933.051758 83.502472
3692.447021 27.137684
2312.180664 4.180990
1169.295044 15.966322
233.754990 14.376483
1272.825317 0.008831
4973.306641 15.120280
2162.476562 63.979977
3140.430176 255.986847
4851.291016 176.229050
1627.906006 106.805855
722.799072 51.716606
196.222626 199.804382
102.819016 301.094208
851.646057 404.511902
2353.645752 489.240784
10181.847656 0.098224
6680.729980 14.079212
4319.066895 52.612942
7183.032227 114.905464
2754.687988 33.238251
2153.191650 93.161728
3598.619141 190.368927
1786.730591 313.232208
2313.820312 240.280975
11947.445312 126.758095
3899.851807 49.755341
4287.509277 17.824335
639.507263 25.650007
2282.129150 52.413361
7995.310547 97.314537
11212.658203 157.427017
3831.371094 56.379517
1458.684570 29.730318
4032.185791 16.501026
2322.707764 14.796402
425.622406 28.793278
1565.541870 34.724548
604.106873 45.583580
8014.614746 60.311943
5770.769531 58.023510
3754.399414 43.550396
2375.830322 33.318382
3192.522461 28.290445
61.264389 124.742027
234.213257 217.677536
1459.886108 327.339539
1922.330688 433.470276
28955.839844 12.263058
10683.174805 4.540307
1790.027466 19.522465
1319.083008 58.491100
3695.600098 5.920236
179.168793 40.854073
386.907776 108.544807
8573.464844 204.491455
6827.785156 154.501480
9228.576172 78.866112
11311.832031 27.518602
7321.217773 2.471807
4.178026 21.184130
1324.056885 38.730907
944.114441 62.849152
1044.905273 90.479904
12050.765625 31.858156
14350.406250 17.286177
424.709442 10.400908
634.268860 11.637750
1586.912109 27.606232
1459.170044 57.400928
179.104797 97.235016
6120.081055 141.950623
2558.013184 16.926525
3630.280762 3.984570
1126.233521 1.608183
418.491455 9.252585
451.285736 31.485819
891.298157 48.268501
269.655609 74.004089
3708.725586 106.485466
13350.468750 54.659657
12100.873047 35.476475
5006.236328 25.290953
1662.857300 23.942780
413.657532 1.616410
1491.966553 5.447143
1340.114746 17.994596
1265.251709 40.263508
2842.134766 52.965515
3451.275391 30.009338
2803.141113 14.112599
30.659554 4.780458
247.899292 51.283287
533.345642 56.499279
431.807922 56.959846
4395.603027 52.089371
6776.387695 15.338966
3402.087891 23.669235
8125.561523 33.163296
1904.093506 42.881268
60.262337 46.402191
969.976196 79.714752
224.639191 117.702515
7923.250000 153.584137
4587.078613 11.087068
888.337708 4.655260
1238.640381 8.145408
204.560379 22.024162
2340.979980 40.742111
817.439453 72.617661
651.410522 121.333801
1256.444824 182.199371
18069.367188 85.436882
2572.139893 49.396938
1691.000977 29.713322
114.247498 26.657164
1147.321777 60.137020
1380.075928 149.257660
1190.096802 273.589233
9794.481445 419.456909
11665.484375 130.517395
10256.057617 47.612816
2568.681152 7.968662
359.193390 12.367020
2307.052246 17.237516
292.101044 28.901226
130.985748 54.799103
3791.027344 91.299438
4886.678223 140.753555
19245.046875 88.648048
4333.421387 47.388153
728.242615 22.944342
391.097565 0.019286
8179.282715 0.318457
3702.947510 1.678649
6609.249023 4.608670
2553.865723 7.095475
294.106628 3.513261
631.234924 1.404386
248.119080 0.374023
2378.781494 29.681820
1724.804565 37.849503
2828.102051 46.355106
1344.336792 53.560642
5681.760742 16.249775
317.298767 16.248913
9217.486328 18.512775
1269.761719 23.039829
36.401714 34.904964
179.253113 78.434860
644.257507 141.442123
4216.602051 221.317352
659.143616 62.604805
12902.123047 19.912514
1660.904541 3.890011
5713.448730 9.993723
301.072479 23.030857
1369.003418 39.977612
2918.628174 71.753456
1488.946533 114.174606
6778.005859 114.174606
1488.946533 71.753456
2918.628174 39.977612
1369.003418 23.030857
3275.162598 91.459900
213.028152 143.658844
502.734070 202.186096
5003.322266 252.884384
72680.835938 37.203369
12468.800781 31.627375
4550.674805 35.978615
3577.397705 54.841759
4444.801270 25.806936
448.260925 9.617666
3066.449951 4.616175
5383.102539 13.569963
8592.150391 190.794785
8126.675293 138.231354
2829.809814 90.392471
1212.219849 52.555168
1969.181519 119.121078
2605.996582 165.175476
3003.488037 204.684418
3083.689453 228.160477
774.768188 11.727276
1128.989258 21.085543
2310.731689 42.439476
998.235107 76.010689
736.459595 265.398407
2612.015137 394.904358
3337.061523 524.467590
10041.264648 625.163696
10637.404297 150.027771
8979.511719 109.339279
1821.353149 111.220116
7523.964355 164.583679
31.524189 52.321144
151.275070 99.619759
147.056915 194.652313
4916.530273 341.556793
1155.129639 330.749146
378.114929 180.723694
1755.039795 87.875450
2811.813477 47.733875
177.146545 255.239029
2520.019531 313.874084
4157.310547 359.911743
1170.002930 377.117889
20828.132812 112.653221
22989.378906 131.215820
2767.125732 158.766388
1919.727661 200.335709
878.827576 206.065872
1198.815674 393.569580
133.235748 624.812561
1180.893066 863.551025
2283.319092 253.097656
3276.186279 117.113655
4872.962891 59.357208
1534.499634 89.660301
423.270142 141.741989
1683.399170 290.365479
1116.179321 492.208801
580.106689 721.046143
2934.665283 230.484222
3909.095215 106.902008
1449.285522 48.546108
1448.590210 59.797501
329.418976 50.201454
1782.085693 111.948822
3742.366455 216.959274
2455.109619 357.103699
6196.181641 238.578857
10049.407227 129.116074
473.106628 59.716621
2289.338135 33.088131
376.379944 59.292343
230.783691 54.899445
683.541870 58.944077
11551.732422 72.351738
7073.116211 205.839157
5600.478516 150.216400
5442.950684 104.689682
2504.666016 74.648621
119.097366 166.612457
2803.128906 258.837646
2355.745605 351.413574
920.409973 420.346588
3613.775879 21.369236
6007.802246 25.237087
3668.630859 47.061066
2199.619385 93.418533
20.517576 164.046326
583.333557 312.565460
243.990692 495.190552
7736.005371 689.167542
6634.043945 117.093979
335.848572 36.260269
1213.513184 19.240112
1306.287598 63.575970
85.426567 56.794609
434.264130 51.010387
4203.549805 98.923157
1277.555786 205.184280
27184.212891 422.715393
27553.658203 293.072815
2217.344727 185.715881
1991.265991 105.043076
2494.868896 442.375397
9.464398 542.888550
3007.684082 620.698608
4472.905762 647.974731
118834.687500 106.039276
17084.597656 177.087997
10590.753906 254.567902
5594.902344 342.668213
4492.974609 39.164810
2399.056152 113.242432
4735.480469 248.203217
778.759155 437.492401
6982.855957 334.980896
5017.364258 173.432739
14324.250977 69.487991
1274.353394 24.979626
592.102356 13.419912
643.434692 0.996544
2431.395508 12.034511
1834.796875 50.057587
948.804504 171.569504
5481.300293 123.735138
410.467529 80.075462
831.066589 42.033085
54.357639 195.813660
681.016235 243.801880
1435.969482 286.402466
628.368591 313.372131
7594.865234 42.450294
3008.870605 71.542221
2058.881836 107.813919
902.141968 149.500977
1516.841675 57.773636
1457.829834 192.624176
3860.223877 410.691437
7615.064453 690.866211
7650.512207 305.684967
2772.608154 136.426697
74.990265 36.100449
899.337280 7.890463
27.005836 62.508644
816.477356 60.161472
8719.105469 78.037865
9219.121094 119.363106
12.346267 240.666183
11333.890625 172.218094
342.049072 118.664261
751.561035 82.210869
34.005024 25.988050
1999.538452 19.334860
273.915344 21.706100
112.606674 35.125702
45067.726562 157.167389
16572.671875 109.191322
2799.968750 69.620087
4502.266113 42.093128
924.513428 26.174562
56.911701 45.354164
1883.005127 68.925797
6089.023926 93.069748
412.590332 9.929768
3949.558594 5.278522
1232.581909 6.322053
6.464581 13.132627
572.704956 60.369919
48.202866 110.121880
3548.366699 169.750229
12284.677734 231.778229
902.037109 27.916035
1215.607300 6.989393
76.361130 6.515952
1039.082520 24.966572
1461.595093 213.803833
1212.444458 342.788727
2499.781494 474.865295
416.097046 579.539062
37669.371094 81.493149
34083.609375 52.862976
4967.951172 60.928581
1765.135498 114.849182
2641.575928 112.131622
91.178360 300.135284
52.884094 584.653809
1172.885742 940.946045
46202.046875 358.838959
18473.539062 147.435410
12717.782227 36.770920
2556.402832 25.118961
2981.573486 38.521210
15.109977 5.060107
2030.190063 4.916568
819.201477 46.850197
3829.856445 379.601318
3081.392578 271.902283
3049.330322 175.728485
4460.746582 96.983749
333.247131 184.676849
1014.093262 258.362579
1265.280518 328.695892
3257.127441 384.080627
16687.761719 3.408289
3062.956787 20.867100
586.152405 60.292538
1493.933594 116.571014
493.595001 209.340118
312.281860 333.651581
889.474731 487.115326
783.470520 641.446167
7558.542480 224.869812
4259.789062 148.255356
29.537640 114.543610
2192.427002 133.789108
1685.763550 25.964382
392.395599 86.323654
643.693359 185.035919
11845.696289 313.843597
3468.162598 131.200470
2933.111084 56.679939
829.751343 14.101626
5022.979492 3.177054
1459.180908 13.849577
2130.034180 34.391914
2913.628662 70.836273
2486.093018 118.573349
9318.808594 98.071991
14584.497070 56.144554
2123.437256 25.950125
1562.835327 11.146503
1778.760742 163.966843
249.183182 261.602631
2210.534668 371.606323
842.984070 473.252808
4333.014160 11.297976
3435.513184 14.342356
2740.721436 40.459435
2492.875488 89.651337
1648.359253 83.982796
947.448730 188.538666
1012.083618 323.350159
5479.062012 472.830353
26591.990234 141.018860
3754.648926 47.891674
3961.278809 7.468615
2266.217041 20.966803
944.761780 38.174839
1182.804688 91.758316
7394.202148 207.116913
3247.568848 380.668915
11780.837891 296.547058
1711.404785 168.606583
10036.265625 82.802879
5671.229980 38.218330
1564.261108 233.481995
530.702881 232.547058
706.424500 215.494720
3288.997314 177.570236
32524.439453 190.692505
7909.752441 208.606384
2482.924805 218.732544
2597.413574 226.880371
915.383667 74.678040
2864.581055 182.729919
1798.360474 340.224579
9791.029297 530.113953
812.258911 115.443916
406.169189 38.782173
4837.789062 6.932608
3363.486328 17.815180
151.767487 18.213108
987.162476 72.041588
4495.870117 153.455826
4579.883301 250.480576
5998.310547 160.916748
1416.304443 76.778976
3557.298340 20.425106
5340.048828 0.015081
496.897125 76.504227
242.964905 169.604156
474.671234 300.289429
3265.495605 454.439026
22690.919922 72.900726
28119.656250 19.926031
6150.397461 4.307134
6282.351562 22.647388
1830.204956 0.170628
2125.422852 27.689714
1973.458496 104.909760
5353.629395 230.078720
207.609879 311.469330
3806.351562 178.304871
710.733643 78.978577
308.015564 18.608063
150.965057 35.538506
376.008850 43.747231
2423.078125 61.995167
3598.272705 90.809311
3118.333984 89.242271
7771.925293 62.158493
190.351471 44.619270
27.077040 35.989716
829.909912 165.715912
2646.892090 180.005676
1763.378174 194.106522
6262.258789 205.650070
19367.623047 153.460403
9094.250977 147.365601
973.457153 147.497620
2580.449463 154.057938
2561.904053 420.443634
4446.624023 781.886353
749.970825 1204.530273
437.135284 1626.009888
5395.131348 191.568359
9805.177734 43.220119
2297.803223 33.923214
1747.573486 163.115021
278.465698 52.534538
1575.422119 115.372627
2061.097656 314.865021
9444.755859 651.496277
8741.288086 835.254272
894.245483 506.021179
10182.052734 261.189178
1996.417969 107.176445
628.813721 36.341785
55.449368 32.222977
2341.097900 28.415068
2180.544678 24.684929
5512.469238 48.809895
4135.239258 48.271393
806.398682 45.185829
2500.609375 40.835835
1161.843750 26.272205
1660.562012 31.449650
3944.209473 39.942207
5859.867676 48.988720
4454.697266 17.217165
3723.302002 21.894249
943.388367 23.935055
1202.241455 24.497107
2055.980469 388.161377
952.017029 482.051086
1122.375000 550.874756
2726.909668 566.186035
37057.722656 118.577065
3006.849121 167.279144
792.951477 223.628036
1929.854370 297.013824
1891.562500 234.715530
1924.911255 375.732697
207.656570 565.289856
9801.591797 789.915222
19998.351562 442.474274
4265.367188 252.672348
617.908325 157.606796
2292.420898 156.363586
273.169067 34.303352
2180.420898 57.821465
2926.438232 127.626518
14755.142578 243.745392
4790.876465 262.717682
4698.762695 164.983017
10122.594727 93.661102
793.434814 48.956005
1248.685181 14.152590
2770.848389 25.972946
5335.927734 43.092819
12689.125977 57.934654
1097.395996 41.613510
19338.753906 32.141933
8593.900391 20.131449
3831.118164 12.381766
2047.461914 76.307648
3310.850342 114.837799
3270.193115 161.482452
8083.011719 209.223297
2700.247803 45.678841
10404.981445 34.040340
1598.862915 35.413551
1325.489990 49.506462
1584.849121 109.276154
369.933960 245.086975
1885.544312 422.832184
2081.294922 620.334900
21897.757812 121.711311
33957.945312 31.980684
11147.817383 0.222135
3374.367676 26.387592
910.087952 4.466982
3397.406006 46.300797
663.851196 145.290497
3415.031982 296.083588
8701.609375 259.357330
2095.773926 145.444550
8545.037109 62.404995
1422.621094 13.162957
195.393143 106.957199
391.798248 151.648499
519.213135 195.639053
594.571777 230.843948
5693.190430 21.677271
2200.741699 23.971554
6478.374023 39.836140
352.240143 68.243561
979.131409 210.705765
2760.437500 375.718231
5428.503906 570.343384
2542.340332 762.404236
10369.474609 50.393780
6659.625488 13.612269
1487.743408 27.698025
376.945312 93.053757
337.773712 35.795647
822.244873 42.365593
2507.786133 91.761314
1951.925537 192.165756
4757.110352 374.039001
2981.329590 231.769379
5135.110352 128.666016
179.903992 64.722534
446.957550 283.729889
978.340027 347.221283
1724.456909 393.824951
3492.424805 408.021362
15094.486328 82.059242
1526.482178 117.602974
3721.568359 162.714722
2466.627930 218.950958
315.395538 185.012451
19.606602 306.846680
587.239441 459.806854
3452.462402 622.918091
59780.269531 195.381577
25995.664062 113.265175
6770.953613 83.429436
1152.612793 108.104645
3421.160400 105.519508
1006.401611 213.442688
844.862061 372.837036
5476.211914 563.568176
2986.542236 198.444916
11187.003906 105.280533
2157.994629 56.135746
4301.343750 54.360615
850.821411 26.830572
1055.338257 4.468232
85.316650 6.023375
2871.513184 34.544327
5913.744629 285.874146
15486.911133 205.740143
3088.085449 131.087326
688.954102 69.995804
1153.453125 52.974575
325.698822 61.409634
3865.695312 68.273872
4473.841797 71.837006
4569.730469 17.838955
3404.792725 26.037317
1007.845825 34.998833
425.118530 44.044456
1874.605591 83.809219
600.007263 159.712921
6812.792480 254.917633
3759.598633 352.014252
34756.265625 64.421150
976.351501 31.218060
1003.648743 20.525997
1120.642456 36.887730
2717.921875 3.953798
2272.047852 1.254901
5044.232422 13.453630
1343.430664 41.767624
12206.228516 145.147980
950.330566 93.243294
3580.500977 50.553139
225.091949 20.501911
1589.831299 71.703339
1881.169678 122.796989
11045.701172 176.397736
8935.323242 220.251450
38645.097656 5.552065
13004.693359 1.163148
11871.374023 9.175621
3471.034180 32.463650
2444.213867 19.912029
170.503815 45.493259
3001.857422 85.495804
1300.331177 140.299683
14529.249023 82.908958
4177.733398 36.241734
658.586670 12.275597
7202.328613 8.189174
152.858871 8.816212
886.986572 1.835412
739.427063 0.716171
112.881706 7.893886
25737.613281 46.198135
4205.884766 36.807655
4986.032227 27.801580
204.932739 18.286016
835.692017 91.502357
1051.554321 124.178345
1752.664551 156.146835
1326.168823 182.733749
25119.828125 1.243492
3317.905518 12.971576
4206.391113 33.975937
169.279007 60.865910
2493.524902 19.561338
2637.007080 8.598830
5387.954590 15.661068
5702.395020 46.578033
637.859253 140.841095
5946.796875 100.785583
142.905228 68.142723
1098.893433 40.976929
1220.858398 73.813538
3905.035400 126.203522
10190.889648 194.332809
7167.405273 265.270538
7328.717285 2.752416
11713.269531 7.634868
2218.683105 19.791811
322.047211 39.931320
10.550745 20.789309
644.200989 14.049420
760.524719 14.185073
727.865417 21.721003
5090.234863 153.355972
5237.454590 106.008949
154.097488 65.293304
3843.295410 36.862278
393.744507 32.902901
1771.150391 58.533707
4321.193848 90.534752
15994.173828 125.747444
4970.306641 9.487599
1073.661255 1.245339
1514.166748 3.613600
252.649857 14.518547
2421.122070 14.451941
403.090576 28.003723
510.164825 48.884407
942.793213 71.334106
6137.678711 77.934990
5475.053711 49.321774
8741.510742 25.657841
190.344574 13.126814
231.534576 33.998028
421.802094 54.406960
1843.851074 75.884949
800.683716 95.063972
747.946838 5.338128
2090.033936 2.200961
5091.809082 6.390992
2304.778564 17.368557
28.993948 36.749580
1818.867676 81.485245
3547.470947 141.648254
1425.817383 208.318619
3341.743164 23.989971
625.315613 5.178433
2404.116699 0.423006
2044.770264 10.208286
1646.829224 8.043666
785.273621 32.476086
475.047058 72.033836
5742.345703 123.090263
18267.218750 96.413055
1284.356079 46.624977
5569.881348 14.070053
182.886200 1.308880
6419.130371 13.653265
2671.253418 37.270866
3098.632812 81.511002
894.730225 145.473068
28797.326172 72.284393
16001.498047 35.067608
1791.008301 14.217775
728.128662 7.074515
1221.642578 156.704987
720.785400 201.333221
208.777466 239.907501
9333.142578 256.963135
2487.958496 50.384167
7042.004395 70.415215
2922.730469 90.964775
3436.393311 118.496574
148.231445 18.482422
777.762085 28.713814
1577.994141 72.586166
1398.255981 152.469223
1320.333862 242.524902
145.980072 149.858658
1527.387695 80.819695
756.402466 36.869659
118.191719 21.597754
529.979858 59.488312
613.976990 112.861717
1124.880005 174.365967
3495.513428 88.846542
3567.105225 40.113789
2934.337891 10.752853
2048.092773 4.460025
856.338135 33.817028
2843.702148 46.349888
388.047577 68.971619
505.613861 99.441956
5163.600098 60.707695
1158.077515 45.068748
310.742920 34.947582
165.485382 30.681396
810.107910 69.420395
1485.336914 157.999481
7482.294434 284.967896
27279.462891 437.397980
1720.430420 59.223713
490.031647 12.439459
1729.678223 0.485994
314.348785 18.781048
641.268799 1.530209
240.442368 6.295651
3492.797852 22.388491
474.642975 48.226959
15771.952148 124.711594
19686.792969 75.151337
6748.497070 35.374104
4610.996582 10.567394
184.091858 5.063251
561.873047 7.112257
3220.375244 10.441309
5451.289062 14.684353
34574.550781 2.398901
21961.789062 2.695086
6460.494629 3.301264
7201.317871 3.984393
2275.042480 24.128656
191.507706 26.585335
1686.751831 26.861803
11614.460938 23.827023
17676.056641 19.538601
2866.458008 19.492935
9781.430664 19.752390
8967.759766 21.366409
4824.212891 16.495365
102.597687 35.573349
3573.038330 61.022224
5437.969727 87.776962
43554.859375 3.965547
55411.117188 0.874457
30169.525391 0.960292
11852.188477 5.400626
421.678802 78.050827
1207.731323 113.883057
1063.843506 148.788483
36.724430 176.415070
998.134705 6.144346
5704.182129 9.105549
7286.224121 22.935892
377.708740 46.567867
1088.964600 178.701492
1286.225830 321.680664
8174.057129 493.774536
13969.539062 663.964905
6170.808594 37.295582
4003.665527 13.368645
1078.643921 26.692892
743.366089 80.058434
444.083923 9.504727
430.107605 51.692650
103.768265 124.864059
317.562317 221.774521
1685.441162 169.190750
10589.208008 84.420357
1144.315063 26.783480
875.094727 1.159629
6.668137 88.448914
233.855621 162.048981
2922.094727 257.245026
2825.159424 361.715881
25652.119141 51.480190
9321.897461 21.640339
2896.771973 18.635611
528.935730 40.751831
334.849823 26.287525
531.061951 33.932293
3461.730469 70.340294
1163.091675 138.577225
599.599609 289.208557
1666.386963 178.569519
1408.810303 96.291878
349.063110 46.293049
292.807007 100.199631
26.783672 103.615326
1790.758179 101.939072
2704.458496 92.156754
19438.355469 76.365852
1876.709717 84.967407
1273.676147 90.441956
1253.233643 95.225357
237.420914 10.176453
438.460022 27.512161
1233.051270 53.838299
3187.551758 85.465752
26385.445312 31.244926
17295.525391 14.736193
6878.578613 4.895288
1037.132080 2.901573
971.502686 158.103928
21.075596 273.454803
3313.824707 402.177368
1684.982178 524.562195
4843.020020 25.693886
169.687576 0.318873
3589.888672 15.712462
597.892883 69.643837
314.596436 26.169109
1969.350708 66.054436
2010.390137 184.816315
7180.058105 382.890228
1585.206177 472.096619
2293.783447 280.560852
2824.588867 140.317810
97.024551 54.202255
154.977722 120.837585
592.290955 144.575928
1837.309814 168.154709
5467.490234 186.300201
10377.791992 55.429451
207.735062 67.020523
6729.836914 82.018456
823.312134 99.824005
998.650024 90.960938
1300.213379 79.711868
2323.261963 75.279358
2397.502686 77.438354
4381.247559 257.905090
16198.330078 201.532074
3042.073730 150.396576
1906.900024 113.183334
911.245728 40.638962
3115.462402 60.106186
1147.495850 79.320053
3977.885742 94.715805
5182.173828 35.960602
5418.377930 22.979650
3710.167725 19.121223
5111.491211 25.612299
317.948425 72.803398
3115.466064 66.520142
3562.977051 54.899582
8333.339844 39.693123
6520.972168 79.490532
1999.288086 77.445831
3080.346191 75.861244
1442.811768 74.995804
116.574295 41.079117
620.461426 35.480206
5086.631348 27.475584
1356.326416 21.202942
11525.516602 122.483505
13855.069336 85.237747
10077.590820 59.705601
8487.158203 46.855015
1486.612793 16.714952
2627.074219 32.177147
1395.939697 56.631298
499.633331 90.199165
4502.772949 17.836683
7938.836914 5.975322
5777.289551 3.796774
2497.870117 7.788031
516.552551 14.643184
211.549774 13.373261
236.067810 12.648999
520.651550 11.354698
7594.761719 27.702423
6600.597656 25.429415
8453.234375 21.361305
436.868469 17.343393
287.515564 24.285776
3982.243896 45.800976
1296.935303 69.748840
1348.420288 91.352524
4052.842773 15.481250
5662.450195 5.547582
391.541626 2.964098
1545.871338 9.255058
2384.996826 15.162102
226.605804 9.669992
1811.676880 7.748560
2443.182617 12.514421
11896.206055 57.777931
3004.948730 42.198437
2083.960693 30.682611
916.012512 22.159519
2708.385010 36.179550
3510.948730 32.104740
265.349548 25.732288
866.358521 21.766863
7165.490723 21.361616
33047.027344 23.404165
1605.803955 29.534231
1121.131348 35.084030
988.181519 78.382202
8330.286133 110.043716
9617.590820 162.437195
17491.488281 231.367493
8265.996094 45.144955
9404.429688 44.529579
4215.988281 51.698120
502.282288 61.778019
643.242249 77.931778
1961.616943 61.663555
36.708141 47.856758
617.352905 38.985031
10810.416016 82.147049
2420.906006 94.919495
11655.894531 98.465134
2878.278320 91.872490
415.973572 119.172020
3425.452881 178.318359
594.439087 247.956039
12930.903320 313.041901
16038.034180 22.593441
1823.393066 31.797348
3057.364502 49.264412
276.372559 76.776909
177.254425 9.399738
5238.794922 41.148705
285.294495 97.951324
6204.037598 174.945129
2569.646484 109.440376
7534.475586 54.427776
4330.298828 18.208441
642.025085 2.511293
1651.093262 49.855419
1555.347900 46.275822
5010.574707 39.709351
3289.521484 29.024525
11703.904297 68.086060
118.354286 64.034660
7321.850586 58.034523
2245.594238 53.130302
2167.561035 15.664099
1881.088867 22.350628
3645.550781 34.323021
2587.421387 48.385475
58771.878906 66.186012
20840.968750 45.238136
12820.329102 27.508539
9222.622070 17.069511
1260.657227 1.984145
338.029175 1.008182
5799.355469 0.654753
10451.000000 1.171882
20726.410156 8.671344
79.629807 6.759131
172.356506 4.957428
5.036794 3.346313
993.567505 23.244213
841.411255 24.781898
1188.112793 25.992319
2156.245361 26.311832
11876.294922 25.595257
27293.806641 23.659410
3345.153809 22.340710
6099.375488 22.219288
699.077637 6.376328
909.158936 23.837219
1093.097412 54.327282
6170.772949 97.006447
8727.127930 42.095688
19377.259766 16.912966
2725.026367 3.510353
97.390419 0.126472
713.643982 101.181381
952.690002 104.413834
608.783691 100.579086
1411.472290 87.636909
212.394073 63.958920
5096.146973 75.920692
5797.133301 85.592743
3376.249023 94.126678
1662.297852 25.593542
455.438324 73.270638
986.265015 144.461166
2692.379395 230.545593
12066.460938 63.711952
6123.351074 23.831432
3498.204102 3.308122
1019.589233 3.047972
478.965302 34.951450
310.064545 37.145187
212.940735 48.071579
6455.952148 68.403702
12799.042969 92.744881
4316.107422 69.243111
3163.084961 51.565662
1299.567383 40.067360
4199.552246 67.019066
2053.256104 125.911499
137.077454 201.808563
4536.432617 282.431335
18893.222656 42.454681
23210.533203 20.038340
8368.383789 15.539695
910.727905 30.367922
1446.578613 135.516922
221.266815 256.203094
62.215946 406.415466
1663.030273 565.427490
12373.259766 57.715218
414.751160 13.742006
1753.376953 13.129500
1128.532349 53.829124
440.886292 43.329643
247.166946 148.002304
378.601440 309.887939
2550.673584 508.557373
5099.191895 207.969330
5367.082031 90.820045
11918.203125 19.912716
2841.492676 1.825855
617.999268 102.378052
233.675995 164.979065
972.786194 253.557739
11533.094727 358.367981
2446.982422 130.201721
62.755630 82.257591
122.434723 61.837193
99.255096 68.310204
267.138763 93.937477
472.428711 218.288513
533.389587 388.306335
766.623535 586.267639
25629.035156 129.614716
14112.611328 36.969341
2953.431152 1.838107
564.715576 21.409002
2539.803711 38.216702
19.407993 89.838707
3411.961182 175.590027
4118.871094 286.087341
10489.956055 225.888977
1824.109497 124.194824
199.169724 55.312653
212.669220 26.057636
1608.871826 81.323395
4519.790527 64.235931
1030.847290 41.402073
7616.185547 17.953939
10605.302734 149.467926
4282.729492 126.602615
1301.900879 107.719513
0.930526 94.037544
239.661255 36.345299
1157.453125 75.165558
3674.842041 136.541412
12344.957031 220.073700
6268.689941 54.003197
2822.956055 18.881575
5776.056152 8.375451
955.320618 15.139493
273.781982 35.943012
1598.748291 23.478561
3530.055908 12.623098
980.874146 4.530004
3734.474121 72.369621
22422.900391 68.769661
1596.706787 60.296387
7050.666016 48.739037
1182.684082 19.051350
1359.832642 46.060966
1595.426758 83.038429
8707.068359 123.391083
21897.019531 16.776506
3250.209473 5.323882
2225.959717 0.612659
1991.518555 4.323293
765.381897 31.091875
735.142883 77.881081
1384.531738 143.786667
7695.135742 223.266296
16663.234375 70.011703
7373.160645 23.422245
822.876282 2.344400
2738.605225 5.495892
449.680298 61.105618
111.507736 60.744728
2504.511963 58.523026
3358.925537 53.046711
1130.113647 73.450111
13526.830078 69.613770
2403.841553 64.981339
3488.576660 61.990135
357.300018 21.413416
554.677917 10.782020
1657.456543 7.978995
3278.922119 17.528713
10213.392578 124.458710
4742.666016 88.269440
3893.938965 59.132023
1462.889526 37.384762
24.304171 141.473206
1040.719482 198.519073
3437.263184 254.455215
3083.805176 298.093262
3975.912598 4.557643
1526.229370 20.890833
3117.240234 50.272144
299.025879 90.901123
564.666077 15.012489
485.179504 66.752426
3041.631836 154.445343
3947.253418 270.966797
3571.782715 192.954941
5358.448730 92.842819
10534.332031 27.908964
2135.906250 1.813004
1322.333740 82.930786
1036.085571 142.885513
2985.226562 205.725983
2435.828369 259.605377
14795.711914 33.303535
14048.561523 12.016836
608.129822 12.502149
39.039139 36.965511
1625.072510 149.675827
1425.969360 318.485352
3963.354004 542.521423
4980.207031 789.744995
5221.734375 130.736526
8749.000000 42.869125
8478.501953 14.815415
1073.549927 48.777981
1344.303955 10.685920
53.959534 51.673119
5121.466309 145.280396
442.668121 285.863037
3538.218994 312.730469
4960.895996 177.169418
33.921009 77.640526
150.935547 20.690044
773.428955 48.600380
2772.447998 102.407440
996.727295 175.556625
972.150391 259.776733
60580.359375 61.696674
35421.992188 23.332012
16370.992188 8.723001
5682.308105 17.228592
3837.624023 31.668533
662.974365 54.667618
620.398560 95.297470
196.911499 151.091232
914.687744 128.554825
3473.093994 76.172668
2419.963135 41.878963
5204.257324 27.175865
402.513184 79.226837
5495.673340 95.617004
3218.229248 105.312454
5111.857422 104.303314
24669.058594 42.213829
21865.759766 43.557274
3083.645996 49.690426
2980.349121 62.213394
1135.007202 18.633997
2384.551758 24.913193
1823.649658 46.269920
2171.504395 83.548416
2078.702637 100.342972
1886.034302 65.482399
680.651550 40.294643
21.328131 24.518726
723.101318 73.122719
897.573120 91.376495
2658.558105 104.868362
2423.414062 112.201721
7690.147461 10.115658
2795.099854 17.764812
555.153687 32.889797
1456.740234 52.530563
384.464294 299.970001
135.370331 378.630249
887.837708 449.287048
759.312378 493.587402
7477.480957 127.693466
940.376465 143.995132
555.527466 177.145599
368.846741 229.694031
1062.370361 71.786530
661.614441 139.773163
1156.841431 247.610718
44.648041 387.742828
2331.743652 251.470367
4906.583984 136.405487
2738.395020 67.677948
436.412262 46.890015
1930.222900 72.086563
928.650024 110.422653
3768.613281 160.538361
2171.246582 210.019974
10836.531250 163.361328
5226.357422 109.589584
1234.036255 70.553131
1283.593750 56.978920
3311.435059 12.905610
4490.001465 38.884907
7331.608398 82.842155
5980.591309 142.540833
39506.812500 52.237503
12540.556641 21.511566
34.509064 5.691160
1480.327759 2.729193
2516.322998 109.170372
2886.579346 136.507126
3887.097412 156.217361
11488.359375 156.826141
9713.526367 82.881599
10689.187500 79.245567
11173.265625 77.771004
970.344482 87.156677
1941.143066 7.141384
842.137939 11.423709
5250.791992 34.548882
1379.241699 82.264244
13433.489258 196.340683
6866.053223 111.413696
6041.032715 52.634632
3644.410156 19.684084
860.335938 154.285889
323.373993 157.267746
2486.036621 147.532623
4181.515625 124.157005
17084.529297 86.296455
12974.148438 106.932381
15957.496094 125.790794
3649.634766 142.406204
1720.378418 151.575577
165.422607 280.048096
3472.680176 437.522644
4625.555176 600.068237
11152.333984 68.261017
11319.212891 23.223169
2188.642578 21.911079
2105.761719 64.481667
1738.504639 22.871790
658.486633 90.014221
244.712570 204.602997
2572.661865 355.313538
9438.486328 215.986847
3744.954590 106.161720
663.666504 34.299278
551.927551 5.219401
1045.807007 46.380260
949.421936 77.127167
4367.856445 140.415970
8798.995117 237.049286
4073.610107 269.809998
5874.403320 157.693939
4376.930176 83.304657
204.674713 47.529469
1898.230225 322.121643
1428.685059 346.256622
2891.572266 337.770874
1262.768921 293.733154
3461.113770 135.276489
13357.031250 177.167572
2041.122070 225.510193
1573.513428 277.167999
543.767212 357.248047
2237.724609 634.792053
4914.900879 995.508972
1807.811401 1397.077881
7169.539551 302.394440
10568.448242 147.699127
5436.105469 109.327209
1380.553223 180.525513
387.904358 124.267105
78.544319 220.479660
2106.973877 383.850677
401.512451 586.135681
58666.664062 471.314209
7848.013672 301.808502
16059.254883 173.484604
2910.032959 109.251534
268.818756 23.943525
478.918610 72.178787
2668.322754 154.994507
541.444519 266.473938
11414.366211 152.478714
3417.488281 74.804466
842.947998 27.010307
3748.872314 9.681258
2370.116943 1.174756
2365.676270 8.818034
332.450806 29.060493
3439.668457 60.292309
3867.961182 120.939621
6830.951172 70.596825
3714.320801 31.520113
5466.297363 8.186646
1680.918091 4.162859
1071.266846 10.200447
777.852661 23.263535
10752.746094 43.795856
934.911865 18.038006
5731.426270 8.937438
10102.890625 4.468860
1509.812012 2.880112
197.685028 21.248856
38.723526 30.518141
126.522987 41.812813
441.269196 53.157425
1690.546753 1.376237
7714.285156 4.488349
3227.157471 8.940431
1231.858887 14.310636
405.233398 46.419746
537.503784 38.921974
3002.308594 28.750525
8477.258789 17.268766
4254.440918 63.119953
930.294556 60.116302
307.683289 56.041855
463.477081 51.702053
456.302155 103.275986
37.967266 181.357437
4408.403320 268.348785
3219.037109 350.733765
5122.175781 22.797596
7745.198242 1.848346
4191.643555 9.173958
854.492310 43.931877
2268.796631 152.481461
6194.266602 232.974960
3794.720215 327.686554
12118.490234 421.281799
1725.656738 223.907837
3331.861328 140.401108
4710.331055 97.627350
578.893799 103.013817
807.508606 3.079772
5546.875977 36.570763
10932.806641 115.178596
3149.677979 237.406830
10545.019531 171.003922
2174.442627 90.745659
16180.679688 36.538807
221.454819 6.165028
943.493408 9.855371
133.505859 13.473340
968.942566 18.862963
2750.642090 26.754883
36908.218750 18.492302
16475.480469 10.799261
5614.718262 7.543766
4944.836426 7.670255
1243.797241 79.318161
2117.732666 87.112587
1149.438721 89.664940
2226.684570 84.937309
10057.414062 32.644234
3004.023682 44.934433
107.023590 57.020790
296.844818 68.712593
689.237488 36.943825
2320.331055 106.914474
3229.410889 215.084869
5992.791504 353.277924
583.085571 163.926758
2771.237305 69.669273
8126.818848 17.477411
309.416931 7.006075
449.733612 8.084886
84.810699 0.131195
3096.985596 10.324206
688.390991 38.229019
3813.825684 171.706787
7331.905762 120.015480
2783.913818 71.652199
1532.864990 32.862896
196.476135 42.005783
1056.869507 81.801804
1555.545288 128.164551
353.669250 173.263275
18839.037109 18.562546
2132.244629 2.880961
321.922424 1.089526
861.837524 14.233446
203.303772 245.285233
1170.475098 402.856995
1140.812988 569.811646
3688.456787 713.943054
6778.104980 61.509079
4870.379395 31.381565
7023.887695 50.595123
2529.085449 123.013756
1253.515747 243.209564
1965.858154 406.084625
7830.498047 592.813782
6344.681152 777.097412
9341.204102 169.799942
128.183060 85.141380
928.391357 70.535210
106.618500 126.077072
744.923218 136.263962
654.871765 361.609253
1203.034790 690.019958
6944.102539 1081.651123
8268.674805 252.445984
6120.151367 85.748260
1666.101318 8.320214
2677.002686 21.797302
2672.978760 7.765521
3518.124023 84.775284
6632.295898 258.148346
804.133118 514.054382
1200.893555 628.859924
5014.711914 354.566833
506.185364 148.735214
4763.593262 30.136923
203.985641 10.473611
1592.569702 10.481197
3841.533447 38.247849
10845.521484 100.891968
28644.892578 227.009888
5361.485352 137.590363
2790.927490 72.985855
2712.306885 31.686129
322.672791 28.484344
13.268904 26.300325
586.388733 25.383722
807.294006 25.770096
5839.897461 49.604172
2899.050781 43.399475
5463.474609 37.218189
59.972763 32.105370
741.074036 24.962908
1467.640869 38.857254
302.796509 53.463913
6857.136230 66.641556
557.246948 35.703266
2880.934570 20.205673
1106.599121 13.039637
1116.833862 15.213736
458.722717 16.422392
1167.855225 37.014824
2708.192139 69.136612
7071.317383 110.621429
5979.077148 29.359777
14588.309570 11.998100
846.319763 4.845979
416.612640 6.268329
1430.759766 30.644747
1941.528809 56.101833
2950.319092 89.468887
460.566559 125.834747
1073.642700 31.533379
851.015137 16.548494
5595.802246 10.970268
1250.988647 15.479347
791.338013 20.680296
1991.318481 13.478903
4879.211914 11.057320
1117.064209 19.300156
285.759949 101.402420
3204.926514 67.442093
1439.014038 44.394230
684.185303 30.251663
473.054199 27.799253
580.236328 34.963284
517.132812 47.473240
2738.085205 68.037994
33968.675781 21.180090
2599.044434 15.288234
5238.725586 17.313511
788.256226 22.334194
457.101196 143.064514
1924.120972 175.036621
312.305084 205.525208
880.417358 226.348038
5279.966797 51.725819
2673.960938 69.720413
156.061249 90.550629
253.025528 114.585846
413.460602 69.607864
206.428909 67.721680
1628.792847 62.645721
3141.461914 55.440422
4837.220703 118.129517
1285.969727 95.618881
2159.068848 79.437614
797.245972 71.761444
206.662750 51.874046
733.925049 111.929596
2104.914551 194.716003
9031.167969 292.142059
10232.243164 44.670319
849.833740 10.167419
4112.562988 1.529914
1244.521973 15.560618
3269.428223 131.415344
4636.860352 183.000015
3606.483398 232.761658
3286.349365 266.988251
1118.658691 157.472763
5167.786621 112.438660
7214.273438 88.549339
97.617508 95.577950
2669.846680 273.135162
4556.278320 459.657288
6396.847656 661.787903
20952.566406 845.460449
887.376221 42.004436
3003.167480 8.410217
3711.241699 37.280598
1981.743042 127.514053
1327.233887 213.465836
3717.990234 476.202240
11755.625000 845.254517
1159.726807 1283.269531
16049.453125 419.896149
2465.758301 172.717072
7527.750977 57.201782
1439.009521 72.104973
1247.609619 155.714325
657.291016 233.154739
5151.036621 385.245880
5182.842773 593.030518
42919.582031 588.192993
1623.954346 391.035858
3916.717041 242.081879
2888.696289 159.810379
324.856750 36.455502
317.241516 15.324953
378.483856 9.131652
4224.944824 19.172777
2390.086182 210.997147
850.983521 163.895248
4524.238281 114.716476
3236.579102 70.593521
851.902771 38.733009
329.693970 34.027645
3593.398926 27.016537
5076.674805 21.817059
2879.572021 20.515669
16879.664062 25.609884
2682.648926 32.932594
800.485901 38.319004
1579.466187 248.610336
4368.735840 394.127319
5271.145508 561.246399
6159.219238 720.237610
4267.087891 29.972488
24349.093750 30.618839
2124.575439 67.470619
2860.273682 139.205505
150.533905 31.847672
478.162415 52.297394
547.637939 122.077866
510.496765 234.890289
2614.480713 395.439209
1754.606201 253.943649
483.962219 138.238464
1747.258423 61.613991
110.804192 57.453415
825.796753 62.335213
1157.608887 63.747791
2469.950439 60.164352
7733.942871 29.597633
786.482910 36.985851
2038.700317 44.019417
2916.553711 50.939285
328.710388 109.425751
2530.255615 171.771530
1756.170166 240.200470
563.953003 302.148071
5735.128418 31.816280
10545.750000 23.072304
532.014160 32.852551
1133.520508 61.814819
581.850769 29.118620
517.260437 31.366949
2544.571777 58.841881
1205.565552 116.708328
7470.383301 216.904205
6043.654785 139.230881
5958.832520 82.752754
1249.292480 46.720428
1654.279541 118.730064
477.319336 178.822754
3395.459717 250.634003
4855.261719 316.731384
37701.164062 20.487749
6991.238281 33.851700
3.728720 51.545742
303.639893 77.375801
1809.595947 98.533966
1800.694702 80.198364
2414.492432 62.622993
8483.513672 49.050293
21789.781250 179.666519
312.227905 159.102280
87.031822 137.375381
945.719238 117.226761
2716.254395 110.729218
1487.218506 194.885742
2169.454834 289.500732
16569.160156 379.633118
11875.845703 92.182343
4644.394531 41.104233
2544.045166 26.505053
1603.745728 51.144291
742.637573 20.826111
692.171082 36.510994
216.211227 70.505798
2306.702393 121.192902
10842.380859 97.844818
13096.149414 60.811710
12560.653320 35.198521
3723.808105 21.346781
592.957764 73.249214
516.429138 68.409050
431.632446 59.284248
543.563843 46.988670
7832.478516 69.423126
2835.155273 72.011124
7203.731445 73.695084
1193.543701 74.493889
1423.024048 131.209747
3168.164551 232.614365
4109.912598 358.136627
2294.773193 486.784790
794.623169 25.231167
2963.270020 11.101716
510.426331 23.363302
1351.023560 62.031242
270.538025 72.096367
1646.570557 176.572357
5455.215332 320.721527
3382.306396 488.909485
23057.300781 175.094666
6015.060547 67.497559
1926.641724 13.927304
4149.892090 16.228529
1501.328247 58.693954
1915.131104 168.208099
321.219177 335.268890
2544.626953 543.769348
35640.773438 175.465286
15378.916992 67.400230
1617.702881 11.912054
4429.167969 8.121789
1555.391357 4.837519
3390.783691 2.297227
780.701233 28.517239
9564.329102 84.923035
1472.695557 239.724167
2924.721680 154.506622
2388.217285 83.798523
2416.447266 32.947250
441.526215 0.486760
352.995758 1.080022
305.189697 4.359382
31.890177 11.295094
4698.523438 22.235353
1034.473755 12.174484
2495.679932 5.555464
1062.694092 1.916470
677.197693 55.817665
449.038788 81.712112
409.368347 106.017441
1356.980835 123.476311
1113.441406 0.322971
11443.566406 4.521119
8211.544922 15.381634
2813.802246 32.808117
88.391472 4.866206
1320.403198 32.304180
1417.205200 87.885147
1484.123047 168.042862
2027.875244 104.050217
3106.287598 53.645309
1150.291626 19.659254
202.417099 2.370688
66.056915 37.290375
14.614762 70.587112
1172.596680 111.965950
360.934082 158.048203
1109.762939 30.204319
4182.765137 8.137211
530.518005 3.538923
271.321320 14.188596
555.979858 130.178085
1942.488525 184.071808
1811.141357 241.386261
11291.537109 288.313263
17187.201172 69.838097
1410.980347 62.935982
2143.345947 68.294350
1022.523315 90.179817
1157.571777 29.796732
39.332798 56.489094
162.214767 103.992569
4074.152588 168.949448
3659.320801 151.475250
640.909546 87.649590
2426.286133 44.787098
23.625801 25.538944
968.708984 26.894133
1629.342651 12.127542
1250.920410 2.520513
565.607788 0.214443
23405.505859 99.139923
27749.609375 82.879105
9341.255859 64.028259
2371.563721 44.778473
2558.661377 36.497883
576.342712 65.104538
1699.212036 101.846207
360.190613 141.314056
8355.987305 17.069767
147.645981 8.490487
805.167358 8.849512
716.286072 17.907421
91.254395 37.477551
1309.865967 96.210114
1610.150635 179.368057
3953.822998 279.558655
3616.419678 88.066780
10034.295898 29.756691
2495.932617 2.751949
762.395996 5.896384
27.185266 74.422325
527.088379 98.293419
729.663635 128.211777
703.331360 158.249390
10297.011719 119.715889
603.669678 87.690323
2049.473389 67.201111
1484.189331 62.740795
118834.687500 118834.687500
118834.687500 118834.687500
0.000000 0.000000
0.000000 0.000000
0.000000 0.000000
0.000000 0.000000
0.000000 0.000000
0.000000 0.000000
