662.638672 262.828918
3659.693115 265.605499
25146.675781 256.678497
5635.967285 244.088867
3059.423584 117.878876
1253.811523 158.624084
449.987488 204.660217
689.087769 242.296722
185.107712 408.212524
5881.927734 639.723206
53.223190 882.488403
96.072762 1076.349121
14935.666016 149.734985
19286.214844 119.159500
6921.459961 141.044662
93.900459 235.259140
160.338867 76.181221
1298.319214 112.445671
6464.682617 148.051880
692.810669 188.332306
8298.350586 28.856571
8146.137695 2.554176
1541.861816 9.959409
3186.377686 39.191719
181.112747 352.558777
71.895683 443.644348
12521.899414 512.664673
8140.237305 557.880127
9508.611328 44.967556
3894.690674 72.946373
537.768066 147.332245
1437.733887 248.032394
3479.735840 210.328369
1087.168213 359.421692
1589.541748 515.580688
18614.951172 643.207764
13049.911133 152.592484
5015.574219 80.735802
1411.365845 59.191299
834.171265 103.062569
2615.413574 16.484200
785.500488 6.553874
421.798950 4.696165
7102.323730 11.863243
19322.449219 67.743095
11401.371094 59.002205
828.136719 46.385761
108.058853 31.145144
615.228882 52.818321
9209.992188 54.711044
10732.768555 51.462074
1459.816284 43.757420
8400.058594 22.644165
5308.338867 29.770321
5826.250977 38.277439
4312.939941 46.678989
2709.258789 161.757034
3443.219238 214.987213
19586.683594 293.915924
52278.621094 386.392090
4135.817383 60.200974
2300.178711 81.802895
1082.106934 106.201607
1650.113892 129.817307
2129.846924 103.129257
1131.669678 173.107376
3459.187012 225.012299
896.808655 244.579208
57048.964844 60.190369
9824.877930 17.470427
3357.757080 8.235942
576.842346 40.255676
309.399292 40.670033
3474.759277 70.382385
1248.524414 99.852417
13299.966797 123.441795
6229.302734 12.366603
3552.496338 2.119955
118.949860 3.255245
1303.326660 16.751408
2123.665527 196.255905
1287.616455 203.720398
6016.349121 187.668121
1459.267700 151.960175
15704.398438 54.080276
8178.066406 88.599190
806.069397 129.296051
3561.058594 168.557709
4155.572754 121.603058
3230.742676 181.466736
2952.169434 261.684265
16995.503906 358.159729
7597.857422 29.691599
13024.336914 24.518982
788.952148 44.117081
2175.378418 77.385811
1360.725464 151.633636
1563.444702 165.094910
2588.473145 166.357758
3854.551758 157.419174
19886.525391 38.364559
9130.536133 63.339077
3775.516602 95.191711
535.683472 126.883835
9121.533203 352.934479
102.177322 416.726074
4847.152832 479.349182
10811.767578 552.034485
14655.633789 66.291138
12221.359375 105.300911
742.993286 186.097794
2239.044922 275.616974
1894.573608 224.327133
5983.658203 363.121368
2983.418457 500.860809
846.665527 604.533203
17915.701172 196.207214
924.363037 113.711311
2977.356445 83.475349
2413.278076 122.145027
1283.774780 58.484146
4518.045898 85.371887
2555.823730 110.076431
1395.924194 126.091843
16117.349609 42.369507
8639.108398 30.072922
11752.263672 27.298738
655.585938 37.214226
4606.962891 74.920525
627.083862 148.225159
294.698395 232.372665
3096.729736 305.923462
26315.677734 13.460705
16955.548828 2.783139
5380.992188 4.201734
4545.861328 26.129471
5567.883789 131.918152
1157.732788 137.447357
3526.466309 130.585739
8259.391602 125.993790
12554.835938 20.963320
14426.919922 33.322586
1346.885986 68.253136
1810.897949 106.821205
1364.232788 58.966320
720.077393 124.170204
2147.046387 202.466782
1600.181641 271.995239
5458.459961 38.246094
151.632446 20.341530
2894.560303 10.679718
2761.910156 20.672443
264.035461 10.529249
1143.533691 16.324240
3278.416992 23.737835
7770.708008 31.581020
4505.421875 6.106812
6053.820312 4.709598
227.243042 4.923129
471.396545 6.775267
1971.622559 74.379425
2465.655029 100.316170
1252.252930 111.838104
8752.072266 103.664581
11449.581055 10.517209
2034.283447 11.119364
132.180756 21.893951
159.907135 44.727146
1557.685791 114.857933
358.575073 101.833107
2193.485107 85.118004
6815.507812 78.793900
7533.628906 48.099701
9878.650391 66.591362
274.886261 93.286751
3416.577148 112.585205
2653.447754 62.388916
3366.735352 47.645054
6693.312012 42.158993
9265.500000 55.573780
8867.601562 50.947456
433.312164 61.499702
9585.285156 72.464706
338.630829 73.365295
900.330078 21.566257
2700.070557 49.265198
14523.667969 89.783234
8629.680664 127.200912
13636.044922 67.447609
1752.996582 50.607071
8042.639648 28.959528
2082.156494 15.551603
1849.562256 165.748688
660.397156 208.408661
5435.275391 232.140228
3313.672607 227.604736
11701.872070 40.127266
3153.090576 53.754246
6523.590820 79.268044
1667.992920 118.510208
45.322174 128.617203
3556.880615 180.304794
557.243164 220.993439
3318.103760 247.046906
5652.203125 73.503593
9041.161133 42.606972
4080.029053 45.122559
4481.337891 78.109070
4055.146484 9.689382
1850.028687 17.543468
6652.836914 27.898544
17729.052734 38.660187
12532.395508 3.953741
9407.020508 2.877451
3745.083740 3.075898
3457.892822 5.036830
3198.572998 81.003853
1694.072510 93.438866
5131.347656 94.862160
4172.117676 86.815201
27950.541016 26.458502
11356.408203 28.433264
5429.859863 41.248028
2839.725586 61.193687
1466.123535 71.325455
1450.422852 82.870461
3154.422119 98.062271
95.003372 118.380081
11231.893555 29.523586
7594.843262 35.253101
6992.818359 47.305317
1778.931519 60.053413
163.713257 157.984528
1859.481934 208.518127
841.564026 240.836670
5643.750000 250.773926
6820.153320 29.924511
463.156372 28.636248
176.442139 53.958935
1409.393921 101.283447
7398.745117 28.363464
1005.445801 63.470387
5358.633301 108.295555
15637.305664 153.744049
5369.139648 65.027672
4037.139648 31.966236
4119.708984 11.896362
15.139616 10.144300
925.987732 256.930450
2153.101318 284.632538
948.411743 283.888580
396.684753 257.584015
1863.621582 34.707150
9065.350586 81.425911
7269.659668 142.438736
2767.760498 205.684952
3367.376709 98.017044
1260.333130 140.404129
3755.364014 207.394119
13101.948242 298.096344
11480.680664 58.204819
7157.393555 46.173935
10190.759766 54.235859
3895.663818 71.855255
243.327286 76.336761
1762.330566 111.225121
2552.691406 133.322174
10151.017578 135.778214
4375.080078 18.334667
1065.612671 10.363611
3720.390137 17.102734
338.124634 41.011673
1541.441650 12.707752
175.699310 22.074215
8188.433105 37.036324
172.999130 56.493885
2482.473877 12.423364
7094.726562 7.578563
7449.397461 6.433000
2814.560059 7.983408
190.201508 192.438324
2621.246582 228.624878
635.475891 241.040192
6377.927734 233.865128
11446.934570 9.636826
6427.573242 30.952032
4771.516602 78.022133
2375.226562 137.610260
3591.548828 61.229351
613.343262 116.199593
6446.807129 178.142838
2290.099854 236.530258
8195.303711 28.101669
17269.292969 5.132880
2892.602295 2.483705
912.194397 21.656000
3563.618652 14.867507
65.825012 22.618343
4284.787598 32.802837
1294.382324 46.049004
10760.743164 7.494406
7980.433594 2.934004
6370.311035 4.100830
958.212830 8.638717
139.484985 38.089584
5724.429199 49.183323
6468.849609 53.988052
632.666321 53.784992
753.809082 2.643489
1299.213745 0.811541
514.440796 8.629530
1217.684814 22.894508
4521.879395 33.506313
856.064148 47.876793
2545.287354 59.561317
9170.032227 66.034660
39104.226562 7.032414
13643.546875 5.858143
6779.696289 10.109735
6012.723145 19.886292
138.715286 9.239758
2599.003174 24.379902
1332.791992 45.322044
7398.534180 68.168922
2464.086182 17.048918
2350.232422 7.127417
1411.571045 1.489122
1441.775146 1.701405
619.843201 41.727886
79.606377 47.203140
7369.223633 53.118576
9224.123047 56.115345
650.271240 25.209023
2958.905029 32.128014
1423.896240 35.842373
3019.546387 38.244915
179.354538 39.760902
1735.190674 36.093266
3577.986816 29.369255
9484.321289 25.204941
5931.237305 19.834478
3492.394775 21.809540
71.426468 29.504305
595.267090 37.154930
410.987854 57.009262
165.736526 88.029762
497.878174 111.327080
682.842468 119.988838
19782.746094 2.810758
11327.417969 0.203427
5434.740723 7.752521
6427.817383 27.674288
2346.672363 238.719086
1868.344971 341.096649
7739.374023 425.792053
1146.411743 473.317566
19372.511719 20.285242
3614.664551 28.015907
9414.393555 68.297729
3941.842041 141.592026
1085.595215 28.154737
212.636322 51.365662
902.725769 91.260429
3708.552979 146.304825
9235.197266 36.663071
8863.075195 20.380600
1477.691772 15.291890
2242.823486 17.632248
4107.307129 7.037760
3400.237793 7.324436
12168.175781 8.520565
11471.668945 10.066910
2624.058350 13.633481
1877.739014 11.860469
62.293015 9.717849
432.261597 7.908957
251.656433 24.870670
2629.720947 30.220436
737.976440 32.020607
3959.923828 29.700720
8470.076172 2.784163
6858.875977 5.636237
1870.145142 10.767502
3951.603027 17.693178
230.511978 115.930038
2781.688965 188.607010
5893.653809 253.546600
12633.719727 288.021729
24388.996094 9.140555
1377.135254 10.337768
10205.796875 22.630365
357.988281 56.987366
324.856750 70.593521
3236.579102 114.716476
4524.238281 163.895248
850.983521 210.997147
2203.978760 19.172777
4224.944824 9.131652
378.483856 15.324953
317.241516 36.455502
432.994476 138.572861
3112.947998 130.588470
70.473602 101.543610
1097.481079 65.959419
3472.723145 48.049915
2173.616211 61.088058
1388.111572 90.632477
8185.426758 122.086014
4279.508301 9.116598
259.447723 20.341759
6242.181152 53.055542
29992.544922 102.978745
1851.242676 39.271057
10487.093750 33.198334
918.890015 24.538778
1992.140625 13.909533
605.538025 156.761139
107.777245 164.038528
5483.791016 157.378189
4003.274414 139.870499
6236.364258 37.271141
6648.692871 68.748405
1456.908203 103.974030
1485.757446 135.508957
718.022156 256.733795
2029.232910 240.634094
4612.743164 234.951111
37252.984375 262.754791
10327.427734 118.973946
105.717026 165.334686
15448.020508 220.851471
1398.176270 254.867584
1946.140259 179.278839
488.531921 326.609192
5294.453125 491.465698
2842.021240 622.802551
18476.908203 118.706726
2158.684570 80.015839
5401.861328 59.819496
1549.554199 87.140274
10852.075195 203.365906
535.888000 176.606689
2175.677979 131.727203
11835.371094 85.667976
31638.367188 152.697037
7694.904297 166.044434
1710.468506 188.026398
146.871658 205.188568
161.167557 417.830597
1732.077393 563.906677
3151.568115 715.960876
6990.793945 844.357117
1920.206421 95.688286
7962.203613 131.683701
5243.565430 199.286606
325.501129 294.692627
5791.040039 244.733490
1547.274536 370.163177
13.446222 504.553009
10402.203125 629.246643
13884.830078 83.188766
4275.178711 55.724892
1916.094482 77.475327
3505.421387 143.325302
2981.178711 122.043594
4840.689453 169.684998
3528.937988 209.703842
14247.136719 237.997864
5805.909180 127.653465
976.422546 77.310585
3552.197266 61.355858
1835.385986 80.227890
798.600220 71.074959
2534.396240 100.288399
7591.792480 135.930725
5405.101562 165.491409
924.727112 91.171120
2379.603027 74.983429
55.347427 60.617374
1365.441772 57.344410
389.819458 182.497864
1730.080688 189.096741
2397.405762 180.025848
10120.517578 165.722824
15342.473633 33.373627
4194.966309 65.927460
11212.917969 111.887939
1422.732300 155.201294
2117.872559 224.824722
847.313049 323.497742
11442.750977 429.507874
17690.101562 524.795715
10384.291016 43.458927
2671.435059 50.849033
863.335083 85.520523
2312.359131 144.115479
3041.169678 141.434692
7532.825684 188.063492
2898.407715 223.059692
9551.708984 238.634796
9957.943359 214.892319
18548.646484 139.716385
1297.181641 100.046829
4159.942871 104.383560
712.344299 316.278137
1098.304077 276.484009
2535.141113 210.938324
24215.109375 143.484619
20012.212891 127.426010
15732.493164 199.268570
4430.873047 269.680725
10722.315430 314.078094
87.788689 119.489258
10999.695312 219.331787
3964.698242 352.460510
15855.375000 494.508057
40098.355469 97.753174
28329.521484 59.187870
2092.895996 45.404457
7777.777344 62.600990
188.195343 45.197136
2549.204102 68.036530
182.991791 78.551132
3373.284668 71.043816
5496.085938 95.789154
9206.216797 51.852341
5475.656250 25.814926
838.203247 25.737247
3980.607666 78.353790
206.627548 70.244019
2630.966064 52.970062
5272.529785 33.041775
13454.052734 23.296223
721.606812 40.332436
4533.682129 59.562054
498.421204 74.177513
499.798706 415.733398
499.567657 577.750244
285.515472 685.282959
9123.686523 713.770264
3993.127686 64.086121
3090.819336 54.160309
5983.102051 114.958000
77.951866 245.413528
2776.197754 93.134209
2024.433472 162.375641
8309.301758 244.724915
5099.820312 319.433014
2759.263916 40.713844
3149.726807 30.578344
8282.265625 30.609943
1795.513184 49.016037
1388.559570 29.673687
878.559509 72.611481
3062.476562 142.975632
2062.366943 229.819794
11729.412109 20.150822
2597.949707 11.749789
1098.480225 8.721087
6735.638184 11.759842
66.025566 40.997246
2281.203369 50.323227
1267.126953 52.011360
1678.617920 45.087681
10689.968750 4.879728
6015.877441 7.969758
268.362213 15.804590
889.584839 27.908409
188.943649 126.733818
2963.064697 183.453766
6225.880371 230.813446
6652.164062 254.546478
1588.563843 3.352924
367.631470 14.340599
2618.137695 37.010429
324.379456 74.967560
206.043091 170.217651
2192.682373 163.521225
3038.098389 167.002014
15760.052734 201.101761
8949.472656 57.537235
276.455353 87.128769
3409.246582 131.546051
4712.313477 163.055328
1550.133301 449.517944
864.520447 658.132141
2674.019775 831.200012
2427.288330 921.911743
1625.167358 121.938995
13071.263672 98.133873
5127.930664 140.246231
640.785767 262.326782
1796.708008 25.913904
229.159424 89.848312
1282.400879 183.068527
327.270233 285.748596
1171.274902 104.773735
4597.407715 50.953255
7780.987305 12.468544
1042.776489 0.812615
2981.821533 265.452362
3950.639404 319.455017
4376.927246 349.855804
8278.148438 343.214539
6108.351562 67.724014
1921.312378 104.492561
1388.878662 149.467010
1804.909546 204.612427
666.754028 259.533234
518.867615 317.324127
1258.847168 386.312683
4163.485352 470.841187
1811.594360 106.711853
2438.610840 111.754776
16850.480469 151.327560
1753.709717 204.560577
418.233765 97.956879
4061.043701 165.941833
9108.040039 225.087326
3989.732910 261.768585
5429.615234 27.088264
3496.048828 2.763231
7579.640137 5.437261
1850.846436 39.323723
6001.061523 7.612302
1852.803101 16.306166
5461.392090 32.048450
20194.076172 57.994171
24575.599609 18.703552
8311.359375 3.785265
3285.566895 0.001739
1084.973145 2.377341
1217.057007 185.774002
2074.866943 210.733383
791.000183 207.192505
153.464966 181.461014
725.978577 3.753240
7081.444336 30.528975
6422.140625 79.388931
912.931458 137.124069
2174.344727 100.212929
2276.613281 153.609283
5873.709473 229.473145
4790.883789 321.304657
6153.109375 37.166794
10902.325195 31.228367
1270.504395 42.950348
1548.665527 65.498383
1889.594482 241.214600
7322.100098 350.912903
4982.506348 423.548218
5972.723633 434.779694
4230.849609 143.284637
5757.539551 87.778091
2278.824219 81.221481
366.490631 137.895569
2893.937256 61.633583
1458.223022 27.601566
3753.227539 4.760303
5427.728027 2.405594
69283.781250 102.081337
38998.000000 112.031204
8300.315430 110.922234
3017.889160 93.104881
109.832092 239.233917
1785.985596 357.548248
854.612183 449.621124
3809.434570 490.023956
15774.317383 3.342164
10263.339844 6.389091
3095.666992 45.719227
1787.487671 126.755928
315.101166 31.713661
3153.959473 54.842110
9099.226562 104.046379
5448.972656 185.542130
23122.773438 23.121403
4461.975586 7.483624
4620.449707 11.355354
3178.547852 20.440584
2575.139160 144.466873
888.946899 197.498337
1048.289795 218.938599
67.101082 205.316193
13932.834961 21.370926
827.773010 6.692724
3037.229248 26.885868
1996.091064 79.083603
496.493134 154.079453
53.451920 249.384155
1339.019897 333.643585
6414.971191 387.001587
9756.859375 42.413990
2348.227295 15.596485
3956.661621 23.616419
141.282730 72.281258
268.710358 76.367172
1617.046143 117.706429
716.770447 155.195892
661.810486 177.304764
11187.153320 8.149840
2151.368408 10.194075
2146.636230 20.001488
37.345814 41.902344
112.120735 56.668671
181.371552 63.993378
7443.285156 72.311462
1708.220703 79.536148
7841.333984 36.629841
3370.003662 41.450611
667.453674 46.192352
4542.446777 50.953606
194.209656 759.770203
6901.838379 956.072266
15426.519531 1119.115479
8355.213867 1219.827515
18617.394531 109.625839
13218.743164 212.102112
300.181183 367.500153
2800.343750 556.411865
2822.056152 308.707367
642.515869 597.032654
3098.147217 922.506836
5734.259277 1210.449951
11825.760742 244.671753
12102.160156 107.426971
421.440247 54.289085
2453.952393 118.477554
3025.933350 65.221291
641.240356 75.032120
453.299713 84.131859
21151.652344 91.017044
23250.447266 61.066940
1419.238037 54.516544
2708.734375 53.083233
1899.901978 57.103252
1278.236206 36.435379
3004.381592 29.138367
1276.264771 14.680186
11236.140625 3.323707
2999.623047 15.988113
3046.454590 12.413281
1116.036011 20.973776
1904.437256 32.304588
812.790283 313.259369
2505.123291 258.388123
4325.305664 180.328659
6552.388184 113.800774
16225.406250 112.001152
16728.316406 189.466019
812.604065 269.946594
11963.058594 318.354462
2207.155762 317.436188
119.128914 457.797363
8148.341309 653.875000
24963.441406 867.258850
14216.403320 204.085922
27928.056641 197.291245
1025.742432 206.735718
10191.940430 239.540756
361.955566 127.559525
1615.872559 226.536575
9523.455078 310.840820
721.925415 350.698608
36285.070312 135.853378
26173.789062 66.664780
3669.522217 31.656435
49.895977 53.097260
290.740387 37.387447
7503.927734 27.982759
9356.162109 12.559192
17816.722656 1.195064
88630.468750 21.304605
23157.470703 18.983517
13226.514648 26.842369
6545.679688 35.954483
2477.398926 74.385315
3342.939941 93.081856
10979.580078 101.063705
10775.083984 96.026871
3653.259033 3.180498
6470.930176 11.991031
20332.738281 28.266581
2739.575684 50.618237
654.361328 275.260559
219.218475 391.584381
9204.448242 496.554871
17452.253906 567.333801
1590.151611 11.586916
3353.533447 33.089165
3496.918457 85.830841
1413.906250 168.640045
52.841961 122.931259
2562.499268 227.606232
71.716286 339.480682
5320.853027 438.100891
3044.582275 60.304657
10252.800781 13.584073
4986.687012 6.976757
966.502075 44.910652
399.596558 94.846825
58.367771 118.840668
2583.741943 145.337662
5466.839355 169.807465
1581.007568 23.147955
3470.927246 37.531502
478.407623 55.258213
1360.994751 74.125748
5885.029297 293.429260
2274.991455 348.561279
5389.930664 375.262665
18540.568359 382.969025
18124.757812 31.141575
7665.681641 56.162319
785.417969 124.689957
504.942871 212.791183
98.204102 76.130753
8708.946289 155.246567
1426.358032 259.189148
6083.857910 362.843140
5364.957031 136.056168
9244.336914 80.273010
10334.186523 42.523117
575.128357 37.844467
714.449341 293.315857
2548.123291 287.892181
7009.180664 260.837585
10644.396484 215.935333
4084.434570 156.378128
9926.218750 203.348602
1659.291504 245.900040
2238.160400 277.890015
1254.764648 252.690903
805.530396 374.361267
6797.602539 519.640442
1262.500732 661.861084
15718.271484 74.209930
10659.015625 78.828636
13637.441406 109.161812
2212.635254 165.141434
1186.801392 208.981842
704.865051 263.055267
3923.351318 288.934998
2380.148438 289.074524
18765.445312 136.927979
620.424072 91.656090
3367.314941 96.311356
1040.902344 143.791626
3972.647461 26.506989
443.501099 49.898010
3811.158447 84.653442
2400.763916 122.293671
7239.912598 80.078148
5757.212891 51.956577
2671.250000 29.631794
1245.869873 19.690928
33.482914 26.886395
5690.613281 27.635668
433.020325 24.972572
13135.961914 19.434288
8213.185547 9.808739
1669.329712 13.664279
130.728195 18.469740
20.143394 23.361795
410.268188 190.767242
2784.568604 220.219833
82.557526 225.128845
7596.389160 211.527115
10526.273438 33.456451
15640.295898 47.458626
1045.003418 87.845276
2258.163818 141.687622
4383.310547 7.554531
8632.597656 32.371647
4504.116699 74.188934
17215.529297 125.108810
12212.917969 28.040340
15776.544922 15.023654
1413.796509 4.665040
5333.733887 0.072778
7085.574219 97.579903
5209.685059 98.536514
9375.014648 91.369598
8191.291992 85.356262
15329.628906 3.875854
1404.764526 24.393463
2213.160400 54.858238
1785.546387 82.446205
114.160217 38.945675
3968.957275 84.211685
1052.493408 145.939178
1930.108643 208.760437
756.898804 27.609692
1338.029175 18.305874
5284.091797 12.195034
780.281616 16.177752
76.172974 4.591683
2882.707520 11.147627
132.119370 15.765308
2920.404785 14.993198
15850.522461 36.583496
5393.405273 20.142670
4566.288086 6.950696
4435.610352 1.764475
1014.369568 74.650826
1862.400635 83.744141
8840.367188 85.605217
715.809937 79.395355
3116.171631 23.322641
5222.355469 33.267937
3814.376465 46.318188
7104.766602 61.041962
1752.809326 46.338333
1851.563721 101.906219
6140.364746 158.592651
3725.739746 197.415405
11284.276367 50.605244
100.818489 20.744606
2054.454834 2.952214
1098.903931 10.289111
4405.825684 238.588654
1877.613281 290.862305
1534.256348 294.920685
6092.515625 247.326599
17861.935547 27.586849
288.770264 42.409367
4407.874512 88.272034
381.843079 161.012115
2006.436279 10.696754
476.140747 42.581444
401.300537 105.847046
3741.774658 192.060013
7604.894531 15.729318
314.901093 10.918003
8685.200195 7.052387
37.574753 3.522896
3929.776855 83.583961
5884.110352 108.697815
7407.084473 120.236633
16168.324219 111.784599
2116.015869 26.058937
1594.451538 27.028809
1905.272827 35.917660
1068.241455 56.031395
1506.659912 43.177692
2038.334717 57.698055
348.242004 78.614799
8997.479492 105.949532
9764.005859 9.228966
1080.999756 12.258203
3026.666016 21.357880
3488.369141 31.936663
2537.451416 22.932943
1473.237793 37.296169
1945.109741 56.008762
1526.742920 75.366585
16351.710938 4.569260
12738.493164 5.691278
8069.028809 8.636518
226.194260 13.811892
1018.332397 67.174179
2979.855469 84.078751
1842.193481 87.528053
16355.772461 79.809296
2310.894775 10.266109
628.135681 6.027006
316.541107 18.091841
545.424011 41.811543
1599.905396 39.773750
1358.287964 59.012756
6046.602539 80.347137
382.261566 101.560959
6122.652832 10.921363
11758.007812 7.869382
4202.628418 12.815794
1857.416504 23.975544
3920.541504 142.829056
2532.616211 220.464325
1961.561157 276.883484
7700.345703 293.243744
13997.937500 15.664061
3131.125244 6.818767
1052.351562 22.244678
2082.301025 69.846863
2394.686523 134.167068
9714.503906 103.754730
837.172302 57.713428
8177.041504 17.155025
19668.968750 61.982967
2507.350830 83.362991
17563.597656 114.575523
1098.691040 136.766190
5.177955 67.488785
655.434387 148.896713
122.686989 244.977310
404.208679 328.677734
4731.966309 19.737097
10556.274414 5.551123
5929.096680 0.414107
1022.761719 17.533506
337.686951 71.862244
732.286194 103.043648
2904.399414 147.532104
9284.740234 203.123199
4503.579102 6.536646
10207.247070 13.041524
6493.248535 29.630407
1975.519165 49.209236
1493.250244 45.031094
1941.487427 57.821869
2548.597656 62.975525
212.736786 60.057175
6475.192383 16.719997
2322.724854 11.941772
176.597610 16.412085
694.278137 29.100676
295.271423 321.407227
7380.834473 461.230957
6175.706543 560.954651
3240.467773 589.484192
4717.458984 3.117870
7080.893555 20.370155
597.044861 77.784615
176.376541 182.532379
134.801102 16.033363
1971.074707 53.380833
104.174644 122.253387
105.937622 217.067413
34810.718750 15.763914
13579.425781 3.129457
3640.791992 0.138786
6281.595703 2.345637
4461.200684 0.629092
1716.272705 0.300866
4669.121582 0.700257
14744.071289 3.014768
3611.306396 6.604803
1164.177612 2.908061
1323.912598 1.348705
6036.981934 0.915826
5857.252930 20.984219
1392.236450 23.051020
11484.016602 26.750759
13761.947266 30.507090
55326.023438 13.602520
62478.703125 18.019594
16319.828125 20.080811
1309.747192 20.485456
6583.661621 49.027004
7301.033691 61.132278
5804.039062 66.811081
17933.738281 66.310524
13183.306641 0.022147
5669.806152 4.548476
2712.300537 16.427561
1156.707397 32.739243
969.684021 77.492493
468.956177 102.193832
2075.892578 127.110817
2123.973145 145.991180
2877.773926 11.736067
8600.021484 24.210634
1437.530762 39.020470
987.506104 56.369854
2753.796143 289.191132
5403.772461 359.394714
9236.238281 400.398163
32754.330078 414.165222
5444.481445 14.470884
2465.405273 40.320499
5920.188477 107.939804
1000.803040 198.828354
165.189835 15.911193
104.001831 36.997383
3321.022705 76.033096
646.234741 134.873703
669.309265 48.179298
3089.974609 19.230394
3240.569336 7.579993
1548.491577 7.203570
636.394775 93.707466
553.408569 118.001831
1468.241699 120.265633
15631.171875 103.064529
8948.002930 4.847894
1520.146606 1.437494
2505.217041 20.415840
3026.741211 55.983414
1207.123901 86.896355
1819.254761 135.758881
1033.232788 197.189789
788.207336 256.350128
3481.942139 92.337021
2625.954834 68.963150
2054.741211 55.612354
1042.948730 59.803925
497.081055 49.851967
5234.000000 45.250202
2340.874512 42.285709
1058.801270 41.557518
5796.721680 53.947201
4109.904297 56.988739
836.571655 57.222122
1866.669434 54.464088
8.347937 7.774330
3008.335205 11.485070
3042.899658 14.860636
5404.948730 19.042110
17203.001953 7.495480
1730.411743 1.742145
5851.392578 1.016745
1384.317017 3.774731
2208.895264 194.060989
977.738220 217.566025
1055.599976 218.838745
14521.659180 203.274368
1883.457275 31.365496
2712.672852 56.249340
815.591919 100.309097
2071.386230 151.247986
331.342499 298.181702
2212.260498 499.546265
715.322998 690.462830
1998.961182 815.634216
767.068298 110.990654
18619.568359 61.352566
4235.945312 62.955059
765.682312 141.786285
710.242859 169.672180
2146.741943 193.293900
294.832184 199.658157
7202.369629 186.923599
2990.118652 58.022800
4535.351074 74.787918
3203.680908 101.883820
4730.603516 136.057724
5411.893555 49.447536
273.357697 73.020935
4758.024902 135.113785
3622.045410 231.446289
13309.693359 60.242027
9381.345703 59.173126
13458.199219 57.667717
5242.041504 50.781563
3188.643799 90.495239
1031.563477 80.599297
3913.373779 68.036896
11270.171875 56.453636
3666.937744 50.571320
1069.019531 71.065178
9115.693359 86.721664
3826.839111 93.424103
208.630447 26.093491
128.544952 22.069395
2170.981689 29.569895
15916.914062 47.511848
2459.526855 38.047764
10273.960938 45.272923
4856.680664 44.695503
923.043274 36.344646
1495.884766 6.541789
783.944092 22.050776
1727.589233 69.851166
7400.492676 138.748734
51203.554688 36.108124
8743.458984 42.699997
823.238953 34.523159
7622.703125 16.739515
5472.153809 59.614697
3326.970459 95.407204
258.693970 123.599579
2708.309570 131.815689
6874.280762 22.099880
9947.400391 15.874414
2898.785156 15.903501
2088.621338 30.266809
396.828461 4.443365
104.883049 1.697172
3576.964355 0.087511
719.453552 2.344443
2673.676025 11.367253
5178.117188 7.613261
1866.921387 6.662601
1105.049927 6.174996
2029.026367 57.595875
893.543884 62.611084
7976.247070 63.592773
3937.329834 61.770428
8456.054688 10.945610
3566.493164 21.706881
633.840149 35.238167
447.888275 48.100536
174.288376 6.771546
1726.730347 27.765518
4026.952637 60.383404
2990.217773 95.109543
5440.336426 22.272709
735.166382 14.943301
970.871826 5.743335
2966.123779 0.623324
8966.071289 21.893944
1644.806763 44.284782
300.354492 71.389191
540.479126 90.327393
67818.390625 34.923302
4678.769043 28.579994
3253.813477 17.808083
1394.621582 13.000880
6399.170410 148.203369
10771.861328 211.002655
11674.501953 246.264114
3610.317383 239.936096
20780.906250 53.073654
2709.733154 34.863129
11.638834 42.651573
4538.880371 83.936653
2423.313721 67.988037
1909.386353 80.686516
3346.222900 78.302025
2522.580566 58.386295
4422.706543 72.059952
10535.264648 52.303772
2004.994507 44.091339
5881.436523 51.484177
3326.996826 146.985977
2463.830322 159.066925
9981.110352 146.775284
1772.730591 118.810143
7729.084961 36.230759
3787.377686 44.218182
716.480774 73.894447
2676.884033 113.913910
1345.756226 84.397926
303.352295 132.361969
4116.643555 174.385406
5188.063477 202.228714
24914.542969 7.690817
17782.771484 0.124521
7417.391602 11.148246
250.871155 40.925617
3203.005859 49.419750
3278.109863 36.993134
2865.702881 24.228956
6703.311523 17.680288
53437.750000 45.658119
33386.976562 49.888325
5944.555176 55.130749
4265.231934 55.977470
6203.086426 26.129799
7604.706055 43.795231
528.186096 75.453499
4608.594238 118.246353
21465.949219 3.962769
11763.285156 7.365183
3803.579590 13.026718
9320.794922 18.124027
155.278534 13.100556
3136.688477 19.756733
11054.540039 25.078960
7304.541504 26.982517
18372.408203 3.631869
5400.618164 3.259651
448.434875 4.142675
3331.620605 7.420958
1741.659302 0.465064
475.463348 0.587441
5778.608887 3.282266
6432.569336 7.931045
24066.535156 2.676799
286.351501 4.005478
3191.637207 3.718482
354.617340 2.067736
831.898987 48.675308
4382.947266 71.061623
7220.646484 85.530571
1727.701538 87.312180
27198.376953 10.675138
16930.884766 6.650403
4242.204590 11.241741
818.884338 26.317432
1113.164185 32.541782
4966.368652 22.410473
1722.310059 12.779826
4648.239746 6.115130
25445.226562 36.985546
15513.550781 42.121994
2805.743164 43.638195
114.743355 40.304203
2242.432129 87.207367
22.357712 117.244293
4024.386719 138.305557
2962.045898 148.840729
1132.932861 11.523138
7815.949707 10.160175
1194.366211 25.619932
3923.910156 53.892822
1523.853271 12.117284
560.575073 20.678318
10745.604492 31.657207
6371.139160 42.503571
2572.298584 22.428118
5961.639160 14.319751
470.559326 8.931017
13.048597 7.961246
1526.013062 100.909653
4992.101074 124.302864
8479.001953 136.469254
2562.427002 138.486908
3055.294434 2.581151
2701.060791 12.631021
489.432068 37.147038
220.350937 69.466560
54.938339 218.996033
3092.223633 305.587585
1948.818481 378.378021
11237.838867 422.666412
21021.882812 0.606050
946.633789 19.586040
582.297668 65.345947
561.350342 134.538528
391.447357 139.792206
2.205865 206.471130
870.357483 273.866852
2441.955566 343.301208
10369.360352 40.570988
19379.564453 11.873013
10375.139648 28.675709
6035.781250 76.838646
350.207428 94.885368
2387.436035 131.009705
7909.757812 157.425446
2114.363525 170.476074
7876.522949 19.068661
337.184052 14.255089
1380.884521 27.770748
3178.747314 57.192986
293.828156 211.846893
834.364502 310.128235
194.063263 397.054688
977.512817 459.155579
15027.053711 21.769245
928.920654 15.643277
5068.854492 49.849667
4475.726074 119.417740
454.011627 136.025055
1604.947632 170.796082
836.903442 196.931992
12647.093750 218.028671
3170.180908 85.497040
4962.535156 60.384689
5569.941895 67.186073
4423.330078 97.290848
605.451904 2.832676
1532.272217 3.745878
9391.248047 29.824089
5514.767090 72.009384
339.616455 77.264404
3451.199707 72.382408
527.017517 51.668575
3638.106689 23.364082
260.748749 148.644211
6354.904297 235.358017
8664.476562 308.911499
2632.471191 341.281311
37609.156250 34.905174
10284.902344 29.614952
729.882446 38.733276
230.328003 77.697418
1411.602661 0.328501
5427.520508 0.295011
692.007263 3.119298
621.365601 10.214458
30688.712891 32.830364
4893.550781 18.168770
1321.629883 8.242052
329.337280 2.718388
2704.507324 93.082840
6828.466797 116.210320
1279.075684 123.957916
4513.045898 114.672981
3968.600586 1.616396
1983.112183 10.911410
881.948303 31.878040
2364.312256 61.797459
2616.298584 170.031830
3992.275391 260.995453
12904.750977 346.355438
3549.665771 401.865356
12219.411133 5.401313
233.385956 16.045500
1252.363770 43.253540
1078.406006 94.134361
7642.647461 12.362193
181.927460 1.582840
232.891739 2.750090
11755.419922 22.534208
26210.699219 55.941784
12181.438477 44.644539
871.589844 36.517010
266.669434 25.948565
2864.786865 45.079269
1241.970581 88.355225
4886.035156 142.563385
4998.446777 188.733612
12479.411133 29.934238
8837.766602 26.904585
201.227615 20.773115
19.718040 23.190746
2399.735596 127.837036
548.174255 128.258484
1435.836548 109.216736
13425.423828 76.943741
6594.123047 35.053894
11.778428 54.124619
1857.796143 81.434044
2978.085693 109.491562
1223.345703 129.113678
2670.521484 228.156113
5236.755371 337.300110
2158.224365 429.687286
11981.208984 22.315201
11066.304688 12.327685
801.159790 21.439232
1570.335205 58.505192
4389.950684 71.542847
2704.406250 102.320915
3330.391113 145.312592
19579.980469 197.733566
2613.963379 8.054377
6657.123047 14.479670
332.305481 30.227518
528.930908 49.139687
569.239258 316.227478
5725.111816 403.792053
7947.439941 448.056030
5310.262695 445.652771
11106.662109 71.031166
8480.684570 66.259651
2725.084961 115.847954
179.867630 208.874771
3222.661133 96.141335
2427.821289 179.667816
1516.529907 269.591919
628.997131 348.739380
19283.371094 40.863140
9345.983398 7.584932
2288.860352 4.087852
1072.228271 34.388447
4740.907227 127.088333
521.426575 181.896057
5810.340820 229.365326
12251.704102 260.636200
22758.605469 1.642221
6371.895020 8.202562
2864.559082 33.302441
5215.512695 74.753860
1847.848999 56.165375
2711.123291 90.619659
1529.646973 136.333313
8258.777344 189.280609
21088.248047 41.133259
5142.688477 24.096500
5412.647461 22.455898
103.694458 33.527523
3243.498291 89.805283
2245.069336 74.724792
20213.287109 57.573307
3005.136719 42.093037
22454.570312 70.461678
10592.867188 87.663155
1557.014893 97.919083
1.631246 98.537025
1787.967163 63.375191
6625.786133 121.359993
4360.735352 190.350159
9601.838867 251.775970
6136.365234 22.374081
7742.529297 14.516274
1777.968018 13.405937
3020.441406 27.278713
2156.806396 133.954346
2528.461426 159.223740
13200.638672 173.654297
18661.972656 168.678635
18435.187500 55.277515
942.646484 70.164108
2793.025635 86.313248
2881.851807 107.636917
2204.168945 182.989624
976.703491 181.209518
1031.569702 186.646744
5900.370605 211.856110
5992.775391 104.455482
814.947266 124.767784
6663.774414 154.781342
952.073853 176.544357
1004.977722 179.560425
4981.653320 256.282135
2627.065918 330.483124
5099.159668 382.067841
17174.919922 117.859741
23719.777344 94.072723
2491.643799 91.963333
85.848885 120.651688
70.622971 139.027390
1584.261597 140.177887
5761.895508 140.727493
1892.801514 148.421799
10114.058594 87.118828
889.158325 95.943748
3255.125488 113.929474
5166.635742 130.508606
644.903198 156.944534
3130.396484 246.185669
668.915344 317.818298
3696.870117 347.836609
9249.967773 2.028601
11396.603516 3.139436
681.757751 24.920204
8993.527344 77.155228
7199.432617 28.615646
914.067139 5.949762
4592.588379 5.331834
28301.460938 44.697376
6899.861328 23.291374
15756.070312 33.719784
9937.834961 48.716106
360.846954 48.155838
3956.856445 56.242119
9698.652344 100.422813
3494.484619 159.753036
21686.738281 213.993744
1213.971313 56.042336
13694.929688 49.943146
11140.685547 39.372364
1219.225830 37.145798
1296.457886 51.590088
1347.015991 48.974762
7807.364258 49.448666
3362.067139 50.953312
10830.320312 65.610214
6936.113281 67.241898
3716.297363 63.608856
3904.390625 57.250587
5555.682617 213.672134
5266.394043 267.073059
6743.287109 302.233215
11904.865234 315.905609
10129.013672 53.518486
506.420807 61.677704
1805.825562 97.075233
122.997559 152.216339
575.617188 122.019180
1293.298828 193.035858
802.498901 252.806824
3143.284180 290.538391
2847.761719 29.651142
6421.434570 5.673746
4262.179199 14.628972
1798.052734 56.847660
2345.088379 135.986099
5697.022461 208.668671
15178.346680 292.463715
8371.650391 370.265991
7851.613281 92.205551
2920.210938 67.878723
3394.002930 64.304443
1939.685425 86.375153
3530.277344 114.758278
4888.867188 77.837219
3551.880859 54.282131
957.874756 46.905590
9995.534180 170.041214
1055.381226 187.973846
2063.522217 182.152451
1776.291138 154.236755
1437.791504 752.363708
9303.453125 1055.069214
2792.541992 1309.107422
7058.769043 1442.491577
4765.711426 174.393036
19531.656250 192.356064
811.139954 287.549683
3364.626221 478.793182
478.641998 194.854111
980.477417 239.681000
4091.164062 298.919525
3386.326660 388.799957
14792.117188 214.759552
8289.415039 141.722534
2647.879395 129.708893
10445.336914 155.299011
1660.999268 94.646111
123.169571 157.335129
636.850281 205.555557
1003.401855 224.990799
1685.884033 23.691113
1096.454346 2.883658
7158.334473 5.539886
1049.896484 38.230907
6281.513184 15.263559
217.858871 33.508202
2115.242920 62.164040
3289.483887 99.090897
14447.512695 11.241265
9974.191406 3.028703
2159.551514 1.840136
385.008362 5.634081
1054.481201 40.174263
351.224121 66.431778
6046.483398 87.103821
1672.590088 95.773384
1934.937378 6.403087
5570.729492 0.370048
246.914886 2.868401
1921.767090 16.787697
589.398926 61.339615
798.247864 72.659393
303.925018 73.105904
141.530380 61.463451
39239.253906 17.896269
7813.237793 20.626160
8708.497070 29.643681
292.212769 44.723686
5966.011719 0.345597
715.147888 2.326308
7448.277344 12.691888
20002.496094 29.969978
3047.382324 13.705446
7717.102539 12.856361
1229.090576 9.571733
314.766541 4.245907
3377.893555 184.698593
1661.618896 226.520111
757.351379 249.989944
19649.117188 248.505707
1194.969360 27.727951
2969.088867 51.864731
4726.270508 88.532761
42.156612 135.178818
4385.323730 166.109161
7792.471191 201.203735
18976.486328 269.920349
22673.455078 367.508087
193.943405 116.063782
11876.420898 127.251671
121.045937 141.927078
3192.430176 152.145294
745.134460 146.634247
8286.876953 261.758911
8984.515625 358.822510
1123.405396 405.677368
7842.479492 46.357918
5301.887695 9.088129
10562.186523 5.000456
1597.291626 52.087700
1468.005127 64.970535
1512.476685 104.413193
2201.873047 146.931641
7384.223145 181.149033
8490.243164 12.255461
11370.717773 13.226495
3844.909180 19.920258
5456.215332 36.221512
1064.451538 7.461959
927.334290 3.962683
7182.157227 4.597614
918.415710 12.317044
11608.943359 12.155106
571.311829 11.500900
7498.563477 12.175876
355.099152 11.030307
848.318115 222.436600
5132.228516 326.918823
2741.443848 414.040985
7414.671875 455.177429
22275.253906 48.881432
20764.996094 49.439262
2052.413818 72.989532
4751.997559 131.309143
5176.290039 27.787489
1224.300537 61.483345
1596.367432 106.385452
11560.601562 156.003387
23049.062500 25.631626
479.609772 7.639872
2043.023071 1.527093
1035.996338 7.878362
1291.380615 113.765312
834.261841 151.308273
4561.765625 182.373215
1970.381714 200.225601
172.025421 4.573042
11349.751953 19.378248
4949.109863 43.866863
1059.492676 76.315964
115.584709 395.146729
2857.822021 487.490295
227.048599 560.289307
2146.987549 604.485657
5899.753418 44.385452
1451.938232 102.640953
213.950775 190.486237
400.148621 292.522644
927.733521 171.928467
5035.234375 271.092255
15126.121094 415.807129
7184.833984 585.580750
14988.758789 96.333176
2569.049805 82.661896
446.156799 90.231720
2141.440918 116.351120
2154.380859 381.386261
922.904541 519.799622
1633.906860 582.044800
1521.191162 556.318665
18062.048828 114.723801
926.365417 60.564350
4821.475586 96.123032
346.986206 218.313034
1071.529663 237.465988
4318.867676 386.886383
7588.445312 535.302979
3216.247070 657.066223
14221.333984 66.104897
5290.231445 23.042799
4156.780762 38.843021
267.705231 114.154343
28.076878 77.876335
892.831543 172.331573
1091.595581 283.505219
4466.027344 379.515991
1237.716919 39.300690
476.802399 16.144712
879.355774 4.457170
1663.975586 20.973488
186.852020 22.325987
48.145454 31.859404
44.112507 45.568775
4073.411133 62.405094
829.323853 17.101830
4278.724121 13.344393
1969.573486 13.489177
1875.421875 16.476028
2870.990723 23.846462
74.950211 39.775734
7797.047363 68.988693
507.037201 106.417725
2545.890137 7.714468
3404.358398 13.386239
2933.917725 16.980499
2499.361572 18.570312
816.060791 41.142483
2168.827393 60.595226
10164.355469 73.541443
18585.523438 75.642189
5122.649902 26.976433
3718.865723 15.818794
1656.318115 13.605537
460.426575 23.041622
105.926437 72.044846
5029.436035 87.236832
1376.478882 91.170990
4303.248047 84.317856
25624.306641 1.655066
3905.267090 9.141954
1961.926392 26.315065
1131.897827 49.490471
971.235413 11.833570
4210.125977 48.787819
967.979431 107.647339
788.480469 171.829681
3501.385254 31.336288
639.322998 22.359612
10445.964844 9.094373
626.607788 1.181681
475.020538 61.844040
276.688873 97.868805
5115.791016 128.542755
3950.767578 139.055191
7818.285156 38.390678
3820.514160 30.903900
8911.369141 26.338600
6097.644043 35.530602
52.935028 147.544769
1402.921387 145.328583
11542.306641 123.385818
381.637024 89.633354
18669.167969 77.652443
122.509285 86.782425
321.828827 107.346184
6861.317383 131.636826
2825.563721 9.595660
1576.815796 5.684195
1171.233643 26.545246
13598.198242 70.278473
19300.546875 65.191689
16530.722656 62.111420
504.700409 49.842701
804.893005 28.977791
50.550560 203.712708
2755.504639 293.334961
270.510864 352.111420
5455.234863 357.178650
5441.812012 25.355835
10401.256836 26.992636
321.946625 53.691441
680.677246 115.303009
6288.970703 106.312492
5788.147949 133.256348
14102.546875 188.453094
1987.463989 271.596588
4308.750000 46.157623
8261.865234 60.307468
402.944885 79.836334
3273.431152 93.674049
5043.708984 274.953705
6162.198242 318.924744
28831.746094 342.658936
13145.321289 347.300537
11034.687500 71.371666
8265.299805 100.263359
4267.756348 152.627457
1320.645752 215.734253
4292.235352 561.078735
15151.732422 838.231506
6589.965820 1090.717529
33855.250000 1257.100586
25274.732422 147.707932
15968.840820 118.128716
3969.049561 171.956894
3304.456787 323.995209
764.676514 278.596497
8572.892578 369.513458
9762.453125 459.885559
1902.613037 546.976685
23947.650391 269.783325
22969.302734 182.073853
18814.109375 161.988190
4050.409180 201.561859
1209.075195 14.924000
1645.187866 28.220610
5122.170898 50.805454
3483.510254 76.434273
6057.961426 76.434273
3483.510254 50.805454
5122.170898 28.220610
1645.187866 14.924000
3322.024170 26.014456
2056.920654 47.118839
7810.226562 68.687035
1597.616089 81.613968
90227.203125 17.911026
8099.493164 13.777368
2451.121582 9.966589
598.223328 12.880371
17825.011719 387.079041
831.194885 452.654114
3433.414307 457.812622
18291.232422 403.075470
23937.419922 78.687950
1159.883667 108.694893
85.643280 181.478363
545.034729 284.651611
339.777435 92.654961
1871.324951 154.433670
88.081192 245.125977
44.702557 358.700012
3271.244629 96.357338
3557.460693 55.568176
7802.953613 44.572529
2259.957520 57.269043
591.975647 50.111050
4.005742 48.905537
1322.052612 44.910328
1248.373901 38.398216
120.429359 29.338724
187.524414 37.614189
8623.314453 44.226833
1055.797363 48.505451
1822.594849 109.236176
2515.786133 107.721542
8298.982422 98.572411
2681.014160 92.910103
6077.216797 40.001877
2565.427002 49.892918
4047.352295 73.238281
1700.487793 96.755394
498.485046 92.138077
4999.664551 177.582001
803.897034 269.706696
7371.285645 338.106934
418.338715 69.119011
1360.549683 40.725677
3826.889893 24.098970
2239.420654 38.150249
2658.169189 224.037323
946.270142 231.962555
406.734253 197.444809
9256.399414 133.827271
36712.703125 52.808064
6455.395996 73.937653
13105.253906 121.401459
6089.786621 179.885300
814.803955 32.057686
2184.044922 33.411396
169.527145 47.889275
8799.113281 75.504219
4017.229492 49.752083
8217.246094 48.022163
2513.720215 44.732883
7879.031250 38.167953
1302.409180 199.919205
6494.269043 275.609741
16876.611328 367.445374
10216.858398 456.971863
9922.865234 29.297216
14620.134766 61.746868
743.700684 100.430115
2949.027832 143.931076
1872.322510 19.088242
4107.165527 29.375305
415.138702 47.443420
7604.980469 73.759140
64511.582031 67.260635
30861.308594 39.215790
3564.565430 22.487558
2155.394043 16.405376
1648.804932 6.489376
1871.182495 6.094814
504.577209 11.091081
3211.917236 17.667831
3670.773438 29.412569
23149.611328 28.890461
1003.138611 21.998743
247.829117 12.836308
1527.802979 180.315994
640.570251 212.057526
5083.211426 210.381195
6637.628418 179.918716
2952.018555 0.719367
3792.054932 19.181133
2931.355713 64.212769
18.570116 124.582085
3084.105957 117.859489
5719.441895 189.557190
9334.673828 275.493774
14933.224609 363.817688
8799.109375 8.001719
568.161194 6.886175
994.838013 26.975357
3148.842285 63.979301
5261.583984 211.091492
1247.972412 313.818115
5111.903320 391.779968
736.165955 430.758728
15676.906250 51.125530
2356.245361 20.901623
868.793091 40.925499
3335.365479 110.498154
2805.939941 33.197094
3433.762939 73.775650
16069.114258 121.713341
1514.262695 167.748718
5820.945312 57.056778
3007.033203 22.732010
788.496948 5.009217
1089.636108 8.549866
321.226501 8.193170
84.590141 17.336292
635.223877 28.251406
6761.054199 38.346279
8928.826172 3.074797
13705.692383 0.746386
751.911011 0.183705
2815.954102 2.402915
1039.357788 52.801029
3299.052979 50.632599
212.334198 45.128250
2393.291992 38.561764
31360.371094 15.314492
28574.511719 28.405979
4948.945312 40.986084
497.928345 49.703800
69.469612 114.536659
460.083557 184.691299
340.526001 243.554031
226.126770 274.517731
3207.491455 8.972350
1759.966919 0.701751
901.201782 13.353551
781.671082 52.647301
1076.298096 117.245682
600.052612 182.095795
1848.926758 247.058502
878.395508 293.983551
6671.866699 3.465340
994.572144 13.162815
896.538818 32.149944
843.476868 65.796219
1847.172241 102.483536
6849.363281 110.775055
6132.925293 120.261108
18401.765625 141.727768
966.542236 36.924747
289.441833 40.413387
766.095642 62.025112
93.972588 86.239525
147.245819 71.137856
1026.906250 91.553154
13052.886719 114.197441
4517.561523 134.418701
28244.005859 75.622803
972.310059 60.773109
1028.996094 54.025551
3038.820312 57.612041
5516.901855 11.947888
1827.328003 21.864853
1373.777832 33.386581
4820.817383 42.186600
10389.629883 27.175999
8608.675781 17.836042
685.715820 10.029524
4461.556152 7.517299
451.958130 67.175903
124.598877 82.972267
2197.510254 86.150146
6556.474609 75.803848
2237.100098 1.130239
4341.175293 7.489168
4301.268555 22.559729
1328.473022 44.469456
2416.255859 162.879257
682.974365 245.040253
364.496368 318.784882
5844.170898 364.024353
7370.817383 10.133413
5485.954590 16.777372
165.775177 42.225899
1530.554077 91.466606
507.446136 71.172745
1230.251587 90.825974
63.593567 118.469833
3055.347656 155.700821
5462.679688 45.913437
142.936768 38.213139
1880.297119 43.754589
3625.637207 55.889076
2400.620361 18.228619
10521.743164 35.302223
2592.930664 68.508247
3934.129395 112.373413
7190.874512 50.677376
5464.825684 36.323135
5045.341797 24.085339
1103.793823 16.245024
797.089417 103.389107
468.358521 54.720940
6089.051758 36.337471
7935.508789 70.604980
29378.609375 159.363037
7414.605469 168.225098
8129.818848 171.812363
526.372314 150.011078
2679.377441 17.704178
74.674667 10.851166
2141.245117 2.574688
3550.649902 9.971201
3137.327148 26.245106
27474.947266 2.159754
1695.716675 3.306242
1141.072266 13.673587
2295.809082 54.404659
3170.844727 44.313766
4337.235840 36.950512
1622.078247 65.977654
7225.306641 38.982063
3108.750244 5.072576
8716.765625 18.414993
1172.793579 44.436287
749.731689 61.782570
3490.668457 66.442001
6620.083984 51.175690
1958.935059 29.260555
6896.925293 196.443604
5825.324219 101.159065
1483.094971 52.919956
680.830261 48.117485
1405.203003 1.768134
1379.773804 9.614754
318.550171 19.111197
5216.197266 24.104088
19972.033203 33.648689
16536.978516 22.151197
586.416626 9.062660
2791.435791 1.083317
3425.605225 9.370518
5150.297363 16.313250
2729.296387 25.105042
6400.550781 32.303371
15015.345703 6.753212
278.989563 7.027346
961.352905 6.066309
410.719879 6.120468
91.124847 77.744698
2800.851562 41.580208
9070.568359 23.945568
1599.473022 45.853943
4550.131348 21.336046
3628.430908 61.292091
2210.534668 96.263046
1187.553345 102.596489
119.982544 11.141706
878.815369 13.490683
3317.055908 7.790553
3345.783691 3.196511
35322.617188 98.749283
34452.117188 39.430099
144.049149 9.385602
4543.584961 4.902385
120.443306 17.312832
2588.976074 20.128975
180.886780 14.471455
6689.666992 6.121653
14044.639648 25.889584
1274.267212 5.389093
3407.468506 0.845304
2611.035645 8.029880
673.543701 0.014922
4269.618652 7.482032
3119.178711 30.793467
5664.317871 63.011925
3571.362305 16.259497
3534.894043 21.153519
144.170685 16.380249
85.246353 6.054705
774.977173 90.083954
3358.675781 54.868759
225.235626 16.612825
7573.438477 7.376712
19266.968750 5.266090
9850.354492 27.100464
5843.866211 68.154831
1551.865356 95.942551
1214.077881 4.636305
180.120117 1.245923
2361.894531 12.630217
10925.397461 41.306271
239.325256 29.086035
6960.434082 26.417099
743.977844 22.806690
1958.784790 14.554207
105.294693 114.943413
4253.543945 87.075302
12429.401367 60.625366
719.213013 84.587021
11965.748047 10.899954
8138.749023 9.335432
4745.138184 58.521393
478.610107 106.003067
318.750580 45.291626
5204.541992 50.675194
9185.970703 37.752171
12000.893555 21.005695
26863.265625 279.224609
11323.212891 139.161880
3110.531494 58.346447
916.371216 36.566010
656.816956 2.002658
4218.546875 3.846355
12297.588867 6.076238
12450.671875 9.388458
7575.706055 67.259743
1389.156006 36.157780
1648.090454 14.240112
645.198792 3.807889
1672.029419 25.638002
1838.999878 14.680661
4438.009766 3.538964
7307.004883 1.520614
13074.668945 22.336578
12384.904297 20.594934
5118.873535 25.774889
331.407043 29.476341
312.642395 29.416695
1942.750732 34.608864
1253.504272 33.709595
391.864197 34.046501
24072.082031 16.694597
14311.269531 1.850309
2554.934570 4.551109
390.391968 17.195131
1345.280518 23.380943
2726.691406 15.509719
781.435059 10.301372
4289.794922 9.900508
22404.058594 54.261826
1407.358276 47.281136
1555.353027 39.897675
54.788200 31.883825
2415.360352 8.484689
4958.364258 6.198057
3001.407471 3.767565
3572.635986 1.860532
10632.095703 11.112722
4109.423828 11.249238
3466.181885 11.012045
685.249695 10.139957
491.532837 0.447627
418.759552 2.409127
12689.515625 6.218465
16427.982422 8.490798
2994.931396 53.377415
7913.241699 34.711163
850.941101 16.558163
839.277039 4.486955
166.230621 35.827324
483.116913 41.058010
4501.836914 46.600079
2508.390625 50.208298
3824.888672 24.435270
15012.583008 27.571566
3201.086426 29.786129
781.997375 32.143318
1186.616089 30.557350
553.935425 26.483919
7418.978516 19.749004
600.104065 19.687111
2821.283203 7.819756
1036.228516 5.837263
1980.026855 15.218947
3726.274902 26.227337
2482.584473 28.991121
9005.621094 23.600084
7884.650391 21.331999
5543.659180 17.470951
18647.240234 96.576378
941.307617 82.082733
2527.646729 60.964657
71.577232 41.498402
3234.976318 8.003278
583.462585 6.814743
1100.652588 15.918217
988.356445 38.658970
57571.210938 16.746592
2620.321289 14.754706
5544.320312 14.942301
1225.253906 12.549624
3320.484375 37.946114
1940.700806 39.445511
536.626160 31.867985
16968.132812 20.926964
4314.314453 74.573586
8117.069824 43.062210
887.921753 29.391745
729.993103 31.083591
1070.942139 0.630212
2525.131348 0.701543
6125.670898 0.464931
14876.675781 0.303450
6690.537109 2.324295
450.531128 0.741579
1015.698120 0.151744
1937.695190 0.297533
935.441040 14.298705
2540.508057 23.442307
885.561646 31.190128
755.175720 34.770599
17596.148438 15.335545
2385.348145 8.836780
2442.484375 5.500715
4541.145508 7.427271
403.054596 16.875969
1514.287842 14.940335
8721.625000 20.219826
10385.927734 36.095955
18213.044922 9.382288
3279.021484 13.426896
3999.431641 18.509115
934.753967 19.669966
106.407791 13.899008
2572.067627 10.466977
5429.812500 8.931172
3287.918701 19.748020
26.039900 47.414261
8277.995117 21.176634
3993.958008 12.916910
432.501801 13.669941
904.484131 34.941551
8143.080566 37.152073
9219.041016 27.572802
5753.063477 11.247134
6907.375488 64.469948
10512.162109 34.812599
2540.032227 22.617481
20.531612 26.156168
248.212402 9.972435
188.319534 4.264281
2586.574219 15.328080
526.425293 47.567635
45578.117188 6.293361
3812.431152 16.422621
4249.675293 23.449656
431.389618 20.216497
1056.566650 69.456207
6277.448242 52.799221
8098.396973 24.013395
3925.826172 8.729361
15997.541016 28.078239
2425.173340 16.542923
5839.658691 35.598572
2652.131592 61.095898
1501.923584 2.603640
557.027222 2.342496
3489.465820 0.385006
8900.526367 0.984452
5233.732910 24.241800
6324.631836 7.518058
74.849037 0.673386
24.378277 0.794550
2606.211182 12.893933
7470.496582 12.476472
3108.813965 11.474177
3322.464111 13.463780
8445.903320 9.806580
5775.579590 5.651831
5646.777832 7.194109
18.777714 10.774475
377.260681 26.772808
1706.714844 15.737532
6244.647949 12.305779
6930.164062 30.090267
19196.564453 0.970954
604.506409 6.704090
3039.989258 21.754438
2690.066162 30.740448
2323.464111 30.674011
466.291382 23.296486
3259.960693 8.473471
4134.372070 0.666429
30025.732422 19.811489
24682.632812 5.429007
873.776917 11.405036
2533.812500 24.625002
3110.447266 9.381458
1841.231445 5.517489
7866.526855 0.871165
3014.334473 1.140459
12890.433594 20.518396
284.013031 10.383422
1766.615601 8.336743
655.226257 9.699335
849.450562 7.515282
1550.669678 5.515797
5843.715332 1.977680
11617.180664 3.357167
1845.133545 18.097805
9496.951172 4.631221
1720.113647 2.255126
42.463276 5.413663
60.552086 0.838192
229.429932 0.845296
5476.340820 0.810950
270.741608 3.452807
12357.090820 16.356319
867.115417 5.340649
10.102819 0.594178
1854.924072 0.127097
372.087219 17.635410
1924.172729 16.189823
967.589111 9.158077
9358.470703 1.978656
1831.889160 5.352015
13073.441406 0.534081
145.246674 4.554621
617.813110 12.433579
2094.260498 5.995311
5150.261719 1.684367
1213.041870 4.939513
1129.400513 13.217916
1654.078613 30.449802
4382.752441 32.616371
2649.203125 26.860636
1574.626709 16.106133
2303.153320 9.266302
3450.985596 9.199080
22646.623047 8.293949
31657.250000 12.807231
4573.411133 14.297508
1147.509766 1.915236
376.505554 1.028767
2243.406982 5.654547
860.506226 3.167079
2313.649658 1.675737
3083.870605 2.812980
10757.604492 8.276340
5100.259766 49.655029
15865.894531 29.886826
3273.111572 15.671976
271.012573 7.303882
2268.767578 26.820456
2834.574219 17.973513
3913.523438 13.023973
3785.635254 18.580444
16908.099609 69.980469
2838.836914 52.403107
3503.980225 42.140121
4058.805664 34.898861
1933.698975 36.247154
2423.638184 33.848057
3881.756104 24.724905
14146.086914 15.914559
30591.355469 10.888154
10731.853516 9.596803
1118.450928 18.182419
3111.452881 29.689978
890.664307 1.493736
171.896255 1.418996
8245.034180 1.200395
131.578583 1.146785
10685.982422 8.270450
2688.968750 4.846211
1562.767456 2.631097
1611.388062 1.686766
181.627029 9.033973
613.531311 5.091900
863.336792 3.274138
1105.015747 4.014000
1955.867554 40.237370
5854.375977 31.366892
862.817383 22.525080
352.992920 14.901449
14.581850 8.186857
237.965576 1.202898
945.696777 1.610841
3251.147461 10.105286
12273.283203 57.183060
8992.867188 46.348419
8145.480957 33.564129
3373.796631 20.019735
851.902771 38.319004
800.485901 32.932594
2682.648926 25.609884
16879.664062 20.515669
4678.691895 21.817059
5076.674805 27.016537
3593.398926 34.027645
329.693970 38.733009
157.679672 10.856606
519.379028 19.492357
6894.021484 26.805626
7464.912598 33.756889
5436.949707 31.819313
6935.406738 11.410444
4777.865234 2.172529
29.564383 3.438102
213.953522 46.949650
873.833313 37.532822
7839.105469 23.034214
2252.763428 9.082232
6506.615234 31.967222
14118.674805 36.679661
2444.852295 43.707035
4640.020508 48.558376
724.363892 7.959035
1635.705688 10.048916
14726.128906 20.151155
12316.080078 34.547134
11554.473633 23.437511
5477.296875 24.864315
1262.711914 20.424995
1080.511353 12.976042
1644.106079 77.722733
1954.370850 72.191711
4107.096680 67.441727
2920.736328 81.690453
3650.457764 21.151720
2059.068359 23.390614
12147.885742 46.476151
1713.659424 69.399284
2.435896 48.072647
232.432587 40.108231
1596.236084 35.745319
19089.716797 35.468975
18592.566406 158.780136
9292.003906 120.416595
2895.934082 86.523811
650.325500 62.440800
1217.357910 19.837412
8217.343750 53.527588
17015.914062 94.138123
6616.424316 125.918854
21162.792969 51.877090
1054.477417 31.159657
5059.794434 11.339909
684.281006 5.002765
78.647552 75.398315
466.082520 35.003441
1912.529053 33.105270
66.269157 82.741714
1417.798340 118.498032
19598.300781 143.483276
7180.241699 149.701172
453.781891 123.456230
1814.453857 80.341606
2880.365234 65.599586
3661.952393 51.806923
17.877649 66.203705
11566.654297 33.142212
1009.532532 26.955767
2613.118408 50.619328
1276.346680 75.389999
2597.841309 28.192139
235.121185 48.383953
4065.220215 51.575176
10319.956055 41.260288
26167.111328 141.742523
1424.491699 56.262821
201.288147 10.349771
1079.997925 7.012934
4052.593994 9.253184
6332.833008 17.342327
4619.503906 37.556564
6264.085938 51.941776
1315.433350 148.063141
3537.197998 114.330940
7330.478516 66.230881
231.171524 25.962473
998.517883 11.790522
1391.813477 12.713024
1561.965942 33.410934
4603.223145 73.546532
14819.797852 10.601223
197.903793 21.802616
6687.159180 26.309727
871.856567 20.623060
14.760359 60.880474
976.269775 38.972168
2167.936279 25.314880
16482.507812 47.236717
18377.535156 16.479284
6395.625488 20.578218
786.968018 46.719620
1334.445068 65.674858
5406.138184 38.263466
8801.551758 64.757446
560.553223 67.626709
27746.486328 42.916283
12565.758789 227.541183
35.674919 110.552170
10773.012695 35.348148
1094.833740 16.896484
2300.149658 34.656342
560.348389 32.122688
6743.947266 60.278202
14497.888672 118.819427
15960.885742 23.046736
18890.562500 48.483032
9914.832031 59.731155
800.318054 51.095707
2972.591553 91.258286
806.017944 67.191956
4088.529297 28.752911
8128.153809 10.632983
10626.997070 50.785210
24552.095703 31.184813
1736.749878 52.652760
8951.672852 83.080933
327.007385 2.386470
2797.192627 13.579719
1358.395630 20.240993
11376.519531 14.687107
3049.448486 153.019409
4201.695801 85.440094
1998.266235 30.513968
97.358131 3.272069
1440.239502 15.737957
3868.926270 15.550908
4283.572266 25.689510
6704.087891 50.645252
20386.742188 19.815659
2757.586670 17.017897
10442.270508 18.688065
679.102600 18.536919
1487.892090 38.973907
117.443886 34.241310
2018.347534 22.247314
6553.256348 15.240059
9658.875000 201.737686
1031.025146 112.872345
84.614105 60.285641
3364.980469 41.561203
23.373993 31.915861
2464.354492 29.129854
3997.790771 22.518675
9170.505859 14.934444
10201.281250 28.713902
795.980042 26.409096
1654.093506 27.744892
1080.966064 30.672314
1856.535400 79.163818
102.241203 63.215805
1220.447388 40.066170
2230.682861 19.553856
15545.837891 21.960423
415.206360 44.050369
8935.685547 66.872131
628.141541 80.636673
2225.622559 8.090261
487.964172 7.888667
32.685905 10.448119
2651.993164 14.796244
2899.768555 30.022236
2535.615479 23.802084
2850.282227 17.039585
2121.049805 11.346982
865.983154 5.704275
1007.886963 0.367929
5598.258789 6.652619
1312.274658 23.515593
8418.108398 25.633154
1189.737183 30.770531
671.191345 27.898880
220.195663 17.541367
1686.500366 60.553551
4482.242676 51.076435
7204.353516 48.760006
9650.337891 73.317421
27974.720703 2.759221
5696.546387 10.920491
1015.409790 37.031883
819.038513 57.757660
307.592987 43.901947
2050.221924 30.999233
1562.380493 24.651888
439.578461 40.910007
7918.585938 217.732544
17200.421875 134.469955
2273.704346 83.877861
2730.672363 58.574684
1283.604736 62.609238
2273.569336 65.770599
3837.349854 53.255798
6002.507812 29.822569
6196.493652 55.712040
5677.068359 39.108864
3337.358643 37.858910
3628.836182 49.299953
231.560272 7.505848
6424.446289 2.026975
17664.755859 19.326900
12326.150391 52.710964
10356.568359 56.222824
3515.803955 64.159859
297.843475 53.388508
163.695068 29.609501
1390.756104 107.445755
565.073975 87.307007
707.052551 68.527832
1274.494995 77.272247
25097.722656 24.476452
1728.113403 41.383625
2865.812012 78.177612
3277.956787 105.951782
49.541458 8.815824
196.859543 6.958565
7865.691406 3.481625
4345.329102 8.216656
2237.354492 43.545963
843.840698 14.127840
6727.838379 4.199772
491.855469 5.970889
358.978455 12.859770
1768.745117 11.032310
5831.330078 3.873491
646.562012 0.689965
17931.296875 32.557072
5834.752930 8.359267
293.273987 2.507801
1353.884155 7.676726
1728.960449 10.010843
34.341366 7.171629
1703.908203 14.290648
11856.516602 40.471748
3453.657715 7.369852
10093.465820 2.839313
1970.216309 8.015036
429.022156 11.921410
7570.629883 51.544315
7870.345215 36.761108
10293.474609 17.379400
666.283447 20.877977
4545.739746 19.551014
3542.153320 3.320190
12797.300781 20.752428
3419.766357 44.665756
1772.330811 18.320152
103.551544 34.394817
4617.300293 41.289253
41446.929688 32.855278
15470.113281 247.314728
4546.792969 135.614532
682.598083 52.681122
839.096130 16.238979
3152.212402 25.724277
2113.445068 37.475700
1442.716675 61.461433
1904.496826 89.018311
39576.007812 32.723225
15096.362305 37.797409
6271.142578 33.968555
5720.739258 26.831156
335.500580 24.423599
467.415894 6.972276
3230.351562 0.796912
1314.586670 21.053566
2598.069336 34.830460
4678.453125 31.254185
774.690430 36.926174
707.750244 36.766987
1407.186890 59.446381
1969.320435 42.357052
5810.575684 13.703894
4123.034180 0.850378
4572.229004 13.245588
4653.426270 1.858861
1680.443359 23.010990
3.358957 50.480476
1005.881836 8.101051
2997.455322 10.635633
1666.337769 8.389698
3421.224854 13.344172
26413.832031 100.678116
3205.077881 36.421997
8190.994141 5.838739
4.200303 1.945378
279.868927 27.116520
693.596985 30.708838
5007.328125 24.699348
2135.867188 10.014355
10689.325195 155.784149
2642.714111 89.374062
5184.549316 43.800030
5156.186523 25.988867
1018.537720 8.717322
1134.965942 9.983220
569.607971 11.336555
6211.424805 12.830209
3511.600342 33.737419
3856.380859 21.526573
1476.189941 12.938944
115.950912 9.022992
1469.613281 38.302731
1836.512329 52.835217
1270.678955 67.087456
1049.198608 78.697189
4255.161133 16.809175
586.773315 14.403728
5168.035645 17.521782
17.339458 25.881157
1719.061523 87.398178
1467.520996 36.561886
11065.205078 28.937939
7504.721191 101.756042
16581.128906 106.745667
5202.908691 117.755112
4528.157715 139.165665
1800.600342 131.648712
1058.848633 179.717377
3023.167480 153.004089
4727.434082 96.037491
3102.330566 47.558208
3856.184326 168.354431
20473.625000 123.637329
3340.149414 133.189667
1150.298706 165.489166
1490.216675 17.875240
5473.445312 14.780713
2634.144287 14.857500
7125.173828 15.006639
30138.917969 61.152973
13247.875977 52.279564
1956.920288 38.916512
1772.920654 26.185493
1010.404297 37.883545
1898.795898 36.084927
4845.361328 24.531399
26097.703125 9.352471
5663.327637 35.916245
493.202301 23.568869
940.829651 23.432941
1402.240967 31.158566
1953.363892 52.033707
1915.547607 59.132988
738.990356 81.538864
22430.830078 117.461205
2934.642090 16.130135
9461.125000 35.653660
7371.750977 48.939362
649.271118 52.343548
7529.148438 151.712280
11731.605469 120.471237
5409.277344 84.477196
9859.670898 78.176949
5629.346191 101.778358
11521.022461 99.613052
11025.906250 128.092911
6582.421387 153.915131
4857.405273 10.187328
1718.901123 23.338552
7882.587891 40.909573
5182.083008 49.919662
13145.354492 171.682190
8941.121094 110.671570
0.951827 52.838860
2259.111816 17.294228
1439.672852 2.606906
379.631073 5.643950
1306.175293 9.146955
5835.035645 13.098230
29891.408203 10.324589
13398.893555 4.078030
33.378902 0.867245
2158.232666 0.665437
1562.320068 5.551654
2291.210205 7.642700
10619.158203 14.394001
3255.882812 26.905771
22846.966797 19.139664
1583.659058 11.950432
79.583923 8.127274
2070.128906 6.124195
265.162628 37.660942
2326.634766 12.411980
1779.724731 1.560727
715.431274 24.361187
20519.187500 37.154743
7708.767090 41.838455
5323.192383 54.376217
502.925568 55.257259
3502.840088 75.586472
1629.311401 57.046223
176.223633 24.118130
1454.937378 2.958420
6534.204102 23.295258
20845.027344 16.375532
4556.415039 39.096256
1258.700073 66.855194
704.250916 13.356951
1705.094360 1.610794
596.831970 3.775517
7411.916992 24.717983
8877.583984 24.289248
4211.257812 32.091808
62.686077 35.198009
767.249207 27.938541
377.714783 58.914764
4675.944336 47.971294
1131.964478 35.754898
9642.728516 49.941044
7190.482910 15.387247
506.321198 1.686194
714.570068 22.765156
2758.847900 49.599426
5650.441895 58.455940
872.063232 70.562531
2988.220459 60.846935
4479.452637 35.312988
794.783142 114.015785
2547.932373 55.527851
329.784332 30.167004
1117.859497 37.269482
2286.729736 8.982102
4042.559570 12.904997
4597.274414 47.168106
11432.994141 96.118423
1269.032349 83.540588
18233.628906 88.684410
4193.155762 67.329887
673.335022 33.164795
2052.029297 108.796638
1073.409058 67.457184
722.385315 43.618546
2026.725830 64.099976
14705.490234 34.003757
1572.144775 77.692627
586.518799 120.698364
6055.776855 133.283783
1364.113403 31.812857
1939.532715 49.194958
4130.683594 54.338043
3161.449707 56.616684
15190.473633 128.845963
5227.841797 46.947002
5078.125977 9.161935
1591.580566 11.085685
1528.636963 20.918013
2159.587646 19.874559
2571.066406 19.553686
1942.786255 14.577385
26683.478516 118.253258
7939.197266 85.981094
3412.158936 53.282818
3905.055664 30.563314
128.466248 1.916892
2809.608398 3.698410
4796.869141 7.941288
29636.343750 14.168735
419.255493 1.424169
3327.160645 1.897934
1696.127808 2.095135
1255.115112 1.816607
2428.868164 18.627741
415.404449 18.979687
1092.189941 20.294432
6763.419434 28.048964
9510.306641 38.166344
10745.086914 21.288010
2757.356445 15.765347
450.714813 16.761986
614.425659 23.524227
3526.797607 17.190620
3525.609375 7.716275
2330.909668 0.810814
2131.637207 14.867730
8396.459961 14.563390
783.901855 19.173033
239.460938 23.727634
1521.389160 16.922733
1906.912476 11.747643
3260.261719 8.437143
3490.780762 13.949506
32754.023438 0.289573
4334.543945 3.086548
208.791031 11.358391
2047.770752 17.391506
653.540283 28.830948
497.229645 19.440567
2544.031494 8.073736
9928.461914 5.308599
10426.420898 8.827591
346.485626 9.682564
7888.259766 19.812664
1044.819214 28.828032
1416.082275 0.156739
870.727417 2.772660
5284.531738 5.100823
13893.640625 4.381976
5234.132812 47.168564
4915.346680 28.199081
1211.516357 11.468974
1383.301270 1.930076
1531.215332 7.929500
34.204762 7.431157
1465.994385 10.409023
1822.226807 20.240826
3891.907715 0.853524
2840.602051 1.109464
280.534393 4.866862
1512.253418 7.722590
1440.668335 22.313137
1544.671631 23.952110
1060.376587 23.636141
8390.137695 19.217882
8129.585449 51.366348
319.943298 39.312550
1920.791748 28.505863
2183.679199 22.786985
1207.670776 0.796354
1692.604004 3.918856
2713.182861 16.038801
853.315674 31.081512
24829.468750 60.068123
1601.179932 45.668648
35.032383 26.302624
1386.881348 9.147886
32.053284 71.084824
4978.768555 50.664997
3577.629639 27.306963
4763.735840 10.986134
7724.427734 23.429543
2821.689697 48.262539
7226.663574 69.989014
1215.613403 78.881897
1387.111206 1.969193
3434.651367 3.222720
14592.668945 9.324600
10852.626953 15.454826
5618.132812 64.133804
3584.672119 46.143822
3480.476318 25.549395
237.468979 9.376907
131.567017 21.533754
289.580505 12.139219
503.736877 7.363913
2768.688965 9.312946
9351.578125 22.813196
14100.723633 31.428881
1164.160767 34.672813
2259.828369 30.673010
1641.326050 8.679896
1356.065674 4.306831
3271.435791 5.137192
2112.750244 14.355709
443.151123 1.776171
14545.933594 7.301988
1215.482666 12.314185
2575.364258 12.738555
130.423965 5.838455
896.972046 6.727389
829.000000 6.378994
7559.399414 10.728590
3099.207031 25.998178
3213.629395 6.330624
883.066406 0.050271
122.063919 2.230964
761.399597 5.470064
3277.426758 5.524814
15401.712891 2.826630
17808.312500 0.779265
55.819626 43.095886
3336.272217 19.845201
17.391718 7.253410
1114.174438 4.244508
385.975525 9.429227
2294.617432 11.927659
598.399109 14.900839
54.738571 14.624256
9106.648438 66.764183
8926.351562 45.383602
2650.406738 25.279488
2552.370117 12.784408
427.324860 19.700163
3624.940186 31.282066
14710.665039 44.055740
27118.414062 58.115967
5377.555664 6.361646
4709.909180 0.499491
3899.731445 2.341834
1260.231812 9.568705
376.789764 49.976429
14.042553 32.115318
707.541870 14.838278
54.857483 6.033231
16633.164062 65.058197
16444.123047 65.255539
11254.653320 65.996513
1008.358337 61.910698
405.340637 51.582508
781.929871 32.378544
1398.011108 10.245204
598.500183 1.320181
15478.582031 4.815555
2228.957031 18.338270
5219.441406 40.409557
734.998962 54.901199
2559.811035 2.830938
2346.915527 4.269699
2250.404297 4.946318
3970.207764 7.218156
11369.698242 17.111795
5166.916016 5.287459
89.923431 0.382760
544.901367 0.684023
329.524963 26.188433
1625.035767 6.939227
2450.626953 0.375022
8307.387695 14.597816
5353.348633 41.856972
4222.937500 49.730846
518.928467 53.340302
477.093018 45.033180
2122.162109 77.464241
8752.131836 57.143700
5283.995117 27.443172
1446.095947 4.915009
28534.312500 6.963357
3694.856201 27.669945
2611.361328 56.523140
259.005035 77.099594
3379.976074 21.466789
6936.073730 14.036668
14486.442383 6.786528
19893.328125 1.611006
35416.171875 44.443687
7984.675781 39.421028
609.403198 33.961765
507.912781 28.106163
477.590027 3.750594
4143.727539 0.358089
11015.628906 4.308871
469.942017 12.310454
7699.313477 33.954514
4288.842773 33.712547
771.032654 25.658411
1742.837402 13.709276
1839.852661 8.384769
3016.414307 2.337785
1693.104980 0.124697
2916.046143 5.406299
54242.648438 1.796428
47691.195312 7.427758
5531.935547 12.517376
2159.174316 12.966564
1234.562378 6.982734
2098.314941 0.209363
3205.150635 6.501103
7777.529297 27.151237
12969.760742 15.035613
17409.154297 23.984541
3699.645996 26.085159
143.240402 18.766521
2901.638184 50.785362
552.833374 30.664642
5398.215820 22.851093
5063.112305 49.392029
4234.941406 1.415329
668.577209 16.344666
184.416061 43.789871
166.638992 58.714890
1001.339050 31.430311
323.169983 27.061295
702.405273 10.563170
10152.396484 1.674097
7990.964355 44.510983
5171.909180 5.686760
1106.778320 2.737433
1841.266968 18.885548
154.345825 10.946611
1458.100220 11.416973
1492.112793 9.597215
1311.178833 13.508438
5685.092773 91.039131
1952.809937 41.968102
4887.234863 15.987968
1101.760132 9.309873
2066.972656 31.769360
830.325439 39.096180
3311.506104 38.205238
6341.325684 26.041035
11205.437500 137.074661
655.799683 83.885880
78.882065 44.842075
1385.461792 29.078362
1708.250488 10.396728
678.466248 11.082791
4412.526367 22.404509
8187.945312 39.050858
4799.659180 31.102501
4902.830078 35.708084
6374.263672 30.221394
214.287140 19.065142
227.675659 2.104900
2275.518311 1.016835
2410.010254 0.065029
7792.226074 3.947545
11364.716797 15.002077
2783.812500 3.270959
573.458618 0.005846
780.501587 1.150661
112.414009 11.070557
1042.484131 14.521373
2413.279541 19.655037
1813.268066 36.809326
3214.938232 44.845299
1589.857056 11.330399
3143.005371 1.217834
473.786346 4.927817
2682.302246 75.479874
4264.676758 58.297565
8350.021484 40.939911
14251.518555 25.896677
1046.758545 226.599731
9016.010742 175.133972
1768.259399 129.576324
1737.993774 97.015366
1263.669067 9.543827
1281.797241 14.155578
5990.102539 21.448935
2123.492676 28.620152
10957.248047 17.339169
2336.437988 15.015450
1608.709839 11.457583
87.446266 8.900624
969.683105 108.769585
2784.211914 85.679993
6127.340820 57.163246
7144.687012 35.235420
13218.371094 41.285423
612.593628 72.922974
865.583618 101.646896
2728.192871 115.409622
2115.825439 6.625097
7074.777344 2.915838
827.778015 2.638968
8577.696289 5.648209
8621.966797 41.177071
4892.362793 32.254086
5287.946289 22.445877
185.536057 13.434075
136.672272 32.473953
2449.388428 26.305569
8568.352539 18.669436
10971.567383 12.343389
10364.059570 16.220470
3891.035645 24.569935
2954.843750 31.584791
601.738525 34.581783
1148.981689 47.056190
2906.967285 30.439451
3179.051025 17.108429
3649.262207 10.918986
25374.248047 40.652077
31936.386719 56.693245
3490.070312 64.242287
863.037781 60.323570
827.762268 2.517899
1072.755737 0.052678
2106.594238 2.538316
1492.311768 8.184455
19331.972656 37.246368
12328.561523 30.369659
3691.656738 20.282324
467.060211 9.932012
428.740845 8.288304
1053.779663 10.866630
1190.691772 11.532417
11261.824219 10.246310
5060.945801 0.470464
10440.198242 0.136919
675.542297 1.662996
110.790024 4.754362
3380.655273 3.399382
1112.866699 1.373181
3542.699219 2.419792
4752.595215 6.817486
11405.419922 15.296946
847.004761 13.560266
9072.950195 10.838033
717.991882 7.107077
296.164001 22.673887
183.801529 15.023930
3342.783691 7.887331
14683.819336 4.425570
238.538727 11.294456
430.169037 19.600889
228.744659 25.863035
991.905396 27.052555
657.728821 5.487162
3300.284180 2.262229
6171.426270 5.769466
20534.169922 11.752417
29422.265625 43.357037
3695.151367 40.781685
1786.676025 29.859913
1255.122192 15.976984
3119.718994 16.456480
1911.728638 15.908927
1140.617310 20.063332
17370.898438 30.236671
58153.320312 30.713604
2302.943115 25.690096
897.256470 22.339371
409.637146 19.222111
146.890213 4.450285
3294.877686 17.248402
4474.284180 30.729475
10328.739258 35.626091
11210.210938 55.172474
5194.178711 34.638695
2475.995605 13.385386
1079.190308 1.863237
3463.198486 20.251129
7056.387695 20.546419
15679.632812 24.334675
3990.339600 38.119877
18963.351562 5.038893
9167.251953 3.100892
2006.003784 9.841573
2232.315918 17.154026
52.073860 15.936056
138.917358 11.976694
15470.624023 4.459554
14620.522461 0.234490
136.795334 28.458818
813.496582 14.457397
412.128174 11.533421
1446.302734 14.426610
973.538879 11.628621
1666.751953 20.536003
2063.929199 25.253017
40039.433594 23.109076
12614.800781 11.397370
26907.580078 3.966117
1667.621094 0.503945
426.367249 3.490417
3204.965332 47.740898
915.860291 27.097355
320.272644 9.272686
10466.007812 2.745282
18339.685547 20.855764
6137.233398 42.502987
20190.117188 58.443451
1441.126343 60.485611
1708.701660 4.549534
5153.365234 0.719711
2492.759277 0.091668
2750.619141 1.235875
217.656967 44.564281
4038.611816 35.280006
752.476807 23.442345
3102.110107 12.378633
2972.746826 7.750876
616.487427 3.639195
6326.367188 3.329613
4075.995117 6.536474
65486.765625 36.585640
511.019592 30.990423
641.008545 23.239660
1952.457886 14.846135
272.410919 3.658199
1964.812744 4.903590
394.336670 2.901355
1855.465820 0.188336
10039.848633 42.939911
4871.752441 18.800215
3375.054199 5.122818
282.484619 1.757967
377.469910 5.464717
369.816101 12.169791
1373.789307 25.760963
1631.939209 41.021923
28937.552734 19.170034
6275.666016 18.229673
2576.752930 12.759816
1938.564941 6.740382
1621.492432 18.297401
2026.791138 11.489319
787.422852 2.255858
346.159485 2.911415
15044.997070 20.200558
9088.694336 5.872955
1064.982178 8.260352
494.317627 16.090590
1133.095947 5.598004
2380.721680 9.891254
9002.221680 12.268698
965.955139 14.253115
837.560303 23.970562
1457.570801 8.031871
3529.253174 0.680621
656.686523 1.151248
1770.244629 11.090520
5518.671387 4.344284
16183.214844 2.718601
12025.453125 16.974503
17244.914062 4.512486
18154.095703 0.475622
2658.172852 7.101360
281.862030 12.867460
102.268715 24.513849
959.573120 5.649907
1663.381348 2.084411
12927.336914 32.544712
5671.289551 1.190842
22860.304688 10.390820
1509.366577 29.041313
756.507019 36.118416
625.020081 62.039062
1935.053711 46.950176
2389.099121 16.951717
4471.597168 6.389130
5048.299805 37.498070
12233.074219 1.800064
1435.808350 15.590437
480.451813 46.991310
942.455322 3.889946
927.313721 1.542138
14965.987305 0.829166
11089.356445 12.726893
1075.379272 52.635628
3707.192871 17.695169
37.756302 4.134695
593.240295 3.151344
1618.272949 47.957302
553.491455 37.815559
4726.432617 19.089348
7461.687988 17.508667
6042.089355 34.677822
11975.847656 5.954679
2183.797363 14.878557
489.459442 37.211769
404.434723 29.456964
1394.904907 47.014992
1160.723633 47.364471
6708.781250 33.015503
2208.187988 118.882950
5613.763672 48.054169
12.604897 10.601089
116.071152 9.662332
4617.833008 19.490562
1279.302368 17.777594
1439.099365 23.374014
3536.615967 31.235622
19199.429688 46.955917
1599.709106 48.861748
801.332336 41.026970
1974.034912 28.836536
988.939880 15.478581
372.425507 5.164240
992.450745 2.489238
210.481964 9.341726
18142.015625 63.653748
12368.943359 54.943264
1907.957031 43.491253
181.177917 29.560265
2655.984863 15.351960
276.551910 23.247837
558.876099 27.168995
4180.742188 25.230738
41006.679688 3.189970
1135.621704 0.884065
2201.221680 1.798326
1655.614014 7.081296
758.515747 5.714004
2842.596191 1.355121
1183.056396 1.184044
1312.566650 6.224607
1808.895874 20.409929
2985.270020 19.369967
2013.861572 16.656898
240.146927 11.685971
1150.877319 27.204136
292.142273 9.168176
25.210094 1.575028
2894.830078 7.773026
25770.714844 49.930367
3579.095947 59.654793
1045.391968 59.400806
1865.363892 47.014721
192.219559 40.135933
2562.094482 42.941113
867.142090 36.931461
6168.852539 27.422848
53525.597656 4.991545
1292.517334 3.994941
2258.476807 13.814831
1387.109131 28.555267
1006.716064 33.700996
656.172668 15.636277
642.473999 8.020529
7.615135 7.114570
3053.962891 109.400665
7086.677734 107.294640
2915.602783 88.392410
915.732239 60.470249
1118.031738 5.550623
2830.136475 13.480090
2392.753418 25.608562
3620.442871 42.171989
3388.492188 17.183773
3946.119141 5.803060
116.270035 0.951431
527.626343 1.285115
191.963150 36.474957
4546.533203 15.883459
2947.525391 4.172184
134.525024 8.952163
2175.050537 64.753220
13321.691406 67.198769
644.994080 66.036087
2578.313232 55.614079
585.525024 31.258373
688.717163 22.841837
1064.738770 21.463718
648.864990 35.553608
19688.900391 1.576961
3639.273438 14.042252
2204.191406 28.818035
599.005188 35.435070
7170.628906 22.406012
1755.790039 23.856787
1730.084717 29.362907
2555.856934 54.507687
1023.174194 92.031219
18829.556641 38.192539
190.703232 18.003866
330.407806 18.117231
3745.001953 29.036753
1895.343506 23.268801
344.804321 9.555586
10712.120117 0.093280
12045.764648 78.840569
3290.763916 39.732841
5630.917969 24.724770
1608.138306 25.992733
759.052551 17.737652
4604.024414 9.230857
4346.936523 0.959717
1732.282104 3.304624
38798.085938 4.079534
2624.935547 2.809645
4723.338379 11.077038
4122.150391 18.501888
490.161835 51.238308
135.609055 49.956474
122.528374 35.144897
20644.476562 18.532839
28400.251953 13.531529
2199.160156 5.240376
1703.087891 16.849981
1273.989624 37.118549
2973.518555 1.934770
926.757080 3.781084
4264.281250 14.009281
1630.462891 26.546604
9907.060547 41.451504
1026.543701 36.608032
13854.261719 23.976187
1232.401245 9.994633
499.603027 50.030464
834.347290 27.808407
4709.061035 9.709236
6219.105469 4.297513
2393.008789 30.003798
750.527527 50.934540
3510.757568 65.292114
50.535110 65.081619
2791.876953 2.257924
9518.583984 1.393225
3269.614502 11.135008
1861.826294 22.676163
3692.854492 73.239769
15783.673828 63.137527
3383.004639 40.812740
58.627678 16.988205
344.916992 93.240242
2204.283203 87.290192
11914.639648 84.471367
15365.383789 98.691803
19545.308594 5.237242
2079.077393 29.616617
1578.041870 63.101387
2417.247803 87.114967
3090.575195 26.084845
746.089661 29.756723
663.930298 35.117790
7199.684570 41.028721
16902.728516 151.180908
26341.402344 95.823799
16685.769531 53.608353
5060.204102 31.284658
1116.390625 18.231974
4415.355957 20.007343
7155.589355 27.817360
9783.935547 38.123920
3951.492188 73.206505
196.903412 56.444893
20.417475 38.565922
864.208008 24.640608
623.190430 9.849087
1570.650635 1.014557
5731.333496 1.319094
3298.697754 8.283516
14207.958008 48.195435
4535.600098 49.876617
2854.008789 40.988422
997.289795 25.316826
1089.122559 83.711205
1273.310791 70.976425
6952.877441 51.305542
3666.867432 38.696327
14973.677734 19.155495
15479.583008 34.692280
3648.061768 59.851578
7596.836914 79.800079
1469.345947 19.556629
610.503174 13.738943
414.490295 10.739614
18398.761719 6.234751
3535.743164 141.905853
17373.289062 103.332245
9314.011719 64.139816
359.205231 35.075733
1931.169067 13.484054
5869.136719 24.770838
2410.616211 46.826424
3559.484863 69.979507
2512.781250 34.658966
5287.662109 34.829964
6460.493164 25.933115
1110.603394 15.636413
102.248093 23.951582
7335.761719 18.036619
1953.689941 22.174154
3029.087646 51.014214
30630.523438 33.220840
3376.699219 18.122929
1636.973633 20.972113
1720.388916 26.054682
513.416077 10.631031
642.292419 9.431060
1106.531738 4.357678
232.391891 3.771696
18046.316406 97.002487
1737.200928 45.541088
1499.674805 17.590416
474.671936 9.817266
128.478271 56.836018
7876.330078 64.482666
2671.879883 54.807243
11896.280273 33.852375
4640.315430 95.265205
6701.557617 51.360550
515.154541 33.791725
792.452026 40.663876
67.169449 20.230928
3770.016602 41.711201
1223.831177 79.998489
1905.944214 120.378235
53165.710938 36.621132
694.960938 39.455284
7147.501465 30.199743
2657.047363 19.149254
6964.208984 96.586044
3357.908447 57.257755
13998.041992 65.662544
32321.925781 135.474854
14675.794922 195.932861
11430.800781 199.611206
3128.223389 189.049652
735.415344 150.902191
1545.728638 96.396866
3182.738281 105.215103
5812.060547 92.177063
974.234558 80.605141
17983.828125 92.047615
10630.160156 35.839432
11580.306641 33.799500
156.054474 64.900902
263.096741 0.194425
1890.377441 1.362649
524.657166 3.512980
2856.937012 6.309143
16941.152344 108.610382
751.862915 61.459190
1252.367310 25.362635
2909.663574 5.824964
2354.606934 12.276511
2954.929688 12.969078
7675.024902 8.762985
5760.587891 2.649050
9939.287109 22.133965
746.012451 9.691743
5150.716309 5.617027
1896.084229 8.179673
2171.586426 8.014798
1223.027588 8.476704
7002.414062 7.048110
1717.008667 4.833434
19305.957031 5.272836
7948.646484 3.182731
523.326111 3.726676
194.154205 5.934936
388.605377 1.004252
1706.003174 2.458753
2740.319580 5.331634
2076.827393 7.272573
7726.317383 27.198006
7112.919922 18.793505
297.432343 9.699530
756.482544 3.213511
274.577789 26.120747
1054.062134 25.163794
1745.715942 23.080172
5325.626465 20.200190
9844.023438 14.261809
3657.578857 19.257187
2890.026367 23.228838
508.103424 25.559006
1046.288696 3.209154
2561.554443 2.020708
3768.520020 12.813486
8771.410156 33.905964
12835.938477 47.355026
3957.977295 38.839054
174.279785 26.889183
469.030273 13.363085
3595.858887 73.767586
3925.372314 56.309788
2354.130859 45.895687
8061.238770 57.052826
2403.489258 44.370804
8157.773438 56.661415
2552.799072 74.507050
306.718506 82.248795
598.975586 14.578810
685.234619 7.904999
0.547015 5.817538
351.979858 9.447653
1634.571777 80.636353
5902.496094 59.816658
2248.041016 40.737762
238.817139 25.490831
1927.130737 17.382450
7598.166992 8.946284
8180.949707 2.952394
15853.833008 0.703368
14722.034180 23.364298
13599.933594 28.966837
11705.729492 29.807861
639.492188 25.369278
2430.143066 41.643166
471.303650 39.127804
3714.485107 34.822182
3988.154297 31.574024
1277.019897 32.857155
8117.384766 33.840679
2292.986328 37.413746
2194.240479 40.840160
81.353546 18.299454
2013.382202 5.746301
5571.006836 5.593750
11912.456055 15.061860
3624.307129 161.958176
10729.771484 124.194252
5228.709961 81.958870
294.012512 44.485203
1155.801880 33.777023
1090.815552 25.958715
1813.962891 15.084721
4768.649902 5.376326
16483.210938 26.974733
8792.713867 29.805508
61.566475 33.959164
1862.346802 36.237553
322.227173 10.381909
358.526855 1.683832
2154.507812 2.101689
3567.058350 12.804216
11548.958008 20.430828
6693.403809 28.509579
398.556946 29.527573
382.771027 22.097488
486.367249 47.593899
1615.407837 30.933990
7003.749023 42.274895
8454.090820 86.644096
1876.150635 44.053711
1935.103760 70.968193
5284.039062 83.244911
1257.301514 72.260803
3685.199219 98.644333
753.866760 74.777306
2829.000000 65.556023
3903.962402 103.763092
1114.974854 4.637254
12617.888672 27.353676
3642.990967 72.690102
1142.183838 102.365799
242.543411 8.975896
1276.712524 22.960827
219.838715 35.320953
426.565735 59.592056
23118.558594 274.102020
352.256531 122.349068
37.901752 32.617630
18.252247 3.151073
1661.963013 48.812603
714.935913 42.129013
1562.471191 24.499483
4122.824219 5.224521
10930.353516 253.244553
231.266418 150.908112
3445.302002 83.710190
4808.286133 55.264484
412.257080 32.746529
1936.587158 28.890064
773.723145 19.360518
8481.759766 7.699394
6809.114258 49.112190
2446.698975 37.328831
2081.024170 32.130806
33.544491 32.218746
103.798401 28.786280
1281.487549 29.240438
398.584534 26.141354
536.197388 20.484123
11226.277344 6.826506
2383.447021 12.312077
1263.458984 18.848896
1956.210571 24.918491
3162.423828 26.667624
3910.397461 13.080229
8929.660156 4.549574
2040.130737 6.066826
1511.489258 14.572750
623.718872 29.116751
646.896423 38.371487
1979.200439 37.235550
466.537262 2.958801
1100.829224 5.006323
11646.078125 6.026725
1751.992065 7.854528
17658.306641 28.149704
2223.845215 11.625778
589.143555 2.811977
491.192627 1.060246
1680.430176 0.359661
2499.043701 0.430663
6099.058105 0.175472
5388.614258 1.252125
20156.589844 20.181173
19033.255859 8.732296
2645.783447 2.317523
2522.388672 0.294255
1652.116699 36.563145
190.505508 27.740639
236.135941 17.281876
11576.149414 9.417532
579.101196 19.093050
824.913635 28.387548
8180.316895 36.645893
399.447968 39.972401
1938.166504 3.708229
3407.842773 0.723179
467.929535 4.247920
3080.083496 9.843922
6905.799805 57.428196
2242.751221 47.889202
3112.989258 31.571644
690.613098 14.861616
657.958008 16.128479
1404.661011 27.373110
4878.842285 39.705765
9467.772461 50.069420
19308.484375 19.407539
722.744446 11.574099
70.813126 7.482858
1601.382568 8.936184
666.096069 34.128082
1053.099487 30.463655
1928.697998 26.451593
2430.916504 25.744864
16414.658203 9.626104
5224.744629 18.180584
3576.885986 27.695549
3506.515137 33.680264
109.462616 3.558467
1319.717285 0.921081
3116.246338 11.709146
5363.488770 28.234377
1250.916016 104.274338
17449.070312 82.976677
2924.808350 52.020084
37.281384 22.163319
2098.653320 65.727867
684.791016 56.783718
1550.681763 56.798641
2199.856934 69.480171
15650.926758 32.709461
9929.314453 55.653236
1743.452393 71.374367
2449.581787 73.769714
4590.100586 14.561567
6362.788574 23.147238
13066.003906 50.799232
12888.870117 105.765625
15461.601562 40.635971
3826.180420 18.118849
899.792175 12.834763
938.194641 13.130331
2229.675049 77.322556
1200.053955 61.710453
751.645386 61.037231
10055.842773 96.387764
3459.755127 196.698318
3586.242676 136.720627
632.392761 107.495895
3939.606934 92.491005
14744.388672 95.717461
2699.664551 123.377594
3692.112061 127.438042
2077.843750 112.755280
6347.234375 187.128433
36844.125000 97.555252
2732.539307 55.884300
8752.318359 62.984943
3322.024170 12.880371
598.223328 9.966589
2451.121582 13.777368
8099.493164 17.911026
1296.301758 81.613968
1597.616089 68.687035
7810.226562 47.118839
2056.920654 26.014456
29.470240 12.192819
3210.235596 13.982600
1150.602173 16.131529
6650.851562 16.674561
21466.140625 16.674561
6650.851562 16.131529
1150.602173 13.982600
3210.235596 12.192819
74.512978 13.625055
2299.046387 23.283140
9785.992188 48.081127
13.898104 87.885895
83751.882812 56.335457
959.973206 36.398937
642.355591 23.181610
1875.824585 15.053542
4951.846191 97.968353
426.517548 84.085716
4126.640625 50.962044
5719.416016 20.879894
1419.262695 50.486572
138.011688 39.926147
812.049683 58.232162
962.703552 85.377876
463.271210 2.825223
2660.290527 0.329961
5281.726562 4.689656
400.408752 13.255685
598.683289 32.103081
348.969543 30.036709
5898.375488 22.057655
534.672974 11.365529
2538.637451 33.119370
1007.569214 33.512691
11903.279297 28.244604
3909.513672 28.942436
15096.142578 13.351156
1538.971191 0.109606
3174.766357 7.084716
3371.106934 22.389311
2991.691406 27.829519
1617.681641 24.042850
296.727844 25.897060
19309.857422 26.880527
11776.304688 119.238457
5413.369629 96.960258
4667.161133 67.826248
1840.145020 42.501137
189.870712 5.086202
453.507355 10.140530
178.089783 19.703606
14202.439453 34.706024
25878.474609 26.470858
10637.787109 12.968941
1982.944824 5.766767
2330.963867 3.574327
5237.493652 53.291916
3657.500488 58.627769
778.024658 53.995270
6202.629883 41.434998
4005.451172 3.836731
625.658020 10.867626
2039.595093 24.055807
3318.880127 40.058155
666.392578 62.082943
3405.039795 25.575487
2426.788330 11.016667
8045.047363 29.737238
10996.230469 52.641777
5034.500977 89.686066
3077.674805 108.442207
2432.812256 96.940445
1279.828979 28.884592
806.681091 28.808178
2956.003662 18.118900
4002.286621 8.491879
23068.880859 24.295532
4905.773438 2.105921
19.890266 3.067984
2142.291504 16.987467
208.373459 8.875543
35.657104 2.492162
140.743622 8.043673
1239.113159 21.036049
12525.542969 86.863533
24441.078125 73.512398
738.879456 51.178581
498.956055 26.911058
1272.083984 3.726216
532.478027 1.259398
876.779602 6.666440
4630.708008 31.819010
3936.779297 22.236729
2887.363037 2.636518
353.302185 0.660131
1022.064880 3.913625
2564.927979 33.480843
2124.145020 17.227676
1646.155273 1.080625
6030.189941 10.691917
6683.745117 23.913788
765.007385 5.012447
1896.644287 16.133301
154.345261 32.389301
25.326473 31.445686
1952.251709 32.257763
2450.288086 22.226749
6582.744141 18.976856
33150.015625 83.046417
1990.306396 26.114189
511.078186 9.066233
1768.214722 18.400883
7074.905762 17.505596
10140.468750 23.894890
13326.106445 21.886402
6871.478516 11.527850
11882.827148 77.255524
4649.792480 39.839737
256.634460 16.576359
4123.119629 11.265075
1386.950806 6.343363
1867.585815 7.922507
6880.457031 6.868728
15672.419922 4.087791
340.022888 4.177752
10231.430664 0.557591
368.035980 0.439009
263.166901 3.094728
1286.779541 1.533394
343.204926 0.087925
208.789978 4.103177
27.761543 15.205957
28351.867188 0.601661
34827.457031 3.048029
1660.613525 5.174922
4393.850098 4.420442
568.255432 22.992031
1561.827148 12.102812
1241.397583 2.567982
5891.910156 0.429102
8401.955078 36.194756
928.109009 33.208244
574.806396 32.739429
1193.838013 30.269716
467.380005 17.064411
2079.635498 4.214175
2139.440674 0.136486
4799.194824 7.401097
17201.298828 22.231241
2224.700684 34.400703
22.311420 38.202030
390.993042 31.107552
610.193359 62.122261
1260.755981 60.859287
9380.053711 54.616360
9916.598633 54.119659
1467.295654 0.289842
6719.696777 8.820018
1105.167725 30.176489
2510.869873 51.332188
975.131226 12.786579
1623.596436 15.918911
676.262329 16.986839
12827.725586 16.612423
1539.046387 83.445480
16111.536133 47.385113
884.626831 22.800968
1281.414795 12.651063
415.231079 9.316000
1340.378662 7.329545
1469.997314 8.747822
9640.178711 9.769567
35929.601562 54.093895
10382.183594 44.637482
5680.648926 30.447662
918.034485 17.270081
626.910339 0.478234
1601.131104 0.608638
2273.311035 2.694472
6045.836426 8.451007
5419.192383 21.936346
10014.672852 10.909533
8.422273 4.452456
80.074104 1.515324
1319.767944 19.606657
3397.030518 8.265805
7582.583008 3.097407
5107.426758 8.820169
7492.007812 50.971302
1424.571777 45.368099
5730.296387 39.853058
22.061493 31.333920
430.493164 45.436508
1388.964966 51.831139
3986.099365 51.585449
7425.854492 47.262020
12243.925781 15.685871
2700.570557 14.116413
2787.468994 21.323097
1741.650879 33.683586
90227.203125 90227.203125
90227.203125 90227.203125
0.000000 0.000000
0.000000 0.000000
0.000000 0.000000
0.000000 0.000000
0.000000 0.000000
0.000000 0.000000
