812.272461 323.970062
12642.458984 283.955170
12780.474609 243.096924
6675.738281 212.309662
1477.384766 277.272217
2517.771484 321.983063
1918.103394 348.843475
3490.294922 349.070190
334.357605 923.310303
3132.531494 938.847534
4449.155762 960.444336
21768.777344 907.885132
22741.873047 1211.718018
18662.593750 1199.420288
296.732544 1089.013794
4020.375000 974.233765
4885.287598 518.494324
4195.776367 400.936188
1653.305420 282.876251
3046.583740 195.136871
28211.023438 349.710938
12996.612305 497.819061
14747.417969 587.463684
128.115860 592.148254
194.223938 746.916687
4326.111816 592.725708
2147.693848 464.816956
126.800987 378.566803
20734.847656 710.231445
1567.580322 878.816162
1861.399780 937.279358
2930.626709 880.817078
4146.031738 854.371338
35.358421 826.517944
11917.647461 759.741577
2927.714355 664.140503
28563.900391 495.422302
7231.895508 642.586304
5349.435059 761.471069
926.343689 834.044800
3619.025391 65.684319
108.447327 69.877144
1853.281860 70.518791
85.955917 71.241379
3088.471436 6.701438
5854.010742 20.181047
641.146240 38.480732
1423.759399 55.084709
568.892639 0.778266
13040.177734 2.029356
823.578125 1.976589
35540.339844 1.836223
8216.011719 36.299767
8521.514648 16.946510
1683.072632 4.746065
2348.564697 0.347620
2207.344727 356.101440
195.146942 269.954315
15577.682617 266.021667
11480.289062 298.153259
18894.195312 774.714111
2269.526611 802.272522
1604.799072 695.894470
371.882019 518.524048
4386.289062 395.963684
2794.555420 413.352020
1002.764282 374.873657
793.340698 295.687256
10145.986328 90.055885
7795.539062 149.238037
2674.274170 236.347153
5866.593750 328.821289
2352.672852 140.458694
2869.841309 108.951904
8659.187500 79.819206
2264.059326 59.528667
3034.110596 106.320755
2512.801514 145.423264
12172.265625 166.050659
4743.566406 163.029724
725.585815 29.802448
4926.465820 31.162630
6620.778320 23.564810
9941.756836 8.870874
5374.652344 149.128098
1954.870850 88.009636
2589.131836 46.372601
200.730240 29.850655
755.552124 485.378265
1248.754883 345.486115
6669.608398 280.273987
1338.655029 278.129822
3523.581055 676.948975
11378.937500 801.058899
3077.977539 786.887390
5948.281738 658.132385
2868.514160 133.100922
927.717346 90.905281
6220.594727 59.104488
759.088989 36.345200
2400.491943 299.718903
2535.834961 279.777893
2583.335449 237.022827
583.076965 184.157501
1624.254639 904.344604
1247.003418 646.610840
13149.964844 475.328796
9151.304688 406.248108
4557.178223 1018.810730
23520.246094 1263.906006
118.976021 1311.227051
799.701355 1163.896851
583.614868 874.820679
5121.790527 887.890076
4344.928711 842.098755
6086.256348 755.667786
2643.353027 348.937073
34667.921875 501.543732
3158.124756 662.514282
3613.814453 796.092529
29.961437 140.167648
8131.437988 141.532852
2957.192627 125.515556
31126.322266 97.216721
371.731110 32.897652
10084.591797 60.200096
3164.383301 92.373222
4717.973633 121.856590
1760.555786 182.154144
1246.677124 172.378891
3372.866455 187.176590
532.473022 198.170914
72568.242188 344.917236
4318.934082 342.896362
6703.029297 292.441650
5830.343750 227.358002
1692.876343 392.749664
1136.341797 283.439209
13353.576172 171.142563
3710.806641 99.100479
11703.140625 198.452347
16371.025391 328.107086
1067.145264 425.517883
2838.167480 449.710388
164.682114 194.003082
3703.602051 210.688004
1204.922852 231.483902
4669.968750 230.055893
2189.373535 279.059143
13382.851562 268.220764
10778.811523 232.776993
606.953857 201.292572
111.096489 25.164581
5373.051270 11.073636
1744.938477 4.217635
4653.025391 3.202445
4434.276367 93.555099
49.124088 84.961731
350.766083 67.145813
656.432800 45.257526
1077.724243 46.109856
388.152618 63.245110
4836.156738 59.408783
23265.474609 37.182076
674.739990 44.428223
3265.578125 11.314363
1889.494507 3.372329
715.515747 19.814098
757.409973 241.928436
794.574768 166.738586
2913.746582 97.708755
7324.992188 64.608238
6211.045410 163.398956
9522.856445 233.266785
4599.941406 283.809845
4145.385254 288.073425
4127.063965 167.986038
36.102528 113.596382
14106.328125 91.541885
10180.730469 109.607155
186.129639 147.766937
15041.916016 219.668030
6992.017090 248.187439
1220.119629 224.556396
1100.031616 65.375923
4792.705078 101.173744
6661.467285 135.947174
9686.282227 148.445480
1691.326294 150.305145
26179.187500 108.590157
7097.120117 68.097702
567.833923 50.949150
85.607773 106.869469
5948.486816 124.313629
1465.542236 130.643616
1524.432983 113.075470
2398.839844 197.623108
9329.379883 153.724518
11282.025391 114.884155
19124.501953 98.835388
2658.131592 464.546570
638.356567 426.274231
96.159721 349.651031
12008.959961 265.839569
2266.958008 191.566772
2938.482422 279.730042
4182.084961 375.997498
4064.142578 446.215759
431.323364 19.358994
1968.670410 12.918566
4564.564453 12.896361
5532.092285 16.805586
12030.109375 52.388481
8673.253906 52.340881
6811.273438 44.019745
521.170044 31.182066
1818.026489 154.758957
462.411011 136.995346
5687.363281 99.625153
1769.837036 58.664764
75.958473 75.902634
1394.628906 92.631836
11289.634766 121.272713
4781.346680 147.138000
7.171678 194.395706
522.243774 159.860245
903.530823 134.575134
8511.361328 118.669220
2215.108398 197.735214
4212.625000 237.569778
611.767456 247.072052
1540.983643 228.515808
2635.642822 312.975067
1100.443359 292.456970
1738.228760 252.657471
7214.387695 203.827545
5636.025879 182.691254
647.533447 233.824402
1310.852417 279.405365
2651.942871 308.303101
629.562744 241.914352
1522.429932 226.927780
14990.426758 208.845001
9967.949219 194.318970
142.710098 117.339371
8170.601074 174.928497
783.036987 220.294647
3663.250488 242.631348
1658.190674 144.208054
6012.798340 109.518990
2298.914062 77.267136
3696.974365 47.588989
12742.341797 286.288330
19856.072266 262.288635
8437.077148 224.279785
5465.639648 182.821594
620.591370 499.956482
3081.896240 369.237976
9940.344727 304.971191
46.689331 312.368591
33150.453125 507.208374
5359.945312 670.607483
6513.645508 716.063599
2565.211670 641.227661
483.412598 158.621597
312.378143 169.047943
6207.229004 154.001236
15852.794922 116.593063
12159.494141 54.562012
6967.838379 69.517822
975.183594 96.286293
938.391541 129.971176
2259.535645 60.855640
5466.475098 23.191456
1968.645264 6.595698
9917.725586 10.623283
18425.714844 164.840881
8992.176758 171.875870
7339.214355 151.292358
6598.162109 109.195648
352.979218 304.765198
302.407867 242.059570
1793.705322 175.360413
6696.802246 116.697556
17781.712891 296.985718
17577.773438 345.140656
5810.179199 364.165924
2605.678467 349.289551
2158.073242 301.875671
2898.684326 257.497009
1852.829468 225.732666
1456.872559 203.716888
12931.212891 282.365692
2523.054443 349.030701
21142.560547 368.839050
1206.944336 346.476868
1418.711060 108.970200
626.063354 68.383492
1467.311523 39.991932
10819.949219 28.077394
2030.825317 144.555923
1915.126099 171.918610
40.388821 173.502853
5749.955078 149.107971
927.411072 118.044991
1100.364990 93.671867
256.003540 66.278671
12996.853516 44.086098
3813.861816 65.128670
1214.556152 99.098305
1120.219482 123.262321
2194.410645 129.891724
1016.793823 57.397850
1555.563477 50.348492
3718.453857 42.253845
5378.532227 33.724899
5721.585449 46.890244
1353.569214 57.306076
854.796997 62.396023
4099.301270 62.006546
225.491959 91.942581
2598.488281 76.460579
1588.153320 70.315140
4677.808594 71.114822
135.340286 96.391541
3565.536133 119.725754
176.604446 123.785767
1205.405151 111.280502
2722.459473 4.455082
8134.130371 3.844622
3922.966797 9.525773
1184.525269 12.078309
7260.153320 145.233917
1011.895874 103.137268
505.645142 56.537903
538.061401 21.085457
134.006195 108.315216
440.636719 83.881317
1621.871216 63.532936
25550.777344 56.676865
4753.402832 48.239670
2394.528809 87.516602
478.515808 115.829910
1797.852783 122.560173
1358.355469 78.033974
3462.325684 93.031784
718.602661 94.735641
4334.210938 80.575958
17355.400391 35.015526
3156.940918 34.456337
4220.471680 41.680038
1054.089478 57.897026
414.815857 373.050171
2709.295898 340.543060
4709.400879 295.630615
15439.885742 233.797714
7921.747070 437.442322
9862.482422 443.768005
933.723633 426.993744
2993.425293 401.026093
1390.961304 295.903381
324.220276 224.723404
545.018372 176.518677
3745.837646 157.701431
22236.373047 274.422760
3258.847656 361.393188
14943.035156 392.193665
9761.311523 363.061859
464.757446 21.710981
6328.865234 24.395153
11872.055664 27.139791
15314.143555 29.123585
1762.001709 19.304632
384.772797 18.848671
2920.432129 18.872078
856.932983 19.774742
1739.761963 21.804293
2814.424805 20.700600
903.222168 18.022213
1343.222900 13.632668
26773.294922 62.217743
30801.902344 45.183960
3723.368164 31.676214
74.305504 24.295187
897.592834 57.632290
671.730164 96.850883
1054.660278 132.639023
830.346313 135.392197
29024.494141 232.908569
5564.875000 160.162720
3752.382324 87.039482
1215.812378 48.827377
1898.230225 277.167999
1573.513428 225.510193
2041.122070 177.167572
13357.031250 135.276489
2497.780762 293.733154
1262.768921 337.770874
2891.572266 346.256622
1428.685059 322.121643
3187.142334 205.985001
4222.875977 166.709381
5926.399902 109.002464
10740.257812 67.265877
9911.280273 27.395887
10303.249023 81.824005
19226.326172 151.935638
3019.369873 201.440704
1516.779419 104.464447
157.042984 75.691780
9623.646484 84.967110
5151.959961 121.337044
41717.449219 178.893631
2812.625732 215.415649
15634.130859 204.612839
5088.759277 157.671371
1816.392578 81.015923
2073.865967 56.451496
15061.062500 33.438480
8924.496094 17.441786
5145.177734 167.391296
7411.441406 148.061264
3310.082031 126.648361
370.318115 104.451096
534.424438 572.077637
5496.153320 397.335327
7281.116211 292.823914
3854.147461 284.809601
23801.070312 549.528931
15914.969727 741.242188
4261.765625 811.512878
1.492638 739.287537
1979.300293 451.108032
100.430862 508.795990
476.509460 554.779297
5217.982910 536.529846
8570.974609 581.737793
19930.525391 540.199341
4801.536133 471.998230
1188.030396 433.044556
104.047829 285.118591
757.439270 266.304657
15136.297852 209.554260
6498.065430 153.250671
1398.048706 51.320427
5608.063965 90.978554
832.053040 170.626404
14411.358398 248.395004
20.772501 695.094360
1014.222656 617.357727
444.887939 587.468445
5295.335449 553.501282
37830.496094 1127.443726
9205.029297 1129.921997
444.967377 1008.395142
819.961914 837.840088
2622.943115 906.161987
1338.566162 781.282349
14436.341797 671.966797
2365.865479 573.306335
17635.105469 871.847046
1001.254272 1034.357788
3881.655029 1079.320801
306.647308 1021.441895
293.253571 601.549011
3561.256836 565.501038
7097.691406 476.176514
7093.799805 377.166626
9115.183594 137.549515
16275.525391 278.326447
2029.363159 436.005829
4293.415039 556.590210
107.140671 189.554932
2948.273438 223.494324
4741.637695 225.267471
7103.887207 192.637360
7326.621094 145.591675
3522.514160 114.405197
3824.264893 113.119766
3883.984863 143.898239
169.369705 258.009430
414.053284 207.023849
8033.335938 151.035248
2480.787109 102.415680
5494.339355 253.924255
2260.938965 287.061615
851.322876 301.791992
3210.466309 292.024658
1690.760864 531.828186
8123.653320 439.941284
3039.996338 396.620087
2891.348633 373.558624
5581.467285 756.181702
16792.841797 827.107178
4802.500488 781.850586
1891.475952 662.203918
91.630753 603.186279
17320.244141 605.424927
3183.498779 528.935364
41629.011719 429.145752
39049.648438 71.833618
4424.425293 168.729568
3167.681396 335.444183
12298.211914 502.813751
12447.683594 160.800995
2665.433350 110.482811
11820.258789 73.980629
9137.376953 60.676689
47660.218750 277.265320
29031.388672 272.709137
51633.695312 250.998016
6770.257812 211.612228
2092.477783 572.129761
260.804138 500.193756
7454.312988 492.385071
3394.736572 519.320374
10815.425781 636.233398
13864.416016 766.118225
10819.156250 772.396851
308.032715 684.685791
2180.113281 253.054642
3580.137207 274.725281
75.769524 234.618088
5631.881836 162.652939
20840.046875 8.455348
6506.399414 10.110024
4345.404297 76.751640
80.208717 174.420715
3988.675049 51.236313
1275.882568 35.993149
7763.738770 23.174675
2722.030029 14.942899
6466.488770 58.347233
14700.329102 69.255005
1664.565186 71.530853
5428.304199 64.617783
411.581970 695.950562
606.476990 669.443726
4978.916016 567.231201
5673.943848 423.106262
654.946838 429.323639
5246.193848 477.236572
1342.745361 560.592285
4747.584961 648.468384
587.794983 115.754944
2036.479492 108.634865
7325.873047 128.424759
26468.402344 148.754425
6844.838379 308.580231
8893.456055 288.908966
5421.395508 228.647125
6586.678223 160.326401
3060.912842 236.136612
390.409485 146.760910
259.988251 115.117447
2758.930176 124.515831
11678.190430 482.911865
13138.532227 528.439575
25039.464844 478.926636
1185.855957 363.418732
2898.550781 16.709751
257.267792 22.297729
563.330872 20.711451
403.497589 12.834387
922.102905 19.280312
1343.379517 6.875428
171.061005 3.182417
352.760437 8.121554
1412.150757 65.263206
443.165894 77.300735
1004.727966 88.792694
14196.429688 80.647064
8236.307617 251.278000
4450.671875 187.586365
1160.530518 119.859512
694.302246 75.750786
3938.455566 522.679932
1753.078857 356.529022
8577.285156 247.123535
3914.723145 217.226227
34277.207031 508.020294
3662.861084 685.188843
18374.593750 747.189819
6485.926758 678.477295
4557.827148 823.552734
446.060760 855.078979
3826.780273 825.932861
562.258545 718.600098
566.548096 682.858704
29177.599609 704.038086
3905.609863 726.789795
3479.574219 769.601685
428.597534 390.970154
1038.842651 361.354980
1765.305908 338.243774
2808.785156 315.362762
379.267242 307.132629
13676.473633 388.078003
935.802490 423.706635
8294.885742 418.386566
3225.227783 59.942852
1625.458984 71.176514
21928.722656 82.915657
4413.708984 70.783958
878.988953 425.327820
2692.934570 293.584320
6048.770996 165.966263
1386.065186 84.491463
111.281853 826.949890
1869.539795 650.013428
382.776123 520.650635
37.377899 452.506561
8455.481445 820.175415
28416.152344 1014.377563
4652.324219 1073.002930
10886.143555 993.175415
168.573593 336.388245
1292.287231 333.028259
88.548386 303.073212
16411.820312 247.229996
8063.791992 193.624664
6773.857910 242.978577
240.892838 285.382202
618.464966 318.233337
159.532745 189.553635
408.508209 123.328079
6902.117188 76.402161
13590.695312 62.802345
3460.503662 183.043198
212.960831 244.323105
2793.923828 269.274506
12430.781250 247.216202
281.701050 229.027939
2519.776367 183.153107
892.043274 123.810120
15327.194336 65.723694
1197.969482 190.443665
6569.018066 224.721176
7946.852539 248.114044
1278.554321 251.370575
598.523071 453.470398
8655.323242 339.314789
5471.553711 290.195190
9057.921875 297.270264
31371.941406 552.027710
842.968018 679.659973
19529.644531 688.270996
1527.851318 592.868896
2765.300781 585.642151
3273.937256 637.878906
2104.236328 578.117065
21334.207031 441.429596
7780.568359 159.806610
12135.083984 171.598267
9673.790039 280.453735
2560.241943 443.825806
1201.216064 76.030472
743.485962 65.469711
3511.677490 63.649471
189.528656 72.594902
10780.835938 59.979965
3545.817871 79.778107
28048.767578 89.963852
1517.852783 87.238564
415.435669 250.424820
1465.486084 274.089355
3143.519287 283.091339
4416.013672 249.771851
6440.484375 375.386566
3525.983398 331.426849
1445.186401 276.645386
569.475037 245.670319
3505.340576 424.937317
302.878784 258.212189
1394.570312 167.782715
14141.429688 170.022629
5432.125977 508.082458
25362.255859 664.458618
8120.750977 697.516907
1186.196411 599.618164
2312.143555 357.413422
1013.826599 344.131287
4247.899414 280.614594
8524.758789 194.908661
14126.611328 59.738136
8453.456055 130.552856
14680.640625 225.723877
6865.584473 312.386993
579.516235 415.320374
99.231865 390.812836
4341.849609 327.867798
1209.025513 247.586700
1991.716675 233.172760
5404.399902 283.207855
894.353577 344.381897
5166.725586 395.863159
457.147125 30.806530
1916.386719 37.354134
323.725128 44.863049
9666.982422 42.906776
10941.928711 126.515999
3998.363281 95.016716
887.419617 60.266018
3490.042969 36.837708
2159.638916 3.759291
4017.042480 3.085584
533.366821 12.077945
643.983337 25.576525
7820.642578 39.254253
2733.335449 38.094215
15690.299805 27.843941
416.376770 13.854807
2917.784912 871.566650
11308.737305 715.452881
9141.218750 643.166626
4708.959961 603.121765
29787.818359 1479.544434
1967.787354 1507.929077
1708.874878 1355.540405
1829.678223 1108.169922
7046.588867 1462.548096
520.810608 1404.803345
3684.902832 1329.296021
2081.519775 1196.870239
48170.976562 1272.850098
10295.136719 1467.096924
10839.505859 1534.409912
700.914368 1515.192627
5445.721191 79.835190
2010.575439 42.015213
6246.692383 17.571573
992.737061 8.833999
17218.933594 275.923492
2431.815674 234.517090
1657.269287 182.124435
2722.983154 128.113464
710.012146 136.467209
1447.025879 76.322426
8646.501953 24.082054
16934.521484 5.800472
557.804993 78.436752
939.734375 130.412903
7753.860352 170.257111
3361.263672 173.802170
38.464046 285.594208
11185.130859 175.604004
3425.409180 85.025627
21096.632812 54.066124
7457.303711 247.851913
7345.368164 327.700500
19598.548828 377.843445
778.689148 364.229980
2060.762695 910.197876
8287.324219 779.207275
5865.573242 765.819580
3024.023438 807.715332
42410.347656 1274.202026
5011.191406 1417.781616
17196.511719 1346.006348
216.607773 1134.159180
6829.914551 525.337036
881.002563 613.532043
1589.940430 590.403687
7940.878418 463.320526
11557.607422 144.878036
958.447083 142.999908
4720.888672 223.842621
8870.570312 371.251099
1431.966431 120.902504
3218.754150 91.678513
8201.849609 53.625450
7798.265625 28.914043
1879.595825 20.505558
10570.150391 55.035767
6824.883789 96.987572
6622.890625 123.596664
2037.532349 29.174219
6485.069336 36.397209
3807.977539 37.205799
2652.660400 29.579008
9200.123047 31.917469
12523.398438 22.697308
6379.840332 18.269440
3648.467773 21.205873
1349.264771 363.280823
3357.260986 312.436401
960.965942 292.602051
2802.766846 272.301270
59286.351562 641.412720
21532.835938 640.996033
10121.044922 563.368591
8248.390625 454.844482
10833.403320 572.600464
68.786446 505.824341
754.516602 447.948120
3263.820801 392.596649
23437.820312 522.531921
7592.583984 629.381958
8621.183594 663.507324
3839.330811 634.898987
2877.130371 104.005119
1570.247314 46.075588
2508.881348 24.021620
161.948059 21.923914
5702.630859 421.543579
4981.905273 389.853058
121.125374 304.349884
2461.967773 197.327988
343.065704 640.832153
3189.045410 489.826935
10890.284180 347.071289
1989.264893 245.948578
3.317241 530.416870
2228.828857 689.268188
177.237106 770.145813
2859.771729 749.086487
3777.437256 506.026428
3100.734863 484.423218
316.061615 460.560059
25394.199219 432.167542
15048.928711 330.469482
11834.155273 431.558777
840.928101 494.304749
1786.458496 515.057007
6521.300781 94.069214
2269.750000 112.894188
6965.510742 121.654053
1825.081543 112.714348
24006.050781 304.487305
4810.706055 199.781876
6268.125977 121.909958
239.681335 89.027634
3688.789795 646.513367
705.979126 539.046143
2979.631836 501.660675
551.500305 481.673340
5127.736328 1100.008301
30109.003906 1138.249023
1855.837646 1021.877075
6691.901367 826.983948
512.436218 726.602661
2315.750488 683.982727
3310.939209 566.744141
6267.575684 430.957184
1574.138916 164.427917
4281.867676 323.116211
446.929749 512.156555
10960.788086 664.547546
442.612549 191.203781
1054.176758 207.290985
1356.138306 207.342590
2017.915405 194.200562
8362.240234 74.136307
9789.889648 94.516968
4827.577637 126.257385
4882.796387 161.675598
187.006882 2.907552
77.215858 3.313039
657.688660 2.430614
10708.483398 0.753137
1614.241455 16.163670
657.511719 8.493932
90.249557 3.784045
3294.659424 2.392523
756.072571 321.035706
753.612122 272.123169
2071.048828 200.976318
20556.630859 136.080475
9452.274414 171.249268
2188.513916 230.441391
21800.824219 291.632385
2799.269531 327.852386
214.192230 112.156174
153.183533 98.504929
20296.048828 110.748413
10361.786133 135.378601
3314.904297 169.558395
1578.859253 194.741150
13017.578125 182.762650
1728.302856 147.090515
143.353699 188.486511
393.166840 116.554764
14865.610352 55.760632
14427.644531 23.329603
18714.593750 171.841064
41046.304688 233.906372
10872.682617 262.305511
2122.948975 244.744888
1054.502197 157.080521
4353.497070 144.730988
4085.455566 165.242920
8765.673828 190.916718
8463.374023 309.233063
17931.267578 318.119690
15307.028320 273.765930
2484.103027 207.501068
6229.808594 70.096893
1531.380737 82.062088
402.922638 75.151024
10830.865234 53.816082
29636.835938 12.843018
12401.454102 7.501115
5030.111328 20.027264
768.884949 45.114231
5516.923828 56.129307
861.531494 51.957626
186.340179 49.351906
2117.646973 44.652130
1455.492798 94.432755
1819.303467 88.823212
4854.598145 76.935020
54.562630 64.634827
41.926819 184.179291
5776.916016 218.789413
1014.648438 223.497314
7908.334961 188.001038
553.767151 142.942261
6663.030273 123.776077
2351.196289 120.695244
5220.055664 143.753952
950.758362 115.990395
289.686310 150.881729
9472.932617 129.027985
5701.589844 66.081566
23942.564453 127.109711
12703.798828 29.190924
2464.080811 6.657426
3111.916992 50.614338
1308.750854 170.263519
5079.458496 89.146790
854.023499 74.632698
1232.905762 105.068275
13993.554688 455.383789
16289.404297 488.375183
12995.562500 425.311584
670.260193 299.656433
3867.474609 39.308254
9416.229492 62.581707
3668.656006 65.865875
42028.320312 47.881966
3638.089844 64.211685
11604.716797 19.722782
3073.280273 1.072537
186.082062 11.879094
493.842407 146.396271
849.655029 106.076164
1213.403931 79.645134
2880.656250 67.777428
8703.272461 190.674103
29208.726562 220.592377
3446.988037 219.053467
1396.043091 189.641296
1937.201660 70.425636
1603.546997 58.589191
1471.165039 58.480328
1998.474854 59.666985
11366.722656 162.482025
5665.219238 157.945038
1571.516357 131.340866
496.158203 97.168251
590.270935 177.469269
837.272217 158.003906
1725.204102 120.133102
6754.022949 79.350075
3068.513184 45.473721
5394.290039 88.523911
1437.161865 135.405289
1285.784912 169.252762
242.845276 139.486786
1571.927734 112.687660
2579.003174 91.104599
7349.884766 82.302521
4456.441895 84.785103
2153.399902 127.738312
5988.813965 154.823761
238.935883 157.638840
572.192932 197.439911
3686.041992 223.377228
12912.359375 205.050308
196.831818 142.866562
15083.204102 194.016907
598.607361 142.711670
4845.613770 127.667801
9415.106445 153.558289
183.407028 145.673340
1905.849731 98.717300
9280.238281 49.559174
16424.376953 30.136480
19715.869141 20.799486
4013.276367 72.998604
3121.491211 130.414001
6401.037109 159.851120
1140.164673 100.500656
5102.162109 122.736557
1268.568970 173.521011
1753.874146 211.363312
37056.042969 310.194580
14862.424805 276.978394
4223.968750 201.924988
9128.848633 130.219864
2027.594849 247.673233
1260.889160 148.624832
2920.908203 103.129791
8222.673828 107.547089
32106.013672 398.713318
8304.226562 473.115509
751.747314 458.818970
2727.226807 368.567352
2409.202148 109.695541
5567.434570 97.446922
116.186890 71.411118
11825.066406 41.345825
12794.086914 27.215797
956.258789 52.800125
2503.925293 81.619774
546.699829 103.493217
105.974831 217.840790
10.291011 250.459442
891.592896 257.836182
12200.902344 207.997787
15011.205078 529.431030
3359.464111 395.959076
51.642525 274.030579
30.840103 213.058212
2243.225830 266.855225
921.249023 132.496613
1016.628418 80.705711
2201.775146 99.254791
3504.130615 598.270752
6816.921387 661.340576
17188.033203 601.056152
6233.617188 446.707306
2604.170898 60.009941
3970.976074 35.874924
7017.614746 16.482195
1632.718872 5.080300
23856.486328 82.224060
26011.988281 95.526855
19076.462891 95.669136
498.246613 82.333031
2468.883789 9.392817
7993.687988 11.111278
7268.422852 16.052607
9323.243164 17.523054
25121.585938 88.155807
24431.113281 64.501884
12905.504883 37.638569
1643.768799 17.597078
3952.970215 68.747238
2927.149902 57.208401
779.950928 44.165352
8616.896484 29.612328
31853.160156 93.898727
15281.660156 94.278954
15507.935547 88.450340
12963.675781 79.291725
6409.928711 50.327393
3734.551514 30.107584
3774.965332 30.940805
2523.707764 34.368355
13531.276367 302.849335
4874.645020 255.370132
4321.902344 178.441284
12528.176758 102.106392
1193.502441 535.383667
1313.375732 424.944580
11392.712891 315.341492
22063.146484 218.496582
10591.945312 588.598389
1603.300049 663.339844
874.981262 674.980896
1480.311401 626.512634
3189.825195 352.155762
615.344604 261.144348
380.962585 207.651123
7464.367188 205.158081
226.917404 305.533264
3168.394043 421.344299
12144.096680 469.695435
2989.935547 437.887451
1862.183105 244.276398
704.183472 215.089630
9342.245117 155.356201
1216.047363 90.209152
9321.131836 40.163044
23786.232422 102.760849
6219.871094 174.746490
1449.398926 229.121552
1921.167358 310.926331
190.837997 299.757874
2070.775391 283.158539
16046.311523 266.101044
2829.776367 203.280487
5305.958984 250.837189
8339.922852 288.867920
523.762268 309.137024
1348.824341 64.027809
3550.356201 71.578659
5902.705078 73.243858
10754.447266 66.088158
11441.862305 90.795662
3697.507324 72.544914
3672.697754 60.042385
1691.220215 57.873180
1070.527710 63.729099
1938.495850 54.065838
2527.452393 45.410152
12149.407227 41.907810
13611.193359 29.081640
11550.324219 48.327057
6329.985352 63.067280
5850.014648 68.230255
1541.523682 266.644653
1913.875488 218.788757
2427.426270 166.046021
5931.718750 128.217957
12396.236328 151.602829
3392.427246 217.984604
1919.114258 269.916138
944.370361 287.719360
1602.957764 655.336243
1111.751709 698.046509
1349.491699 684.005005
14647.774414 585.942017
20840.851562 688.068359
4226.354492 639.796387
1962.368408 601.622559
943.811584 608.765625
3660.687256 4.241908
4124.219238 0.218792
4018.744629 0.460337
3330.110107 3.345871
2740.571289 171.893219
4803.954590 108.373169
3897.582520 54.437691
3906.704834 19.881926
375.628906 322.139526
2187.343018 207.340393
6897.651367 172.751099
973.236755 201.850861
11399.055664 569.140564
8447.635742 653.658936
4925.956055 615.373169
7831.587891 481.898407
1552.251343 22.215660
15403.607422 16.943197
1380.732300 24.926580
3569.491943 46.665604
27240.769531 61.388939
3186.644287 56.619324
254.334839 47.944103
233.173889 34.968796
4614.023438 5.799628
5922.688965 6.245965
8062.441406 34.609421
11065.942383 75.662804
46548.929688 106.339325
10291.000977 101.841064
10292.579102 72.251419
2415.531982 32.984283
2108.465332 57.556564
6935.758789 29.552332
3913.737305 63.401863
8763.995117 124.815735
9748.382812 333.168427
26090.162109 331.609314
5423.222168 255.594208
917.329224 145.831894
703.192810 45.456242
767.500732 82.660713
7120.814453 101.962479
769.392761 90.354652
31260.738281 99.525467
3174.672852 47.302589
7499.440430 14.209002
6490.249023 15.351297
1082.548706 53.779221
1137.681152 37.193291
844.241577 20.670305
247.667130 11.405968
24713.158203 22.342194
10843.402344 42.159126
1042.093140 57.799717
6680.524414 62.202641
3374.298096 51.187294
558.225891 39.057816
458.285889 29.629511
13265.395508 25.215357
254.011841 65.863007
4859.181641 70.139183
125.740738 69.219635
1480.540161 62.366722
1938.107178 48.237194
569.863281 56.283779
1182.135254 80.066116
53.639519 99.455833
4708.431152 157.277313
9496.738281 141.933624
1259.907104 104.193253
1690.439331 66.309502
1023.931519 4.752782
7582.478516 30.349924
5700.564453 57.251945
18477.023438 64.436325
18583.787109 162.320221
835.332825 100.782265
877.281372 39.260315
8879.705078 4.047462
6338.670410 223.242889
8520.725586 270.416016
553.615356 261.810822
32419.414062 195.838165
29573.710938 161.569275
9077.879883 109.859283
128.203537 106.034103
4068.384766 153.575211
4768.276367 97.973297
402.494751 116.704025
2089.402100 95.920128
12706.798828 51.961185
12455.271484 57.072338
5170.769531 7.301314
10938.743164 9.955095
7450.840820 51.454239
4828.853027 244.374298
7115.762207 215.482956
2698.343750 161.479263
26476.734375 104.815178
25094.085938 102.860840
11777.852539 145.265610
2712.661621 197.204956
794.114380 236.541153
204.957581 195.729004
1757.880127 171.186569
15046.543945 140.439667
3072.554199 106.868843
2126.498779 163.019226
7878.926758 194.196732
1117.131958 210.253540
1440.862671 210.045731
5.821139 38.735073
6511.505859 20.446087
8067.280273 10.368313
13868.489258 20.419231
36274.921875 33.919952
24480.660156 41.171955
3706.377197 50.928272
3970.327881 51.320396
6615.953125 112.924232
2816.417969 58.815506
1303.616943 43.867355
23462.437500 54.829353
7606.314453 307.668274
27948.185547 322.868225
13558.141602 278.302277
1173.931519 196.281357
691.209656 1.591027
1334.862427 1.645567
1677.416870 2.208401
2124.640137 1.084524
3063.309326 75.090881
2408.605225 46.892406
10069.714844 22.268818
1782.087646 7.078160
1286.928833 7.004178
1757.166992 1.517924
1610.642212 1.212098
5919.493164 2.851971
27278.830078 54.195442
813.805847 47.480896
8101.846680 33.835964
3843.285156 18.619244
1993.170044 68.200943
3783.249268 71.668953
7562.741699 64.785347
2110.014648 51.335354
47.725178 26.810253
814.567383 29.358507
211.349960 40.512882
4620.850586 55.837990
487.506958 17.051710
233.501572 17.904539
1578.836060 16.416449
9037.254883 13.853852
7260.841797 30.010719
1705.035522 20.195705
4019.093750 15.357737
2519.291504 15.193495
2002.234619 182.384628
2709.655273 154.037170
2374.362793 127.157066
377.880035 107.687592
31936.748047 130.762146
11040.419922 174.438049
12945.382812 199.805038
2591.312256 201.150131
3980.523438 50.092178
4279.112793 44.510132
5404.304688 41.094982
7116.767578 41.442551
18856.128906 27.709221
1520.457153 41.996559
5399.466309 51.527657
1189.048218 53.775539
2437.397705 141.002243
2204.548340 103.317810
65.727989 72.241493
13820.741211 51.036968
5446.452637 158.013550
8137.183105 188.832016
2722.180664 194.466492
6188.593750 175.526611
1655.743652 278.273956
133.803345 229.457550
2251.158447 205.874222
1915.260254 182.720993
10660.157227 539.849426
662.997681 530.776001
1440.641357 457.873779
3270.528809 360.635040
2192.914062 680.090332
4722.712402 525.457031
438.681519 396.329803
5404.860840 322.917786
715.670837 504.788513
5433.802246 710.263306
181.925629 816.917480
4119.298828 797.963379
834.957153 230.343781
97.899094 192.408188
962.878662 150.582306
23144.660156 112.434227
2565.616455 171.381195
391.976227 222.752350
2417.900635 251.982376
397.541351 253.420746
3908.510986 548.144104
2071.395996 451.672791
3326.520264 365.011017
9361.540039 294.646301
15358.503906 514.151672
254.552094 625.590881
4326.774414 663.882019
4870.409180 629.901855
69.841980 542.388306
449.059814 461.419556
3009.789062 349.186768
2759.613281 259.781067
10652.871094 160.990585
2059.330078 309.082550
4298.069336 456.943481
1937.280029 545.058350
4768.153809 43.217030
2574.046631 68.196175
5734.915039 113.100113
5755.922852 151.685715
13905.893555 131.025787
82.350578 119.034019
19227.960938 84.152756
2664.149170 51.099155
369.101624 102.411049
906.528564 159.466507
3321.272461 201.165939
6023.092773 192.515152
8348.577148 306.475464
14658.994141 204.244202
1157.936157 113.690491
1477.533691 77.246376
2783.769531 100.858208
3136.656982 81.265427
583.603821 53.879810
9147.445312 30.278173
1260.145386 25.866318
4884.542969 56.442352
15888.886719 86.200905
6012.100098 103.203873
1951.377075 58.612904
1095.176636 62.649658
7255.912109 53.444576
4059.467285 33.236343
3033.778809 71.722839
7908.072754 50.841698
3570.673584 42.893692
624.890991 48.251583
196.472992 148.975220
4143.969727 143.693161
5101.489258 151.569229
11247.139648 139.846649
9973.162109 484.060974
8586.370117 403.049500
5363.294922 291.101929
4803.175293 196.818634
493.288330 162.839493
1388.809326 110.634926
4726.162598 80.077934
2248.855713 81.252029
21245.953125 142.238205
8875.370117 202.395203
7136.362793 228.477661
8415.138672 211.083374
617.114258 33.352650
863.250732 54.500534
3296.255127 89.267891
5521.817871 105.814857
6982.267090 290.582306
5903.029785 214.383591
2314.484131 121.979477
286.198822 53.984482
2682.086426 68.349007
855.598999 62.719173
6660.276367 44.659351
1425.335327 25.583395
10901.611328 14.228404
9075.648438 18.733847
3685.145508 37.060863
2944.145752 57.754913
2546.757324 280.926361
5797.408203 275.347229
55.438747 286.776306
1396.000610 280.492981
11553.833008 470.782104
15032.536133 458.289124
22.789356 395.161346
3050.165039 323.990112
685.205811 282.703125
403.942566 198.141373
7574.455078 148.075592
8961.152344 125.996590
3786.726807 436.432861
2310.763428 488.221436
6399.923828 464.782501
3307.696533 383.815735
5035.957520 643.329895
1841.342651 608.445007
3321.133545 514.298340
29585.664062 392.881287
273.447144 297.811737
431.554443 400.802643
3826.512695 515.784668
296.620270 607.594421
588.095886 411.421204
1143.046387 371.367981
1664.848267 329.479248
12581.094727 288.721252
42107.113281 289.201263
1528.739624 378.587280
10498.293945 429.086731
7523.274902 436.422485
6527.280762 206.193787
212.940216 156.808441
20171.105469 119.904228
84.243423 91.105225
16111.412109 312.542877
11106.333984 332.192749
12622.053711 311.216461
3201.561279 262.801880
221.892761 339.618439
1447.784912 261.951843
4145.672852 205.428452
2999.534668 178.231033
4475.350098 307.939148
12327.560547 402.340851
3926.651855 437.991455
3695.641602 409.885925
1439.582031 21.987413
3825.495117 28.779205
6980.113281 38.908310
6291.977539 51.199776
1594.118896 59.628849
17410.906250 39.892796
2813.326416 26.286097
6958.329590 20.513138
44.488075 139.882660
3212.529785 138.487396
876.299316 161.076355
18700.158203 172.739502
13552.104492 392.711365
18567.589844 352.742981
171.046951 269.205750
650.144714 186.288605
4802.556641 8.403625
7210.534180 19.990133
21356.076172 29.170248
1827.647705 24.688473
11070.410156 241.799042
870.462402 144.717072
2584.703613 62.159603
43.616367 16.553150
2886.643066 470.407837
618.217285 348.854858
7856.007812 266.372223
14229.609375 233.017792
1121.005005 514.696533
13476.960938 629.414917
3877.175537 654.972412
8294.360352 589.977234
1301.566772 425.379456
1316.940552 446.598633
932.312988 436.342010
1092.833496 392.169189
19612.505859 270.533661
12067.960938 301.489807
485.642639 340.264160
966.773193 384.955627
2424.005615 303.612793
3167.153564 266.277954
3362.167480 225.463867
7102.560547 201.931473
7117.458008 172.065765
225.569733 233.839752
5105.496094 289.106140
183.996933 314.903778
288.044434 101.681030
3598.147461 156.338043
15438.292969 184.252670
1381.375854 160.610458
24113.281250 292.750580
3732.870117 176.320328
8421.945312 89.692459
2015.164795 66.619972
1641.347656 291.204041
2967.326172 133.553223
8442.448242 46.942528
18644.708984 48.386673
47415.945312 422.168304
34255.621094 544.319214
1202.782349 558.197693
14532.263672 457.861755
6328.135742 82.907997
3387.135986 106.270477
4112.811035 144.423798
7665.857422 173.617920
2249.754395 195.688034
23681.113281 167.774994
4715.873535 124.246681
2709.188965 89.671471
183.504700 68.307602
6648.865234 77.292282
701.137085 77.023552
9113.949219 63.735641
4291.822266 124.851837
1063.400146 91.591621
2007.576660 67.979843
1774.913452 61.417850
668.207092 387.526398
261.128754 358.819824
14580.114258 320.550629
880.472839 274.476562
7134.909180 305.751831
3805.629639 363.227905
2483.914551 395.601929
3774.695312 402.013428
5240.766113 397.337891
32.292355 374.356506
2261.171631 319.465210
1732.978149 250.132843
893.720398 164.253021
8959.257812 244.131378
4859.658203 322.726959
7671.094727 378.962280
331.354767 485.249146
2901.127441 426.341492
12796.097656 372.363922
2188.294922 332.477997
6914.996582 384.960541
11402.326172 478.746094
522.093079 529.074280
1783.216553 527.339050
49.686840 68.571472
14038.287109 86.545586
1566.916260 112.927811
8806.642578 134.043289
3684.429443 134.043289
8806.642578 112.927811
1566.916260 86.545586
14038.287109 68.571472
6122.288086 1022.043335
3927.113037 1062.080200
5099.658203 1053.947021
38987.402344 918.022339
139467.859375 1512.194580
5130.615234 1355.254761
6334.710938 1159.895874
2319.311035 1036.720215
13114.680664 1224.094727
595.407410 1033.992432
9509.753906 826.609863
2278.577881 680.887817
4892.829102 549.965637
10156.955078 908.556763
15683.391602 1187.416626
1403.785889 1296.721191
990.669556 262.509308
3552.349609 288.209503
938.666504 266.447937
1044.645508 204.038666
3203.360107 62.070866
27380.099609 84.595184
4755.701172 135.249069
3238.128174 202.819870
1148.810059 152.613770
6961.697754 105.329308
5643.965332 74.233452
7618.460938 66.128098
28552.724609 140.219788
3286.963867 193.719299
7352.002930 214.150345
1053.635498 196.334686
2251.811035 84.745674
2150.831055 89.757339
861.950195 81.901413
7223.174316 60.262196
11921.446289 76.322136
13113.343750 68.904160
1870.041260 67.463333
3265.794434 74.330643
60.349110 16.501270
41.870598 24.335857
2742.105713 21.172672
3794.212891 10.094749
3504.345215 52.304028
1500.452026 17.534679
926.747253 1.744902
5678.078613 4.737096
1723.688965 29.635019
1134.630371 14.562256
6902.345703 13.826075
2750.236328 22.213736
5826.901367 90.478989
1378.132324 96.166000
1276.150757 82.092705
534.432739 55.726517
2150.252441 122.828613
2274.614746 122.847664
2479.453857 113.979324
7016.119141 91.002472
3099.975586 204.845215
5296.953125 172.445786
662.785095 142.457535
1800.016968 126.017197
2406.499268 516.625000
5448.259277 414.940186
16532.218750 386.459473
11872.325195 410.967194
15081.232422 664.673584
1148.728760 780.161255
3998.373291 769.349854
654.659851 658.436890
1696.904297 341.637207
2907.943115 419.075195
12538.976562 428.015533
10955.125000 350.891663
61461.710938 235.420074
33321.542969 189.099350
2680.223145 187.316605
391.251892 246.548447
9519.153320 28.828844
772.635254 3.396572
8681.252930 4.237599
3303.066406 12.968731
11612.766602 359.418091
39570.734375 286.387634
24403.812500 186.013687
1501.190674 91.832397
964.780945 65.351044
2390.023438 32.016537
355.334503 12.184736
4380.030273 7.575220
7867.579102 118.609985
5422.648926 135.441345
1108.119385 129.268997
7738.745117 102.332253
3444.932373 226.593933
3326.639160 273.136200
441.891571 293.844055
25571.568359 264.753540
12974.774414 347.000854
16887.886719 268.909119
1119.833618 208.065521
42.863785 194.544250
2582.127930 209.753479
2907.991211 173.351410
7453.091309 146.234085
7955.942383 128.239883
6885.535645 208.230759
9424.010742 252.608704
4196.130859 264.149139
778.014832 245.385132
522.563354 114.420341
1857.131592 93.440750
64.839211 80.139587
3748.173340 64.186119
36437.683594 270.512787
14434.789062 245.381546
13296.530273 198.904938
3980.240967 150.514297
6028.114746 540.059143
1268.563843 421.585083
761.794922 326.359741
12596.328125 243.770630
718.894592 912.558899
7947.034668 905.226562
650.904541 814.454956
3315.688477 679.172913
1356.090576 792.898621
1113.263550 653.717590
3530.839600 603.693115
9873.919922 593.655151
12651.011719 1137.266968
959.979675 1261.362549
7543.914062 1193.811279
246.509888 1001.682617
488.747345 948.850525
167.795013 971.471619
97.127457 837.619385
4225.362305 613.344971
1352.506348 136.567657
12318.687500 273.466644
6129.192383 512.712585
3249.865234 772.209595
1426.520264 780.665649
1850.444946 693.499390
3289.835449 577.186157
11015.570312 466.623688
2842.169678 455.126099
3407.728760 616.767944
12495.296875 745.174011
5115.050293 803.605530
2000.132080 190.969559
957.286621 206.775665
1359.194580 238.203674
8738.059570 248.803757
1343.953125 358.240875
15809.087891 335.002686
9521.697266 273.511871
1687.989380 214.795151
1153.608643 48.532715
1329.546387 17.263790
170.606598 2.749196
319.304474 6.097802
11966.217773 130.679138
17303.714844 135.602585
3223.738281 119.963379
3246.087402 87.243256
312.647583 73.883858
6349.246582 40.314377
3248.158691 40.720383
9368.909180 58.876034
1846.524170 251.886261
1839.421875 254.511368
1971.049805 208.819305
84.644974 137.930344
612.657776 119.925201
304.871918 132.716400
8531.948242 126.659958
4204.666504 104.453049
16304.673828 30.964386
2186.375488 41.266705
1768.882935 63.848885
6384.653320 93.497818
1098.872559 84.874191
1021.125488 70.179832
5844.079102 44.910656
613.043213 19.415295
263.544556 33.790688
3595.545654 49.214222
903.428101 69.023865
3107.599609 83.702118
21.967056 77.989220
5256.799805 77.930893
3364.804688 111.742363
10541.910156 147.158997
26093.007812 282.602417
11617.478516 263.551300
102.403854 198.280792
226.005280 123.845032
8653.517578 26.272221
3195.921631 64.959282
5245.793945 89.758804
5224.794434 83.342171
20256.312500 146.024597
16979.207031 72.796371
5765.957520 17.775019
205.072769 2.890222
1093.305786 171.276154
3902.005371 160.312988
7857.983398 124.385101
631.432617 86.030212
1595.697632 61.629250
391.851257 71.333626
2668.948975 108.313385
4157.588867 149.870743
1180.273682 109.437454
2679.908691 90.768402
211.440384 108.406754
2447.453369 147.452866
28341.427734 178.929764
8321.295898 212.180328
4681.008789 199.531021
1069.812378 155.121933
2501.354492 144.671356
1222.776123 209.807755
498.389374 223.893829
3412.853760 172.283768
18849.921875 235.736603
2653.905518 122.049484
762.810974 62.164436
2001.245117 77.699814
1315.418335 422.431091
3588.369141 291.614441
7799.582031 216.526062
9387.089844 193.260605
13476.558594 614.341614
14483.596680 706.035400
6253.608887 686.472412
8888.770508 573.967590
169.419113 446.740112
7890.588379 403.730530
2284.835205 352.196716
30334.050781 296.777069
5253.137207 362.377411
16080.548828 432.072754
2724.884033 469.510071
921.076538 472.196838
2441.413574 1210.649414
930.577515 1193.851685
14946.552734 1125.096558
49401.992188 970.324707
9645.142578 1157.250732
4524.349609 1222.166992
772.012756 1227.313232
3416.331787 1216.432373
7851.024902 1291.641113
2039.070068 1175.758911
660.313477 978.498047
25001.923828 780.948242
47895.429688 505.008911
44459.054688 794.976990
26589.820312 1078.913696
6018.949707 1262.532471
3530.277344 154.236755
1776.291138 182.152451
2063.522217 187.973846
1055.381226 170.041214
12939.685547 46.905590
957.874756 54.282131
3551.880859 77.837219
4888.867188 114.758278
67.169449 19.149254
2657.047363 30.199743
7147.501465 39.455284
694.960938 36.621132
1677.236938 120.378235
1905.944214 79.998489
1223.831177 41.711201
3770.016602 20.230928
191.493561 392.728821
1055.820312 395.490479
14472.036133 329.888611
14233.954102 221.535995
6843.013184 253.028854
7726.138672 232.111053
5414.987305 266.500366
11635.701172 335.335938
2431.658936 626.706726
694.675659 499.546570
1588.263428 414.729553
8211.074219 385.841400
654.167175 521.577026
22442.451172 703.281189
8445.399414 781.068604
1919.255737 742.424438
909.141357 6.233608
2095.332031 1.273726
7341.793945 0.376204
6937.088867 1.159635
9293.628906 103.531624
3163.414551 72.574829
759.359314 42.054890
362.673462 19.136250
847.848877 269.918213
3949.050293 198.604401
4499.156738 137.037918
1918.222412 108.527283
477.654358 157.839798
8662.958008 250.319580
181.864120 310.850006
6497.813965 316.280334
316.048584 234.126755
3609.177979 283.568481
2381.335449 307.071960
15333.197266 278.418640
29624.625000 295.492676
8830.405273 243.425476
6288.786133 201.089920
237.612061 197.571655
1498.092529 173.978745
963.595398 163.323242
2629.906982 112.953506
9264.376953 57.392464
18232.781250 27.468758
15098.183594 25.759163
9505.129883 73.443787
1959.172119 136.408508
2082.604492 38.429363
2377.018066 14.454324
1050.123535 22.327551
6490.815430 58.663681
1986.714966 109.027824
10678.454102 126.827538
23321.642578 115.885284
269.833191 80.053741
390.516022 275.585236
8408.208984 191.574509
11293.441406 179.022827
9087.466797 192.491776
17041.000000 807.534241
992.691528 776.545959
17864.875000 629.752197
2758.644043 436.850281
1146.259277 259.054352
408.690887 227.739304
3262.233887 201.694000
5541.503906 189.938324
10975.699219 129.750244
12426.869141 207.542053
327.082703 260.731842
5721.762695 276.167175
2342.764404 3.402923
1196.941650 6.473423
93.125290 13.519274
3071.970947 14.857216
42638.554688 135.987091
18031.349609 92.685165
8409.416016 47.340637
1057.074829 15.467418
24.011148 207.319199
1698.990479 183.541550
2497.172119 136.317780
9471.630859 81.302040
5264.287109 94.154869
796.641724 130.483185
148.190735 171.086868
270.464355 201.319702
2581.234619 360.215973
1447.396484 262.479401
7550.172852 225.927460
19670.074219 236.375427
2103.131836 517.302490
15654.301758 608.515137
11752.703125 591.977600
70.538910 489.957123
197.305527 627.138855
2253.476807 582.584961
3077.047607 490.842651
3567.708496 377.052094
15770.820312 314.512329
24733.103516 430.925659
19457.933594 539.021851
9752.895508 611.171082
203.956848 298.458435
22413.644531 278.064575
333.726654 238.352158
46210.199219 193.677536
8807.396484 112.927345
2887.368164 181.429932
7006.534180 245.929108
6846.658691 288.294952
2484.116699 34.598923
337.966614 24.912384
2534.873047 19.072210
5826.235352 16.805653
36557.140625 45.205250
15137.471680 53.374043
2140.519775 53.061638
3641.930420 45.477444
5278.242188 20.684427
3913.518555 11.195169
424.167053 9.201387
1807.467407 12.984566
14180.141602 54.695023
3158.741943 56.827511
5881.271484 49.290623
260.954041 35.253860
1587.681030 167.945023
1783.014160 182.647034
276.674866 181.966309
1859.823608 153.016312
11806.267578 220.163055
1003.231995 193.611206
4346.433594 167.271957
795.521301 158.145401
587.300232 73.249741
2228.298828 57.319969
742.251404 67.013733
185.515869 72.592209
14539.761719 424.574127
4445.836914 349.994049
703.950439 238.517868
2419.530273 135.379761
1392.732788 413.623871
1313.521606 295.275208
5513.067871 193.659897
13312.613281 134.427460
2228.046387 347.054596
2088.483154 469.478333
11027.322266 528.441772
452.153381 504.788574
534.957214 211.032074
3784.334961 216.100403
3383.769531 210.536011
2033.269531 199.859528
3844.554443 80.638008
14637.475586 117.215630
1968.219360 157.709473
141.761108 191.281204
3209.703125 47.594078
5057.755859 61.222588
4590.070801 63.308960
9752.238281 53.154762
468.706573 42.844437
8023.125000 25.187023
940.120361 20.724689
9078.666992 30.517597
859.484558 38.605301
210.639496 43.031639
1675.275757 36.415401
3067.447266 22.188185
26593.261719 15.911299
9211.864258 9.512191
5635.269531 14.018450
2261.384277 26.319721
1891.110107 190.997299
6066.000977 185.776199
8545.486328 183.040146
23942.986328 162.614487
996.472473 356.837524
6120.431641 323.423737
3375.802246 267.165466
969.076477 217.218582
220.461136 347.543274
68.746162 268.259430
4253.229492 196.247620
540.524475 149.475967
3475.383301 274.211670
14772.982422 365.238495
4888.911621 413.519165
400.620880 404.698334
2847.464111 868.781433
2059.223877 1134.755371
3532.874512 1583.171387
6753.027832 2117.715820
5572.792480 1125.509033
9428.018555 988.311523
4148.109375 863.237183
1986.658203 797.373657
6875.396973 1295.245117
3580.966309 1079.359741
1072.988647 1173.066650
9555.357422 1872.484985
3480.652588 4689.437988
22856.539062 3155.013184
14648.187500 2195.948242
10984.455078 1647.865356
1889.936890 189.347321
2202.368164 30.967173
1736.294922 17.349888
1862.856445 229.561264
44431.062500 1718.481445
26293.957031 1176.372070
16467.009766 752.612427
10522.779297 432.723267
1996.093262 709.764771
4716.590332 882.276611
1730.452393 1165.384277
59.731197 1734.207031
14095.683594 2113.733643
15166.560547 1111.729248
349.992798 654.443848
2624.282227 593.275574
958.521057 947.983154
4423.373047 879.089600
3010.069580 850.286438
3112.257812 928.703186
17884.191406 4934.811523
7153.654297 3196.113037
2420.428467 1909.351074
1260.710449 1207.677490
357.322968 298.401367
1543.514526 222.081802
2493.511963 208.867645
2155.111572 201.597290
2421.302734 1051.901367
34103.714844 930.444092
28171.253906 704.593933
6.303214 467.907257
4844.308105 102.657814
456.571228 179.318512
2160.396973 302.526642
1858.894287 445.955322
10519.226562 105.173340
5163.123535 90.977013
4962.813965 77.523254
7026.270020 74.429718
211.085770 648.551453
10589.132812 630.247070
7472.247070 713.458496
40490.550781 1013.192505
24930.750000 1622.315918
6953.279297 1096.336548
3492.835205 817.799438
3595.819580 701.435486
6638.400879 406.421722
1665.065674 317.663574
1379.392090 202.050446
2064.699951 192.409500
20564.537109 1428.058105
18868.226562 855.198242
29162.894531 552.394104
1886.709839 450.518646
196.664307 17.860798
3037.832031 19.162466
1433.033203 16.548740
1360.062988 29.123142
11729.125000 1003.509277
6640.882324 542.690674
6347.808105 217.348404
660.288513 58.307438
1026.526367 301.647461
1008.990112 439.310150
5838.438965 755.259583
159.395172 1226.762329
2814.746582 67.084412
10068.519531 160.077637
12081.443359 240.018372
548.564453 269.369202
161.277435 482.353180
4874.873047 330.534027
1469.422607 263.910828
2654.018066 427.636292
24101.023438 2325.744385
18802.654297 1506.594849
12334.578125 973.463806
2298.496094 672.504761
1165.080566 73.708023
2679.400635 196.323929
2464.115234 467.447327
845.182678 911.887939
6439.517578 215.740234
695.662964 70.040344
16741.093750 29.362324
1525.375366 33.812767
299.028992 1080.326904
3595.680664 1177.064209
5438.607910 1406.057251
13373.312500 1957.277832
14231.041992 2692.227539
9711.392578 1668.598633
8615.710938 1168.118530
4053.528076 1042.147705
4725.014648 1188.857300
121.600082 1140.673706
3094.584717 1061.562988
16.850594 1040.801147
7098.491211 4869.879883
22191.585938 3167.359619
15320.499023 1964.549805
248.504395 1367.336304
4462.004395 145.086182
38.700485 86.611305
6006.878906 81.018677
4927.811523 133.001602
32962.167969 1242.844971
20414.232422 850.745728
2895.753906 513.398682
3390.050049 278.319946
1487.434692 61.471249
2209.249756 48.360004
2089.653320 60.015450
1652.649170 169.273239
43375.796875 1442.754150
3451.020508 757.519104
1915.268555 319.009705
10256.142578 119.374969
1262.354248 252.220093
2285.349365 306.930176
830.597351 486.915100
4220.626465 747.882446
23669.074219 1056.649536
9611.547852 790.282593
12993.081055 530.911743
9809.546875 334.915771
2080.284912 221.317719
533.854736 175.979660
3389.413574 172.541122
1631.514893 246.798233
7292.788086 1593.684204
14366.930664 1013.828918
1101.813965 584.410095
1460.990601 335.529846
219.806656 32.698082
1749.863159 22.845434
36.088348 21.238110
2151.092285 27.315548
466.236938 177.175400
8009.125000 130.405090
13178.955078 86.645653
1454.761475 53.364189
170.578720 104.181664
2657.508789 163.233490
7196.240723 243.114517
5829.632812 347.452759
3838.937988 58.850586
4297.273438 22.504278
7917.834961 28.128147
1530.364136 59.076828
103.269821 411.312988
3134.590088 424.877625
9950.924805 614.571777
1217.926758 877.854004
33493.265625 1116.692749
16206.340820 1056.346802
11988.312500 842.439514
1122.094727 581.198120
1970.075439 473.056244
6013.729004 482.514526
3315.290771 503.503937
9689.410156 515.580688
2334.647705 957.349731
1963.350830 775.962280
1431.757690 612.374084
3471.155273 508.738220
4590.512695 341.243164
613.704224 332.055847
3641.825928 309.050079
20972.968750 255.743301
25885.994141 1003.137756
19576.019531 743.872620
4693.308594 520.934509
1657.973511 388.248688
5535.467773 500.835419
274.644745 564.976624
570.602722 661.866577
7709.842773 890.496399
2576.504883 142.613571
19603.197266 93.897804
4300.658203 219.252930
935.638245 385.853180
970.640259 598.295776
2297.652832 467.657806
10446.150391 436.946228
7793.438477 536.374329
16911.447266 2052.585693
3370.742920 1568.214355
15024.640625 1144.732788
6331.827148 821.074829
249.083572 29.510731
239.527405 12.919183
4517.327637 9.646368
1038.251221 16.247149
30606.925781 346.314056
39901.480469 239.285004
4093.699219 140.697388
2543.789062 69.503716
699.417969 245.691437
630.366760 284.217468
2358.000732 388.622406
2937.610352 536.485046
16403.144531 423.523834
32994.078125 378.139374
5825.566406 320.825623
168.362610 266.834778
890.678162 288.930115
821.011108 263.936157
559.367981 342.787720
106.463844 527.849609
201.288391 816.058472
12275.443359 668.501953
13368.123047 523.190674
3816.419189 387.877655
1391.913574 333.554382
3923.428711 341.502899
3006.274902 414.720093
8525.470703 639.975891
20948.121094 957.938599
872.354187 579.689331
5033.958008 398.246124
2725.140869 343.315338
3190.663574 388.744019
2557.618652 305.077820
2327.584473 210.890976
2073.698975 112.427055
13669.752930 1903.666504
4773.482422 1319.072266
11265.619141 835.682800
7125.473145 535.185730
4842.411133 325.419128
1692.782471 492.425629
1388.295410 827.351624
11511.495117 1375.142700
45650.363281 79.683525
23137.373047 34.847534
4215.809082 119.243416
3320.253174 224.088699
815.602783 547.768372
3809.098633 478.539978
4654.270508 440.990784
915.725281 477.914001
5913.891602 2823.343506
3939.480469 1860.292969
14672.203125 1135.870850
6360.315918 723.286560
67.460785 21.606678
4596.358887 5.380610
5434.743652 9.127750
1975.734619 100.890656
14566.771484 499.394531
8499.556641 213.949005
3927.769531 74.214218
1470.320190 32.850430
946.197510 37.555962
1697.186157 25.796852
20286.369141 34.969330
1311.289185 72.871368
18086.974609 548.976379
1309.688721 339.166687
7024.825684 178.208847
6384.971191 81.413010
3344.172607 274.132996
411.540344 270.508667
3163.815186 401.893738
246.056030 779.050842
17406.496094 448.328552
15458.373047 279.067505
5335.453613 269.008331
2249.743652 288.917816
290.171112 194.956268
5289.662598 109.480804
3778.451660 46.390923
1218.918335 94.670845
4084.697998 1690.635010
45481.546875 1005.188110
20175.191406 548.536011
2831.586426 310.820648
215.619247 9.854435
160.298798 1.164601
1325.365723 3.696956
846.440552 38.401089
3497.181152 422.717407
13147.818359 226.348450
2317.584717 97.181335
587.136597 33.545456
223.985245 63.436188
832.544495 57.470093
62.825279 53.118843
2890.649658 93.908272
3854.718262 243.336014
5750.446777 104.336166
4149.453613 53.101315
1677.831787 54.568161
618.299927 5.036301
1642.215088 6.375801
2395.552002 24.401070
4219.074707 80.213791
35632.695312 385.873901
15115.746094 195.688980
5880.387695 75.906158
1942.897827 20.915266
14.986767 114.872314
326.871582 96.574341
1842.958252 55.237366
2558.827393 16.804926
1774.180176 625.882629
1504.200317 369.957550
6370.173828 203.749115
3815.231445 132.910950
2660.023926 116.614914
1878.836914 166.199951
1285.443848 248.325165
163.785583 355.879303
28921.152344 12.713634
6332.163086 35.116333
3767.322266 63.480934
2932.934570 88.097588
1552.260742 245.065430
3039.157715 238.563309
3032.796143 224.680038
6289.330078 225.698425
2981.126709 278.071106
7781.259766 231.534576
549.738098 223.942871
1767.633911 236.282516
658.318237 0.405945
726.568420 10.907397
4278.878418 49.960808
19446.798828 146.217072
42880.355469 436.746246
26692.222656 207.724335
12120.140625 71.044518
2771.262695 12.918715
2830.825195 196.150223
270.167572 310.303680
3628.599365 564.407227
5397.223145 1011.566528
12375.914062 1575.070801
23436.722656 852.876160
5126.050293 406.271301
2642.314209 211.457001
502.092346 306.869049
2405.068604 195.754425
2760.942139 156.819916
426.121002 175.768738
6424.348633 1809.132568
29333.632812 1337.564819
5691.703613 880.400635
2836.128418 527.462769
343.322388 44.575520
3179.346191 43.860947
8058.909180 37.494465
3526.708008 30.662571
12612.471680 103.990929
4978.578125 67.678070
157.289078 47.673748
6620.457031 42.806210
1034.295532 10.911518
32.474255 20.604866
457.051544 34.517914
8200.872070 50.760880
2706.593994 16.934990
771.498291 9.474844
8436.268555 5.729609
5489.525879 6.041122
157.224243 87.400826
3990.204834 156.053314
7717.777344 241.310303
9873.885742 413.175018
5006.421875 524.866638
38659.789062 162.770294
2628.314941 14.985542
1271.249634 21.028730
543.767212 180.525513
1380.553223 109.327209
5436.105469 147.699127
10568.448242 302.394440
23139.371094 1397.077881
1807.811401 995.508972
4914.900879 634.792053
2237.724609 357.248047
1711.138550 487.854797
517.223511 520.957214
3627.023682 646.493958
11282.707031 831.236450
55323.687500 558.581055
5517.752930 597.200073
1966.498413 581.019287
1390.203491 526.619751
629.085938 277.636169
2427.250488 229.301163
8585.966797 189.966507
4092.336670 132.774933
4906.615234 1407.302856
2347.764160 1015.451721
7652.242188 650.461670
2750.195557 400.744415
969.121643 252.254578
4618.658691 454.618622
1608.049927 762.056152
5991.656250 1119.427490
24038.792969 128.436172
2554.408691 115.019188
9263.603516 121.026314
3429.836914 153.878113
1879.387329 1096.868164
3529.883301 1247.584473
13121.044922 1551.183838
10979.210938 1925.887939
47585.085938 2350.113281
23338.533203 1862.558716
2645.007568 1430.955322
4139.411133 1156.568848
944.953064 713.619812
2539.479004 760.200684
1198.340820 826.432007
448.563599 980.371521
5995.748047 3218.022461
4974.702148 1987.763916
3381.388916 1159.961182
4203.797852 782.500061
362.459900 1079.283203
3547.228271 1141.781128
62.488403 1415.372070
1119.687744 1761.280396
22655.246094 1322.013794
32891.914062 1487.274536
4304.742676 1417.037598
347.277527 1219.120728
1200.191772 790.842773
1.876676 887.406982
3941.127197 1386.681763
5195.856445 2375.196289
12349.018555 3169.616699
5669.271484 2127.892334
8667.764648 1417.307617
8719.114258 983.502075
166.400711 884.089844
133.295181 704.825867
1270.732300 731.002380
8610.434570 1145.446533
20463.824219 3706.897461
1515.987427 2500.593506
3805.543457 1681.695068
3352.307617 1188.060425
2473.216797 827.504150
532.691406 802.914429
3196.296387 796.358032
1243.547241 797.317139
8382.192383 2694.474121
10716.037109 1937.510864
5210.646973 1326.492188
1124.304932 965.955994
716.834106 382.261475
519.307495 387.832001
1326.505737 547.769348
11310.159180 744.960083
6963.137695 1592.139526
1892.852051 1332.050659
3041.642578 945.664246
3501.354004 584.568054
402.958984 324.419525
530.653748 343.196686
4665.207031 626.335999
6603.383789 1164.381714
17637.589844 538.412964
253.105209 589.455566
8427.102539 571.079285
5541.678223 452.431885
1243.447632 581.682678
2194.888184 610.689209
22758.490234 733.805542
9285.979492 1132.144409
4270.138184 2144.101562
12717.937500 1205.491943
7640.764648 728.351746
5517.264160 585.465149
2369.547363 1354.760010
6430.691406 1320.035767
13711.822266 1241.207031
4513.478516 1069.693359
990.756836 3268.900879
45430.925781 2526.797119
2528.500000 1883.036377
4978.061035 1496.206055
2408.657715 1130.423706
11564.957031 1171.155029
2685.779541 1497.040039
3781.899170 2100.723877
112043.234375 430.437775
19151.445312 863.074890
14731.973633 1147.487305
9383.142578 1198.117432
4584.818848 820.347473
4276.422852 706.011353
4723.524414 530.537537
4009.428223 474.946320
9621.271484 3606.470703
30857.728516 2200.716797
34286.703125 1318.463867
923.088806 939.720825
10.281384 462.766327
160.104660 424.087067
144.500122 384.582916
6709.365234 318.536346
15919.007812 1072.465454
17152.042969 888.587952
2130.600586 691.738953
407.873016 543.618591
2066.997559 387.232391
36.848209 347.096893
546.861572 353.557587
11841.497070 454.337036
55900.300781 56.295605
4406.550293 193.395355
7366.323242 330.741760
7232.345215 398.718933
2960.848145 569.567993
1888.936279 715.608704
9007.371094 998.720825
1664.726196 1521.678345
3642.092529 2713.835449
1923.645508 1546.905884
374.745483 845.383118
296.155701 570.191284
1992.126465 208.275497
6361.877930 111.173752
2666.700439 89.503983
2551.914551 148.476776
23603.300781 2239.432129
7119.479004 1495.116699
9802.049805 862.682922
7095.412109 436.501099
1490.432739 193.726746
332.005646 123.327202
3012.074951 101.599106
1901.989258 119.672745
91236.218750 1837.691406
6245.243164 1240.190552
3416.216064 721.548340
3228.119873 372.900391
2461.504150 51.523296
608.869568 67.561127
4118.545410 109.476242
2004.406128 183.817566
8538.041016 2.384320
2353.069824 11.140456
7046.009277 30.225739
1273.593994 43.804451
478.059418 31.579628
3950.865234 122.834312
927.771484 320.991699
7481.330078 661.995850
1353.645874 346.595093
10439.931641 117.996750
606.390991 20.126043
396.956848 1.771142
2824.081787 663.117798
4.128664 657.486816
4136.635742 836.455322
18505.992188 1187.956909
48471.347656 1798.936279
11478.787109 1435.181763
1107.212646 1098.845581
1111.548462 825.951843
1270.387451 988.122070
2686.440674 1098.305908
2586.364746 1327.901123
3007.250977 1889.534668
47229.890625 3542.409668
4771.929199 2053.372070
15981.916016 1237.460693
407.798004 971.310181
2765.579590 606.017395
939.897583 376.432526
2264.397217 195.250153
10505.236328 61.794861
13072.651367 3435.071777
7062.408203 2478.020508
7638.627930 1606.674561
1876.580566 981.947693
2264.719238 476.264832
3175.724121 709.565186
472.737793 1083.544678
22367.390625 1621.669800
28722.847656 51.005783
13482.361328 32.677570
3714.448486 150.937164
653.395142 307.379333
5875.828613 1175.783936
115.511497 1036.853760
6220.749512 1121.504272
3796.981934 1510.683228
48171.570312 3285.694336
10757.463867 2515.888672
2371.425293 1912.093506
1394.068359 1472.398071
1999.162231 163.494812
4313.442383 84.907906
4463.051758 58.003914
2199.783691 203.273590
1402.552124 1360.171875
7714.596680 764.248718
1451.389038 416.412506
10730.456055 253.223068
103.584579 82.762848
2475.350342 36.800724
7257.827148 7.079437
3320.579590 6.042770
26359.919922 1022.520752
13027.669922 653.021545
24.916162 358.051849
728.851746 174.599396
1384.633911 119.259995
3379.482422 164.168152
5835.321289 363.500183
12128.861328 802.789368
10707.335938 133.638504
1020.171753 33.124004
8523.224609 64.570305
6208.751953 107.309944
405.819489 390.053284
1230.966431 396.019043
5420.420898 408.984070
543.495605 523.659302
27413.986328 2258.622803
581.690002 1297.823486
1693.020020 692.291199
4276.729492 437.527588
419.206299 914.459412
1148.802368 963.387024
14603.453125 1035.153076
3405.196777 1161.208496
36451.347656 2385.966064
7470.531738 1660.185669
1998.756592 1169.675171
1429.434814 946.733582
2441.254639 729.245117
7182.493164 594.473511
444.846954 613.734375
2094.212646 701.796570
30412.433594 1294.054688
82558.117188 1410.933716
23141.544922 1278.063477
12071.710938 997.970764
1324.321045 107.338089
6119.432617 98.726616
8974.677734 222.874847
10545.194336 695.474731
3247.268066 1022.494873
9497.264648 371.599670
6259.971680 132.381302
871.716431 106.666359
1656.834106 225.903625
1579.552734 134.907074
556.393921 77.371353
5203.795410 93.342453
16910.042969 2238.075439
4843.150879 1417.395752
3437.891113 785.734131
1338.822876 407.968994
140.808487 243.856049
682.917969 261.353912
875.535034 265.978333
7096.594238 372.020721
38592.457031 696.913452
22198.302734 295.836182
1200.317261 155.717896
5833.113770 182.894821
1247.666504 184.441788
1259.887695 209.157150
5147.806152 321.163361
289.967285 491.567383
19604.289062 2562.069580
7594.863281 1599.665283
3368.514893 819.596558
3586.793701 352.461792
764.243408 54.078480
709.112122 31.692339
462.890808 37.957367
2629.371338 79.298149
13231.400391 864.388000
3364.298096 542.654419
706.261353 286.650940
408.035156 127.973343
2183.004883 185.827713
2294.961914 212.054596
3280.768066 294.925842
1274.961914 399.222076
39429.292969 805.647644
1192.013184 596.413452
1907.489746 391.479675
4626.811035 244.648148
5677.159668 1106.010376
7047.769531 1609.483765
438.871216 2473.579346
1124.632568 3923.670166
3107.710693 2933.208496
15260.015625 1461.985352
11594.992188 845.636719
208.035309 821.074402
1092.137085 1833.190063
5317.018555 1312.509277
802.770386 893.424927
1281.507812 911.652405
45380.800781 8504.366211
18592.992188 5690.369629
17104.767578 3679.104736
4159.073242 2504.854492
525.962891 259.368378
1294.259399 242.198120
7513.283691 292.682404
2727.595215 389.144653
13364.649414 738.620850
49038.257812 620.898621
9665.352539 477.841766
920.914917 345.219971
83.443672 322.091644
7330.708008 311.918152
6598.452637 275.399353
3382.596680 212.525116
1268.688843 284.362213
5008.331055 296.600555
503.573059 305.782013
237.575882 316.078583
3694.722900 920.663757
1574.421021 1092.052124
12400.958008 1567.311401
1585.915894 2208.598877
50578.726562 822.281860
14461.610352 1071.773438
21213.843750 1108.556641
7405.933594 992.520569
2344.933838 1677.550049
7384.406738 1807.186157
23.422722 1939.443604
11193.800781 2172.707520
25334.005859 5418.891602
32629.064453 3508.020996
17452.060547 2250.081543
3882.492432 1718.060913
656.637146 797.065552
6162.196777 604.167847
4099.542969 526.656067
19705.382812 628.981079
19557.593750 2340.377197
5135.876953 1837.881470
15511.952148 1408.895752
53.318001 1066.078491
1818.512817 225.546890
3182.504395 114.142799
12692.555664 92.091614
7200.186523 138.196838
17609.767578 559.567017
29214.144531 615.259949
27861.611328 548.578674
6772.541992 394.228668
2589.117188 36.973206
5255.739258 72.394600
7669.393066 153.625610
6095.775879 306.268311
4198.429688 139.328033
40467.867188 43.410435
1737.898560 14.763105
2741.873535 19.778681
2449.531738 182.595978
715.435181 281.729645
373.002808 530.791443
7838.056641 1088.325439
5855.086914 1530.630737
5198.510742 678.053711
1345.300537 263.677856
1047.195068 154.126694
1464.750244 534.896240
1835.346802 312.323700
556.927612 120.363113
1603.457520 159.073746
38278.078125 2838.139648
9482.051758 1777.233398
11618.893555 1105.238525
902.597473 753.625000
244.150284 47.035454
1360.791382 123.327545
1087.330933 292.273743
3269.733154 591.581543
29569.802734 318.539551
11901.673828 113.745270
2504.840576 31.114847
698.139465 19.800312
521.131409 615.850220
3031.549072 674.302490
760.848511 864.036560
573.455994 1328.361816
4575.290527 1417.596680
13548.866211 857.969849
1404.208374 628.459167
17.255848 591.810242
1260.534424 796.520020
2541.007812 779.365295
2119.740723 706.289185
2849.993164 567.733032
12368.923828 3699.256348
272.725861 2442.321777
7128.034668 1469.497803
2088.872070 949.571228
3072.510254 951.360474
351.556427 1137.095703
8921.883789 1556.673828
14593.895508 2141.576660
27906.900391 403.457336
12208.540039 684.773743
5384.422852 862.173218
8607.069336 913.289734
2622.292480 879.072998
1193.999390 768.575073
709.076050 859.599731
8251.218750 1344.111572
21941.462891 2941.629639
22523.433594 1976.173584
5795.855469 1393.066650
693.061584 1075.260376
6984.772461 1173.556152
933.924011 1069.462769
1721.548706 1029.183716
8517.768555 1131.891235
7333.820801 2449.915283
17609.097656 1917.790161
1694.468872 1546.222046
3235.334229 1318.739014
462.255768 402.015503
1792.545898 282.812683
973.203979 241.692810
3999.816650 226.229996
1667.986938 1866.247437
12503.702148 1482.713135
7233.710449 1035.674194
6388.894531 651.873230
2256.604492 117.878082
778.549072 117.032852
4885.396973 137.751694
7944.795410 186.352600
9020.729492 44.591339
1419.786133 79.487709
824.970093 109.765762
1450.276001 121.343674
184.734650 369.227020
3672.411621 422.231598
1200.691406 605.469666
960.110596 930.873535
13411.797852 842.420654
6755.002441 636.167480
4280.522949 496.790100
8647.940430 405.679688
692.751099 174.294281
4049.095703 99.429993
8671.839844 38.844440
25379.781250 3.813461
21780.611328 1294.118896
13505.860352 877.640503
14443.839844 529.451355
325.341156 300.507721
287.906036 63.053909
6692.865234 125.777649
1284.632324 274.535767
185.077759 504.552032
9166.235352 296.570129
5659.367188 185.323135
22342.433594 110.713867
505.999634 66.229904
663.699036 225.092896
1151.654053 221.537598
287.252655 177.082947
2582.255615 161.943542
16575.783203 1154.184814
13415.874023 622.117981
5914.577148 316.310425
1415.556885 219.871918
279.520660 168.787445
1870.823242 149.470352
1188.882935 113.992897
7911.563477 67.915077
53750.851562 236.016830
4997.756348 209.361298
2237.032715 189.085312
1456.266846 178.116806
4163.890625 296.986145
508.836273 330.394897
1343.284668 358.448547
7189.293945 425.611664
72671.382812 39.085106
5511.415527 43.136497
379.408600 126.035698
930.342773 226.426849
7022.540527 299.464050
283.278595 206.967819
8871.016602 129.379517
1548.927490 116.499977
2898.057861 1172.073120
8933.408203 821.302368
304.500061 565.507507
1174.245483 405.642120
681.098999 322.776794
1092.029419 343.697266
1150.478271 524.811523
2862.832031 917.227661
9163.456055 11.917532
33009.503906 134.779984
1834.515747 276.116760
514.178284 335.729675
136.791351 183.154922
661.218140 88.163567
565.983276 50.473640
4408.280273 56.593773
15693.825195 1712.712280
24119.662109 1202.741455
347.427429 729.353210
647.771790 383.846466
1380.513794 195.062836
4034.037109 267.734039
13014.328125 361.301331
5034.492188 479.790771
11595.234375 37.622753
775.335815 34.987236
5966.448242 74.520309
3344.504639 131.932465
380.190247 104.847267
57.331104 51.165417
331.227661 105.849533
9099.003906 251.432159
29690.425781 815.288330
21413.949219 652.003296
23844.542969 450.940399
54.373299 251.851883
1682.566406 71.344933
1734.506348 52.774376
2933.576660 62.930954
7557.541504 134.233780
3225.681641 249.769470
25341.037109 157.302032
8427.028320 114.002686
309.025818 92.497948
1051.949219 158.000916
217.788452 136.417892
3980.609863 143.269821
7973.134766 228.755264
2296.296387 333.899139
182.475815 217.676392
5016.470703 178.601868
777.176270 171.382339
130.091782 42.345131
1907.534668 74.411125
60.050758 127.880211
11397.160156 182.284958
15815.771484 894.131165
14663.508789 535.259949
8253.533203 246.330658
372.088287 83.657181
48.862473 116.444740
2647.877930 157.705566
370.769623 265.310455
15226.976562 475.868347
20718.484375 764.514282
2495.527344 420.181274
5348.425781 215.247055
1180.165039 127.920067
6769.294434 628.660706
310.688232 571.618530
6729.801758 641.036438
5020.590332 783.862366
13752.162109 706.142578
1173.272095 886.725525
16021.899414 895.123474
6920.313477 772.542114
1779.931152 81.693863
198.616928 30.283260
1078.873169 1.667241
1936.401978 66.979248
27725.244141 1669.934814
17491.289062 936.764771
3024.102295 438.352081
11418.262695 183.798035
908.061096 105.708328
1831.688721 110.373299
1638.745605 155.806290
4871.283203 275.032043
11373.617188 1214.619751
4200.791992 700.159912
1023.521973 345.128143
10447.532227 163.633255
285.533844 40.538425
276.771454 24.756519
5911.455566 27.457100
4778.212891 77.442665
13646.189453 366.080414
9565.723633 206.802948
3341.273926 111.171753
3893.787598 64.532234
3137.640869 126.351120
2508.942627 179.452271
4066.055420 391.525360
10340.531250 960.373779
4137.679199 778.279175
1609.196045 219.444427
4023.166992 55.415276
1343.223877 81.073997
270.985107 171.814499
2030.994873 67.966705
4521.828125 10.612817
17286.347656 12.732075
58170.101562 1972.798340
19265.427734 1306.910156
11629.851562 747.276062
886.363220 374.847046
3023.816162 55.726151
4785.726074 45.429237
11787.445312 27.055626
17291.951172 12.446903
9771.468750 29.499960
8698.945312 28.593948
16720.978516 39.850544
2021.641846 52.511650
3439.635254 35.539932
5332.443359 42.579170
1497.969482 96.122292
21903.976562 183.006622
63582.812500 76.538124
32306.814453 98.150955
11067.485352 91.131081
532.932190 61.558441
1110.975464 41.549271
999.182373 11.348984
2591.997803 34.607727
10421.072266 156.194031
10939.360352 86.981155
43140.812500 58.802345
31878.189453 69.895393
7778.152344 70.162071
1557.834961 30.166389
28.275162 87.869690
1554.307739 228.635239
6501.935547 485.098083
13849.693359 140.470840
2123.274902 27.641003
6564.012695 0.192384
1601.676514 8.238531
726.849854 437.359924
5193.846680 393.315765
10249.679688 592.973572
201.869766 1219.103149
16053.147461 1074.552246
13771.175781 695.378296
5037.575684 576.779785
828.508423 523.646606
517.574707 323.401093
1799.837646 231.788361
2123.620605 122.824272
2799.113281 46.922951
15130.949219 2022.496094
3415.284180 1293.368164
1599.579956 756.038208
3323.619629 458.484375
3263.914551 82.884659
343.964752 118.251747
1169.111084 166.645599
2308.066406 281.310760
40864.886719 370.809937
1318.384766 132.751389
7035.346191 39.468830
831.997070 44.551628
136.998413 443.800415
4098.794922 521.475708
2803.550049 627.526123
3526.819580 671.746948
9437.212891 2438.719238
6308.801758 1649.495972
1675.715576 960.908875
331.747925 551.847412
3087.330078 405.193115
28.457438 342.811768
400.565125 377.263031
13672.525391 488.932343
28337.503906 507.196960
15560.038086 613.710083
9073.744141 613.801636
4305.117676 521.827087
3796.633545 55.772209
10.308489 30.883715
3077.195557 6.962516
2901.520996 9.904161
29148.832031 225.878021
3050.077393 138.255188
3919.391113 92.119469
1753.862305 72.240875
745.267639 387.241730
342.877716 563.341614
1437.100830 767.434814
5859.394043 1028.865967
14662.183594 532.103027
6322.118164 254.085449
942.134277 173.174103
9873.214844 241.271011
2465.324219 737.796997
960.806458 672.140930
5101.456055 748.869751
13568.932617 1075.649414
9470.980469 3917.438477
2976.647949 2519.345215
4070.581299 1528.514648
5441.722656 976.443604
1995.261108 513.127441
937.468506 541.777283
3059.191162 642.627136
1683.707031 812.031128
62428.804688 614.262024
18571.634766 586.651062
4758.637207 561.490601
4241.040039 530.904297
3675.311035 566.710815
4178.755371 456.514038
517.457214 431.636017
2094.981934 448.356018
9614.854492 2457.318604
13794.259766 1869.906006
2114.895264 1282.092041
3628.108154 830.875244
1838.730713 290.757935
4827.336426 423.315735
876.676147 553.749146
4144.583496 641.273926
14831.953125 183.211380
33482.957031 153.274536
3206.745361 149.514832
4823.860352 193.431168
3326.078369 282.290558
6230.848145 289.665161
9077.424805 275.993439
24714.742188 221.803970
867.458069 556.893921
8002.878906 448.753662
544.985962 348.173004
4905.358398 292.017151
4874.204590 167.353561
1027.071777 204.957077
2928.783203 233.297974
6871.106445 213.491592
12997.382812 1111.479370
41987.472656 718.354736
40675.289062 387.801941
918.635742 204.714798
1766.021484 181.717468
1120.236694 190.702637
1427.235840 196.023575
2438.139648 250.670364
14366.121094 120.801552
7818.166016 52.704430
9942.183594 77.950203
3539.751465 138.895355
763.717346 108.721352
11.936385 66.625160
1636.291138 50.279091
445.747711 46.723873
3067.096191 327.970428
382.447632 311.926239
4449.517578 253.325760
3680.565674 176.538406
201.349930 67.157074
179.011490 121.576981
5325.850586 217.725937
9062.530273 341.057861
16580.953125 169.963257
6648.159180 114.486069
3287.898193 73.974564
2709.469727 54.504478
555.847900 164.001938
351.991150 124.861671
507.820953 68.225616
13562.432617 25.117214
10174.743164 566.803711
1398.185669 374.848389
12.547707 251.702118
2019.752197 193.711700
2247.843750 187.958710
1182.304077 223.519928
3943.124512 231.357758
9364.361328 229.102127
4781.279297 75.041595
44861.257812 43.425293
9326.162109 68.630638
3005.061768 127.997444
6819.661621 647.314941
372.092743 524.106323
9336.535156 442.135956
13271.151367 558.218811
80972.007812 395.059662
34764.117188 411.414795
7667.629883 558.605347
1513.205322 669.886841
4505.871094 546.826721
2105.812500 502.175476
4996.142090 492.044861
2577.809326 513.023315
80443.156250 374.407898
3636.228516 520.831848
4036.314941 596.228149
7549.744629 594.072266
6290.671875 546.423889
47.815422 464.294159
6142.483398 478.514465
980.130554 666.326538
65513.746094 365.076416
19270.070312 463.189606
1093.132446 576.822876
3915.034912 609.270081
875.630005 45.917999
9349.954102 31.705547
1651.539429 69.063560
65.970100 204.776184
34430.445312 1037.642456
3326.546387 578.343994
1336.458130 271.357422
1979.535522 110.946907
118.240150 256.275421
3475.792480 279.650940
12389.021484 348.484711
7255.815918 397.836182
38110.367188 685.569214
47869.964844 602.195801
15943.426758 454.178223
3495.936035 318.512024
2661.420410 108.507309
2453.696533 51.314648
7371.376953 49.670372
6932.356445 125.059952
118442.359375 714.932556
46561.562500 509.697449
11049.668945 338.217041
12577.420898 205.362305
6294.325195 7.217799
971.431274 23.311346
1389.280029 48.186943
4731.013184 75.788864
17602.359375 0.476308
7131.874023 0.919399
7031.935547 0.206896
2138.858887 0.715914
2667.948242 11.153235
257.851227 1.201507
7608.638672 6.282047
513.305481 19.575106
17129.429688 78.271339
58925.410156 78.767166
1800.136475 61.256042
3111.411621 34.450169
3785.361328 104.526901
1126.800659 146.335419
5783.496582 157.258621
4619.009766 160.208771
12383.392578 304.379883
14538.479492 120.546783
12630.045898 40.526077
1088.328735 51.925072
534.924927 228.193451
1044.876709 216.689178
2894.283936 275.564789
6981.882324 370.765564
419.698395 314.275452
22746.576172 381.981781
14238.447266 366.707703
7226.925781 295.869751
1146.740479 190.159790
5566.498535 177.779572
2417.274902 171.493134
7330.200195 253.074173
3170.052246 627.533752
3270.695312 326.251770
687.586121 197.984543
4040.274658 181.442993
609.948608 47.222313
1057.945679 44.444477
4213.192383 46.987965
5469.248047 55.240150
8845.135742 606.376587
712.634949 369.263000
2549.648193 185.651031
733.508667 82.719475
641.167542 12.287761
3998.699707 20.140871
1144.256592 97.864914
6979.704102 323.767059
7210.309570 352.311188
10959.237305 113.291382
10927.870117 25.962399
27.353786 13.479459
936.334351 82.651649
873.722656 123.538147
4064.705811 310.316345
11102.807617 824.269409
20680.984375 901.801270
3309.569580 301.818390
16321.777344 79.900620
1652.700806 60.114239
2193.490967 451.493073
868.691895 315.179993
2153.468750 232.872269
3025.209473 362.695374
60331.964844 2673.086426
19055.708984 1635.811279
12753.389648 968.399780
1397.115479 626.864258
511.622559 2.725286
5481.396484 5.404439
78.448517 56.720726
1062.518188 237.477722
20763.804688 948.335999
5105.648926 436.344421
2926.876709 145.011887
1326.767456 30.074684
1265.497803 314.489868
695.686584 362.487274
3494.879150 454.898743
13912.582031 747.450317
46104.019531 2047.547119
4314.762207 1026.816406
619.534668 473.459076
3973.457520 301.923737
2289.934570 555.624756
718.336487 612.756531
949.058105 746.992798
8360.050781 868.525696
17562.498047 2544.770752
13175.662109 1806.428467
1433.800537 1135.717041
1387.637695 704.119507
89.980225 367.981842
5541.892090 321.864075
9032.549805 296.244568
15125.262695 240.808426
247.495560 1179.379883
1032.093506 966.397522
505.952911 705.449951
554.851135 490.479248
1322.597900 327.609619
2704.071045 374.577911
4113.922363 405.686646
4127.765137 544.626770
5353.272949 484.654419
19525.140625 164.548523
14510.474609 116.136810
3119.420410 218.362625
3105.806152 243.437744
814.057861 152.499222
1395.682983 94.935654
4749.208984 56.109085
8454.094727 674.359436
56863.050781 624.774475
3459.449707 509.447144
1394.976074 369.336182
3299.373535 21.789909
1927.530884 38.807732
766.561035 123.164909
630.124573 303.000885
32844.277344 86.808868
913.417969 34.549465
111.532692 28.007744
1099.741943 27.197617
2749.760498 51.157578
636.794434 129.108871
1442.142700 314.544159
12524.678711 671.713318
1743.281982 905.284424
11583.118164 412.919769
625.161560 143.887024
504.305054 46.663506
1024.158691 506.643036
2328.753662 417.379242
2596.251953 326.310272
8307.470703 215.002380
6016.650879 1091.508545
25521.490234 959.575928
7402.894531 784.361511
6656.899414 624.838806
305.329865 119.601242
2441.684814 140.713531
2359.700439 193.143478
13594.564453 270.558716
8797.771484 667.502136
6950.574219 435.322693
7034.905762 254.290436
658.143005 150.316071
85.113899 409.356049
2809.739258 480.159180
649.492493 593.699219
1460.968994 760.346924
6229.683594 27.638344
1086.223633 126.548950
9810.397461 246.780457
677.739563 342.372284
2116.734131 151.718735
227.695602 108.469109
2490.341309 191.578476
4553.647461 475.127563
7649.448730 1919.505615
12264.907227 1153.570679
5567.163086 617.012695
684.618958 304.784210
27.285843 118.817169
2143.498291 114.471130
58.012817 228.252945
9285.538086 475.283813
9179.058594 1052.764893
7446.287598 695.195190
12748.804688 414.902740
2426.012207 222.116058
111.346832 800.412720
3656.568604 790.930298
6517.116211 933.474792
20685.183594 1386.173218
17126.136719 1706.124756
6634.951660 1161.251221
19458.644531 920.897827
3028.260986 841.826904
2259.297363 195.420685
289.389313 89.137558
6874.135254 61.135880
18008.560547 167.792755
12323.144531 2707.499512
10025.393555 1685.781250
318.595520 904.458801
2820.661865 430.367798
91.938141 4.870293
4136.076172 41.108524
3601.485596 145.520889
8257.557617 388.074005
96595.671875 902.758118
42878.535156 404.170013
9035.532227 123.067001
620.945496 16.381987
2119.522461 375.990173
653.254395 340.108276
5891.928223 308.817017
5162.921387 302.354034
35073.875000 1776.655396
29688.886719 1177.979248
3109.949219 726.178101
663.607239 474.561310
1603.205444 351.646240
5896.378418 448.991089
918.231201 600.165039
1184.526367 746.847351
22001.826172 268.718353
13829.205078 324.051147
11240.743164 330.583008
3314.498779 322.625946
1248.281738 258.620575
2279.669189 178.020096
4237.138184 119.969055
2072.124756 179.609177
9815.437500 981.798706
3887.660889 616.592163
4333.785156 416.041321
3755.527588 324.374329
2134.092773 294.853699
5430.597656 478.085449
135.074860 710.860596
6917.088867 957.721252
12672.580078 9.903551
30344.142578 24.370819
11803.923828 79.237648
826.450195 166.170959
5537.773926 1193.553711
2913.425293 1136.938232
8038.087891 1207.402710
1607.682129 1428.547119
21807.669922 1738.442749
2432.766846 1596.210327
1749.311157 1461.214233
209.009506 1319.678467
1918.597168 766.047363
519.361328 831.908142
1460.066650 959.602234
6916.323730 1152.117065
8834.708984 2351.491943
27085.578125 1625.049927
27139.185547 1096.873901
10627.325195 824.945435
2127.895508 557.589111
4743.559570 554.571350
1938.806641 728.901123
12282.751953 986.434265
7970.328613 1620.707031
4651.416504 1410.216797
835.211304 1083.251953
617.031006 757.193726
2427.761475 3.718025
4091.442383 14.994445
2206.089355 136.452118
3887.063232 441.445007
36506.390625 581.600098
30977.136719 266.299133
8435.938477 107.395859
219.504501 37.237007
2599.684326 408.897827
2988.687988 306.191986
15724.406250 291.268341
4007.751221 301.802551
27083.548828 1458.449463
6597.664062 1258.330444
6659.228516 945.460693
3598.573486 632.067505
2443.400635 186.697174
137.538116 325.672485
2189.321045 439.118805
5435.735352 468.656891
20020.556641 1306.156128
2534.012939 751.909546
13937.215820 331.540283
3803.492920 150.153870
1877.437744 422.535309
594.691284 424.912170
552.409912 521.289490
23480.136719 664.162109
48642.593750 510.650482
29486.765625 597.251526
8175.833496 581.069885
570.960449 497.401306
1255.231323 641.596985
3015.681641 636.206909
6.211085 732.926270
7874.916992 1065.729980
15276.341797 1076.331909
6859.353027 741.100403
12221.765625 641.252380
2722.038086 643.289612
1273.230469 137.883881
1723.232056 99.190178
67.005898 147.577637
11016.894531 331.875763
6312.449707 1866.763916
4797.223633 1130.367676
5253.362305 593.026245
1983.683594 280.348938
4380.486328 583.804443
1309.530029 682.519531
2899.963135 785.437988
2830.929199 845.743530
352.510315 2907.750488
1513.176514 1872.213623
13657.684570 1070.485107
2625.310791 655.768433
6122.288086 1036.720215
2319.311035 1159.895874
6334.710938 1355.254761
5130.615234 1512.194580
26694.039062 918.022339
38987.402344 1053.947021
5099.658203 1062.080200
3927.113037 1022.043335
2322.500000 1676.409790
3138.793457 1811.310547
136.456528 2376.249023
10895.378906 3731.654297
10029.615234 3731.654297
10895.378906 2376.249023
136.456528 1811.310547
3138.793457 1676.409790
5560.075195 1822.157471
2534.317871 1354.005615
1499.906128 1138.455566
6333.789062 1195.188721
303009.562500 5717.146484
11125.878906 4631.577148
4240.446289 3513.949463
1028.598999 2547.545654
7572.311523 63.297657
1161.195557 51.816528
1374.871826 100.232010
7038.976074 248.208557
5275.191406 1149.671143
4758.583496 662.305786
2332.427246 324.002869
974.841736 139.230301
42.964684 46.132854
1723.834473 14.725107
2526.984619 32.989170
3440.667969 64.078194
4623.449219 1275.983887
6538.276367 861.446594
7043.596680 466.541016
1936.662476 185.454224
784.416809 50.530739
658.138550 36.081017
1735.398193 30.213469
8860.878906 68.199867
26257.898438 295.019562
8893.398438 153.778870
8341.787109 83.499733
836.617004 60.502903
3101.999023 148.072205
1226.404663 174.493958
2635.237305 220.694748
718.240601 287.463531
6240.009277 17.430662
8045.628906 56.204945
9150.696289 97.536583
1421.449707 127.310471
896.746521 117.840050
2750.614014 95.007858
3613.177246 83.731133
3764.331055 63.770908
7397.239746 466.468048
18047.478516 377.512329
4953.950684 266.958771
2830.656738 173.594147
139.936340 222.330231
378.648804 396.707520
3298.189453 679.977600
2534.668701 1076.079468
15043.238281 314.629150
18678.794922 146.520706
2403.139404 97.575607
168.139938 128.180832
1721.144653 904.095337
16362.558594 899.453918
16447.345703 1019.672241
22636.535156 1248.589844
6665.576660 2856.071533
5058.278320 2110.239014
2667.174316 1488.948730
146.762253 1084.644409
4263.789062 303.068970
668.384949 156.718307
746.034241 92.879387
4211.811523 273.010681
14030.568359 1469.613892
10337.566406 911.112305
21393.683594 603.107910
3704.958984 440.752014
1195.490845 88.485100
2024.717041 93.535164
1790.971802 129.785294
3206.977051 213.514923
58660.484375 561.834839
32114.386719 343.363403
1343.408569 194.455215
761.687683 115.981949
1619.382568 213.912903
419.485046 175.268387
2396.821777 138.583130
3311.413818 101.016342
2451.447754 300.829590
7613.306641 309.296204
2060.281738 290.010010
3531.925293 254.333084
1675.445190 282.943176
3614.182129 421.700897
7012.220703 651.033875
7119.241699 1008.750122
10522.400391 1220.645752
2078.685791 660.075378
11879.617188 340.499756
14721.243164 237.849136
626.361145 231.739304
198.512787 85.390015
4190.331055 17.691475
17567.250000 35.983948
29322.095703 1519.289307
47592.503906 1147.571777
12027.709961 775.094360
152.646667 461.529449
1019.368469 19.325241
259.919098 83.349991
80.587967 250.090240
242.992722 538.364563
1279.202515 351.436676
16490.125000 168.502533
232.111923 68.152496
632.195312 21.460629
1745.936768 406.781036
2138.517578 643.489380
333.720367 1266.853149
1011.445374 2291.324951
38967.679688 1484.751709
4264.279297 963.633179
2614.443848 635.503113
192.782043 440.962708
3361.065430 1068.071533
2627.636963 882.045227
7345.730469 849.222656
16675.574219 1163.942261
36875.250000 3634.758789
11392.120117 2499.177246
4260.356934 1757.088379
1397.010010 1332.125610
604.402954 974.432739
1657.822266 908.518250
3948.257324 978.273682
1900.145752 1404.595459
7786.003418 2368.799561
16965.484375 1563.829590
1011.406067 1181.202148
350.617645 1047.652832
905.005676 283.359009
1386.640869 220.913330
2127.934814 406.339783
6378.233398 781.840454
1110.825439 5128.286133
21686.095703 3323.384033
971.111084 1777.419189
3358.687500 755.320251
87.895348 100.887543
607.812988 40.924984
3157.808350 6.425226
160.419815 29.994080
35158.261719 2327.654297
4784.643555 1388.491211
686.756348 675.042847
4065.788086 268.571411
1844.398193 128.853607
82.753975 103.753433
1241.702881 108.903748
1309.903809 130.680649
41764.906250 586.449463
14979.929688 452.789368
1320.797852 311.797577
5.756831 197.778824
631.032166 65.101028
1462.452271 70.189034
648.977783 103.913864
7886.320312 175.395416
3909.416992 495.656769
7407.794922 305.471527
542.869385 169.094711
342.158356 93.034058
2319.335693 219.230453
5007.617676 203.789551
1313.525879 173.275162
9516.161133 169.936890
8264.152344 328.448059
7139.794434 222.655304
416.289703 193.315674
726.691956 207.291595
2856.515869 13.185537
1923.269897 57.116058
2437.327637 137.790298
5274.250000 256.563904
10318.568359 247.247025
13741.226562 118.169632
23413.730469 38.011238
2522.477051 5.337555
1775.029907 179.569763
6.278457 166.583771
1604.808472 123.214439
799.077637 67.390594
11055.764648 1110.934448
5280.616211 675.608643
3369.508789 365.753479
1720.564453 217.215240
121.183235 271.660431
1860.843750 310.205994
2106.235107 328.669403
5182.267578 366.216888
59760.886719 85.700890
13072.866211 53.179295
1188.954224 106.859711
555.359619 196.592560
5647.200195 719.690552
7264.316406 742.118774
1752.494385 837.115540
3848.262207 994.416626
34916.804688 469.072540
22028.763672 611.072388
1640.202759 703.243225
55.247204 727.354736
4179.365723 445.020294
369.851837 391.661194
8079.818848 338.818542
15585.923828 259.841583
14683.416016 1252.487915
29695.265625 1000.505981
7225.020020 741.817627
3649.678467 550.500671
333.672394 191.009003
723.017700 284.234619
23.576513 494.184448
1940.909302 879.110474
25495.671875 355.004913
4458.956543 160.391663
6063.099609 117.722755
910.077637 143.279297
740.919312 390.604553
2669.916748 368.530792
678.068787 587.364563
1417.957520 949.904846
16745.955078 2296.510986
5872.652344 1781.200806
3945.828369 1192.941528
323.521332 685.176086
3239.814453 731.363953
9759.435547 876.172546
2773.616455 1197.203857
1445.281860 1759.171387
1252.433838 1125.912964
17738.664062 800.510864
3036.730469 682.787170
165.292938 677.077698
1157.462646 1239.483032
855.634644 1304.328369
9706.683594 1674.919922
8983.270508 2611.491455
35274.988281 5168.094727
7107.480469 3161.112793
2014.410645 1949.009399
4231.942871 1399.660889
10799.289062 1994.831177
827.231445 1674.953125
3892.670654 1633.015503
14720.136719 1816.320435
63909.453125 6303.373535
23478.773438 5010.382812
10279.102539 3713.487793
5625.354492 2669.210938
1437.791504 478.793182
3364.626221 287.549683
811.139954 192.356064
19531.656250 174.393036
18268.550781 1442.491577
7058.769043 1309.107422
2792.541992 1055.069214
9303.453125 752.363708
6964.208984 150.902191
735.415344 189.049652
3128.223389 199.611206
11430.800781 195.932861
8967.467773 135.474854
32321.925781 65.662544
13998.041992 57.257755
3357.908447 96.586044
823.810547 899.742676
2239.886719 1002.182251
8576.838867 1332.588623
48.152370 1986.557861
10263.883789 538.221191
48903.078125 565.852417
8225.687500 725.674866
1481.221924 847.460022
494.300507 823.019226
1624.744385 590.950134
570.497375 450.883698
12040.574219 435.735687
16961.419922 3942.273682
513.774902 2833.926025
275.561005 1881.696899
1349.926025 1218.961182
2029.790527 106.396942
268.630371 152.676010
5491.097656 247.404099
3219.612793 375.764343
18356.888672 72.892120
18371.080078 89.268555
3117.285400 97.451355
11411.397461 96.589981
3403.216797 500.946991
2907.327148 539.175842
1972.222046 586.563599
7723.852051 663.039856
3205.516602 720.578491
9190.961914 559.133545
1734.328613 481.874054
625.394165 473.418610
329.156189 372.408875
176.855347 342.494354
8743.982422 373.132629
1006.571167 480.616608
228.589050 1787.919556
2479.698486 1214.202881
9060.875977 767.829224
4693.406738 495.797241
1362.138916 659.487549
939.217773 621.869507
11601.896484 716.797485
4345.828613 985.866028
33969.613281 216.596313
47446.996094 457.544067
21159.232422 649.572449
579.257019 707.401184
1159.131592 333.653473
5094.857910 324.197327
694.268921 332.148315
515.700684 308.944122
15370.850586 1264.306885
13695.938477 956.624146
6609.381836 646.623596
2695.704590 428.851776
1397.274658 239.269073
10467.487305 361.167664
1441.318359 664.117371
5751.745117 1191.534058
2264.517822 1367.457031
1550.494263 784.132263
9928.836914 426.464233
1724.696289 259.367462
846.344971 579.077271
2163.860352 477.921448
1241.702759 313.773865
2677.488525 152.499832
18612.070312 1221.511108
25139.925781 910.637146
28888.246094 718.504883
2079.617432 633.488770
819.728760 77.496048
282.217865 83.800438
3907.250732 125.322845
5.273012 182.033875
8085.439453 127.602173
6340.483887 150.445206
5946.500000 137.032883
8796.809570 103.115128
977.580811 153.045227
2.854864 147.238098
5637.060547 250.860397
15725.085938 588.310974
2000.179932 148.949097
11199.109375 23.526314
3949.750244 69.562599
691.933960 139.875000
174.464706 93.699493
992.918945 121.619591
11159.623047 190.326614
34956.812500 410.920929
13000.675781 2042.331543
1994.468994 1017.094238
212.290192 389.567627
735.148682 133.726868
556.282959 450.009369
214.575531 422.308685
2654.413330 446.137390
757.741211 666.782410
2325.742920 2159.516113
11841.262695 1248.872681
4719.152832 722.031494
1725.640869 510.284729
3635.985596 259.288391
1143.631592 157.333008
11188.583008 115.001656
1878.083252 104.718033
4540.029785 2102.535889
37902.125000 1487.252563
2014.430908 909.868347
2208.132568 492.305695
714.750366 1.798630
347.880951 7.885651
6811.122559 10.468546
3059.848145 5.330245
26268.138672 327.929993
8094.920410 184.777100
1525.447266 73.634941
3885.967773 15.247745
579.797485 105.218536
950.080505 141.228409
279.271301 201.603043
1336.828247 294.739349
7780.491211 4.016458
78612.156250 10.617689
22049.882812 41.987408
6418.520020 75.761505
324.304077 87.743111
22.853775 43.963398
1655.231812 55.852108
2416.020508 220.558975
7488.885254 855.305908
1085.562134 447.663086
123.660568 230.944214
883.692566 139.183273
374.040741 22.111799
61.190231 90.965164
2328.178955 234.301697
4438.620605 497.132996
11053.837891 610.324768
11891.394531 254.372284
5651.413574 65.566307
44.513729 5.817417
1458.791992 512.353760
5091.788086 446.880432
4755.070801 499.741821
9723.840820 674.554626
13581.377930 1342.802368
1546.474365 1112.456787
3683.818359 879.911255
610.695312 668.904236
2009.835449 470.351105
1969.575928 487.296387
10378.555664 511.592682
1037.801270 527.871338
14884.118164 1306.389038
1955.196533 954.337036
23149.050781 672.026245
1272.690063 514.105286
5750.248535 157.613556
435.038086 105.111336
8861.143555 89.775932
1129.397827 96.676147
38849.093750 498.479095
47175.785156 450.152283
3315.843018 356.004333
156.755020 247.634338
302.968262 45.959656
2138.997070 66.850372
1302.722168 110.772537
315.707611 202.354797
1050.939331 58.518360
20578.107422 5.505633
4712.251465 5.039223
1828.221436 25.874763
362.001495 95.755959
2312.378906 179.925812
4983.005859 344.247589
2323.814941 647.637207
33829.355469 997.286377
8675.926758 470.815308
1841.341797 177.633789
3350.867188 78.443695
420.302307 399.781952
683.611450 362.564636
2332.659668 432.234619
382.484314 558.907715
51720.628906 1680.074829
8437.093750 1302.384155
3439.745605 902.898987
146.162872 581.715271
303009.562500 303009.562500
303009.562500 303009.562500
0.000000 0.000000
0.000000 0.000000
0.000000 0.000000
0.000000 0.000000
0.000000 0.000000
0.000000 0.000000
