1750.603149 141.585815
5751.956055 301.019684
472.611572 507.601929
12817.709961 702.725952
794.238647 138.557281
2260.471191 90.713127
36.599430 53.858597
2417.071777 60.760811
290.241638 79.780128
4776.376953 13.720709
4442.934082 53.839737
4159.751953 334.924500
1878.186523 1287.910400
3577.042480 682.126282
1927.882690 341.672455
243.481430 177.484985
1172.383545 153.211121
127.808594 96.503899
2943.376465 110.226982
212.455261 193.583557
4106.799805 676.456970
6077.435547 550.051147
8125.257812 405.964203
279.885773 264.839905
2953.702637 31.679037
929.494873 119.194672
321.307983 278.770172
5294.661133 533.638855
2818.439209 526.556519
2480.546143 224.216095
1211.382080 57.914207
1133.138184 5.441707
745.260742 85.072350
2437.048584 24.349575
2946.969727 7.984858
6338.144531 96.773117
1406.665039 1363.999634
1994.567017 803.040527
838.433960 412.781281
93.422089 194.331879
173.690887 112.825340
1297.897095 106.563957
1341.989258 121.742233
6306.674805 136.248871
17322.177734 418.829987
10105.814453 339.438965
5243.103516 240.843063
69.784721 157.852936
2574.960205 69.365089
2606.209961 121.980888
13379.892578 201.567200
2105.451416 293.115845
2206.273438 106.887177
8455.876953 74.029442
1750.916138 52.278408
155.735733 47.837471
183.551804 40.438881
2536.095703 63.186264
9015.209961 86.526703
5506.696289 133.557739
5624.375977 534.536316
901.369507 260.578613
264.577209 94.652039
36.975033 35.366455
609.988831 67.908417
191.393524 22.004696
198.691132 10.808096
4974.185547 96.375610
34841.136719 244.722885
14879.051758 138.605499
309.706573 108.436745
644.756958 98.457077
76.106354 31.091969
3331.358887 22.213266
79.780670 31.888012
921.872864 70.279465
1803.130371 439.567566
452.381683 266.320190
2976.363770 138.641617
2149.050781 64.333771
2394.703125 99.349915
918.390625 206.267090
3244.917480 404.002777
7790.956543 665.332336
6839.731445 109.587944
7579.205078 86.572525
3353.564697 72.773026
766.827026 67.411545
57.126850 36.564720
3533.394043 2.513379
566.855042 9.338376
6846.894043 72.480637
15369.702148 931.055298
4420.433594 577.834229
2667.133789 300.868896
366.691223 125.844498
28.885527 97.635788
128.568619 185.698700
923.948364 330.436218
5370.167969 522.385559
24902.492188 120.537224
4020.368164 64.805687
3348.448730 46.585640
2451.996094 56.078800
689.825256 49.872540
376.436279 139.949768
11172.991211 287.511658
3411.570068 483.983032
14911.971680 738.291992
4296.480469 390.977478
6518.749023 151.741516
1031.120361 43.115845
369.191345 90.686836
2577.524902 44.761581
1851.286011 30.444263
12058.405273 117.175346
1.613721 1133.970947
7396.093750 638.912598
2419.241455 321.671692
300.872986 163.284683
7.695013 198.298019
6297.197266 200.024109
12204.525391 234.574875
5111.416504 306.861694
31154.560547 558.794800
10855.179688 411.463501
26.635349 299.454010
652.784241 229.647293
656.121399 15.551973
0.788679 11.728213
1834.721558 29.975307
13541.076172 108.487228
5956.218262 658.630432
14778.923828 336.431671
8940.329102 134.706085
1173.486450 43.192497
39.212143 0.003965
1408.502319 43.294247
4006.233887 151.925278
8566.100586 275.445374
25859.988281 325.800537
8036.817383 254.867249
5599.697266 142.891327
1446.461060 40.833694
520.111084 30.227777
1227.473877 12.487229
1111.870850 2.534910
9019.386719 34.300709
1761.459595 539.969238
2197.656494 288.841980
1015.409180 130.979065
210.187408 57.999092
822.030212 23.077366
2555.763672 18.457949
6094.217773 24.231104
6823.290527 38.470646
1269.228027 154.122940
232.431152 111.025673
2161.098633 70.698616
361.995239 40.328400
265.071045 14.026583
161.602112 33.191151
7794.217773 85.530312
11046.550781 177.990051
9203.202148 28.603668
1573.572998 9.934899
2274.759521 8.786069
27.534721 10.417954
331.055847 13.064164
92.396744 39.229973
1775.692383 137.978119
4089.350830 243.868774
33204.371094 420.045349
4253.272949 359.456879
1967.666626 224.101379
924.527405 84.991913
1305.629272 54.295998
1771.786987 105.037506
8191.135254 154.565140
7349.657227 167.279297
1665.485840 281.111603
1798.131348 184.554153
694.387512 91.060478
1768.774414 42.923615
1678.714111 66.235802
2674.107910 57.880585
269.566956 30.902393
34651.187500 4.666406
6824.827637 276.442902
990.017334 153.273605
2548.644775 84.399788
1086.415283 65.048897
1484.767090 94.756447
1768.950317 100.486916
6669.869629 146.059814
2735.695068 272.853912
13251.222656 42.037472
3016.321777 16.471199
2517.011963 47.696201
3041.546387 82.641815
967.657471 73.864014
1472.442871 9.017169
4577.888672 11.333780
5028.863770 89.385994
22403.480469 552.481323
4207.648438 437.460663
5876.049805 310.895172
1113.437134 183.128571
1544.752197 19.183350
1809.666992 10.085986
2498.040039 12.342482
8682.253906 25.069365
19576.480469 214.443939
12550.287109 147.118286
218.187485 86.962372
60.298985 43.674385
2639.619629 16.023811
1654.511719 21.256393
722.230225 62.384266
1886.337036 129.361267
31132.296875 81.017433
8999.228516 83.274612
1778.353882 66.857513
1645.480713 38.050247
1128.587036 15.835277
1623.606201 25.242950
3747.902588 62.000683
6380.616699 112.867752
5036.081543 218.584076
18813.699219 156.928772
3745.168945 91.385437
2434.554688 39.577137
588.451782 4.377223
45.795761 19.891121
523.016724 89.822868
7385.511719 235.156418
185.705505 188.826050
595.845764 90.307060
200.322052 40.548599
8.676577 15.495485
1092.644653 88.383049
1726.032959 48.712994
9950.177734 19.556355
29762.660156 12.405987
1230.467041 643.687012
3214.653076 432.523560
3173.417236 262.151978
501.968445 151.455750
606.557495 84.411163
738.211609 196.122650
140.723785 393.266632
3967.329346 666.513367
19843.796875 60.785336
3033.996826 16.353901
2768.513428 14.134255
2860.548828 33.781147
97.204002 22.788109
4298.310547 15.969798
1471.169189 28.565231
6533.170898 46.757999
11187.552734 1033.989502
11541.401367 635.315552
4931.030762 303.670807
920.741760 101.444069
9.076888 54.353161
340.655548 77.212860
4785.619141 129.844650
1063.232422 237.590057
3888.347168 123.141945
3580.536865 46.358082
78.525726 28.352203
274.937500 38.511303
2938.448730 53.037819
504.021606 30.528679
3210.045410 28.283413
19158.001953 46.015911
4607.219727 392.362549
6282.887695 280.744934
2128.399414 178.170273
1434.509766 100.882690
335.228668 0.554848
567.937805 28.572124
730.854370 136.188416
33465.664062 333.192291
4187.091797 89.358765
3660.449707 50.875359
523.150146 33.651466
1291.226074 14.137028
835.182190 55.290550
257.866913 28.329964
1056.096802 25.970352
1861.458008 77.099869
16173.994141 618.737976
8320.634766 371.369141
7358.128906 200.930817
2439.018066 104.841850
2013.076660 17.161949
1003.214539 10.896588
5641.308594 13.284275
7232.322266 25.436291
4505.544922 188.240875
5726.925293 123.779778
4360.605469 70.651718
283.607666 35.470200
1429.263550 0.737543
1900.970215 1.644835
7671.274414 16.817017
457.001099 54.072392
2124.271240 46.140419
2170.395508 21.281609
254.286835 10.350056
2068.816895 4.881848
588.880554 27.473051
389.184204 34.714432
802.214172 58.482174
784.648560 105.210922
23536.070312 176.847534
17640.808594 103.697876
4867.663086 56.992287
1493.243896 33.788113
94.270958 27.439331
2654.883545 23.318359
949.143250 14.687048
1486.359985 11.167459
7197.626953 221.160416
1531.310181 123.892540
2801.969238 61.093552
1362.617920 34.015923
1336.045532 29.491976
3330.372070 41.696930
2927.867188 57.530102
4143.632812 79.494598
12108.493164 8.752360
2748.509277 3.042639
617.097290 8.094573
1668.084961 18.225468
1491.542480 38.387585
4023.895508 54.088505
16256.384766 75.570839
36957.117188 95.435501
353.460022 44.546455
1689.614746 40.225277
461.254333 34.458282
19.840946 32.252064
331.577637 25.130949
1463.951782 42.584778
5664.379883 89.483170
18757.410156 178.445557
41146.656250 190.567886
10451.799805 97.305855
3825.185059 46.556702
1332.255737 26.287199
1805.895020 10.634170
2578.758301 45.352657
1734.629150 157.561920
17228.527344 375.306152
13855.805664 554.343811
17108.216797 281.815430
4025.984619 114.298706
1901.261719 32.169479
935.441345 60.502998
2262.707031 18.565271
387.035492 4.280613
13279.282227 1.460482
501.850830 734.147095
716.354858 527.064575
4393.162109 317.578064
50.294201 155.943146
837.967773 44.108246
3097.413330 51.365097
7010.645020 52.945484
320.357483 51.176613
8994.199219 19.440376
21.101383 15.672501
772.160156 21.157717
1314.013306 32.493145
32.592289 35.950008
1161.148193 76.898468
1248.697510 127.091293
987.183716 178.873856
1822.298950 33.390354
5705.940918 8.674516
3800.989014 0.290096
585.174927 9.526717
293.543945 21.809071
1339.996826 26.465906
944.661255 70.854553
4592.952637 202.766251
22441.472656 370.584473
19873.484375 161.973236
596.736206 61.190804
1053.342407 29.031603
1446.578613 53.829124
1128.532349 13.129500
1753.376953 13.742006
414.751160 57.715218
17550.394531 565.427490
1663.030273 406.415466
62.215946 256.203094
221.266815 135.516922
443.535065 42.063946
2920.475830 96.778915
1553.228882 221.340195
13117.095703 371.970886
5452.811035 115.023064
3610.888184 133.783798
10.206508 104.897621
280.427277 57.575893
1336.136353 33.346184
3348.497559 29.609753
900.070679 28.034132
1875.272827 14.130049
11661.232422 630.042053
426.568298 399.184906
3139.715088 200.386047
1081.249512 78.639984
82.368416 68.639145
2090.428223 167.283066
5343.218262 303.346924
5689.469727 447.443298
11554.333984 22.744587
3361.487061 6.101988
243.370285 0.784913
332.398590 16.275927
476.327118 86.540955
3440.686279 238.362885
293.324554 428.877258
10688.868164 560.162170
23739.859375 653.202454
5821.188477 423.196381
273.105896 191.324600
1879.371826 61.805397
39.305122 57.130344
2123.327393 36.467644
5607.570312 11.598056
313.652893 71.166260
1087.158325 896.501221
9717.029297 413.077454
308.960510 152.224777
507.900909 68.796753
80.864342 197.973053
6226.562988 270.317352
3149.019043 442.522461
7889.158691 636.760620
7782.367188 341.225464
9025.047852 381.216095
4416.348145 326.129486
927.435791 235.963226
295.643219 3.017134
120.658371 69.804428
1652.343018 252.310593
1166.080566 574.159424
1757.544312 990.835632
1893.502686 520.509094
2785.514160 205.518097
848.846802 42.408310
2805.896729 77.348701
3636.375244 14.044673
1663.712036 28.910166
3796.119873 170.570847
4399.088867 1072.728882
16220.138672 675.497375
2886.365234 385.619568
615.386475 196.338364
917.253052 92.928070
2238.487305 61.189804
2400.742676 64.422226
4567.915527 105.330482
2585.875488 558.086060
5557.331543 405.197815
457.144287 266.871887
61.904694 160.969833
1662.278809 35.559586
4615.666992 22.935658
2790.793457 41.497124
11727.634766 76.199326
4639.062500 379.425903
2110.916260 284.717804
442.566406 178.371506
1014.225708 88.796074
758.163818 5.696028
4066.358643 66.914406
278.636871 225.525131
8909.359375 442.113373
20912.324219 110.294632
13654.879883 117.170532
1717.912598 82.960022
852.747559 28.138981
4184.081543 18.150537
1499.039551 34.986511
2438.064453 83.436256
3487.651367 216.464111
3233.654785 645.869446
1318.165161 290.858368
4129.154297 93.490799
1564.431641 23.473867
3366.055908 196.075485
248.808273 127.501297
16090.208984 88.700066
3735.790771 90.050911
9455.140625 654.974670
4800.890625 528.551453
1303.076172 401.421387
2399.398682 288.466522
351.841248 208.090149
2744.641846 329.920685
1464.260132 573.519226
5433.727051 874.313965
2082.958740 143.969543
10944.009766 213.440430
352.540253 221.816254
2514.835938 195.308136
537.115051 77.499207
2848.833008 51.824924
3116.829590 11.359065
17523.662109 18.314219
17001.724609 1168.837646
22955.533203 616.889038
6886.757324 267.291870
2261.475586 117.217361
855.632690 97.122147
1257.594116 40.800983
3745.395264 9.322056
5436.204590 16.510904
21971.609375 167.089554
2919.089844 188.241272
5197.864746 186.567871
922.683716 153.291016
279.145752 129.154999
2743.704102 132.237656
329.997131 167.708511
14939.761719 233.667282
2682.637207 102.714836
10518.571289 132.137970
1053.885010 147.053162
1216.376709 141.689941
471.705414 2.777100
2591.513184 47.452717
4397.778320 234.289322
4567.067871 612.961243
8537.214844 709.765015
2027.951904 358.489777
142.454453 151.988251
201.501709 43.580055
89.388504 216.553741
419.070862 226.500000
14346.986328 308.075287
2855.446045 465.158173
9555.275391 1346.583984
683.914246 880.439514
3292.038086 519.511353
394.198456 302.450165
311.433044 59.696304
22.471535 25.805435
707.304749 13.918113
741.256165 16.448484
13203.744141 993.001099
1640.844360 648.236328
3038.779785 350.654663
190.834259 154.956146
523.150635 22.240728
423.641632 42.819519
1970.139648 92.035614
10928.287109 168.263016
5722.629883 60.760506
555.103455 41.100723
3187.266602 29.344948
84.155663 21.416189
293.971588 37.787910
2407.144531 76.247643
10895.830078 169.330750
6026.125488 337.588409
735.598938 255.650452
3182.402588 119.334076
99.398743 52.796272
7.027849 31.444847
2505.948975 29.885546
4547.218262 104.478798
675.499390 234.741699
240.537369 349.429199
8846.184570 573.677612
5203.375977 402.479980
4867.951660 205.117767
441.411957 63.051098
297.918518 18.091948
370.542603 36.649246
2442.621094 166.482178
2003.576172 520.466492
11886.373047 839.161560
752.590332 349.486298
1970.111938 114.348312
596.674072 36.904060
757.039917 263.443542
346.853027 183.921982
53.874523 127.521362
3157.818359 108.801262
22825.312500 1365.572266
1692.202881 961.488525
2325.196289 622.786072
1636.012451 395.055725
537.467712 138.226288
7178.787598 216.874146
1719.395630 368.192047
17551.105469 610.568604
4214.075684 140.145660
2806.517578 68.772186
384.871124 67.634155
12.801195 95.479248
1331.868286 77.056396
170.648285 57.539089
47.517731 119.640121
3805.329346 242.461121
39972.097656 985.915527
241.404419 691.042664
118.212357 409.233032
303.511566 194.833649
119.406319 46.431667
491.075317 26.567997
7713.454102 48.926754
1472.636597 161.217148
2329.942383 352.220398
12873.914062 189.534546
1721.405029 109.617615
2077.823975 73.523041
262.121582 32.909691
931.632019 9.323120
4006.216309 3.849238
309.682190 7.807421
2544.694092 447.609528
6225.725586 316.384552
3597.810059 187.309433
454.991669 89.548653
118.326317 10.630021
1557.348877 75.516228
3323.229980 231.530487
838.415771 477.456421
15306.267578 21.397083
710.743896 1.739840
1606.582031 2.182168
1590.507446 0.121312
4054.016846 10.323450
3411.702148 28.783482
16362.696289 43.463634
34488.867188 66.836365
5871.007812 775.120483
1656.006226 402.489624
1138.185181 145.210114
4583.365723 27.743053
342.682404 69.077881
1473.571899 28.369507
196.490631 58.976570
17629.453125 216.678452
9218.609375 347.720032
1833.948975 222.427856
2959.550293 164.360931
1249.870239 121.920425
236.070175 220.366745
488.822479 223.527054
529.764771 278.603577
787.922424 332.614410
18582.025391 608.271240
19560.695312 548.978882
6432.351074 422.946716
1579.093628 293.958923
200.135941 15.170398
475.272644 54.833920
1022.503601 204.725723
1178.307007 541.446655
9126.985352 440.797668
12395.517578 156.625031
2478.921631 41.731304
926.724731 14.187243
233.174713 29.284180
899.231567 1.030946
11245.009766 1.718189
3062.035645 7.016087
9373.257812 1053.392456
717.922852 693.469116
5601.997070 363.355042
539.646240 137.532257
650.744385 5.337387
1071.903687 10.772974
2800.711670 72.239967
4336.926758 225.126526
6694.992676 79.689072
5877.785156 17.833879
2097.430908 9.650384
1996.935791 11.638474
528.520142 47.789406
3148.514404 24.794704
4340.932617 66.785484
1157.782471 188.632141
2142.421875 894.162964
3302.168945 564.645569
259.212097 306.180939
402.099731 136.854996
623.657043 83.459915
409.505341 96.117905
5109.642578 154.174438
653.239990 263.802216
5541.065918 594.068726
188.885742 375.271729
249.891632 213.734238
453.983582 119.037971
1103.642090 152.967590
20.619841 224.021164
318.695618 347.421204
2155.790771 497.368652
5957.426758 585.637817
1066.682007 393.276672
288.006439 239.842636
266.669556 155.707306
1738.915527 118.951950
2562.282715 352.580109
369.860382 740.549133
5291.674316 1332.220337
10292.258789 1035.495361
2832.327881 402.214294
1088.441162 82.130409
287.529327 15.548333
357.351410 393.534546
1134.106934 183.317200
2483.676758 43.645905
7521.506836 145.552444
3436.693848 2662.108643
5349.288086 1671.190918
4910.307617 1012.096558
82.601631 635.396667
2464.452148 121.987816
3861.304443 111.500992
4540.289062 158.228989
6704.772461 250.364899
2159.419189 529.809937
21862.601562 414.701904
242.159378 292.879211
148.179214 187.581497
229.215912 53.099018
672.016602 48.348412
4954.634766 75.991745
391.983337 114.394478
2960.922119 214.462585
515.467651 201.609268
1241.938110 153.140274
997.525208 93.860741
1882.855591 107.391640
1074.361694 303.598724
3740.281250 627.729370
4395.625000 952.063965
18484.560547 268.921356
4134.289551 264.810455
1585.900879 171.679947
490.936279 82.082108
5169.980469 125.480896
4933.387207 183.457535
3178.608398 193.957748
23834.800781 201.555542
31057.775391 1616.873047
4470.021484 812.847473
1598.943604 299.883270
434.129333 109.901863
45.042305 181.199799
957.334351 62.958733
12937.724609 0.271084
1731.752808 68.954979
34785.367188 377.412659
8665.239258 329.048950
2369.337158 317.048187
2065.402344 276.963013
221.596100 28.593113
2808.444092 3.184301
377.970856 37.755020
19756.835938 102.440155
37223.976562 302.531738
26735.988281 290.986603
17364.617188 215.142548
3074.151611 111.148102
2963.311035 53.535465
3417.880615 92.166122
1879.565308 170.441971
3843.573242 290.808838
24890.933594 151.397705
9030.532227 86.861328
3742.563477 54.017075
2320.020996 43.502636
148.954147 24.680264
293.959534 73.589195
2334.230713 207.192505
232.100571 477.775848
641.830750 690.862793
321.243896 316.409088
1478.317383 110.036163
1259.407959 30.536568
506.103790 164.602158
1520.186646 91.617897
3013.651367 62.675903
6872.241211 146.172989
26306.007812 983.940247
14496.771484 623.029114
2081.112549 389.389404
1323.503174 254.599854
303.799316 85.361488
888.527344 109.431358
227.552643 163.609268
859.065918 255.077759
8640.762695 292.830963
3714.200684 183.285782
359.373322 116.273598
335.371124 86.565926
297.157288 11.504839
5326.664551 62.032391
1028.383423 203.984039
5043.708984 439.539124
5441.836914 321.607666
6415.390625 182.106293
575.490234 87.354462
109.268028 27.987148
169.380951 118.898956
1055.508789 90.607613
12822.809570 41.709648
1515.032227 1.445803
16268.047852 1075.258423
3627.711670 632.955872
4570.875000 322.483307
1443.859863 169.311295
2251.735596 197.108383
3523.862305 313.964508
2224.651367 513.220886
366.837097 759.033325
1620.509766 27.899761
7698.515625 81.007568
7434.373535 121.113770
294.903992 147.621826
456.508972 52.976620
1204.739746 24.661232
39.119007 42.657707
9365.229492 164.907822
15136.802734 947.053406
15748.079102 524.468750
901.076599 253.900421
891.875122 115.858421
542.122437 130.425507
901.490784 77.530388
282.479218 107.909531
7919.060547 237.095825
10238.190430 404.653290
1535.643921 363.849731
1593.280273 306.788635
2675.521484 221.999329
1019.108887 79.315529
2012.895264 30.826969
3375.329590 6.393730
2277.531982 0.725256
229.365082 590.092651
4114.184570 441.406738
5274.391602 288.442261
643.167664 163.496826
326.356110 37.049515
1617.453613 34.716103
99.903351 47.613045
15516.327148 76.174988
795.983765 57.642624
289.095825 59.053726
146.722641 56.245934
1163.661621 47.248608
301.889862 2.738911
253.685760 47.258022
7807.568848 169.585083
19.188667 351.064941
24118.250000 163.538910
1497.976196 120.054718
1680.197998 70.134010
1274.162354 21.408802
1544.287109 50.812008
3728.454834 38.357994
4497.929688 33.817024
3885.992432 40.014687
20842.833984 579.903870
11707.029297 363.627258
3065.129639 193.329193
1277.610840 92.801674
226.993530 21.978447
1473.988892 71.549026
10582.805664 157.191910
6516.359375 251.780884
8082.978516 122.018150
15209.384766 89.358315
7975.551758 47.791847
175.186371 17.734840
679.970581 25.421528
1667.743896 28.022339
1655.392822 9.341922
1263.912109 2.970645
1415.940796 410.247467
1863.072388 176.084885
418.020416 48.136032
527.608337 15.133529
270.594757 70.013130
1407.976807 44.688431
4296.154297 17.763531
3618.166016 2.257817
3172.415527 27.100983
14605.218750 51.014832
4141.401367 73.140381
85.177399 81.188873
1503.347412 77.091072
67.508980 84.333633
2494.182129 98.310791
869.912476 132.867416
20493.798828 10.003477
5673.721191 13.582226
4600.620605 37.656563
1077.133423 62.588661
1713.182495 121.685020
2016.945435 78.680161
685.040405 41.445190
5032.389648 54.482582
5656.638672 304.086365
161.140961 203.719589
228.154160 161.881256
1114.269531 146.107117
331.601807 13.877176
2117.982178 59.890358
3246.833008 253.754272
5153.813965 601.381287
3766.294434 109.453979
9923.693359 93.600410
321.690735 84.248825
254.140152 47.396629
2154.569336 56.354889
270.582214 26.207708
7952.332031 20.713417
10443.646484 23.659473
6128.335449 1018.826355
9543.080078 672.487427
71.425507 363.577454
1880.451660 156.174210
2943.052734 48.498886
1069.374512 64.755417
18454.960938 113.604958
10986.084961 205.572906
1301.044922 43.352749
2711.933105 30.355446
3002.503906 36.885780
33.814804 43.987164
545.589539 25.163227
369.021301 6.788148
539.673950 22.102222
2130.842285 55.502819
16726.916016 376.764740
13880.924805 287.027435
1669.105835 180.007050
741.641846 85.267746
400.727478 7.539769
195.821381 3.724620
4405.688477 2.215711
549.886414 12.950163
37535.539062 80.573036
10362.502930 38.649136
1993.988281 17.383183
1922.656494 10.305323
863.694519 5.331164
2286.979492 3.911985
3215.665527 37.457207
1856.568848 112.937302
3093.658936 37.825150
2438.114502 33.980770
1428.537964 32.375782
178.794434 21.177101
2173.264160 9.286601
1470.365601 15.694768
1719.708618 34.174252
13073.586914 57.397541
26612.390625 339.698029
11346.174805 207.987289
842.086426 98.331177
1283.524414 31.937870
337.378052 12.070864
6104.526367 12.579869
2364.194336 65.733162
3744.674316 208.470261
5436.695312 201.147766
2704.372803 90.393509
908.897583 44.843430
1671.946655 26.400331
1507.093994 119.900276
5319.622559 182.086197
1811.082520 343.479248
44019.433594 532.891724
24376.617188 426.472229
14526.605469 395.559326
7782.576172 289.656494
1994.245483 171.503632
570.975464 56.819164
804.807495 63.695255
2194.218262 108.064110
3745.372314 229.248230
36953.019531 897.995178
1383.684937 485.580200
1431.192993 219.073746
238.266464 92.971405
1257.440063 10.624459
101.438652 9.155582
3279.196777 27.740332
421.909882 62.210579
135.563248 620.957520
17662.355469 375.704895
4012.419434 177.365585
331.557526 57.473637
1762.516724 96.525131
1123.315186 112.424782
2369.733887 145.014954
6347.715820 201.089050
871.467224 118.363022
7888.743652 90.941116
8.103098 84.505852
35.558762 88.281937
158.025635 15.663386
387.900238 74.353073
5210.555664 268.181519
12104.304688 676.300049
415.593384 432.769470
310.826477 142.323944
24.083063 31.475471
335.949524 8.439912
1256.723389 88.870232
424.979706 43.387054
6144.645508 38.197334
13708.506836 56.716293
39334.031250 1238.316895
3970.989990 836.409180
3351.861328 472.664368
935.705688 219.834518
4689.691895 44.650238
2657.985352 29.596760
2862.359863 16.818705
2891.358398 8.235826
2173.660645 58.793472
3274.925293 66.748611
9440.827148 66.574066
529.613159 58.321983
5009.760254 0.978552
820.576172 6.785426
267.104645 20.690342
9552.778320 39.182114
81252.609375 15.610813
10542.371094 13.223001
6521.068359 8.196326
2646.436279 2.690347
90.128143 13.208790
270.790405 16.548298
4532.784668 46.836838
3824.044922 111.326675
24376.058594 24.238785
21990.015625 19.749950
12241.623047 22.353714
6481.829590 19.790220
812.675293 30.758741
3969.664551 51.865231
1232.300171 99.299965
10972.433594 183.496399
25558.478516 149.106689
1960.451416 74.093758
234.155411 37.041985
2399.179688 25.937222
1721.644165 4.735524
1538.372070 21.443424
10884.122070 161.822189
10024.875000 449.052490
21905.812500 267.591766
6044.451172 169.346588
1323.669312 108.990562
321.407410 51.160229
441.294067 44.689178
2658.244385 25.045610
5057.443359 11.818607
3501.664062 0.424510
2907.389648 718.118835
1666.357178 457.582306
1517.852905 239.706680
98.021347 104.258675
415.799713 3.999767
2814.464844 31.115435
611.483948 101.693008
6205.081543 221.755936
2307.377686 37.372692
6510.361328 9.435001
2792.893555 2.228256
833.593689 0.081291
249.303589 19.378725
19.484728 25.152479
8659.705078 37.635620
3126.840820 48.549461
2448.147949 729.704712
45.149048 432.423462
1260.641724 195.524658
606.063721 61.452332
36.014671 79.024567
4450.741211 62.524437
5808.527832 71.048386
2465.570068 95.721848
1098.647217 133.086014
774.291870 154.962036
995.871094 145.308258
761.603210 113.171288
123.160095 5.293256
2929.262695 0.716661
3573.435547 1.685953
9981.516602 11.487665
10295.975586 54.510826
7927.824707 35.952534
1463.779541 22.484348
173.010956 12.722586
24.460323 79.745857
584.571289 175.288406
831.285767 304.894043
1428.848389 457.216064
3456.364990 87.944664
5097.334473 20.959654
3843.959961 0.460861
396.577972 21.184605
225.617432 72.878204
1013.897156 11.030405
5049.902832 37.806297
22913.212891 252.811356
9373.515625 1171.864136
0.792234 654.208984
2833.007324 339.675720
147.804489 172.467361
95.153725 265.845154
1900.092407 311.656128
346.566254 451.251373
1447.261353 667.797668
24403.201172 688.442505
4365.045898 536.234619
1189.717407 402.950134
1176.494751 304.461792
781.373047 70.068459
2343.057861 43.694984
800.267212 37.966480
6511.605957 17.435575
13481.425781 1139.787354
7850.863281 770.863037
4775.405762 421.614868
348.163269 181.532135
3696.736572 99.144699
542.886047 175.076935
4392.477051 242.054962
7966.780273 279.127747
7870.368164 22.437653
11715.685547 3.706487
1258.326538 5.212599
3317.214600 37.480862
1242.402100 136.620529
42.589149 219.722824
7452.436035 294.007629
5059.283691 337.158691
4032.906738 295.584137
5289.401855 169.361969
2014.435059 90.717773
7.773808 82.631287
1105.300537 16.064648
945.624023 53.620541
4000.552490 64.865761
597.872070 38.773575
38487.484375 577.710815
15836.622070 297.228943
6672.433594 94.057762
1075.530884 8.443057
117.642822 31.693209
2995.300537 13.415133
192.206146 11.138247
4487.810059 61.720776
2762.263184 49.250351
3107.268555 12.105652
418.191101 19.962748
1107.908447 35.113903
46.504318 33.333160
497.341797 13.805043
141.793182 12.145816
4236.683105 18.143715
1135.848877 188.188705
3971.809814 167.615860
592.065491 123.472244
744.725830 72.942627
1487.587891 16.237881
1658.109131 48.846210
6533.092773 96.113678
7737.648926 147.271362
5118.788086 50.526398
1811.667725 26.521486
3840.575684 8.699975
519.430908 3.347883
363.006592 56.584244
1753.420654 59.217953
1447.340820 46.714928
1186.343872 35.777493
3169.202637 212.508194
6832.242188 107.461761
437.817810 54.252956
626.191772 46.183418
1476.547363 71.382050
291.092590 56.264404
6278.628418 23.703182
12980.535156 3.242189
14394.974609 40.132294
12766.610352 13.468922
3362.488770 28.198725
108.943756 57.492588
2927.478027 118.519165
597.826782 33.535629
8907.485352 8.638270
2495.572754 117.325356
7523.433105 6.559527
16933.632812 63.049088
2317.665039 145.739563
226.488831 172.334274
21.289534 145.415100
467.132202 73.886917
5412.416504 47.658562
9867.398438 80.499184
26779.835938 155.882172
395.568146 230.403275
719.029907 256.766998
508.536438 221.183716
3961.171875 55.177330
2841.995117 36.575752
16515.148438 94.902016
6238.601562 232.098709
7050.865723 60.824223
8798.256836 118.154594
3370.561523 138.259323
332.196533 107.255379
900.481750 39.524651
4530.894531 36.422234
3009.375000 72.080109
2706.260986 163.953186
17833.824219 408.994965
2792.288086 246.536530
730.347107 135.970749
0.469448 71.247032
1604.734131 64.962845
11.320383 116.709854
6410.230469 206.733810
3836.700195 294.359711
36396.921875 359.772430
16495.943359 262.848450
6296.829102 154.542145
7752.291992 78.311966
164.921906 22.183249
308.242676 4.102362
4925.672852 2.304649
348.053711 13.240962
58828.425781 422.963562
9418.670898 282.921997
7709.926758 157.479691
3806.802734 69.556976
1091.287354 7.679594
1413.500854 14.944089
8899.722656 27.312307
25573.285156 44.382080
13056.415039 13.741139
2149.994385 6.983041
1736.287598 4.248337
714.019531 4.472554
954.287903 4.024142
926.348389 1.363025
742.117798 4.083241
2256.252930 8.461992
4251.426758 76.518646
18186.000000 56.743698
2782.775146 33.974609
558.377258 14.986446
354.458038 5.314221
2002.698730 10.023602
822.651062 22.699377
12647.652344 57.744987
14486.514648 80.220535
2141.511963 24.717585
3259.559326 2.660068
258.949554 1.072828
33.399097 63.088768
902.246582 67.318863
537.120300 94.118958
6737.787598 127.723877
2912.846191 135.510651
13674.298828 137.062119
6124.736816 114.597900
1145.046997 83.222946
305.623810 0.858060
579.820190 4.982049
381.677826 35.609226
2585.800537 111.192650
3899.710449 168.599335
1683.493530 77.548637
4289.776855 29.564560
696.514282 8.836445
5466.604004 39.104286
797.446472 44.560562
2410.187500 61.347965
4140.467773 90.554886
908.325378 264.605896
838.416199 165.778702
310.031433 92.286011
174.729568 51.672215
2822.595703 37.591526
590.986572 73.160133
5420.580566 154.147980
7612.274902 289.316681
10497.250977 167.954620
388.552094 85.899239
1646.382080 45.271297
639.246033 31.164574
275.983887 19.910198
1421.007568 60.256466
1153.758057 183.816727
7221.380371 441.090881
3554.237061 441.090881
7221.380371 183.816727
1153.758057 60.256466
1421.007568 19.910198
1239.161255 46.580830
738.326965 3.699234
2668.157471 21.317921
2842.206055 119.080139
91534.171875 887.730103
6992.976562 571.369202
4198.464355 319.284271
4092.896240 147.527283
138.983856 55.082119
1337.251343 77.925957
9311.225586 144.344086
619.068787 273.707001
1405.965088 355.971008
7063.567871 195.696320
434.219391 102.834885
288.765564 62.041878
9.995715 1.088814
1537.962036 9.943159
1895.438110 72.390945
5824.887695 235.453888
6307.646484 647.123413
4818.124512 314.231171
2257.300537 116.735664
730.790649 28.175030
155.831680 19.953844
1427.076416 27.928909
528.807922 91.001236
18109.888672 170.637695
28294.611328 665.272827
8889.412109 468.478302
1041.228760 258.746643
1343.936523 96.938484
524.020203 125.943947
2336.220215 158.565643
90.807747 163.086868
3967.663086 128.894730
3802.237793 391.782318
2202.909668 243.074448
304.449799 138.943695
681.295410 105.167587
52.990570 30.713951
148.698761 15.274755
4757.884277 30.114431
11330.004883 151.940918
748.308838 204.980072
2449.689453 42.522686
6436.120117 6.916365
355.868866 24.614792
327.589142 142.870712
1466.337646 85.485519
3773.896484 49.876190
1980.258179 31.437368
3253.708008 371.831055
6458.712402 352.315765
3817.927979 294.661194
685.238281 217.671234
399.088928 21.430777
2024.908691 60.609127
1995.239990 144.702408
23929.812500 275.539551
2566.103760 42.451138
270.988251 14.584897
573.675781 8.179503
953.118347 9.578725
212.263367 23.542580
1847.783447 46.161613
2311.410400 125.519058
9493.538086 300.130249
4671.928711 509.118225
3829.824951 246.426071
1318.110962 98.175476
510.234558 36.339176
549.631958 165.026596
624.023804 160.975159
2417.770264 169.376801
609.505859 161.580017
2941.424072 516.743652
16392.841797 420.401978
6142.323242 303.099854
523.885193 210.068161
411.283569 3.577408
1111.994629 1.393657
3313.878174 1.128110
1074.622192 23.433838
15146.025391 297.411377
2006.985718 141.042114
594.863525 47.651798
586.557068 10.845490
30.668180 129.638412
2007.149170 185.966141
975.275024 290.501465
597.684448 428.936005
11348.066406 68.373413
1969.561035 85.296875
2259.538574 100.231125
1004.180664 109.296379
819.240112 27.995058
184.184784 15.990859
176.141983 53.231991
12232.685547 180.470078
10534.302734 785.120056
2436.249756 433.352844
1075.812012 202.230743
2044.156372 80.518639
385.525696 3.903990
2226.733154 4.841866
106.290466 32.317856
7489.801270 77.469322
5792.920898 437.310303
939.581055 277.237244
4261.620117 137.736511
516.150696 44.725571
145.199753 27.331947
3292.630371 45.350975
8481.944336 185.437790
6416.709961 481.661102
20969.839844 243.230927
3804.045898 146.009064
3417.158691 102.211998
403.078735 63.111626
46.930965 90.743774
911.233643 50.219048
15261.086914 64.260010
12495.863281 158.929565
13042.471680 1043.334229
2419.128906 662.787537
2709.792969 372.800873
262.918915 189.321228
421.491974 52.135529
4201.919922 70.532867
4913.595215 136.493576
21197.615234 270.351501
45218.832031 465.543579
13457.056641 261.892975
2427.761230 133.827026
730.455688 70.466484
232.434357 43.542770
1932.558228 22.059952
912.039856 10.257902
1486.664062 8.969183
18707.832031 613.369324
775.619263 393.033936
1916.891113 211.540115
670.663025 97.482819
2854.472656 98.852806
1001.023560 170.016434
5325.005859 248.923676
99.198654 308.737610
13168.376953 20.010307
1049.447510 25.828873
3467.620361 32.034622
992.377136 52.506741
471.195587 45.083397
1658.392822 25.265059
4995.262695 11.101471
3721.115723 45.118065
2406.797607 382.094269
3137.187988 193.371490
2918.212891 94.172676
383.565216 59.230816
2946.318115 110.939629
8616.460938 160.407486
2008.416626 235.352661
23937.945312 337.531982
10694.352539 76.413002
16635.306641 50.996811
1010.049683 56.151917
770.823914 77.926903
81.250931 159.359833
508.160522 176.120438
5575.178223 232.279129
14467.680664 291.647552
17783.511719 486.415131
3771.723877 405.867523
1019.366150 296.441254
908.772400 202.434265
2368.483887 50.040512
924.749634 57.745041
712.757141 91.677803
3377.442627 178.393860
5883.169922 481.002563
802.274536 259.226196
9271.615234 124.187248
1072.261230 64.723061
44.843506 20.920605
1201.814087 57.981632
8649.191406 155.415283
9879.350586 259.161865
7149.802734 420.095184
6580.986328 326.749847
43.662968 190.312637
1383.905396 70.781097
246.930511 64.299576
2846.770508 116.894859
1087.875244 239.050812
7603.378906 470.813171
11130.172852 298.460510
12605.488281 118.094040
1982.464111 48.939468
991.241211 42.881737
760.789062 47.185375
1888.426758 61.687248
3940.590332 133.730850
7684.523438 182.010925
11707.614258 912.977783
4093.173096 682.117310
1285.923340 391.645813
28.624729 156.122192
780.712708 12.097240
4698.825684 34.107655
2610.402100 37.389736
647.687439 33.973686
17414.925781 491.510132
2749.870850 231.159180
1588.509033 64.311401
1724.987305 3.838061
1169.131226 105.981407
947.054993 99.104584
854.562561 107.983086
3843.441895 123.009399
50988.324219 129.747772
12845.509766 150.581940
354.565643 146.431961
1333.003662 126.185501
634.656799 40.767189
4359.807617 60.802521
1935.111816 142.352081
12592.777344 313.993652
3031.816406 163.129257
11367.193359 78.875145
4086.484375 51.332954
626.701111 43.702740
1152.679199 38.955666
1474.185425 28.407860
278.907776 79.107735
1952.642700 210.715424
22711.013672 577.552490
686.917969 358.788696
767.927368 199.273499
1795.221924 95.912865
15.595445 27.818350
2882.939941 30.436567
921.612305 41.360191
25555.701172 64.191154
4041.928711 890.792786
10676.426758 512.933838
3444.313965 228.326294
444.232971 75.033859
1655.743652 360.635040
3270.528809 457.873779
1440.641357 530.776001
662.997681 539.849426
13198.326172 182.720993
1915.260254 205.874222
2251.158447 229.457550
133.803345 278.273956
936.334351 60.114239
1652.700806 79.900620
16321.777344 301.818390
3309.569580 901.801270
54.100380 824.269409
11102.807617 310.316345
4064.705811 123.538147
873.722656 82.651649
1030.699097 258.372375
1718.882568 102.279572
4591.224609 80.006393
13668.996094 139.328690
66033.070312 1738.882812
6191.145508 1418.087158
1586.500488 987.173889
187.658875 567.360901
1211.786865 22.796354
679.488770 23.866571
1065.864014 71.547417
1563.700195 195.255157
7491.024414 280.084320
135.847229 147.558487
4123.096680 76.750359
1167.625366 41.764809
3093.478760 38.779423
161.240570 10.739470
7975.741211 6.638073
16862.244141 11.581941
197.087738 626.678955
12503.991211 438.051910
2956.554443 252.954254
402.023407 115.083084
993.056702 24.609255
1661.857422 17.558758
7673.450195 22.095623
2934.249268 57.632187
13621.370117 74.246628
1107.190552 36.243862
4704.107422 27.044634
1232.028442 27.946400
139.640610 33.760860
665.196655 44.996017
3384.265381 87.483246
10858.436523 160.648407
20875.769531 69.193810
10966.162109 60.511337
1398.557983 52.830189
475.996887 41.425652
1298.921997 43.964157
3066.810059 47.035728
26.852777 55.360508
12811.699219 58.164703
3536.412109 272.425903
5332.265137 189.982971
1781.558594 112.941689
574.013367 62.537518
835.968994 59.752071
688.739075 138.366699
3165.477051 270.010803
2424.978027 455.507874
15377.468750 111.443199
2767.434814 34.991684
550.787964 10.310410
509.182953 20.291819
586.207153 59.444862
8357.977539 103.762787
923.116699 154.152390
9312.503906 181.019424
9045.091797 882.649170
1680.185059 528.969910
1366.545898 241.701859
119.276291 86.501663
30.744196 118.962860
3240.539062 80.268135
2250.282715 100.004326
5497.300293 268.530396
26589.437500 325.387512
8886.224609 167.872955
3403.707031 135.674606
387.401184 140.330505
3226.755371 62.774460
4700.585938 44.276169
1091.878418 68.718513
19614.261719 146.381866
15884.492188 587.825500
4189.088379 387.680054
5948.230469 229.131012
299.891205 122.314659
1510.940063 105.329971
167.562683 105.220093
9366.402344 117.489372
4735.891113 127.815430
14123.644531 262.471619
8013.758789 223.858917
2541.645996 172.311981
945.671021 128.132751
250.275330 8.299456
2522.568115 45.482994
11660.328125 144.214920
13902.768555 348.276672
9047.741211 387.668274
8149.830566 150.178696
8214.328125 35.439743
3533.913086 2.106782
1926.316406 134.554169
2774.742676 73.543518
816.441284 47.710579
9281.179688 58.284687
6262.484863 721.046875
22088.466797 548.734009
922.096924 377.203278
697.449707 235.272430
807.051697 34.696285
238.412476 67.730568
6290.653320 141.312622
1118.183838 259.808960
20357.585938 204.317719
2924.030029 112.048874
4631.984375 57.269558
876.015076 32.750820
894.135986 14.561628
686.758301 123.789505
4019.850342 361.457001
6177.798340 711.115784
9165.023438 494.739868
220.355331 269.842102
82.946854 109.531158
591.583618 18.478544
328.801697 127.511070
968.584534 97.003822
2426.782715 65.784843
712.770569 77.927521
2025.744507 1088.148193
3736.294678 634.277466
1541.398315 329.609924
1307.246216 181.207947
16.324852 41.515984
94.998825 23.136709
145.166534 187.628891
3983.897461 606.547607
7426.504883 227.678650
3334.610107 157.073700
3174.734619 151.351379
601.889709 114.785202
358.033020 134.949799
201.671753 78.740265
7612.258301 154.806717
1571.475220 359.427368
19.661329 1975.897461
10233.759766 1317.061768
551.105774 748.900269
799.753845 350.051758
255.806671 99.398376
1000.646729 107.472923
2054.642090 148.081512
8746.179688 256.357971
4938.441895 1101.382690
2913.470703 621.762085
665.895630 299.860870
2332.041016 143.368698
111.795120 79.906265
628.412109 68.282784
277.551514 97.855591
42.259655 156.892487
8114.230469 515.961792
5300.340332 380.677856
1334.648804 246.221436
64.025345 140.292465
4544.803223 0.033361
1284.680176 4.527708
4378.300781 7.892160
9647.856445 10.849038
5690.393555 270.438721
629.263367 146.717148
2417.533203 55.738998
451.483704 10.120372
400.342682 34.668518
2153.248291 18.100042
5102.054199 9.056368
3179.825195 28.668549
1961.339966 24.124939
1203.419312 17.234303
183.278290 29.716427
392.319397 39.916817
211.224030 67.456505
1738.032227 101.751495
2711.226074 161.228561
8393.521484 240.685806
9227.021484 114.465050
13727.576172 80.373421
3468.375488 61.098804
1323.633789 55.722610
619.875488 45.412849
1258.012451 61.178360
2923.839111 55.141487
393.494080 44.969143
16986.171875 479.807556
6161.514648 234.975143
227.600052 84.784355
642.614929 35.352585
2825.139893 65.056885
1681.015869 41.328114
1474.285034 24.189323
7692.322266 53.235596
7268.800781 51.874481
16236.950195 24.200821
1444.176025 41.931782
1366.518066 65.382111
1434.528320 119.300354
1236.656372 132.657791
492.616455 203.780533
8137.698730 315.459961
2902.262695 96.429642
7737.744141 151.768707
468.171753 166.265259
562.964844 144.093155
547.290161 108.201981
8.438641 136.768509
1043.184570 142.591217
5224.206543 106.601250
5983.402344 450.773834
2978.676514 289.318359
3165.075684 160.630447
1296.239136 102.484184
704.004089 6.449385
54.880981 37.447010
172.152390 158.045776
10742.958008 412.255188
22070.533203 122.467567
3525.702148 21.076414
629.339233 1.516759
1449.614136 4.396791
1301.638550 15.177204
2308.478027 16.362873
3984.454102 71.255638
1662.603516 122.222809
23058.988281 962.922485
1069.135498 671.281372
927.410278 359.659851
1044.118408 124.775406
2966.857666 85.928894
3535.070068 183.380463
21991.750000 350.129913
7763.005859 582.596741
2719.560791 136.837601
3089.053467 56.988171
5142.416992 30.853107
34.214130 40.605568
728.139282 29.616268
2366.120361 26.471525
12387.839844 174.783508
6212.083008 606.700928
16632.822266 1312.466431
17093.484375 637.802490
661.565430 266.658051
1380.750244 100.808990
1108.944946 255.769516
1251.191650 104.624550
12363.698242 93.537338
1579.478394 194.529938
29076.166016 1678.783813
10887.039062 1343.246460
14224.913086 935.265442
8385.036133 546.617981
54.938339 134.538528
561.350342 65.345947
582.297668 19.586040
946.633789 0.606050
13170.468750 422.666412
11237.838867 378.378021
1948.818481 305.587585
3092.223633 218.996033
102.268715 36.118416
756.507019 29.041313
1509.366577 10.390820
22860.304688 1.190842
10039.983398 32.544712
12927.336914 2.084411
1663.381348 5.649907
959.573120 24.513849
781.368347 73.643967
1659.613770 136.455566
4499.242188 361.889618
523.586426 762.525574
4214.644531 5.378605
12503.579102 40.777916
7415.688477 85.936150
726.563843 87.078651
39.021408 125.782135
677.788086 39.982212
3774.251709 4.827348
1765.296997 11.535783
5808.787109 1472.120239
250.791824 1020.805725
1648.202637 605.180420
655.944824 302.653748
617.151489 37.631905
1491.588501 63.528118
1379.443970 105.697891
10405.657227 157.205841
11879.979492 34.715157
10381.126953 28.795052
187.261887 25.920279
1438.445801 27.044006
4441.009766 51.777184
726.173950 92.141296
7139.332520 153.270966
11416.742188 212.941696
724.750488 148.148468
551.128052 110.460480
68.986732 69.733688
517.728149 45.086456
1316.741577 52.923569
371.730652 19.601196
2536.161377 0.378253
1859.754272 43.445728
7601.052734 490.314453
5765.050293 268.134766
2345.548340 141.703583
1445.746460 85.004539
756.211731 65.383194
291.026855 96.134071
1130.295532 255.799225
5318.834961 523.145874
11593.297852 102.289993
33360.851562 159.773163
1261.652466 165.323868
1278.026489 115.022057
1535.413940 135.468384
296.185974 186.164139
4580.590332 274.131317
12985.572266 364.439758
3899.806641 779.045776
7828.402344 522.455078
164.900726 299.331177
23.641254 165.181213
387.167419 11.481119
5763.475098 55.232189
8327.126953 137.828781
1550.456421 272.138123
11324.254883 659.150879
576.249634 334.094238
467.356842 118.955467
458.263092 21.045618
282.223816 140.947250
634.855469 108.280495
670.183411 62.350143
6998.753906 17.871748
21138.091797 310.486115
24878.343750 240.786804
11770.751953 191.899231
176.389465 163.543045
107.690689 26.415937
262.753326 27.658661
71.063721 24.977859
1072.774170 18.607330
21848.117188 16.710062
184.229706 17.038857
13109.871094 19.116518
2810.565430 22.801073
401.472534 5.887343
666.481689 58.073433
1857.303589 206.774277
1240.975098 464.597595
7592.166016 35.491451
3897.522949 2.384988
1338.947021 3.016885
62.637379 2.044819
102.022102 16.888180
939.315430 24.445612
13662.781250 60.591499
862.767212 152.140091
2057.535645 915.636047
95.851471 492.129852
524.420105 202.469482
353.025177 58.436192
1398.665527 22.692219
629.208862 0.109300
465.669830 49.798096
11731.895508 225.417038
12047.185547 504.027283
11701.920898 275.677673
242.336929 145.762192
403.051758 72.836212
3333.904297 89.574928
7096.517578 35.931194
23680.042969 12.897526
15876.230469 22.772535
12081.223633 731.040771
8448.154297 522.910645
45.739647 330.466125
3455.936279 184.213287
600.718811 3.926817
1590.528564 1.905096
2471.311279 3.569641
27241.093750 10.058777
152.111877 162.372589
13804.818359 96.093750
1737.203613 45.009769
253.514481 15.505950
384.341888 53.915173
136.375885 85.355011
1010.338013 124.445610
6717.995605 166.292511
55426.453125 16.259041
10400.992188 11.528046
10374.544922 17.205975
3646.935059 31.371756
1594.356445 42.207489
11.359516 46.750999
848.455688 99.593170
4884.952148 242.480026
238.803131 323.396118
1334.197876 158.494965
478.901276 81.149612
102.281982 53.344337
988.244873 50.761127
511.521362 64.748260
938.128967 123.245102
2982.513184 252.361221
586.560059 501.750702
4997.665527 275.674469
494.305237 136.429337
474.336700 70.198776
604.127625 46.743801
1249.547729 28.712824
1992.352539 64.914093
9063.823242 123.173584
4466.669922 472.794434
535.577087 387.934723
1219.616699 258.165039
940.543213 129.904449
788.759521 43.120056
315.756653 52.231789
34.295963 64.930107
11117.667969 81.298042
3246.575439 261.217499
7046.398438 158.978058
2229.337158 85.165649
28.697395 49.001305
109.079361 45.557510
3764.674072 20.023212
431.936584 4.166392
15396.720703 1.246597
36339.718750 147.615799
4266.534180 130.531815
7227.892578 105.623695
1199.066772 75.837952
1204.825073 19.909197
1963.734375 48.216499
7199.648438 108.887611
7193.923340 204.406723
11748.178711 59.014278
4758.993164 26.639843
451.474243 14.232909
1302.140625 11.961431
1033.660034 12.945131
556.998535 36.261196
12820.610352 109.240929
5844.472656 266.190948
17143.535156 444.448395
268.084625 207.079453
2809.130127 74.386963
138.647964 21.154842
76.366425 41.024502
1957.120239 18.127075
1385.627441 33.780655
12736.124023 59.616325
3400.832031 591.963989
6655.350098 443.288635
140.422897 270.377686
477.921265 125.541214
2537.151367 724.025940
2223.528076 983.022461
9906.411133 1170.406128
3465.864502 1223.003174
1307.040161 196.390961
2502.569580 211.733032
787.425903 297.273651
1265.560425 474.636108
188.663559 292.127289
4922.535156 450.055908
4526.373047 803.662231
228.300461 1435.050293
1888.129517 770.850952
5981.079102 378.873688
1113.533813 236.944351
4093.268555 230.733002
832.628113 17.699743
1424.352783 100.231636
5663.600586 258.639496
1622.938477 417.191986
5807.557617 585.645569
2999.685303 414.032318
592.995239 210.497650
5230.458984 57.643089
6007.079590 468.395294
5021.846191 818.671814
5286.415039 1217.132935
3786.117676 1573.788330
272.136292 274.119934
1565.654053 158.449707
48.841480 133.335419
420.703491 231.928131
269.204163 127.712601
2973.159424 193.601761
7057.724609 444.367218
2157.920410 919.511230
1777.648315 711.422607
3248.192871 431.274872
1018.286499 268.374146
1133.618408 169.841568
601.619812 162.299622
522.894226 149.087021
2395.457520 124.381310
11465.431641 90.920120
674.285828 300.216492
3563.236572 243.548859
3058.456787 198.915192
535.718262 174.134232
5820.375488 146.525696
4039.915039 188.093796
4510.350098 238.538025
2848.201172 285.098724
931.046753 116.206779
660.101746 110.664597
675.233032 110.479126
118.382988 120.758636
443.574402 280.043365
836.166077 388.792236
14439.976562 434.174133
11382.150391 444.824707
10036.354492 456.991638
96.738655 185.527130
3632.849121 90.218147
105.032204 150.030151
511.085938 28.976788
2433.587402 52.800381
8827.789062 241.298203
5221.136230 585.466797
8662.155273 124.394440
1966.003906 164.750290
5936.583984 162.401779
2728.264404 98.012871
4800.842773 21.155411
489.032654 52.580811
7174.338867 127.534630
4669.824219 247.204681
1647.594238 197.025482
1383.155029 110.393776
698.677734 54.116745
2051.918701 24.163237
1781.551025 333.041931
719.935669 496.588348
3598.623047 688.241455
10014.518555 854.347046
1812.023438 89.619644
4103.527344 123.206192
2122.035156 161.627869
598.472168 223.512268
1775.004761 48.831127
1842.660156 161.142410
11792.862305 297.718170
2165.433594 430.047241
1609.646484 809.637817
4509.191895 420.121460
2792.328613 140.957184
1214.456787 22.363880
871.449585 156.983002
1240.328003 277.881378
5247.009766 409.259827
1302.261963 515.212036
1494.213623 20.805819
1028.698486 14.980612
890.182739 27.144970
13.440540 71.352005
2787.238770 529.950562
2264.502441 905.805908
1769.172607 1248.747803
3639.078857 1439.171997
1663.309204 726.710999
2753.411621 415.403229
623.131287 231.692963
1199.791138 270.943695
577.715576 236.970474
3435.504639 338.892517
12733.113281 638.344360
6207.207031 1160.809814
4214.859375 503.609253
1095.604004 352.151184
1164.504639 286.230988
2791.359375 244.811813
4276.603516 165.312576
4892.996094 226.967316
10089.282227 341.248749
42553.738281 504.672180
17365.126953 260.699677
683.043579 189.642120
793.740112 153.908371
4686.014648 145.024658
893.630615 7.159868
842.139648 32.417358
2402.607910 112.132614
2532.954346 294.818634
7340.072266 297.321930
1029.420898 99.635124
802.599487 16.590260
367.573029 0.181271
1055.573730 116.600616
559.344238 301.074860
6144.992676 508.478577
3068.719238 638.015930
1193.823242 377.018982
1953.403442 241.115173
1242.559570 98.852249
1495.101318 41.109028
872.803223 28.643126
370.573334 23.053383
1572.227539 62.506252
1196.284668 204.290161
956.265686 266.244141
1404.990967 104.707237
217.505585 45.972969
518.319580 35.688332
4008.161865 26.420444
857.612183 27.630627
3934.327148 39.975857
2221.641846 63.072750
557.704773 157.253647
1526.657837 106.125404
1002.880005 64.827644
688.994812 38.151478
615.720276 66.994553
783.859253 120.969536
6814.783691 240.664215
1245.890381 413.264191
1748.820312 38.733719
56.163715 51.332153
737.560120 60.013134
446.801605 58.047058
1952.652466 98.909500
200.882980 215.609955
2308.175781 333.318237
12966.971680 374.907043
5005.787109 534.322876
2967.694336 344.338440
1771.508789 159.495285
181.639679 67.141060
2355.718750 223.798523
1197.588379 331.733704
2872.586182 383.056946
15277.006836 341.854126
3399.531494 310.823456
1245.922119 184.113174
973.786377 110.516876
1328.513916 129.339157
1801.190674 59.571705
593.846680 21.116310
18721.244141 3.411627
6009.233887 65.106400
2630.261719 166.012482
6012.155762 80.067444
549.242798 67.790649
1964.248779 75.097679
1166.364380 298.636444
4015.369141 356.502716
1488.997437 473.230194
3971.746094 649.184570
3166.232178 32.352177
1540.283203 119.552094
37.078926 206.735809
3091.710205 262.494141
823.560852 40.188068
3806.330322 98.030914
6235.809082 281.838806
8485.995117 542.557373
768.365967 511.729370
122.668991 394.240173
849.684875 243.982758
661.735168 104.903664
293.043152 6.148891
11068.930664 5.555202
6705.478516 11.800879
25821.357422 29.519594
1413.408203 118.750412
6411.612305 67.145607
5845.828125 32.153149
1642.678833 13.515776
1022.926453 72.117447
1576.617432 105.904854
5503.111328 177.962479
9460.941406 259.731934
899.292175 153.970398
1356.432983 149.255875
1777.836792 117.895523
220.251068 82.251976
266.153412 131.833862
2494.646240 200.642014
5027.624512 256.179382
4536.056641 275.751282
438.501312 236.202179
973.961792 146.753418
2150.197021 88.711639
1199.676270 85.152748
1123.881104 144.954391
838.211243 296.754272
1539.758545 531.607544
6106.554688 803.521851
6367.146484 91.400833
881.526733 73.921608
757.886841 65.613831
183.449387 77.980179
3659.049805 18.545218
4512.823730 2.122325
1799.893311 46.036774
12998.073242 165.292938
5144.691406 431.119690
5.949894 279.945068
1786.416748 162.788086
5002.516602 75.794594
1517.284180 367.066772
3362.195068 614.474243
638.343323 890.908020
15229.332031 1128.340698
1486.554688 0.570585
2587.186279 22.449991
2450.196045 78.997818
1060.424194 187.548035
58.082397 105.253578
4934.127930 227.353867
4104.030273 339.049133
7632.745117 414.959961
541.247864 757.125366
959.791626 380.142578
1104.311401 127.482567
2071.274414 45.985439
2.402789 27.214733
1192.767944 75.891068
4133.787109 204.581360
9845.645508 404.838531
6332.005859 13.555216
629.145081 26.590445
464.550781 35.575592
963.488403 27.997887
6889.421875 56.702747
4044.433594 44.332855
4545.474609 38.272057
10327.195312 40.052708
1426.078369 271.874359
1819.437622 192.731796
1937.068604 126.025276
2104.187988 81.300697
690.636597 114.718689
3140.039062 292.088654
1875.233887 541.198364
8395.680664 784.362854
645.792725 141.436127
2415.435791 105.574547
5219.622559 56.973244
134.816544 42.791771
1220.999023 0.539987
1236.165039 24.522999
1268.677734 111.077591
21731.623047 266.169556
3702.277344 370.517303
3425.233398 210.779022
2259.623779 96.889328
569.086731 27.044044
744.202087 6.590444
2404.549805 20.339663
924.747131 39.141682
4082.563477 54.011093
403.919861 115.383194
3007.416504 70.690796
1110.155762 30.946766
1981.053711 8.324781
2423.721191 18.468691
2398.954346 59.573399
15606.721680 129.066681
28985.304688 205.029785
867.702148 40.478874
44.814438 38.061707
1739.675781 23.566029
340.297943 10.537689
695.937866 31.046825
1217.434082 63.851849
64.754898 119.218208
6140.872070 193.410355
8691.995117 47.513351
2921.749512 24.456873
930.145630 15.326219
738.458557 16.817976
1168.030151 15.999419
2059.964355 4.086438
2723.047607 3.217552
1779.598145 25.139576
1543.721069 149.284180
44.663837 91.826614
1255.095459 54.785610
614.714478 32.185802
2126.263916 77.094841
939.048401 82.070724
5136.739258 78.686256
1686.293457 79.034103
1038.336670 2.719320
1110.437988 6.091045
528.342773 29.524754
372.619537 57.875496
3758.427490 141.309555
6357.831055 201.352829
21888.259766 258.697266
6655.327637 282.893494
1166.850342 121.391144
700.218872 113.129303
42.622795 99.662308
1058.038330 104.759628
0.437114 55.897369
643.205261 128.328354
3819.200195 256.222656
6864.347168 433.406921
9221.887695 54.073441
4536.079102 19.648920
1138.510864 13.728879
230.116013 23.917332
269.821899 122.225227
386.840790 315.885681
3770.883301 626.165222
15162.877930 1037.518921
7015.341309 212.694305
1872.126465 59.989738
3076.467529 5.635187
520.690491 26.213280
69.488586 28.250322
4527.321289 31.652714
7893.340332 47.984528
162.495163 68.096199
4106.815430 645.191650
4451.479980 395.751770
1021.795837 191.675018
1647.160278 70.693398
3750.372803 59.846153
9790.286133 52.548286
2763.284180 41.887604
4583.640625 32.465092
1169.415283 28.936041
1012.411377 40.904339
510.306702 52.918449
704.217041 60.171337
1681.075073 72.773918
2197.097412 150.032059
464.568756 244.942261
3581.270752 342.453217
586.552368 55.041199
2898.643311 15.076403
1332.516846 3.492994
1648.336182 22.656475
722.779907 114.258263
243.383896 156.362808
303.359222 291.153992
6912.865723 560.975342
2873.739746 144.771027
493.780823 73.127892
3006.645264 79.627037
197.221603 100.414658
440.886292 1.825855
2841.492676 19.912716
11918.203125 90.820045
5367.082031 207.969330
1365.764038 508.557373
2550.673584 309.887939
378.601440 148.002304
247.166946 43.329643
449.011597 235.283447
4067.072510 407.209930
2194.840820 617.979797
3502.385498 770.636963
1715.556641 265.814758
2935.600098 245.697327
1111.390259 186.936188
5.345728 163.345551
2991.589355 20.010519
4615.079590 25.355141
1154.081055 17.057716
16599.480469 14.800062
5406.939453 501.562378
1899.074463 248.667297
139.889679 87.523651
503.532135 24.245487
1068.966309 243.358749
6459.176270 391.748077
2007.428955 529.985413
13218.678711 620.961060
3838.050537 9.308935
3849.191406 7.313461
1564.183105 40.393570
867.199036 119.577271
1969.088379 594.118164
897.552917 940.313232
3479.693848 1162.849243
17184.285156 1147.544556
2126.792236 730.777100
3822.074707 417.134094
718.420166 241.369995
2034.620850 310.545654
2358.659424 181.120056
3227.873535 165.374207
14036.795898 259.085358
25506.136719 599.499329
7849.491211 347.011536
1470.170532 138.223572
297.748810 132.273010
886.064697 178.553192
1684.208740 619.614441
5283.942871 745.790466
1723.828247 879.583801
12315.132812 928.248352
5223.146973 621.893188
3564.954834 637.922974
1200.115845 593.551025
1464.394775 567.909668
1056.260742 428.645142
763.483643 764.195801
2200.151123 1135.357178
12494.888672 1539.481689
1383.964844 585.826172
2834.836914 189.362122
334.202332 61.771591
3019.161865 168.620850
126.193031 184.352554
3425.327148 286.790161
2168.775146 494.742615
12.028349 788.499023
5642.067871 898.462524
1633.436768 571.490662
170.104904 329.646454
2218.170410 197.800461
1552.184326 225.736969
9644.689453 256.989563
2932.985107 391.658356
6147.100098 594.399536
1478.350952 471.745789
846.782959 445.805511
1091.188721 374.036530
166.033966 282.206604
1005.749817 112.869003
1546.364624 107.690048
12330.622070 125.974525
9355.900391 195.471710
68.563240 231.788666
1232.088379 155.405029
748.181274 126.660637
1236.612793 119.398651
457.936218 225.627686
1698.559082 429.084900
817.212524 639.879578
7798.799316 768.875000
1498.507935 224.671890
431.891357 155.107773
1382.237427 93.194427
5286.185059 105.402687
1192.776245 260.453217
5711.324219 407.795959
3322.783936 577.915955
16964.294922 781.690186
1803.387939 360.115906
6852.611816 157.898239
2327.289307 95.122940
1153.717041 144.570755
2339.612061 247.623184
13374.143555 215.346954
17178.460938 344.730835
1055.674927 613.802368
3309.550781 583.007690
3199.493408 596.879883
4552.065430 526.127991
676.092407 383.798035
4100.966309 667.641541
1030.378540 949.038940
18393.322266 1192.244629
6013.866211 1274.305664
9541.096680 412.036499
8202.814453 398.352722
8935.255859 386.412598
1325.555664 463.960815
210.833801 143.059036
10860.227539 181.784882
815.114197 258.703979
13346.035156 431.516113
7686.647461 710.579529
4758.162109 354.955292
2152.651123 174.334396
739.536255 126.804665
841.512451 66.443054
148.563431 23.549240
1487.359375 91.361526
3779.668701 260.466095
364.294128 175.208405
4514.864746 250.144943
2572.068359 247.810196
409.480591 167.649445
491.388245 278.274689
435.323334 338.030579
13696.518555 403.221954
2430.200439 439.350677
4688.411621 243.004120
2850.501221 252.618896
2097.594727 245.507294
1580.978516 247.325409
526.458740 195.697800
155.787399 583.236938
924.232483 1261.167480
8738.114258 2144.316406
1426.791016 227.097885
702.337219 103.163132
621.242188 48.479427
354.560425 53.335358
162.437195 182.569199
265.205444 237.760300
14420.562500 384.888916
8520.461914 659.497925
3173.892334 914.853149
356.576294 535.443604
2946.621582 304.643738
1415.717773 199.648407
852.394287 11.641855
2245.670410 0.369381
1366.680176 7.351209
5938.146973 60.954216
4835.077148 905.233887
3685.891846 495.497559
1106.223022 210.143616
1253.717529 63.184830
45.418854 101.558907
134.789169 153.932755
2005.502686 240.584930
3446.764160 345.204803
31.527027 103.501526
518.717896 92.474625
82.031822 84.014168
2707.354980 82.526619
784.941528 106.490616
872.670227 183.099884
6163.488281 320.770386
26126.132812 529.428162
1315.509644 101.278984
1180.952759 41.864338
1206.246826 39.729851
238.809647 64.315544
2810.565186 358.979736
4028.398438 626.090881
17517.863281 816.190552
15476.101562 818.502991
2443.139648 712.117554
1436.809082 408.609833
850.872070 191.439514
1002.381958 175.503830
116.188232 370.479401
2186.397705 665.960083
225.597961 1232.585815
233.963089 2078.653320
3962.755859 223.986542
829.329163 116.641907
926.281921 153.697067
2684.533447 234.949890
472.891022 128.677933
35.576477 41.717724
2743.783203 34.102013
3840.766846 158.774704
172.734604 1058.508789
543.990112 708.443604
1839.446045 447.082275
324.192810 262.429993
1087.570190 434.813965
11176.464844 570.378540
3956.270508 755.129028
4867.782227 989.876526
2076.745117 49.418083
2417.153809 100.493515
234.076645 205.914780
1391.979004 320.694885
372.873352 299.849121
1194.464722 488.370514
431.359131 699.610474
2611.664795 850.961487
4473.998047 1106.036011
3242.050293 700.654358
1345.885864 379.015625
6061.520508 240.534058
4301.033203 4.765665
2173.269043 46.371525
7203.441406 198.516357
45184.867188 458.912872
7141.717285 136.278732
677.586060 101.327309
407.188568 71.605820
1327.569214 30.763674
1230.312012 2.943171
2598.782227 26.174538
182.920837 58.417610
12705.111328 76.686958
6984.264648 299.206635
3747.019043 187.433746
138.799896 81.887009
779.066956 16.711750
355.473236 121.826538
1737.203613 316.194061
3404.295654 582.801514
2625.858643 837.057007
1619.514648 47.080246
132.577286 48.451637
5131.903320 28.376308
696.330933 33.913769
4434.540527 181.306870
8157.099609 294.954071
1836.774292 373.218964
3778.169922 418.054443
969.683105 447.474274
3712.634766 189.724976
78.484154 65.753304
5214.286621 80.564873
429.249146 177.186554
7661.640137 256.037842
7539.348145 587.982483
37456.492188 1156.771118
878.958008 192.661591
447.507141 270.964569
1900.076050 300.075073
235.305206 241.275024
623.074280 396.943237
2498.882812 423.484802
15108.967773 412.308685
3563.037842 337.952393
6753.455566 731.447998
13189.346680 577.208191
8654.430664 447.398773
162.359161 388.946106
1850.431274 90.602669
3410.236816 279.510864
3127.902100 651.070374
17835.007812 1196.075684
2377.974121 90.154373
1913.438477 9.079161
810.766113 1.697761
2946.272705 21.772999
237.915894 21.009678
2668.355469 102.521980
2358.121094 167.826538
22980.949219 175.157425
5399.888672 830.812378
2745.401123 450.401733
496.766327 151.585876
108.991310 11.680760
3610.771484 95.475197
324.343689 228.117157
430.753601 509.549377
1245.141235 880.818481
2465.529297 52.250824
1461.257324 107.705986
704.809998 113.332390
99.442101 84.381203
172.781296 22.747744
3567.048096 159.246780
951.052490 447.889038
11050.839844 879.758179
1804.622925 411.975372
1820.829468 199.397125
379.538177 68.935760
1097.333252 5.425891
1384.170410 116.873276
930.903564 197.020309
6989.001953 349.804382
1643.450928 582.926880
3429.964844 368.790588
1151.752686 204.179535
479.627838 118.081894
315.179047 92.643913
929.948975 291.862122
2995.904297 373.688110
8422.458984 488.491455
3819.134277 625.159180
4410.139160 535.728088
1524.654175 380.003296
1214.208130 284.489838
462.578613 257.364532
1496.684204 1080.486084
9104.838867 1797.745605
727.883667 2558.703125
1.601457 3294.419922
226.089539 307.670349
436.375153 21.804728
1733.235596 100.161263
306.173279 483.901855
670.334290 142.878845
307.527740 56.558304
651.702576 324.756866
12002.967773 1077.561035
6441.705566 1907.081299
4594.000488 1228.581909
0.851395 763.057861
878.540894 410.463654
2674.304932 169.256958
2692.708008 158.428589
4782.584473 187.380310
12264.131836 247.735565
3056.685547 450.391205
2768.168457 375.383667
1249.055908 292.333374
90.567398 217.852539
958.843506 48.738495
1066.456177 78.555359
14417.892578 159.257172
1690.936768 234.465134
887.224854 472.860382
73.512939 374.604370
394.179932 229.219482
467.428772 102.931992
655.276978 535.391724
6427.185547 907.031372
8458.207031 1222.266724
3340.059570 1310.226807
7268.976562 578.820435
9149.822266 405.505341
4573.206543 260.693817
323.401794 289.310822
3493.723145 601.432434
14155.061523 752.339661
25967.777344 833.581970
8830.184570 956.052979
8142.338867 1035.012939
5403.203613 475.601349
5427.929199 295.840057
2048.872314 399.834015
4042.108398 154.349518
5282.602539 53.396965
16636.207031 157.775848
46674.832031 508.481598
1359.000610 304.802063
1018.157715 396.929993
1024.915771 423.802979
1779.274658 324.443329
2115.874268 33.257320
4368.637695 94.757729
177.751190 191.441681
25382.429688 262.373383
10168.757812 355.973083
5950.712891 266.701660
933.141541 142.953201
4731.766602 49.783813
5216.570312 161.765564
8131.292969 255.917358
1513.490356 389.764832
4420.187500 542.951355
540.468628 96.553017
5315.269531 80.138474
3844.442627 84.222168
7.692871 108.161942
339.717834 240.685455
1298.719727 481.590210
2274.832275 813.393494
290.389465 1231.036133
23.036335 238.593689
608.921631 45.491978
2531.269043 6.057429
350.888550 80.839043
526.960144 13.529177
101.684273 19.913137
2037.580200 177.468323
2890.730957 495.901947
2426.815918 755.707275
54.616333 497.077026
1672.036865 284.279968
1094.917236 116.018738
455.925049 152.993988
710.420227 202.028366
10442.495117 241.380936
6782.132812 273.700165
564.451904 163.259338
1374.978638 97.701263
446.399933 80.427803
44.847713 105.428993
1310.547729 263.765533
4448.349121 552.664185
15265.797852 920.837280
7774.026367 1244.165649
1646.117188 367.733002
1109.422974 258.193817
970.924744 150.996124
995.862366 130.528534
87.017387 151.597931
1939.342163 95.118393
1223.820312 99.784241
5891.208008 240.157486
3777.463379 632.404175
479.025299 400.888550
109.758881 280.238342
545.460876 213.549133
1141.955688 668.230103
4877.084473 846.198730
21256.804688 999.093750
27080.757812 1084.849487
2832.825928 110.131935
898.651428 216.920746
1470.010010 346.147247
2050.889893 496.926453
243.111389 220.241852
1811.059326 321.010559
4061.370117 453.244415
4550.631348 653.893921
965.309448 801.928284
2137.797607 403.702515
3078.650146 198.392273
315.515961 160.172195
154.294693 333.741272
504.522797 429.605011
476.353577 694.084351
7031.358887 1032.438599
973.725281 577.757996
601.640930 614.531250
52.546783 532.890320
89.417572 399.740723
642.315308 29.026169
2485.052979 14.687028
4379.657715 40.846939
6274.479980 122.931503
1642.834839 391.015594
1484.022705 247.761902
1422.260986 142.533157
813.641113 71.941406
1991.469727 61.838501
7404.640625 65.480034
15944.752930 77.759209
1517.564575 93.159653
2999.898193 66.634659
110.928139 74.230476
189.509445 72.817413
738.933228 66.257545
8.840263 160.508759
4303.229004 366.173553
9793.197266 641.096985
4352.739746 897.385620
4076.407715 172.703705
1819.587769 128.008377
4014.481934 75.126999
1088.346191 68.148781
174.866241 8.959843
2977.195801 1.667282
12074.737305 2.446810
1744.448242 35.775318
5847.788574 389.120880
3540.598145 198.164185
3693.840332 79.340324
323.038849 26.143490
888.999390 104.740959
2051.944092 250.485382
9330.982422 391.764160
5026.662109 467.418640
466.134583 139.576370
1429.639771 64.656357
4101.920898 6.769991
7307.461914 14.380104
360.170074 73.102768
986.254456 62.038807
14855.630859 47.865627
12060.824219 84.781372
2706.551758 186.151718
1785.655273 62.114315
1181.307861 34.897655
699.485535 56.604710
2678.893799 51.233189
892.428223 10.225383
6599.217773 2.016597
12123.564453 35.515194
7900.092773 59.292076
993.778076 103.376060
725.889771 119.478668
729.804932 97.489761
1152.868774 190.829468
3429.834961 219.950546
400.781677 254.863495
2643.904297 291.210449
4909.508301 36.741333
3310.332031 83.038467
106.681961 127.593048
1177.982300 162.664719
195.954636 66.313873
8580.240234 11.437062
334.021301 42.652782
9244.724609 204.767090
440.450562 217.713791
504.737396 187.973877
175.145828 177.242035
198.683777 137.593628
745.525146 142.434494
3135.902832 334.844788
2549.479736 719.014526
10696.203125 1210.157104
1407.092529 169.925720
978.160522 196.576187
4439.546387 169.574478
412.972748 119.331360
2763.043213 8.481844
4925.780762 3.816893
868.604004 0.201846
1204.810181 22.539574
383.864288 947.207581
705.906616 506.709290
1957.457764 200.397522
24.095345 50.552902
4830.039062 161.567917
4857.704102 200.510010
8070.803223 300.052124
3503.898682 455.668671
529.345093 87.781288
186.514084 120.044937
55.106361 147.672974
1064.505493 155.830505
768.851990 9.686708
603.860474 53.705540
3087.164795 104.522011
930.462341 143.993652
11754.496094 361.120422
71.898575 194.758987
6668.214844 66.013023
701.976929 4.888949
2982.258545 36.679432
1993.622314 39.372181
133.699203 36.779736
2326.882812 38.281010
1786.109497 73.038185
735.597839 36.781109
2273.184082 24.304989
188.875702 28.524952
183.214920 46.071945
539.037048 115.452606
10455.781250 242.939255
3944.401855 386.532532
583.284241 82.135490
597.571350 92.095871
956.497925 69.490631
424.005676 40.351990
3233.255859 52.090004
4704.140137 117.029564
16031.759766 188.980942
9308.666992 259.556549
456.053955 131.851685
1160.109863 46.134811
1882.905273 3.896963
144.037888 9.002033
2133.961426 4.710030
1229.635620 70.559250
2546.198486 274.317810
6631.208496 621.541809
4868.318359 53.482300
2299.131104 32.047390
2.900811 31.061440
2232.614746 14.098074
1072.760132 358.566895
11606.290039 545.135132
5571.753906 761.237061
1774.284668 891.677429
4237.838379 680.241089
1786.216675 541.851562
1767.142700 378.019562
4679.738770 295.982819
1475.727661 20.408112
5447.541016 60.640297
1067.443481 191.343277
10482.730469 473.395416
7058.036133 525.614502
6158.051758 219.856903
759.624939 71.634903
1905.944702 22.737677
1490.154175 48.339542
235.398682 131.613098
1542.105225 208.720840
4653.344727 268.708679
4615.025391 466.563110
1642.034180 211.454224
230.526550 49.058449
1522.825562 3.314199
4263.163574 93.230522
1092.555176 150.843903
2329.054443 247.312012
1128.437500 362.989929
3892.336670 59.064148
131.303955 65.985886
1402.203003 68.720802
763.137878 71.811081
1194.856323 101.760803
1105.525024 319.917206
22979.994141 766.440918
21719.976562 1433.175537
8.595233 92.266617
145.478638 8.463489
1171.240601 7.166999
2369.554932 28.751476
6803.639160 16.730688
3776.350342 1.378778
4131.651855 2.618061
458.076202 28.551994
5172.340820 1133.422363
1379.185181 662.053833
769.343140 300.224731
460.456818 94.728142
4094.755859 40.986217
14202.877930 14.672796
17811.072266 4.078345
50851.070312 4.046076
1259.899414 210.594055
466.726532 181.625549
1616.980469 134.556046
2111.332031 83.321182
2221.385986 26.882185
1091.009155 36.031948
128.696594 38.453480
6810.010742 37.854256
5416.676758 23.043839
10165.819336 5.502963
5881.494629 3.585160
1746.833740 13.506248
225.471268 9.355306
591.339722 50.595730
207.862274 119.856850
11935.103516 197.051666
7357.349609 47.835182
376.706512 35.058693
1774.200317 15.261622
1626.685303 1.000506
1060.593018 101.679794
3573.438232 137.774521
2256.947021 172.976425
6374.282227 216.245300
2190.598633 64.216240
738.076111 28.002888
2027.221191 32.678082
1699.300781 63.211113
397.583252 129.481033
3100.402344 363.913879
4438.731934 711.919800
22405.529297 1069.117065
2451.468018 345.581268
1930.559326 233.023010
3058.072754 112.702240
799.766602 54.337776
960.559387 42.369335
549.491211 72.034142
7194.185547 104.122627
6463.460938 118.853455
5622.115234 504.740326
1333.638306 305.468048
1481.996216 142.237808
1345.876099 54.795906
406.430664 72.798706
1247.666870 199.882233
2111.552246 413.320953
10331.730469 653.744812
2338.379639 46.527390
855.847656 65.998581
1250.390503 53.443939
691.005615 37.650734
167.061630 94.240028
285.749390 134.152115
2606.047607 205.635101
750.171753 340.389832
2010.289551 371.031860
2293.317383 177.205856
436.832886 87.332840
1865.939087 72.511612
497.688293 153.449539
2225.413086 147.778748
15765.763672 135.419510
14876.889648 113.054634
976.327942 203.999664
3728.501709 189.474258
1125.726807 172.111908
374.739777 159.754578
2144.320312 9.198871
623.709106 30.498390
6995.906738 61.954681
1654.941284 91.384682
5599.645508 39.014324
60.235550 28.510912
895.989746 13.753717
3842.564697 4.383492
3763.183594 410.658112
962.199097 652.423767
2708.176758 907.913574
15107.816406 1108.254639
2620.645020 26.354963
1348.309570 54.596962
484.955994 114.920822
1568.098389 228.119888
1772.985596 37.339813
1727.998535 145.789062
9088.443359 536.941772
820.371521 1280.542725
863.168091 600.040344
1699.997559 291.955719
2038.182861 151.837219
2203.041748 71.721947
547.566895 423.897156
4985.588867 533.439819
2863.584473 728.142334
34934.523438 970.844116
4494.195801 670.173035
1177.170532 554.446899
594.478455 458.906647
3096.430176 405.616425
370.829712 60.460899
3650.353760 76.244049
1539.359375 67.506706
9350.514648 47.217110
4875.396484 1156.703613
1190.743286 630.742432
2049.694336 259.613098
1778.304932 88.178398
2204.496826 301.062561
4141.783691 409.051361
6837.370605 471.938385
1144.847168 475.909851
4604.872070 0.955407
1866.678223 13.885597
617.122437 74.655586
326.261658 178.253571
2696.342773 197.331314
1030.224487 265.605988
8676.167969 307.949097
5227.470215 330.393585
2733.909912 312.583984
1580.853882 166.852814
979.941162 106.892914
2360.258301 129.353134
2132.637207 80.995728
1537.121582 95.920639
199.769241 49.964970
13111.421875 2.305587
15618.898438 426.588593
2419.352295 134.129593
3510.638916 11.253565
514.224548 24.486784
1630.667358 75.844475
2119.149414 59.475655
2265.462891 105.902466
976.939575 241.389145
5818.936523 24.272327
146.428101 58.014572
1403.992432 97.118057
572.974365 102.297333
440.292023 26.970901
2781.922363 18.639990
635.769836 21.759663
4162.790039 22.923500
62.672680 231.006592
1885.481689 178.742340
294.528107 113.600182
837.271606 58.428932
1169.107788 100.190506
587.149963 174.549103
6063.516113 244.015289
1858.161621 290.971283
907.193420 20.106186
2824.185059 1.556163
60.325821 5.981444
2751.008789 39.750412
118.873375 52.101288
5876.038574 30.390036
8583.016602 9.108850
22095.349609 24.849342
541.338989 164.254196
168.801483 81.361771
1220.718750 55.179810
159.778625 56.342579
3489.714844 106.824432
39.848251 52.533764
2188.837891 9.028356
6677.920410 27.521828
4119.217773 16.493336
2119.352783 38.533371
2365.164307 92.118668
925.812134 124.501007
749.382080 121.050949
3012.484619 78.692932
9507.493164 198.846893
2890.436523 479.887421
8785.473633 150.742569
5267.307617 276.344513
2280.162109 312.806824
55.664955 237.911621
1362.778809 142.377258
729.305481 64.559914
165.289520 76.177681
3201.649414 167.325104
5671.880859 288.397339
61.658634 372.672943
199.687057 361.809570
4591.989258 265.597870
2987.119873 159.506821
7159.526855 253.534378
7980.831055 430.964233
35727.089844 612.412231
2452.194336 297.547546
779.617676 310.197815
4318.762207 247.588852
765.401672 171.624374
4547.103027 24.673645
7888.144043 102.089882
13826.767578 250.580902
15402.451172 458.459534
5568.032715 195.629944
1300.431885 98.480423
3833.280029 36.623711
1006.414673 8.557716
184.402390 141.491974
2985.868164 197.393478
22066.644531 254.592834
5759.958984 282.102570
16511.187500 335.070190
20539.369141 241.690750
3745.644043 159.210495
417.925049 122.465851
1396.750610 1.871994
8437.191406 18.179749
5433.395020 33.342369
1934.667480 49.445534
3817.493896 459.079407
6663.712891 239.816254
3276.241699 84.137390
1448.818115 11.349440
1537.817017 12.392139
1834.918823 25.265297
877.545166 51.477962
26170.162109 91.025986
5190.125977 38.662113
2114.927734 21.260803
1693.241943 12.323856
2693.127441 9.225333
2088.163574 3.690325
6488.001953 9.511628
5695.208984 19.428051
25132.439453 33.772354
740.996704 117.040665
2935.358398 63.565445
845.944763 25.474625
1066.403076 6.724761
1248.219238 38.001846
793.363586 79.191238
4540.469727 165.207458
15603.401367 293.308807
970.166443 1.872350
1949.281372 3.780727
3312.780029 15.126391
2485.887695 23.828573
263.255737 133.241119
2239.965332 136.834213
575.653625 130.254227
5143.962402 106.481277
72.464378 167.379639
6483.325684 154.077286
1223.201660 138.533203
1756.949341 131.135483
1878.936646 58.998478
63.953972 156.633621
1629.755371 304.088501
1038.811523 471.850952
351.114197 77.713669
2096.183350 41.290924
668.313782 17.519194
1067.229248 17.081003
2658.885498 34.607971
3227.004639 40.368626
1809.203979 62.382740
8586.861328 105.474045
229.148911 118.596672
3846.142822 77.720261
165.909546 52.771221
147.778625 39.372608
7353.353027 118.356697
5910.363770 254.339584
8630.032227 426.919952
15794.642578 594.179138
1499.186890 54.902313
71.736885 25.814211
1427.794434 15.004115
199.362625 39.762711
1239.161255 147.527283
4092.896240 319.284271
4198.464355 571.369202
6992.976562 887.730103
9684.675781 119.080139
2842.206055 21.317921
2668.157471 3.699234
738.326965 46.580830
0.054996 37.001961
1681.058472 181.503601
5776.068848 420.829010
2087.322266 679.399780
1934.189819 679.399780
2087.322266 420.829010
5776.068848 181.503601
1681.058472 37.001961
3545.929199 59.801807
4886.932129 158.712189
9701.279297 318.991516
34311.226562 515.523438
15067.052734 63.845451
727.871826 32.055710
7.875364 16.071285
377.847137 19.040958
2726.395508 102.248634
1031.209229 263.955963
2643.363281 529.498535
1199.260620 872.551086
4371.505371 286.060333
1585.025024 136.149689
140.513916 54.239807
60.435738 38.699520
351.678192 134.584915
2474.871338 265.285950
9232.861328 466.711761
1497.921387 670.553223
4921.945312 470.272766
1719.611206 334.226868
1398.978271 195.840027
1281.353271 113.824341
466.086060 224.018372
3219.770508 211.923035
2336.836426 142.354019
10799.175781 70.036285
1067.292236 292.225800
191.196304 157.302246
232.947006 133.226318
5019.350586 179.529938
125.786133 117.702972
1261.589111 134.888748
3931.245361 273.693115
30477.210938 590.363464
2935.217529 21.982399
6651.953613 25.742632
956.499023 88.830185
2756.031738 124.261642
603.077454 124.975357
1338.159058 63.042206
2052.993652 27.581059
5675.283203 12.739669
788.215210 443.602264
5828.485352 394.585602
858.056091 309.155029
532.633362 211.567490
108.804153 80.645050
8239.461914 195.561707
7625.556641 364.397644
5241.227539 554.118469
2820.010254 10.355237
843.945007 2.189890
292.797821 4.054581
1251.258545 22.996239
1066.533569 79.379143
857.979431 179.212372
1137.213623 367.782043
25932.691406 675.776428
2361.301025 240.093964
859.270691 67.392487
2781.612305 13.766912
786.474609 27.984915
2148.628418 225.448273
534.580688 213.972366
11093.341797 198.514236
385.300446 156.772522
188.733353 702.841675
6944.702637 540.619446
199.858765 380.767059
1511.530884 272.275513
3141.705322 14.173609
341.578979 16.262377
1236.612549 49.433010
1888.047363 169.239075
680.592712 204.059158
929.182861 50.005573
916.339478 1.841686
429.609833 6.296469
690.772766 364.269135
332.923309 487.988983
8363.459961 642.046875
1907.891602 774.001160
1673.663818 202.797089
1825.691040 242.048737
876.508545 263.801971
106.117661 293.732788
3853.446777 30.359207
839.519653 106.096268
4668.590820 261.937561
4392.019531 540.122620
182.119370 415.574615
1662.556885 147.904327
819.253418 25.582148
779.595642 1.265514
835.764343 55.610027
435.380890 116.206787
1409.381836 160.041153
6151.590820 177.057907
885.080444 390.059387
790.822388 187.722733
1605.464478 56.513611
3167.261719 19.789240
1531.269043 318.467682
1355.047363 592.263916
605.414673 1046.708740
18542.332031 1571.663574
2156.711182 227.861176
164.600555 253.677338
2228.910400 239.419052
856.052612 228.210587
1577.144653 10.750765
18.679062 90.950859
12563.750000 278.604645
11526.585938 576.923096
100.429924 537.364807
7958.815430 280.227081
596.086853 110.014915
3528.659668 20.862150
960.778931 76.361977
2765.599854 180.198822
2017.104736 342.797119
9371.138672 552.820740
2436.674561 194.739655
4116.937500 85.152550
1664.063232 31.530819
423.340210 28.619787
285.229095 51.192001
1066.583740 60.616043
9711.472656 95.364769
6110.093750 152.882141
989.001587 518.006226
6129.853516 323.972626
576.940491 171.979523
679.562134 82.432259
4008.991211 312.302979
4322.560547 392.236084
4387.156250 428.260315
4367.770508 408.097534
883.463501 30.909805
1308.359497 63.464859
2054.119873 125.458595
236.358231 214.246643
1585.749878 14.163470
1160.783447 7.878453
6830.144531 46.379112
1349.410645 176.373245
1317.809326 293.109863
4689.796875 130.807556
525.227356 56.857975
504.396637 29.950054
335.253937 253.144485
1464.633057 300.892822
11209.033203 374.216797
538.754883 484.207001
8479.472656 70.653969
366.460266 96.627914
4124.746094 152.748367
480.372620 208.218292
366.944366 433.787994
2318.178711 534.993347
1508.240234 601.054932
828.088440 568.047424
1047.651245 874.553101
4057.439941 657.507141
389.999908 468.699097
2022.911133 390.741333
1919.272949 270.253448
1845.656860 351.067719
4412.836914 506.772461
1421.726562 759.347351
1757.496826 227.011215
6096.905273 168.565796
3381.367188 182.917740
4488.919922 222.197708
1298.938843 220.408386
702.641479 377.663452
7518.164551 524.069763
6548.983398 598.676514
2830.343262 371.878387
368.731598 230.382690
973.449890 129.563324
311.627563 123.430634
273.447784 29.948814
3765.612793 129.521988
3420.305420 368.307678
11270.972656 763.827942
4186.685059 114.307892
7854.752930 24.005423
2448.250000 4.986392
61.629059 6.270982
5296.359863 109.037750
1655.220093 215.343185
1098.605347 299.554718
24344.509766 282.144897
1054.552368 1213.553589
3423.648193 735.166260
813.404053 325.373810
1065.568359 113.270935
359.881927 107.586487
5557.849609 127.406265
12987.203125 153.714508
6133.236328 255.561279
515.759888 184.477386
2891.536865 25.807539
4061.422119 7.347772
468.926331 58.853245
837.145691 222.110672
144.837051 186.975647
4557.958984 136.517120
2221.694580 84.061523
1100.182373 221.744644
1406.076538 229.316803
3943.791992 236.748413
2017.956299 237.263580
1259.669678 315.986450
3332.825195 489.627686
10199.469727 726.187317
83.914139 974.131287
2247.246094 157.284363
882.636414 159.799561
546.440002 175.668198
4239.950195 217.994064
1406.532837 32.678616
152.448639 168.734360
1697.198730 421.458344
1952.119629 758.581543
997.641846 225.577301
1040.938232 115.204910
1739.563477 38.565361
3110.411621 1.120492
714.763062 117.594574
3470.758057 171.441177
2749.647705 277.569702
6797.844238 463.386261
1605.333496 519.350220
818.850037 275.087952
117.048523 144.250870
3118.270020 103.194412
2192.914062 797.963379
4119.298828 816.917480
181.925629 710.263306
5433.802246 504.788513
2511.360352 322.917786
5404.860840 396.329803
438.681519 525.457031
4722.712402 680.090332
2193.490967 626.864258
1397.115479 968.399780
12753.389648 1635.811279
19055.708984 2673.086426
3169.425537 362.695374
3025.209473 232.872269
2153.468750 315.179993
868.691895 451.493073
2977.510254 328.009491
9876.136719 414.913483
2263.769531 626.287537
1244.229980 815.250732
16882.449219 1885.661133
9074.143555 1419.164185
97.756599 886.103699
1370.068604 482.334320
873.909058 14.184131
200.743622 92.490150
3073.375732 288.547821
7851.456055 597.157959
1238.933472 36.342716
1019.507507 18.866756
2732.785156 17.518557
2626.881348 7.854591
2691.229980 7.586309
1879.942871 27.197794
399.714478 53.483562
1173.817993 83.793854
1418.690430 387.436096
2207.026855 210.057434
715.343933 80.246559
1673.434937 16.413950
1162.850342 8.633518
1820.652100 8.213995
7840.029785 53.490822
17488.906250 150.915390
483.744812 43.094013
1695.623779 44.197964
1580.423584 43.997765
1164.736206 29.179586
627.306763 86.050293
443.044067 123.434746
987.811523 205.400070
2098.170410 315.666504
2931.209961 104.769112
550.342163 107.963806
1106.551636 99.934448
3028.958984 85.704720
854.613647 55.416054
1786.882202 53.495506
2237.585693 50.452232
14245.960938 52.906834
811.520874 306.541168
3672.921143 188.681946
1803.519165 106.586586
569.509644 66.595970
877.776672 301.695496
2207.361816 470.450684
3488.906494 674.558105
14990.250977 889.697571
221.623657 8.212503
2318.815186 16.157146
987.178040 75.977547
24.736050 171.813675
995.695557 366.762390
3615.233643 514.480591
11959.183594 573.566772
330.058990 547.337463
838.118774 737.722290
1113.606323 366.652985
1555.151367 187.868820
1420.222290 216.275726
943.868896 12.968430
2651.062012 27.400780
9795.226562 246.524475
5080.490234 707.680115
1674.205078 120.461655
6780.114746 115.365982
1721.501587 127.274681
3438.333252 83.674599
1536.994995 58.563225
11427.448242 61.069851
14800.611328 117.100418
6046.659668 246.933685
1715.989014 455.569550
3744.376465 279.163300
1523.869385 161.782913
692.589355 92.489601
1570.558350 168.919144
6216.351562 170.660812
4250.848633 184.118576
6640.685059 194.380539
3590.597168 495.489777
535.516479 382.027557
340.255615 273.565704
1374.717896 199.479980
3724.378174 195.173615
620.135559 356.746552
9225.372070 649.235352
257.613068 1096.031860
1276.467651 86.599548
3127.959473 0.948886
827.640869 29.675282
3113.368652 100.484985
969.856384 29.115334
1571.278809 18.729113
7395.112305 58.560986
3150.582520 149.375549
15148.574219 635.107056
775.468628 410.348511
4352.943848 223.104080
244.085052 95.051353
663.911133 94.031540
1659.158447 188.987457
3624.742432 313.366058
3904.934326 457.129578
581.835449 111.274734
4597.769531 36.323727
2858.166992 12.137503
896.627686 33.500591
402.278137 315.603577
1001.234253 639.117065
6616.653809 1000.979187
1757.468750 1334.867432
2930.429688 352.271301
1585.835205 121.985535
367.690430 28.273340
366.986969 96.634270
927.047546 420.969543
6748.535156 462.930847
1282.378906 448.198242
13124.542969 424.076172
8557.637695 1010.321350
820.566528 604.732666
710.334839 393.411804
578.602173 363.468872
2255.187500 325.623260
493.510986 648.511780
811.050903 1356.124756
19525.367188 2293.001953
1327.216797 244.320984
2027.457275 400.339508
1071.257446 409.282776
231.186768 317.521423
353.447021 85.473824
1680.405762 365.821838
4276.738281 844.965576
1784.196777 1480.692139
213.040710 1015.482605
2433.364990 495.740356
449.033569 155.572037
259.016907 16.032948
2182.286133 47.528847
835.916138 67.329376
4913.802734 183.164795
1507.447510 473.037659
875.219360 584.801758
1994.887573 262.910889
703.225708 112.941612
1572.679321 62.087578
221.051437 101.049072
1629.772827 90.712746
382.027679 115.369789
6210.197266 169.293060
2074.733154 535.190918
106.217545 386.487793
1170.473145 251.884949
266.905182 153.847595
2186.233154 32.058743
5014.411133 51.209587
4650.692383 47.826763
4777.388184 40.098598
867.462402 222.315475
810.256409 78.543480
658.588074 8.443110
375.766449 5.013211
1417.167969 71.178894
4582.409180 65.837112
2580.855957 105.259415
8427.193359 190.079193
900.476379 45.825497
86.648277 86.621437
1005.355225 106.392670
319.379333 95.494064
959.982422 106.243713
6960.620605 208.438202
805.613647 340.831635
1973.688843 473.695801
3751.977051 31.636211
5369.896484 20.182957
1773.794678 21.860277
1651.236816 45.985268
429.765717 58.596775
4602.352539 36.966396
9915.887695 9.086497
7297.124023 39.603256
415.448639 306.454529
1446.114136 116.938568
1133.915039 48.494446
1710.519409 51.140373
205.909363 118.029579
238.582687 78.434952
803.830261 96.324852
2428.047852 212.404739
7970.645996 41.200775
1913.637939 84.682579
2890.250977 138.926651
660.673340 152.245850
2056.472656 295.803528
5032.241211 359.599121
4193.634277 470.061584
8297.183594 570.809998
1931.431030 306.605713
2660.160400 349.477142
1318.027588 331.904663
445.995941 296.127472
1595.728516 209.285675
68.371902 215.791962
1056.964844 160.654541
9112.339844 69.071091
478.792664 428.961548
10852.790039 252.734848
338.948761 168.379227
1952.233154 171.933533
455.069092 129.760147
4443.800293 241.732773
2964.299072 519.300232
1310.544189 963.668030
3759.055176 24.372902
2214.888184 43.710114
1055.326050 87.963280
538.972229 106.932281
642.326355 109.710960
4106.616699 207.547867
1161.206787 257.434265
7720.670898 238.463989
1397.953613 935.366943
798.812073 480.399323
919.129272 168.414047
436.497253 60.219231
5700.297363 629.356140
318.780701 893.910156
39464.265625 1159.804932
17903.169922 1358.323730
2055.273193 144.433853
2896.146973 185.146683
90.457016 270.498962
147.246017 415.733032
1628.772705 412.279175
6302.812012 712.326843
11658.605469 1302.316772
3908.893066 2210.689697
8794.274414 579.800476
2786.858398 310.540131
109.215622 249.511261
932.604736 287.743591
2513.560303 370.678741
1406.049316 419.910278
3221.445801 670.335693
9530.306641 1023.361755
7286.562988 1655.218872
731.217407 1314.229126
9630.364258 905.495605
1547.115967 551.712280
391.447357 76.838646
6035.781250 28.675709
10375.139648 11.873013
19379.564453 40.570988
1137.629150 343.301208
2441.955566 273.866852
870.357483 206.471130
2.205865 139.792206
625.020081 46.991310
480.451813 15.590437
1435.808350 1.800064
12233.074219 37.498070
5678.657715 6.389130
4471.597168 16.951717
2389.099121 46.950176
1935.053711 62.039062
215.590454 451.214142
3653.429199 726.097107
910.322754 1180.414673
18845.677734 1694.546265
714.983032 175.795883
4329.881348 294.765198
1163.803467 339.849548
2058.948242 354.640533
711.793030 47.433628
79.054382 81.413422
1805.282837 179.121460
3039.237305 320.308105
1246.878540 1247.591797
603.706909 759.146179
1315.629639 363.579681
566.483948 126.487892
1620.199463 77.698219
1603.400146 100.272491
3635.060303 118.559723
6605.636719 128.579071
905.726318 8.847321
2938.159180 18.806599
32.222881 34.514816
1836.222900 54.777321
1640.795166 231.013092
13597.750977 357.181946
645.654907 482.918732
262.197571 543.938049
1241.387451 279.445648
296.485352 226.362427
1316.089233 169.222641
1472.614624 161.868408
248.719193 50.572941
4494.562012 23.609730
7280.585449 90.240807
8777.501953 324.982574
712.364258 242.823883
1177.723877 123.730141
3702.902832 98.732597
1561.753662 86.976593
654.932617 259.351440
809.353027 469.307281
7957.627930 806.013672
8146.296875 1144.976318
8271.658203 308.925598
3341.609131 333.195862
8133.202637 274.046906
299.740723 213.716858
1733.598999 158.993164
8314.461914 183.018005
12469.292969 222.523376
70.481888 274.747803
2478.204834 730.432129
1413.488525 470.483612
2792.174072 277.947266
2185.054688 178.881882
4405.562500 202.768890
499.837372 353.784729
32075.238281 482.114838
40219.511719 616.677917
3662.986084 428.662842
943.383118 114.019257
1646.411011 1.099603
1714.945435 58.638756
2026.713623 150.881607
2665.384277 108.610535
1175.252075 88.804588
3887.640869 86.957283
6073.467773 398.038544
7896.772949 354.989563
550.959351 287.729248
1565.098267 214.019119
1994.733643 47.134968
1926.572998 40.585316
430.532288 23.057877
2009.009033 12.356835
305.218536 21.724804
3774.299561 5.556202
1029.373291 15.879235
469.174713 35.986549
300.068604 140.913116
1653.820923 361.742371
4911.962891 691.112976
1778.318604 1038.282227
147.198502 34.882915
362.305176 52.077709
1727.285034 42.968117
621.628662 49.540043
143.781906 138.248627
3875.697754 277.400177
9364.108398 422.558319
3755.092285 578.934631
77.657913 374.822968
29.080799 121.291924
94.475845 10.523933
1007.786255 32.071827
787.822449 74.666634
2719.468750 210.677490
301.868866 527.838623
1933.703857 982.388855
2895.917725 265.386292
64.340622 210.285828
4847.379395 146.951752
3761.377686 80.502129
9680.694336 12.262419
1143.220825 4.014230
12854.712891 62.712944
21933.945312 194.930603
6315.327637 448.415741
2686.111084 295.358429
1597.867432 168.540985
1832.008545 71.761742
858.814270 2.106516
2804.187012 3.674104
2444.894043 13.379522
9964.312500 37.912262
12915.694336 75.301239
1293.020996 36.020882
4456.109375 14.171579
1916.163696 4.912652
314.316315 175.314423
1851.350098 242.140259
1585.339600 290.486267
4708.495117 306.675018
3340.768555 3.587248
8439.779297 18.865383
6807.501465 53.143902
280.905121 107.521454
1571.499512 15.469593
396.684723 97.498749
1045.609009 293.973663
4439.980469 608.944824
2075.671631 143.063019
651.425110 59.615822
314.707672 23.035788
221.842987 4.929888
1797.363647 83.158218
1755.987671 130.904236
4277.584961 232.835510
1284.121216 420.285217
2187.493164 279.765564
796.586853 125.772575
926.152527 65.536552
33.014374 61.376617
5055.808105 119.703194
1163.632935 186.563843
8987.149414 274.121002
5905.576172 313.376556
186.992081 717.031616
26.066349 507.551178
248.358856 286.910522
2596.299072 144.368866
438.264465 168.602341
2637.475830 211.138168
3213.785645 269.165833
19313.333984 343.596741
12745.217773 150.421326
4168.431152 120.907280
958.920654 120.005577
494.021881 138.108017
18.906576 15.327272
6188.677734 0.654968
4164.449219 9.345579
573.544128 50.187222
769.142212 120.009277
6084.068848 89.416359
1459.568848 64.833878
274.235352 39.893044
40.893208 89.719498
3089.077148 180.058777
208.064941 315.871002
5633.901367 471.404419
3530.485107 33.374508
1531.825073 28.821964
4194.519531 31.367279
132.255676 45.698437
1176.772217 96.566986
2561.106445 212.642395
2192.299805 412.333588
4219.929688 711.918274
1066.177002 155.362427
1357.677002 29.477139
622.311340 2.324792
387.400269 31.359974
261.735718 78.415207
2628.895996 102.991608
856.226562 144.323212
1782.790283 175.737305
7234.537109 618.019409
1208.402588 409.466919
1904.294678 224.000458
32.090439 110.236137
91534.171875 91534.171875
91534.171875 91534.171875
0.000000 0.000000
0.000000 0.000000
0.000000 0.000000
0.000000 0.000000
0.000000 0.000000
0.000000 0.000000
