872.399780 37.655201
4997.108887 9.642303
2098.698242 13.084549
511.740479 50.317986
7521.964844 164.756866
3077.286133 153.118134
1404.182129 125.208725
1510.958862 82.417488
2854.082275 220.445694
52.686028 121.678818
3772.811523 39.882526
1526.187256 26.351875
11796.597656 370.322235
12143.414062 338.296692
9656.693359 324.555573
2313.020264 292.348389
2315.539062 88.141678
1106.815552 80.989044
102.021317 65.464523
5215.875488 71.625160
6688.267578 147.927917
13578.190430 77.728806
8866.076172 62.375053
1604.207031 76.510529
945.248413 115.640060
5575.020508 73.129944
848.750854 18.170925
9069.736328 12.573432
1892.987671 247.028854
1431.859619 130.896286
2282.722168 104.451515
1082.867310 118.277023
761.543701 175.280487
424.911346 191.909668
1093.058472 160.696884
262.439392 84.577332
9818.863281 490.743805
1827.743042 304.992615
1202.293457 186.026413
360.479523 153.773438
1253.027588 3.033492
1920.887451 5.806260
3684.569580 20.198423
1183.546387 34.325203
7593.569336 104.784706
15047.189453 82.912239
1410.567383 49.234848
606.060059 18.573311
1682.017456 8.520765
479.256134 16.220362
4419.533203 28.524437
1221.128296 41.823265
5493.712891 7.694933
138.867966 8.209408
254.459396 7.053338
797.077698 6.139261
482.831787 79.828491
4107.575195 27.230597
4992.121094 0.365380
4500.419922 39.578060
4539.254395 67.881783
5412.404785 79.594666
3197.002686 108.416954
2201.253174 113.705505
715.944885 98.414009
465.182556 115.145706
160.728958 98.205727
8897.603516 58.192619
18725.156250 211.540939
16941.984375 109.371994
2993.344971 61.833763
4195.625977 68.143860
1301.093262 32.792202
982.517761 50.934319
5133.342773 51.458595
494.415497 36.774242
672.302734 78.712486
4371.737305 26.059544
932.115356 2.791938
743.239502 9.962973
811.534424 3.663059
189.697617 4.121355
2922.729492 30.154606
954.308167 81.114136
5031.116699 8.551272
2730.156738 21.355349
208.031860 25.201225
666.989746 16.188761
232.618301 139.075256
2316.979004 92.708305
2425.453857 30.000263
1545.990234 5.944978
17279.107422 91.456551
4863.524902 65.471466
3949.791748 97.476334
1421.112183 137.151428
970.543579 13.266480
6959.313477 33.018398
402.605103 79.725891
4675.442383 162.322784
498.117493 31.389692
1669.407227 3.953700
361.036346 0.404471
754.222961 5.237691
1216.811768 137.598572
2151.870361 73.692581
5098.818359 9.591459
2125.805420 31.983305
398.722595 216.958344
1950.116943 113.783905
1542.660767 116.400841
2480.479980 147.481552
1974.883301 239.472595
1862.618652 262.261322
5352.751953 224.241333
16322.828125 128.597290
1273.502441 578.755615
9317.596680 368.520630
3817.769531 237.286240
1694.262939 207.635239
2347.495605 17.614416
2554.261475 37.640602
11584.729492 55.873203
3526.154541 65.105995
1702.804199 116.345459
3050.512207 62.782322
3357.618408 23.575830
1800.663086 9.125274
33.937214 35.978146
1830.831055 28.301353
721.968018 13.004743
7002.275391 0.929938
795.737000 86.226830
5462.301758 51.236370
7912.960449 36.418568
3446.421387 35.516388
793.004517 32.557442
821.654114 21.480537
1979.060791 6.879399
102.232040 1.989593
4530.216797 107.598595
562.443115 63.985565
1849.693481 43.055561
932.212646 36.982262
60.405704 35.862556
911.148254 27.501396
438.710205 21.248457
2680.646484 16.922777
2549.483887 126.813698
4758.600098 97.635391
1508.220215 69.963219
1541.099365 49.142925
101.549263 1.818638
1170.411133 3.031609
6190.591797 5.957166
245.077728 11.148521
2381.473145 10.797817
5775.189453 5.727614
3834.829346 2.912883
79.282143 1.783532
220.631317 6.399445
2508.841797 12.567062
1297.739868 17.602827
16486.851562 17.106548
2565.368164 40.607075
565.517334 25.553236
783.080627 11.756661
975.753540 4.951296
653.345947 25.861975
4724.224121 24.425364
2674.327148 38.521446
4850.052734 65.484100
5425.959473 53.606709
2084.910645 56.002525
2782.253906 50.195072
3220.995361 37.588654
311.768860 49.077141
2416.596680 30.389891
3912.120850 9.346016
6097.447754 0.133446
3733.961914 57.685513
439.811584 50.034081
943.146118 53.433300
2673.958496 56.381477
928.382935 42.720451
3599.522461 67.640305
971.316650 96.036667
17465.382812 110.841827
2719.728516 80.494759
1665.038696 66.630959
4248.817383 46.110706
3524.526855 34.802731
2125.593506 26.007858
760.811890 11.464112
1172.967041 2.030900
4540.975586 10.672424
12451.878906 35.234375
7725.000977 29.080103
4348.144043 32.722099
206.886154 34.077827
1111.260986 97.841675
139.409821 98.514290
9612.868164 77.566177
6932.620117 40.936813
3167.056152 173.592834
3751.231934 118.576782
854.240112 89.377151
47.936371 87.689056
28.664907 1.596127
270.748566 1.008205
11463.277344 0.903204
5058.812988 0.889675
12685.498047 23.148720
1386.380371 15.307188
857.812012 8.348557
2688.593750 3.739643
1698.940918 9.376559
165.109772 15.378009
1864.175049 24.311878
2386.709961 32.690422
6148.227051 48.325008
658.627197 32.247623
1768.970459 17.960564
396.026550 9.766525
2259.997070 26.917591
3360.366699 6.327129
1900.072510 0.733355
3213.249512 19.971663
8752.153320 63.122173
2757.982422 62.087044
2793.428223 59.991028
503.329407 48.169437
239.270309 76.773598
412.618469 59.156937
4116.522461 28.151958
1767.992676 4.265847
380.191132 120.496979
2597.125732 80.391647
4106.287598 70.386360
673.415283 76.217422
1230.949341 90.101822
1761.470215 115.446121
5051.392578 114.052521
6537.798828 82.301361
143.062347 133.019012
4811.828125 78.414948
3928.590576 51.420345
1810.378418 59.976688
2365.820801 22.957590
895.934692 4.124538
4064.107910 4.064167
5625.983398 41.381100
9185.914062 8.174681
6891.397461 15.786589
4788.064941 32.348572
2809.957275 36.743793
167.218994 137.384491
1024.923462 111.972755
6566.790039 57.703220
4846.874512 9.696230
2457.350098 172.278961
704.429077 112.595703
4393.235352 106.235931
62.694633 127.309319
1476.009399 16.492224
567.072388 24.910370
4225.636719 24.846397
5859.343750 22.156595
1291.932617 81.534439
3776.343506 30.546522
3631.605713 5.891145
220.871979 5.475279
43.205208 22.694687
3768.160645 32.748535
4280.179688 39.750786
5611.407227 47.986923
8366.040039 22.108162
805.252869 3.370837
3800.005371 1.055073
2769.791016 10.161925
2317.457275 49.429249
1917.960449 24.861944
1973.942993 3.486335
5483.383789 17.763273
30604.757812 39.590263
2538.376465 20.611515
1032.050659 35.599491
1681.025391 53.065781
4244.691406 67.394981
1841.054932 62.636662
2002.175293 38.340599
5906.099121 14.865176
3317.303955 119.067787
4503.505371 58.781464
907.998169 41.571724
1379.067139 53.399109
2299.347900 14.185804
3082.285889 20.065763
540.893311 24.907503
433.152252 36.372284
3788.963379 48.126259
1475.037231 14.649412
33.504745 2.869643
573.376282 6.181932
596.455688 21.028923
1903.595459 22.581863
6131.130859 18.114294
5817.038574 18.085487
3960.478516 44.583244
5271.808105 12.968837
507.022644 5.024398
665.443604 12.180282
689.553955 10.008023
821.042175 15.335103
1585.158203 18.108154
778.070679 21.391941
625.612061 39.452515
7.071375 14.853028
1043.368896 3.665348
518.929932 4.105738
713.278931 21.499790
664.769897 23.817520
1918.642700 16.939217
59.549469 6.731340
463.566803 42.551292
4888.364258 16.626381
1779.265503 7.918928
376.254517 12.935263
42.462738 1.383584
1741.850464 8.493145
3115.490967 30.546904
649.446533 63.570915
1902.044556 7.719501
953.096375 12.136584
3719.673828 10.990831
488.972778 5.073112
3792.108887 29.249138
6146.924805 23.363203
740.781860 13.435961
25885.605469 10.025814
14602.467773 39.637932
1688.890869 22.504211
211.586899 21.221750
210.645416 26.938677
1647.525146 27.891256
3908.756836 30.120426
1814.565674 27.803228
2360.452881 22.233854
4403.374512 63.715038
1121.859985 41.256966
6777.919922 28.006195
3301.347168 25.038668
296.131714 56.287487
1626.715210 44.428532
3271.744385 26.973616
6292.106445 14.983265
1989.129761 137.407898
4689.028809 94.222374
239.044205 70.677231
711.679321 61.953751
1058.884644 38.000954
3303.586670 27.332504
2815.850586 13.229021
6237.535645 4.181686
12678.225586 105.515717
5871.908203 72.218719
3323.599609 52.982681
559.930908 44.392056
158.023087 2.469954
4983.134277 3.039872
1067.419067 4.743840
9571.811523 8.162522
2902.986816 22.820200
1826.986816 13.127169
1690.917480 6.573914
2261.223145 3.318027
1792.600342 5.311289
79.114227 12.875493
3687.707275 22.968124
10662.895508 33.734608
2278.866455 8.998114
150.326492 3.781017
1030.870117 0.967150
52.810627 1.302969
2042.704590 22.604160
130.894287 17.486500
2612.020752 10.763432
958.306519 4.389550
7455.046387 60.506401
7698.440430 45.485199
2372.697266 34.114422
512.304688 27.194061
473.054199 22.334194
788.256226 17.313511
5238.725586 15.288234
2599.044434 21.180090
5731.967773 68.037994
2738.085205 47.473240
517.132812 34.963284
580.236328 27.799253
1428.223022 39.843452
922.927979 28.177059
3802.586426 13.695671
21022.804688 3.568078
5744.369629 75.754364
74.500870 59.627808
1592.810425 51.061661
955.260376 46.395950
384.737152 54.287857
1815.819580 51.497425
7327.715820 41.894978
3218.777832 27.744539
6884.262207 51.978073
972.891479 48.531914
3219.245605 48.819889
1778.669434 51.996025
787.533936 5.476318
2127.323730 9.057079
2343.936279 28.469681
21536.785156 60.804050
4522.785156 16.111023
3497.760742 21.204407
1099.906982 19.863558
218.043640 12.247309
464.578888 98.850433
6397.279785 51.055538
6413.813477 13.894855
1845.805054 20.971428
334.736664 163.882080
1394.864380 139.242523
8122.798828 136.954910
1641.652466 129.421875
517.939087 90.580582
1311.453613 93.827629
4549.607910 92.673897
3983.441162 76.900803
9207.903320 314.815979
6981.607422 227.719757
1159.511597 149.978027
1222.698242 103.820488
1782.544189 21.246498
627.144653 14.608242
4784.587402 35.694412
10808.825195 69.576797
2310.451172 162.445908
1607.626587 147.185562
1959.826660 105.858017
1418.169556 56.473099
875.043823 143.207504
1639.258911 53.925484
3530.775879 11.684608
715.959961 55.984043
451.501160 237.752823
6106.266602 255.147644
11585.041992 262.304596
1555.225586 225.065933
425.556732 122.305237
86.552094 66.644409
3533.355713 11.814101
10671.882812 9.889240
3650.019531 299.930695
605.708801 200.288864
1272.121704 163.219376
129.422333 150.638245
1109.678833 88.633553
945.984314 100.943306
2528.117676 86.875854
4061.645020 45.068661
6142.118164 367.038452
8592.423828 220.700043
527.105591 119.211166
288.745239 81.526711
169.187622 15.976439
3551.153076 34.379116
951.850586 84.000984
14189.120117 131.449615
18.336237 198.197281
1041.534668 169.735779
308.366913 106.572067
42.669128 44.160156
501.642609 34.618210
1003.557434 4.665473
5067.635742 11.332617
5045.516113 69.294266
9372.663086 47.934677
3254.907715 71.242798
5498.586914 84.594704
223.740128 70.268051
680.409546 92.322311
1146.324829 46.552826
3815.798340 4.811727
9784.172852 16.501080
4497.426270 164.895752
4860.197266 106.393799
2405.671631 102.041222
763.347351 109.453255
1286.099121 172.388794
632.175659 241.706512
12411.058594 263.132904
10828.150391 210.530899
6230.618652 397.359131
8662.324219 241.003174
638.680298 134.604156
254.830109 117.235519
1568.139648 28.168331
6713.827637 0.823680
3752.372070 32.473488
5985.901855 140.596191
29932.050781 12.234308
7957.642578 53.680115
2689.709473 81.489342
3968.312500 69.131393
12013.092773 173.145020
1499.335449 146.273361
2433.203125 78.809868
18289.140625 15.953009
10654.365234 240.047760
2658.680908 145.632874
1930.629761 127.941223
3515.530029 154.738419
532.453430 62.103935
614.865845 113.070877
1141.369507 153.295761
1411.237427 158.168701
2112.934570 197.756653
1545.596558 117.910187
2021.228271 54.167542
170.938873 34.719040
513.926636 6.587787
2067.136719 7.583198
268.233246 25.128769
9029.889648 68.470459
11436.678711 6.328312
3110.829834 0.222992
2159.009521 5.146282
3881.031738 8.431535
623.436096 176.224411
2552.711182 191.227234
1304.356201 155.943375
11467.912109 81.553886
3938.835205 306.983368
2311.744141 188.726166
1805.494873 132.163208
101.361343 140.096344
1924.774902 12.918557
3553.055420 21.430210
1955.859375 24.812366
9136.779297 18.556099
3527.021973 82.895905
3740.617188 47.793041
1507.815063 20.643530
1261.582642 9.574668
97.100349 30.014618
426.817413 28.080158
936.190613 24.186562
4666.532715 26.140558
5489.296875 41.978630
209.153641 25.492737
2636.021973 22.754379
5737.211914 26.966467
1950.211670 11.975999
2935.380859 8.353532
843.567261 5.230003
2230.595215 3.341057
1058.425415 20.813602
2415.816895 19.915922
1183.755981 18.101612
1430.323853 15.386767
465.953369 8.889064
361.901184 1.502229
1434.596802 7.521476
19427.335938 29.921780
1628.828857 26.212912
1954.465698 29.344440
278.574677 28.852139
34.571632 20.919588
158.913177 74.048546
1500.586914 28.435932
8649.591797 2.097590
5662.505371 33.179565
902.773071 114.850128
173.518616 96.167351
926.497620 103.990906
3759.774170 102.993385
83.230156 211.726837
1476.305176 181.910553
370.066986 115.550247
7165.028320 39.654076
208.853149 433.162720
12919.673828 305.615692
2678.487549 235.504135
300.465088 216.596497
159.003708 66.947624
2038.791504 85.532753
3176.363525 85.153442
5895.660156 58.981148
3037.342041 196.428360
3683.700195 120.795502
1193.171509 67.985840
1939.511719 52.925381
3041.488037 10.877302
252.257217 5.045592
2635.846191 26.946508
31903.457031 76.981400
10626.484375 20.511742
3758.696533 37.435032
1215.737793 41.899818
781.717773 29.490805
2846.786621 133.131134
2153.173584 71.998192
2312.980713 17.603256
150.989426 21.124130
11103.169922 203.812119
6440.947754 161.013000
5101.580078 161.957947
2065.220703 163.606461
370.458069 55.006241
1252.489868 47.657337
6828.558105 27.888083
1758.905273 13.726234
3742.060059 164.511932
294.962616 89.528877
678.125977 54.995167
1857.323730 51.150139
120.786667 44.946941
1231.343384 55.863506
5707.771973 57.392155
691.353760 59.836781
2914.421387 85.809830
834.023560 35.203583
1264.314209 18.429798
802.964600 27.505531
293.018921 22.261604
19.246672 13.823528
5725.110352 18.118263
11038.295898 59.350113
436.389435 34.655560
3018.315430 7.395157
3980.535156 11.880978
1705.506836 22.571939
4631.362305 89.269028
7234.283203 63.009041
4758.289551 25.030865
8001.333008 14.555898
7159.798828 175.589966
198.843979 97.721138
1668.166992 78.937477
2489.043213 88.659027
514.575439 132.208344
463.449738 179.458496
13285.565430 192.350189
9467.052734 148.471344
15685.246094 378.078583
4891.781250 237.622864
1216.947021 133.316025
2244.572021 101.487381
7620.450195 2.642997
4924.002441 8.735781
1025.681519 51.764854
10349.265625 118.051476
29833.156250 51.599388
5342.695801 66.181847
1780.031128 54.551796
3744.954102 25.607735
403.472046 85.517975
3829.685791 60.840714
10234.820312 25.892475
6183.989258 13.204300
3311.049072 71.950768
764.611511 47.019684
932.631348 60.292686
922.369080 82.538605
467.744324 99.112015
448.375732 92.205208
5057.103027 64.555038
5651.594727 50.587948
937.404114 118.652428
610.638489 51.838703
633.652344 47.696213
1306.007324 76.638680
6.201253 64.793472
150.598831 80.496483
367.707764 71.907150
1439.991455 53.785366
290.329468 186.481995
171.087204 80.440552
5520.498047 33.032257
2479.304199 38.022434
900.824341 88.099640
662.148804 130.015213
3714.494141 145.368881
13775.850586 116.703590
10569.963867 237.629898
1017.569458 141.170349
3399.392822 72.635681
1933.318604 57.579189
400.964111 13.955093
1370.760620 32.803230
1795.235352 47.409733
7290.372559 49.755054
28.393505 37.052094
41.267761 17.414070
1298.032227 2.928247
387.396332 1.595795
449.467163 39.141148
1544.718994 70.416130
330.888000 98.948967
15373.148438 115.120071
2081.107666 5.691090
342.800476 0.864229
1691.537842 2.159736
2657.173096 14.656109
4981.304688 219.242508
3298.336182 111.101921
711.989380 17.068724
7051.784668 20.554249
5882.069336 238.804932
8001.972656 221.204208
507.681183 257.274567
568.634949 272.428894
2160.856689 300.362274
203.583466 282.356171
796.140686 191.910309
3167.723633 72.917213
9585.153320 600.046509
7465.524902 379.524963
4742.850586 275.128265
1356.102295 272.626923
6.484354 1.543417
2894.094482 9.811818
12709.613281 28.119484
1459.121948 52.565109
17310.228516 90.791420
11222.885742 55.171654
2554.737793 25.149176
280.684235 6.408782
261.478241 43.678875
2607.103516 53.082264
3065.355713 45.404236
15107.976562 29.778519
709.002258 33.313553
1003.826782 4.011248
590.773804 2.723310
603.948547 21.681000
1745.135864 24.229118
908.922119 7.299788
3296.567139 34.304199
16884.417969 114.916534
8190.762695 24.976274
3818.604980 52.000305
6259.754883 67.166954
6440.572266 54.381916
1742.537842 200.873093
10112.709961 147.258087
4287.228027 79.726051
25463.421875 42.722153
10458.326172 381.520691
9360.840820 282.074341
4535.363770 239.059570
3130.436523 224.861053
2044.841187 60.420109
6752.141113 67.242897
13581.387695 76.300049
14557.474609 66.567627
16268.884766 347.965424
11685.349609 250.324127
1259.669922 150.519501
552.003845 83.391075
4821.383789 32.074928
1425.988159 19.661346
3753.649902 8.515122
7828.868164 2.565488
4673.250977 39.974804
3361.124756 44.148590
336.942200 45.475246
828.254028 41.520485
5103.742188 24.996737
516.833496 24.087772
1909.343506 21.667944
27466.105469 22.197176
5839.892090 15.043074
1218.390259 12.477048
1052.773682 16.347994
952.784302 21.975086
512.570251 98.025246
332.130096 59.214737
3544.133789 15.110765
6915.064941 4.236983
2535.905762 97.608452
1668.499512 75.236542
7.994099 89.657166
496.328705 106.865639
349.100342 137.653976
1719.381470 125.563927
617.408936 72.242661
1121.283813 17.137238
6897.881836 172.140198
7235.762207 84.900597
88.367065 73.294167
446.507874 107.758438
474.257172 16.229738
2078.970947 22.874168
2259.020264 49.525322
1352.994507 108.286179
7640.593262 13.765880
3786.219482 0.151135
1071.493530 5.612204
838.585999 13.157290
109.690598 91.474998
3001.907471 57.587799
5862.453125 12.146620
1832.486938 9.119988
4268.094727 150.982468
1857.968384 69.742744
120.552307 64.023209
635.836365 87.644135
920.630310 101.727577
864.877197 133.831253
842.738403 131.630295
732.369507 85.977013
1361.965332 332.001373
2870.557861 193.471161
2477.605469 100.114731
166.054474 75.627625
132.594727 25.203632
3184.970459 10.926094
8686.599609 48.510212
13442.235352 129.200928
5912.543457 78.084198
9300.438477 113.049088
5356.021973 109.216347
1947.201294 70.202606
2160.452637 107.756561
4024.224609 42.847633
1372.163818 6.071798
5425.179688 49.866394
4259.695801 151.689148
2146.076660 134.517334
1654.787720 150.214691
882.864929 149.552826
221.995758 127.303619
655.640015 115.280609
87.741356 73.635757
5257.619141 21.398560
19526.892578 352.435364
515.995239 220.986740
296.360535 145.573380
454.901917 124.986977
2744.030273 55.371056
1454.586182 66.530594
6649.907715 80.478325
628.937317 80.850937
4242.180664 164.926483
4100.293945 132.906921
2723.268066 91.923775
1306.532471 62.456223
1482.530273 0.352697
447.806366 2.770652
7563.230469 9.914320
10008.056641 21.599329
2402.620605 0.647877
2482.470215 0.927340
731.938538 1.253193
1677.706421 0.672643
141.251984 57.300655
1694.586182 40.651634
4381.619629 18.492872
2886.273193 4.965769
381.871735 92.165039
14.587147 69.288132
789.053711 62.763863
1538.472290 62.817589
1444.701294 40.737000
2392.070068 34.132240
5286.444336 21.166451
2135.388916 7.238048
10139.347656 64.432747
2981.592041 49.062828
612.389526 42.241756
1879.011841 41.583485
2849.563232 17.117884
1281.138794 7.352274
1681.152100 1.038808
1258.668945 12.298289
2418.174805 19.618452
2357.958496 8.615899
2712.194092 13.116437
1890.236816 19.275267
1009.564941 39.149780
2868.498291 28.745564
949.274109 11.044087
294.213257 0.085114
1788.979370 78.542213
1514.504883 46.295460
2526.081787 36.312675
545.657104 38.768753
56.509190 15.987432
507.722565 32.467587
1371.274170 46.485584
5586.377930 50.967590
9085.424805 55.657078
2658.357422 30.841347
1026.002197 11.980850
669.312256 6.886633
637.256897 11.672492
1221.183350 5.201490
1389.192383 0.264052
56.347622 5.537613
13096.666992 12.965202
1624.700195 6.472650
1274.042480 9.304833
2370.531982 13.104825
2412.113281 26.599133
1449.472534 41.121704
2307.327393 50.303093
9072.115234 46.141319
5375.959961 94.390198
84.160278 59.273224
660.527527 30.784605
1155.115112 19.865686
21.013702 28.035112
1566.269043 20.337351
5925.636719 15.351444
10635.879883 15.083259
13942.802734 33.306202
4626.614258 37.491203
567.394348 38.552505
631.297913 35.081718
1265.171143 25.106213
26.897751 12.596728
6857.781250 5.737339
446.621826 14.601093
4770.355957 26.845665
3128.508545 26.632795
4209.260254 31.936012
534.488037 32.919205
412.865234 9.062841
3384.355713 10.691177
2787.004639 14.530748
1506.756470 15.620541
7116.645508 53.865154
496.624359 41.745956
3380.174805 26.212936
128.429688 14.007296
964.144104 22.665268
897.014771 7.368942
548.649414 2.831696
12295.968750 14.486300
10500.756836 32.382038
4547.631836 41.781410
1299.515747 45.554642
3924.089844 38.385281
1565.255005 9.687897
804.989990 3.413878
4348.321777 6.311911
1285.126099 25.637854
2958.062500 14.552766
4143.335938 12.828912
394.561890 15.907088
143.529053 15.621632
165.388840 32.125790
376.640289 28.598400
5388.696777 17.386896
4519.894531 10.182167
825.220825 62.864395
715.249634 30.606977
274.346222 21.352417
539.055603 26.525566
1504.303955 31.586691
5451.054199 34.631680
787.100708 29.886141
22169.812500 17.548365
799.290894 91.758774
782.940491 57.778923
304.493805 35.359879
2126.127197 28.438889
1251.204346 22.642677
402.304565 41.541534
6248.530762 55.668304
17597.738281 55.373386
4080.979980 91.769928
688.279846 54.377357
5206.450195 24.239208
1404.887329 13.442648
5394.200684 24.164768
2525.636719 8.327288
15.159538 0.261599
30034.500000 7.163892
6232.113281 33.869564
1276.887085 39.399609
1454.523438 42.915596
441.444855 37.913986
2647.626953 69.167915
48.528053 65.554504
1364.022583 48.467674
5897.527344 24.100042
9534.936523 69.217941
522.261047 55.711441
8482.439453 54.538460
4650.633301 62.286251
489.676666 57.935104
317.668274 42.221828
1476.529297 15.550701
940.427307 0.600898
5722.420898 38.342903
405.322784 21.653200
1557.892090 33.057346
364.291992 52.200417
77.223442 32.560608
4832.035645 45.613445
132.348602 47.589573
6008.463379 41.682037
5389.338867 36.074184
4172.383789 9.605046
1890.241943 3.238894
2314.115479 14.451036
312.075745 54.674137
5674.742188 34.268639
1317.956055 9.777195
24831.906250 5.498053
4609.148438 44.077801
3544.798828 29.747257
2696.829102 41.098846
692.450989 55.834785
610.846313 35.162724
1204.307007 24.304760
12461.041992 7.433695
10173.450195 6.450205
5219.825684 48.177143
8530.034180 16.251844
270.136902 16.615948
2968.447266 29.881817
1080.709717 3.449656
6692.525391 4.607774
35091.105469 7.857545
38635.750000 17.697063
1506.890747 36.711792
5330.066895 15.205214
484.161285 5.031196
1564.965820 2.745783
272.921631 1.748202
172.744781 1.914698
3965.499023 15.870633
6700.951172 41.220516
3324.721924 14.674142
6755.035156 20.405746
1509.380859 18.773283
2918.667725 10.296123
2280.398193 20.158899
857.282104 10.516262
6055.520508 4.193546
5532.175781 12.392820
5267.325684 1.792908
7252.802734 4.205445
2597.243652 15.125849
413.609497 22.652073
424.316437 13.762850
560.343689 13.493128
360.533813 32.160629
11518.084961 77.607498
461.690186 0.618243
5644.426270 4.970258
592.165161 14.798244
428.472931 17.921873
1155.009033 75.709267
742.867798 31.901558
3363.703125 1.510026
3545.491211 37.961769
3528.325684 77.587952
396.274933 46.651096
374.174988 67.969345
1647.615479 89.496910
764.362427 88.317932
4098.592285 91.385323
89.161156 74.360764
1634.316284 61.549908
354.191254 173.242584
2278.410645 83.824020
63.230331 54.124107
567.672119 66.950653
145.911087 23.523762
464.885162 34.241676
4751.171875 37.743881
530.829102 44.285213
5634.903320 140.206512
704.131409 58.236488
256.488739 16.828112
2763.828125 11.497405
212.604752 68.654961
88.937759 98.576973
719.764099 117.691193
177.599487 105.042236
883.450806 230.537964
2428.837891 155.665741
1733.886719 88.962921
239.410889 58.629768
1414.340942 9.229411
172.861984 6.342929
574.565002 28.609339
12600.545898 69.581810
3426.321533 40.111744
3658.319580 54.005062
5215.532227 49.075844
2253.614014 29.131481
1391.636230 33.018696
1408.210938 37.894489
306.420898 38.866554
1364.864624 41.230011
682.058228 25.522739
469.361908 13.159676
1837.756592 14.380970
117.460350 23.557600
852.314331 48.400192
198.952148 36.576321
3453.574463 15.757612
1263.135132 3.940604
774.777466 110.478134
2891.680176 62.734360
2986.200195 45.800350
2136.690430 47.426960
87.120888 160.938446
3088.060547 181.364410
816.533020 177.622650
11132.265625 139.163742
1434.015015 326.232422
3862.449219 236.040741
2005.626221 169.170364
1357.972412 146.921066
2671.376953 2.630644
829.403625 1.752291
7416.811523 2.221061
9339.227539 4.031549
9927.714844 5.185696
7308.921875 5.767065
4193.489258 5.434712
1558.232422 4.173276
1358.407837 65.868301
84.243149 52.001442
593.577271 43.942101
5453.111328 53.470467
1271.968750 61.915363
889.352417 63.010750
2238.880371 70.833221
192.885254 73.638611
209.516357 33.908325
5129.887695 28.679867
8253.371094 23.860674
17295.501953 19.340315
3815.075195 36.456669
3336.823486 41.247711
7776.357422 41.768566
815.275208 38.784027
1066.213379 8.323696
5111.736328 5.368193
6679.582031 5.017229
10301.405273 8.470030
4924.226562 5.131338
4473.095703 9.206972
972.994385 11.757809
1057.659302 11.249705
2216.129883 16.522554
2095.301025 11.859142
8184.272949 18.283051
3059.390625 34.357662
532.111206 33.598175
14131.742188 39.582363
4971.686523 37.312664
7039.111328 27.593266
1254.283325 16.127153
1327.493896 14.662090
95.077362 13.614576
7979.344238 11.854330
125.361549 40.338371
6347.472168 33.386246
6575.881348 25.635227
2303.824707 19.555113
6.394957 2.688797
107.774620 2.023367
531.824402 1.692462
1473.491577 1.754355
2599.192871 13.450726
733.937256 9.580914
4193.423828 6.257519
401.097839 3.978609
1836.118408 13.882792
7297.126953 6.947325
112.114639 2.838349
608.158936 3.875987
2338.972656 19.336973
583.717224 22.214010
1720.600586 23.099440
1214.251587 20.163879
2264.686523 13.542413
1722.295166 8.980044
5383.137207 5.601783
9466.187500 6.536254
2474.146240 20.387938
1195.769897 17.978279
1874.982788 17.573786
642.970764 16.621714
869.646729 4.622488
2920.087158 16.394890
5031.519043 35.867374
6522.009277 54.750862
12170.236328 20.134279
5632.365723 18.358677
660.730469 10.749846
3117.755127 3.790709
721.013428 48.217079
1766.159546 39.059799
605.818115 24.916115
12153.456055 16.856205
23106.167969 58.982315
12018.087891 43.788620
1270.155762 43.057854
3892.811523 47.984337
1757.682739 28.501045
1294.238647 56.606358
37.441338 84.844406
2321.874023 98.377953
17062.890625 49.305645
3649.147217 34.077354
1662.842041 17.997616
1981.376099 14.052675
1458.743652 44.586517
1843.310059 24.045967
9327.963867 3.634737
10428.578125 4.007993
20779.820312 38.513733
9980.067383 30.442049
1349.452881 40.707554
8309.345703 50.199619
1064.308716 38.642315
3623.258789 38.178810
3489.554443 24.581470
52824.304688 7.110446
8409.458984 74.170143
5011.192383 37.359280
2532.714355 24.177845
1939.278809 29.442484
1355.442261 6.195278
1847.539062 13.089255
1105.270264 20.827848
13979.699219 24.099684
11831.193359 40.801193
6435.038086 27.350895
3202.751465 13.542859
2697.762695 5.612450
383.612213 27.279490
406.777283 9.680270
8013.681641 0.367859
4256.181641 13.425001
6849.588867 4.560077
4487.744629 15.500510
6133.940430 31.373798
10003.707031 37.098377
2289.695312 2.874804
832.299011 12.553438
2899.829834 28.220972
6041.206543 46.338280
9395.829102 14.486811
1362.491699 8.198183
793.504028 2.744013
3039.756348 0.108526
3471.758301 1.320251
2858.927734 9.661966
3807.700928 26.926977
6366.514160 50.447186
13245.060547 10.771484
4477.824707 7.110642
2642.419434 3.488221
2678.654053 0.495371
2271.124756 31.150509
692.671692 44.966377
4028.514648 46.186348
176.146912 34.567772
6113.341797 48.841465
7891.418945 19.951363
1462.164673 7.831817
158.220917 14.384819
3907.860840 0.276817
136.352463 12.122710
3094.342529 41.417603
6043.662598 79.503540
15946.205078 17.188505
4838.889648 20.791447
1772.875122 14.808909
159.081329 4.349736
155.286758 70.922974
1563.226074 64.636261
4469.828613 40.001354
5176.513672 16.565369
587.849060 53.159584
380.977692 26.522470
692.228577 32.871601
292.759552 55.443626
318.606628 26.137131
139.419205 48.686012
1306.890747 65.389336
3216.794922 72.542397
4084.451904 47.333786
446.067932 16.970572
923.805725 2.501260
996.800598 7.290459
114.609451 58.655998
2995.416504 55.991047
12537.009766 46.941441
627.108826 52.033203
5186.579102 19.731026
6698.502441 3.661148
2005.127197 18.942936
441.819397 44.101551
2825.139893 65.382111
1366.518066 41.931782
1444.176025 24.200821
16236.950195 51.874481
148.871735 53.235596
7692.322266 24.189323
1474.285034 41.328114
1681.015869 65.056885
205.909363 152.245850
660.673340 138.926651
2890.250977 84.682579
1913.637939 41.200775
2817.632324 212.404739
2428.047852 96.324852
803.830261 78.434952
238.582687 118.029579
1448.848633 40.656334
1562.799683 59.606606
2190.686523 72.198265
6864.051270 92.633614
2093.774902 127.027023
1745.238525 43.849197
491.979340 11.255470
541.976074 18.088722
473.650787 82.458160
367.652802 69.404640
1464.314331 30.494427
13574.575195 4.434792
456.498962 196.910538
1948.314087 85.822929
4191.688477 51.222069
2812.903564 65.592087
456.494904 80.721123
1375.860962 100.036522
3368.895752 95.195045
5937.211914 59.159134
4742.791504 300.553802
1780.870972 182.388458
710.559082 98.232559
31.321962 68.672783
526.585205 5.313950
7110.020508 8.202601
3674.146729 31.528454
3910.594727 61.421570
1929.476562 81.514603
1979.594971 78.668350
268.288818 55.096668
252.422699 24.706890
2311.475830 46.998981
118.456772 43.718430
5348.281738 33.663689
3725.033203 21.491404
11135.658203 62.106441
6340.971680 47.897327
4666.762207 42.899685
461.204956 44.748466
2614.976562 5.677778
512.437988 13.183764
1091.067505 18.976936
112.019730 18.832436
7283.215820 31.835579
5240.854980 18.264233
1383.515869 6.705618
52.192497 2.262333
1247.247314 27.088902
1069.228760 18.334511
766.068481 7.377176
7699.968750 0.527731
3280.906006 8.946446
830.355957 14.883615
561.380371 23.539066
697.918823 28.952393
917.981079 25.671633
879.232056 13.716882
4988.117676 10.655360
3500.456055 24.366909
11400.297852 42.433224
2254.496582 40.384975
114.574593 40.952789
222.151993 36.636459
2006.217407 17.245800
2553.775879 12.462885
2357.351807 4.303338
4298.475586 0.026295
19787.712891 54.908283
1551.962402 30.333588
1182.125977 19.373814
499.065521 17.680582
153.319763 22.653698
1855.045532 32.456963
4104.312012 57.725815
3597.401611 86.970016
100.213531 49.568573
4418.754395 54.301243
346.001892 44.632641
1547.408691 29.677990
203.483414 11.921394
4679.421387 4.583471
1343.727051 0.240137
3218.225342 5.352698
3940.878174 25.270405
753.040283 18.755043
213.441116 17.788065
413.152954 16.716597
862.524902 62.124325
1434.052002 34.739616
1589.138672 11.387818
6653.320312 5.009669
1663.241943 122.719353
3841.998535 107.214630
574.769348 96.742538
1726.411255 83.511734
331.960693 18.224854
176.707672 3.682022
729.145813 8.423922
5260.834961 48.189438
2581.887207 59.193848
5153.502930 42.904953
3049.416260 39.584270
941.234009 33.276516
23.601568 134.096512
3228.142090 97.204575
8700.549805 40.966488
4719.811035 2.602343
1657.313965 251.945862
7202.716797 170.420593
1007.956116 141.804306
101.289070 141.795349
980.566589 99.016365
893.880188 102.518616
1128.989258 79.073921
10877.302734 39.163147
14902.644531 209.813965
870.118286 126.520630
1924.406006 84.500961
1658.698364 83.240387
527.598511 26.060347
3430.856934 20.591286
2280.432861 8.038053
10029.437500 5.686618
6299.227051 56.860146
2634.524902 18.189053
929.892090 10.379156
1704.599121 19.244579
978.272095 51.426376
1493.438232 50.482666
133.973160 31.622250
3793.851562 8.446777
14664.070312 122.700546
1596.960327 61.404827
2764.818848 36.079407
2531.240967 39.849518
2926.652832 13.231947
6474.269043 6.744647
1122.939087 14.915707
6014.483398 32.085052
37.952705 53.564426
4003.635498 60.006645
671.195007 50.620758
3126.012695 31.251768
575.196167 48.373634
987.096558 29.855707
1394.373901 13.148476
987.993286 13.406303
171.755463 30.540335
306.098663 35.005371
1003.732361 48.209290
670.448425 55.531082
969.154907 5.577745
1478.417969 21.732725
3422.443848 54.147354
8111.445312 90.895287
4294.211426 27.505882
10427.470703 28.857912
1041.559814 19.383970
707.477295 7.517930
1265.279663 56.233173
447.864258 24.808107
41.678528 16.501240
1799.716553 60.809074
21710.529297 87.898628
2229.707764 73.984360
3633.626709 80.869530
594.074158 79.274048
8114.057617 89.528969
2502.398438 82.710968
2355.715576 69.370308
1342.487549 44.946465
2028.029297 286.989105
9655.577148 212.017838
10418.392578 146.038712
5176.021484 105.687958
1214.088623 67.143471
477.126190 42.490818
4020.338379 32.257332
18282.041016 34.575443
3454.485352 161.325089
762.884033 157.428925
264.339050 135.189072
400.215088 101.416801
6338.107910 4.267026
80.372559 1.304544
7708.009766 9.273414
22436.519531 26.757973
8110.249512 42.192001
2995.850830 37.229591
2346.261719 27.589752
3828.068359 14.942530
1558.277344 21.012007
881.697266 5.782196
6700.705078 1.533844
2637.243896 28.283333
16643.890625 28.983711
1053.951904 16.350334
3967.145264 22.955793
3999.342285 28.424870
2175.753174 42.935585
424.177063 67.301987
2124.007324 92.007324
2348.556152 97.662277
15280.058594 140.334641
3502.767090 103.073418
3192.508301 61.854958
1636.883911 38.582451
222.665787 1.964351
1098.784912 23.913271
1800.515015 75.724533
7175.731934 140.210052
1872.009644 36.812881
993.027466 42.371933
2966.068848 29.398565
1698.475464 9.168170
2059.463867 89.802582
165.847626 51.013962
2703.480957 11.408970
5750.945801 4.885440
10280.258789 129.486801
3610.624512 99.471153
3112.509277 100.870056
374.961792 105.602112
580.155762 78.842499
691.807007 80.503342
1941.617676 62.206287
1078.590820 31.717308
6062.937012 207.934357
5190.004883 126.828850
2024.546997 80.332756
343.204498 70.544250
1990.607544 88.998917
196.218018 116.812263
1648.636475 118.177109
913.284119 84.528900
443.319550 251.232346
2137.123047 150.214157
2091.587402 82.329041
19.993763 66.268600
8653.517578 2.890222
205.072769 17.775019
5765.957520 72.796371
16979.207031 146.024597
14704.071289 83.342171
5224.794434 89.758804
5245.793945 64.959282
3195.921631 26.272221
121.183235 196.592560
555.359619 106.859711
1188.954224 53.179295
13072.866211 85.700890
3921.845947 366.216888
5182.267578 328.669403
2106.235107 310.205994
1860.843750 271.660431
2984.177246 210.374405
2921.608887 158.276978
2275.513428 79.033073
5274.674805 12.225223
33224.703125 472.469147
7787.716797 336.291138
3842.686035 262.196991
5662.631348 233.948242
2535.273926 33.457962
673.981323 36.394352
6125.525391 32.865639
3832.068604 19.944555
3456.305908 200.773163
1137.225342 126.097839
1876.739624 67.971771
2524.747559 38.708691
627.641418 18.049377
2530.286621 19.585442
2695.240723 16.599337
7095.152832 8.429550
4342.037109 83.230377
373.672852 51.849808
1205.931763 28.736647
1238.182373 18.525780
1113.398682 7.465333
2453.769775 10.973698
2435.630859 10.185241
15424.169922 6.462139
6894.467773 30.269327
625.111816 12.145963
1521.562500 2.965028
1812.627197 2.882097
1462.332275 7.061510
1373.441772 10.125044
1890.533691 13.345295
1835.122681 14.560093
9082.208984 12.822472
956.379639 10.581648
227.694366 7.618440
14.984183 6.055880
459.558899 5.552915
853.541870 12.276222
619.263672 22.415962
2202.660156 33.086784
5890.629395 4.371608
3914.517578 4.262708
785.778442 3.312333
1194.184814 3.006840
1638.112549 22.590771
829.550842 7.705954
8413.762695 3.048794
510.967773 12.936861
6612.335938 59.681751
286.275604 58.228760
713.116760 52.529121
545.036133 39.841999
2056.063965 103.925659
9114.259766 54.080605
180.456833 18.868418
4076.160889 23.349987
442.427429 186.940140
4562.526855 172.288544
461.300781 164.128250
4.365368 144.001358
824.929932 55.870071
1912.148315 48.001049
1908.327515 32.495674
5939.852539 13.900305
5277.345703 169.383820
2480.328369 117.018982
7829.809082 80.293930
270.378937 62.613861
192.854324 0.950975
2360.376953 4.895604
7162.126953 14.971937
10258.375000 32.317345
2739.546875 5.477273
10762.479492 1.039149
2143.765381 0.097148
744.294312 0.123291
1037.790283 0.318597
3700.489746 2.090813
1998.675293 9.395544
5371.710449 26.037888
9207.177734 14.380506
294.149445 3.574409
8114.953125 0.278325
960.678833 0.076867
481.635162 70.071159
6277.104980 63.881432
555.895447 56.903038
286.119293 44.509850
2081.228760 162.345154
2323.002197 135.645538
1632.198730 105.677597
767.669922 82.692162
281.524719 42.402645
1038.391235 36.402050
6465.370605 25.628296
18073.804688 14.016520
6246.140137 60.925213
9376.521484 50.348953
600.959900 45.224998
3516.775146 44.038506
271.467926 15.725368
892.469482 3.352303
1172.476929 0.999246
1076.277344 16.739628
190.244141 15.346339
192.820068 21.499458
1646.547729 28.138014
187.788452 26.536123
413.387543 44.863373
1064.042480 7.909923
988.074646 23.080372
4140.835449 115.548653
106.907112 99.000801
1078.618774 104.241524
1579.292847 110.820297
222.276245 90.251999
3214.000488 100.626038
4162.292969 32.384628
7637.336914 1.896540
1046.427856 69.535049
2590.964355 255.930908
3730.750732 186.956345
1879.354858 169.866470
2530.705566 151.531326
648.739380 191.749802
521.726379 180.969498
5769.565430 126.618698
259.015869 57.662582
10902.512695 501.905090
1038.494019 308.877960
452.014587 203.359573
228.849915 180.723511
1591.443970 167.699860
1036.884766 187.839355
2877.968262 171.610001
3096.731934 110.279938
12741.056641 432.744293
533.370300 289.895142
1945.390503 187.563217
502.590973 152.530273
86.280960 23.057943
4339.515137 39.488804
327.218140 46.253204
4556.340332 35.300591
1638.208984 136.001816
69.381645 76.946991
566.508667 32.036034
582.942566 15.126955
902.595093 4.655749
238.214447 7.296053
4618.755371 7.394734
82.184822 5.201384
13500.903320 11.171134
4061.092285 3.751825
207.102631 0.410790
2257.771240 1.392058
1337.327026 12.756462
2871.227783 2.550510
1324.364380 1.160117
16434.806641 15.787850
1448.594482 8.606086
836.883545 14.804190
315.251587 21.758417
210.278351 21.419140
1002.172546 26.348814
1380.661255 26.364016
1853.752441 19.086300
788.398560 7.779592
14440.447266 66.779800
5323.701660 40.019314
1078.619263 25.476908
421.023895 23.210598
6798.920898 9.061518
1085.234253 11.146726
1151.506348 8.769875
10340.207031 3.895226
6851.571289 29.874918
8354.277344 13.073469
1690.824219 4.959789
715.702942 5.166687
1854.347656 16.592466
965.900757 17.159023
1512.445557 17.881165
254.924576 19.065983
3666.162598 45.071667
5.972188 31.735949
5419.934570 22.227207
934.406189 17.576035
279.954529 14.733009
593.340088 22.297995
557.235596 32.616726
1319.161987 38.942924
16088.193359 38.942924
1319.161987 32.616726
557.235596 22.297995
593.340088 14.733009
3305.330566 30.481686
1762.732178 27.097342
4340.250000 27.474993
11920.245117 32.687469
34794.746094 54.545044
4457.823242 48.103859
226.974594 41.954468
934.907776 35.902809
5078.522949 20.379654
1446.175659 8.981396
6733.710938 5.319940
6675.955078 11.686607
9816.455078 59.291908
1708.428467 55.159271
2576.166748 47.131836
3282.494385 34.697792
222.500305 22.374773
1945.462769 16.638680
959.184753 20.166176
15030.186523 27.295223
5172.567383 101.048309
5159.834961 87.046700
657.729492 63.554317
143.124084 39.272671
1839.232178 24.339184
1339.007446 6.150530
721.710083 26.679260
4439.245605 90.951042
3012.801025 102.318939
507.074066 101.528931
112.978554 89.513245
356.527588 59.950157
1850.431152 74.429527
7562.686523 27.372019
6402.658203 1.549644
11773.822266 26.397724
6863.774414 190.809021
2805.227783 155.625946
844.093811 137.837662
1743.573975 114.648094
2075.906006 197.758194
238.492615 133.044922
2777.558594 60.411724
19900.875000 22.282993
4218.124023 538.777283
951.309021 388.000488
2822.041992 295.538483
937.210815 244.100983
1681.512573 195.442154
5988.047852 184.202606
3434.087402 147.087479
5028.987793 85.429115
15328.281250 590.648438
14758.224609 414.471375
210.128372 280.567749
3162.382324 213.641541
475.020538 35.530602
6097.644043 26.338600
8911.369141 30.903900
3820.514160 38.390678
2830.125732 139.055191
3950.767578 128.542755
5115.791016 97.868805
276.688873 61.844040
1938.166504 14.861616
690.613098 31.571644
3112.989258 47.889202
2242.751221 57.428196
16472.322266 9.843922
3080.083496 4.247920
467.929535 0.723179
3407.842773 3.708229
1430.872070 63.152351
1867.821289 32.868813
6049.885742 11.835606
12221.451172 19.891401
17030.808594 116.705292
7952.473633 99.428932
921.085876 94.218948
1756.081055 85.231979
43.539646 148.322174
282.316864 129.830856
256.642517 79.354988
6856.755859 23.521631
601.038879 214.285126
1521.111206 145.407822
1165.099365 125.040855
1358.062500 137.342285
592.011292 1.165510
222.091034 11.012864
912.362488 34.376175
7325.121582 67.637070
456.995544 20.862589
1351.955566 15.250368
7130.386719 8.731313
1743.964600 2.359385
6770.058594 45.543064
1356.936035 33.204311
1727.745483 11.456841
8203.723633 0.196581
10654.765625 77.723450
2837.313721 40.274261
1330.054565 33.585377
452.986694 42.089970
3538.671875 38.388737
276.548096 52.981018
2606.580811 74.180893
4212.967285 84.201416
3404.985596 166.571304
4271.606445 127.248833
1557.419434 79.867844
261.869202 46.201080
1205.021362 60.048023
5624.556152 40.478374
8517.867188 16.671877
694.586243 2.762653
30017.855469 35.006790
8953.914062 41.897434
160.403564 56.254635
1487.276001 65.382889
1558.452759 28.457422
5122.479492 40.897636
2456.219482 44.846352
14794.835938 37.907639
13456.011719 16.670504
311.903748 7.687687
547.514709 6.273277
1240.443604 14.437354
53.713177 49.447556
5081.637207 11.973081
9597.565430 7.449545
2748.480957 59.413757
796.675171 47.860664
5585.301758 69.585373
1894.041870 90.276077
487.272766 83.934662
2775.018555 67.702377
1892.222412 66.057869
3625.510254 44.526436
13462.271484 19.954376
7379.481445 115.371834
4647.148438 58.855003
287.751465 41.591770
2093.879883 52.641930
1959.484985 4.183758
599.787781 30.612804
1250.684937 80.199020
2197.943848 140.926270
1406.221313 38.340546
2781.052246 27.618980
1722.293091 13.066007
115.419777 1.364244
264.814117 57.052315
4135.329102 49.767570
5491.657227 38.997868
2542.249512 51.862953
1499.161255 40.349979
1482.313110 10.801374
174.923126 21.498955
884.951111 45.333931
594.912170 100.840469
2280.923584 85.618767
7973.851074 52.783787
6633.273926 38.467117
2890.955322 140.124969
1708.054443 72.576202
178.942291 64.892227
68.075371 87.110077
1121.784180 102.722290
253.913345 101.427429
415.542511 65.138161
6641.659668 18.591417
1693.366821 265.644073
8014.253418 137.932922
329.513611 80.186180
1118.702271 81.982948
1565.885498 45.759644
10406.777344 63.949455
7765.903320 70.030579
391.960754 53.680008
10942.066406 187.062378
873.985352 116.050529
816.555603 60.406364
5230.588867 37.998405
209.066788 5.951033
753.233459 12.620262
1276.488159 15.342360
15460.185547 12.239717
4334.759277 26.799662
12111.774414 11.475188
3316.842529 1.746225
2590.380371 0.557110
4637.778809 14.453425
1818.875488 7.880459
481.566223 4.583849
2166.655273 9.940661
1937.051270 1.279754
11129.457031 7.316515
2307.431885 14.858759
1804.543091 17.883049
1322.335693 54.385750
1222.314209 47.787807
1945.874390 28.599648
3671.434570 7.950540
1794.382690 51.631126
303.930267 35.239761
73.533157 36.682842
76.817368 47.532616
119.478668 5.802340
1127.725098 0.185394
5424.075195 4.860144
207.486481 26.317335
4804.041016 12.029345
3860.932373 10.853094
652.580750 13.449056
95.095100 12.219584
1161.753540 30.974092
4662.013672 14.903610
4072.292725 5.338720
1446.603760 23.008877
2041.256104 80.591888
1677.458984 47.150978
1401.726074 39.259674
644.464111 38.846077
1367.384033 59.318748
476.395996 56.973782
1333.500610 46.805328
640.114746 27.083847
800.168762 159.886703
2087.291016 117.057076
2676.893799 82.265236
842.156372 64.085648
1951.854980 17.119867
2322.359619 28.243860
339.180817 46.395779
6955.701172 61.593269
11140.917969 45.723991
5749.235840 41.227741
664.400024 29.027798
2122.649414 18.200382
300.491913 18.546219
93.891418 19.851204
1739.992676 16.585558
3527.739014 12.137554
2298.475830 14.374311
3902.581299 6.933054
1551.084473 7.495564
646.475098 13.085091
22.045700 37.147148
1431.464111 26.687986
3088.443848 14.319906
2900.068359 8.274252
2843.148438 74.573990
588.659546 55.367317
968.795776 46.362743
118.295158 42.582745
538.984619 24.835331
1487.005859 23.678909
448.778748 26.345150
3088.759033 34.158398
12078.730469 110.452095
5300.382324 74.624268
1340.900879 47.551205
2396.402100 31.624317
2077.662354 301.123291
8604.582031 257.411560
6047.387695 204.056458
5153.615234 159.960495
10534.800781 276.423187
1546.232300 298.016174
2492.545410 317.752808
612.069824 321.848541
1181.324097 671.952820
763.952393 653.108276
1685.392822 576.451782
871.351746 442.616333
36117.691406 888.303650
1409.557007 780.784912
14905.648438 700.910095
477.039154 671.876160
1430.135498 205.002655
2062.262451 208.672836
688.566589 194.906586
1343.775635 150.935364
14288.373047 326.352112
6157.276367 280.077332
14399.279297 233.087418
2455.354492 207.400528
1292.371948 404.034821
2282.714844 420.800720
3190.586426 400.696960
1095.499756 316.431641
10408.598633 705.973511
4140.753906 579.465271
151.230591 462.788208
1281.409424 404.057953
1485.040649 435.590851
928.577515 437.405640
3285.183105 470.679352
1364.321289 478.788757
18853.332031 766.870117
36.711456 727.735718
5.023367 615.727905
2359.425049 499.456482
1691.725952 56.040977
692.628357 33.775990
3292.585205 23.168072
2146.570801 27.871046
19984.621094 53.885639
15766.602539 79.044670
1563.229248 88.408417
415.326050 78.512482
1755.360962 5.930651
4380.861328 2.059272
1290.507446 0.285166
7235.402344 4.560363
3153.669922 1.797074
5820.535645 2.645385
713.861328 6.041351
974.604858 7.786028
285.396118 278.622437
6174.411621 271.789673
9802.226562 226.874283
3223.906250 149.946793
5198.757812 421.255310
7948.617188 335.660767
1328.054199 282.487457
368.651184 270.598114
2531.275635 177.916977
733.938477 211.106140
216.500076 242.711380
488.872803 241.534836
18576.496094 282.476562
27635.585938 250.258179
5188.007812 202.258041
17092.337891 172.170105
1688.791260 22.264278
1113.610352 30.738895
1598.116333 51.335972
1085.412598 65.208611
912.067871 154.455444
1542.552612 124.584846
2138.241699 78.449249
2378.626465 38.783607
311.993195 48.067005
783.598999 36.319328
2720.514648 15.160948
10498.180664 4.639720
11867.750000 18.702978
8918.114258 7.076156
491.592285 20.685606
11.652676 40.632721
1113.785156 260.123596
2904.432373 280.324768
2851.956543 269.124146
238.510422 207.376022
19022.818359 471.488220
5287.066406 370.954102
1247.926758 285.936707
2314.722168 250.230087
993.703796 30.910902
1991.923340 34.691826
2488.270752 29.421183
4781.359863 23.121822
3183.588867 110.653427
12621.382812 54.449650
721.838257 26.265957
662.221558 23.172689
1245.016357 510.230591
2728.782471 519.824890
4397.026855 476.772400
2122.842041 356.620575
21148.648438 880.589111
2402.728516 718.627808
773.589722 577.948364
79.056198 510.975342
2365.262695 507.191345
703.117615 546.340393
1404.673462 613.006470
9601.116211 636.916870
11549.155273 751.950684
10069.780273 730.269531
566.554993 634.789124
1974.602905 540.169189
781.702515 19.824566
233.401657 19.174917
6322.727051 29.861406
6024.470703 41.326714
4827.151855 98.143074
2704.968750 87.786301
3780.901123 62.869495
1296.977173 36.116451
349.065155 88.047150
672.316040 92.215851
1318.745605 94.848434
2873.578125 81.456192
2705.573486 243.371170
1117.579346 193.483597
2935.488037 138.366455
9274.098633 100.498749
724.682129 161.851013
2839.967285 140.784485
4078.162109 120.535370
4644.858887 97.572952
14822.902344 246.156937
2165.071777 237.727768
3378.150391 214.604446
4035.620361 186.920685
833.399292 129.011871
2810.202148 116.507896
654.674744 107.059013
250.613190 94.059822
3921.146973 224.637604
3084.903809 208.380981
2469.849854 179.413971
1767.786377 150.190262
141.604050 9.689480
1001.708618 7.363471
78.213470 6.370641
1763.976440 6.384689
4142.142090 28.943369
5153.978516 24.300636
5903.187012 18.733130
376.758301 13.565899
1999.369385 25.667469
1028.530151 27.499554
4947.375488 32.662067
16581.253906 40.037392
2948.762207 24.416878
5670.579102 26.658875
937.509949 27.190512
874.849121 26.262520
1014.846924 124.727280
309.726318 91.229828
3384.834961 65.062576
6055.469238 58.055470
17451.955078 135.765121
8667.739258 151.762238
2371.563965 159.808380
1144.673096 150.832382
1298.998779 144.878204
2177.114990 145.130249
3686.507324 138.778717
5186.770020 120.032616
859.402710 166.563751
5667.982422 162.253265
3937.140869 152.647018
626.376709 145.965363
714.161682 53.576523
8216.231445 52.642960
304.601746 66.650658
3725.558594 90.607277
19887.296875 80.851517
4205.740723 86.233665
1004.852356 79.972267
3525.784180 65.880341
1984.530396 111.697685
1186.853149 122.105385
819.945190 112.004166
8167.006836 83.984444
3145.940918 134.015457
171.968552 97.809990
19427.421875 83.671471
8377.299805 92.699814
2045.752930 220.997147
198.851929 216.388443
854.667419 216.946869
4680.692383 208.277985
4675.235352 306.806854
7117.897461 299.901184
11286.585938 271.523010
574.883423 240.302002
280.354645 7.048702
455.163269 3.797545
6230.476562 3.089092
688.196106 3.372048
16588.783203 31.138161
15385.732422 27.970257
1001.001709 21.109007
669.029907 13.258122
1108.063354 71.241959
839.543823 55.276897
2298.561523 44.135967
3138.223389 40.944347
17076.773438 97.628860
9268.041016 100.779076
3552.257080 97.516716
1535.469604 86.909279
70.152855 155.628891
1573.331177 135.968002
1396.419189 103.374321
1395.746460 66.084572
5907.072266 165.608154
5818.407227 161.757156
4381.091309 161.687286
743.437500 162.134430
245.506683 191.118637
168.661560 206.223083
3528.926270 204.239822
5129.156250 173.682144
3021.136963 247.850769
2768.579590 215.767090
360.303589 187.664963
1672.105957 179.611313
87.941406 102.792839
1103.762695 115.215607
4415.790039 144.861755
1698.774048 167.209412
1462.225708 207.863434
4658.011719 197.362732
2095.160400 159.519348
303.644989 120.103149
151.187592 96.294571
473.761108 96.296234
3144.529785 72.395279
4884.883789 38.517895
12761.801758 130.767120
11151.531250 80.557434
432.771942 65.929924
6847.654785 78.824005
1676.943115 269.682190
2872.683838 283.805756
5694.961426 292.271667
1379.760620 263.755615
10407.476562 475.793274
6956.597168 417.482513
12122.030273 339.574097
27.400040 283.964172
75.316330 31.388016
497.123535 41.881397
7066.838867 51.147148
14839.048828 48.616486
8007.745605 114.739929
3149.466064 83.444443
130.131531 51.311115
743.362488 32.390152
1382.180542 6.284879
1400.309448 12.605429
273.728271 21.368700
3513.772461 26.354733
3396.888184 69.070023
10237.462891 46.327534
984.028198 23.527359
2447.790283 9.026445
296.659088 149.585861
659.679688 157.274719
1466.559692 135.331406
39.998703 86.202011
9467.102539 230.509583
11107.106445 166.845215
346.340820 131.883850
592.064148 131.842728
1362.799316 131.448486
2974.469482 144.942352
914.072998 154.691101
664.662537 138.439774
28559.541016 295.921082
12011.080078 243.193512
4437.332031 181.062744
1034.677856 139.758469
862.635376 27.248930
321.934448 33.002060
799.684692 39.210423
448.192139 38.319572
6782.104980 101.044998
5387.637207 75.097122
2981.794922 48.138962
2168.234619 30.883984
916.534546 44.307259
638.662964 55.645889
812.883972 62.131413
3960.645996 55.270630
306.954712 96.203369
4205.809082 72.366379
1250.712646 49.972672
852.975464 39.937267
110.305222 12.206163
99.581696 17.674736
4042.276123 23.963259
934.146729 24.930334
12619.560547 61.290901
4975.471680 44.347126
7175.790039 25.955181
413.685852 14.099115
2729.877686 39.542294
1290.975830 45.656033
2237.727783 54.406734
2135.955078 54.847813
1272.475098 112.795296
3332.459473 93.245087
524.275085 66.346130
2531.904053 45.807903
355.503143 9.401403
3482.890869 5.693880
1437.519409 2.518929
507.561859 6.421745
1809.393311 16.508650
335.561218 7.369026
3884.461426 7.041830
961.621094 9.515031
35.236034 84.972099
1867.192383 94.017372
686.310120 94.656731
8809.138672 81.086342
10138.916016 89.649071
571.285645 82.481346
92.902046 75.943184
923.974731 76.736496
2148.964844 37.484825
426.078339 46.096123
230.846481 52.686512
555.929443 50.862236
25235.148438 57.959984
9508.873047 48.915359
1072.672119 38.570530
619.516296 33.890884
237.773499 171.512207
1031.479004 164.004791
1317.279663 155.177338
6140.896973 136.491302
4512.888672 337.292969
11338.182617 285.938843
7541.335938 231.191833
352.523376 191.269135
167.415314 143.267471
1190.358398 122.631439
151.050186 106.758591
1982.769775 88.256592
25761.910156 248.653793
2896.789307 238.901962
13155.607422 208.965698
2563.745117 173.211304
323.136810 13.020137
2447.388916 14.100125
4415.439453 16.008528
642.839233 17.160343
6454.746582 23.309088
1970.711792 20.662703
962.873413 16.924337
681.170715 13.957589
978.070496 4.182864
1675.472656 5.585045
1064.758789 7.298659
4859.395508 8.946541
29371.791016 3.125814
6908.221680 2.877100
8195.848633 2.893011
1399.904541 3.287406
3090.280762 50.092312
1146.617554 60.855034
2319.171875 66.563103
2539.370850 61.653141
561.474182 102.401199
6568.034668 74.287537
15.550671 52.300484
37.326775 44.481758
457.101196 114.585846
253.025528 90.550629
156.061249 69.720413
2673.960938 51.725819
9192.611328 226.348038
880.417358 205.525208
312.305084 175.036621
1924.120972 143.064514
383.241730 144.363953
947.761292 137.926498
3189.141113 126.412865
6894.272461 111.733231
6080.338379 108.604034
10917.751953 125.022202
2984.374023 137.642731
695.163025 144.386978
443.569336 70.098007
2055.237793 70.297150
7088.143066 78.052254
354.681274 83.771774
24030.404297 129.364365
2167.045898 122.736259
3166.005371 103.239082
110.621597 82.251976
1070.824829 50.341423
1051.282593 37.404358
5985.563965 26.436064
12859.853516 27.939796
10271.809570 67.110611
7328.415527 58.085854
2030.531250 57.755508
1226.614990 57.336418
1537.031250 388.657898
4340.152344 359.593018
10324.677734 315.621674
5750.827148 255.797867
24808.398438 494.952942
4299.763184 472.497833
999.690796 440.956451
1337.090942 412.770966
4809.395020 298.781982
255.666901 282.584320
1643.134766 283.963684
833.512207 280.459412
1668.549683 517.362793
4566.138672 484.686737
2323.483887 416.644745
4130.645996 345.846710
273.384796 257.177002
722.341736 202.480438
11696.433594 152.438751
6300.217773 130.808014
10680.936523 155.108459
10652.094727 222.225586
1817.629517 274.264282
4522.166992 287.164398
226.186707 512.496948
242.981186 467.771027
1515.960693 377.881744
380.949646 267.321442
19113.343750 654.694824
1618.126831 576.255249
1689.370850 533.824524
1893.992920 523.054749
2160.346436 508.230743
168.751144 480.265381
2464.903564 419.747711
935.330566 312.165863
872.093933 806.919250
1523.571289 711.220947
8988.066406 609.583374
3224.343262 541.205200
1599.241211 323.469666
53.159431 314.740997
3113.766846 329.809082
3390.232666 335.827667
8067.372070 463.094513
11963.915039 476.570862
801.968018 432.682312
336.648895 368.662842
1853.155518 146.482513
4446.580078 98.900223
593.564941 77.449059
9051.711914 95.221519
10559.525391 133.108368
3463.065674 183.085709
4556.772461 207.081451
238.130692 191.615799
1452.621216 198.938934
1079.946777 166.607544
2191.875977 106.807495
442.124207 47.639210
2162.838623 149.360046
1423.661133 145.347229
12197.890625 167.967682
234.082657 194.781128
1410.274658 339.480347
1847.570557 344.034943
697.678406 312.936188
2820.518555 231.647308
15800.800781 596.238403
4567.102539 482.850098
2830.075684 386.395325
699.164734 340.829590
2321.560791 314.637360
1264.468018 334.624146
2506.761719 402.941925
11372.106445 473.033813
13346.089844 417.460449
16037.617188 452.006653
4829.721680 416.593353
1038.529541 352.768372
836.071106 194.691818
3772.230957 170.350967
6993.301270 108.524651
6026.933594 49.732559
17034.568359 109.662407
42714.046875 87.535225
2639.437744 119.609909
3162.816406 169.896225
4856.531738 358.933289
1738.958740 398.809662
545.104004 424.662262
913.468872 386.276947
46857.285156 662.598816
18144.076172 559.823181
157.260422 438.444794
1522.428833 363.220581
2617.114990 97.036377
796.477783 105.103722
703.717407 139.474152
4071.321777 184.231812
21890.453125 108.491104
10438.188477 134.779648
1891.663330 132.403214
119.729813 112.406860
388.486816 61.457867
4142.385742 66.288513
1666.963379 52.806396
1648.861938 27.413925
7534.656738 49.450760
8699.039062 29.249699
2926.865723 28.947521
1644.222900 44.240353
57.801697 310.478058
180.769363 341.485992
2268.501465 382.057678
11758.348633 392.191223
235.255066 535.278076
2858.349609 473.284668
1749.216797 387.060913
3680.719482 323.558807
462.640930 29.296194
3470.436523 16.831257
3980.361816 18.223877
15545.199219 21.794479
5240.075195 178.086700
13892.427734 152.765762
8718.205078 107.774452
208.513596 61.429832
21.601372 80.941101
704.008301 62.133816
54.969883 53.069244
612.808960 45.090141
9837.118164 259.592896
6128.343750 220.939041
6599.123535 167.153076
3406.724121 116.460579
871.107178 25.414543
139.057373 26.994360
401.213623 24.547504
4700.486328 19.737698
7398.449219 1.574710
2961.964355 5.379143
2851.718994 12.258221
317.712250 19.873447
806.471008 50.693138
2472.328613 43.526348
3037.732422 27.515030
8436.678711 10.576620
1701.758911 89.825134
762.723877 63.010178
563.545532 51.037884
1425.186401 50.251091
341.146393 345.674438
4218.540039 317.117096
7726.422852 258.551514
53.617775 176.028381
2561.196777 424.672913
51.167900 394.062378
11174.024414 369.164307
5267.205566 356.634552
1055.109497 505.210693
191.370605 535.857056
282.789307 550.201904
1482.059448 509.615631
614.590332 732.080200
4401.501465 652.868530
3965.386230 560.511902
247.715057 505.517029
1099.797119 164.210388
969.479004 141.532196
1181.303223 144.692444
1280.299805 150.449860
6557.108887 364.128662
11492.211914 352.222260
2282.458496 293.690735
3282.414795 220.205353
776.837402 76.971733
399.538147 70.779694
2741.234619 53.069485
11547.580078 43.007565
8251.169922 93.383774
764.583984 56.269718
2487.307129 52.714245
1653.261841 66.788414
1315.364746 483.291687
978.954224 452.139954
1237.564453 388.919525
1237.043701 291.447632
34450.535156 686.675232
6618.272461 616.601135
5826.211426 549.359558
936.800232 506.994843
1603.096558 157.916565
5.191183 168.104843
3270.526855 168.379089
3149.801025 141.643082
282.530609 281.726685
1984.304199 238.549088
1686.376221 190.143356
1214.667480 160.933334
350.685547 69.120537
487.413208 80.072632
7182.250488 94.814095
2987.997559 97.233322
11240.727539 165.037933
51.593975 139.318207
4707.944336 103.172394
4897.674316 75.970818
1316.360840 97.649979
118.043503 103.612343
1002.539551 84.415459
11196.103516 45.329708
1509.150146 158.876678
14088.276367 103.657677
995.895691 77.082375
6405.402344 80.848602
4110.489746 271.402802
3575.431396 284.030457
126.654610 281.650146
7921.778320 235.191269
27365.992188 513.965820
4096.433105 432.632019
3274.719727 341.264374
883.327454 283.205505
2743.959961 295.448151
853.030273 309.314636
1707.074951 354.465729
5479.044922 396.798157
4820.816895 394.389252
1615.293091 407.948608
606.753052 373.446472
251.836853 323.364624
355.625763 116.366158
3968.385254 76.223053
1657.783691 35.539543
1176.502441 16.577761
74048.585938 44.459332
39429.945312 82.628677
8004.809570 119.680511
279.311981 133.905670
1975.509766 152.890198
86.739349 184.754486
3095.523926 181.153320
8475.089844 132.731613
14257.486328 274.698944
70.158173 183.116211
2450.682861 125.520630
467.248230 120.583801
2008.167480 180.699509
2023.204102 198.148071
4956.955566 210.516602
6112.101562 188.011520
5330.678711 397.845093
3862.261475 329.184631
4118.655273 247.154251
380.898254 192.152649
430.479309 144.634750
8.729507 179.964020
901.005249 208.773315
6930.118164 202.983185
3290.271240 245.866974
1524.878540 205.180832
2494.376465 157.134415
5853.736816 132.735611
20.180521 135.001968
102.106529 132.592285
1926.498657 165.709320
4110.651367 204.959442
11106.817383 324.092194
2581.086182 310.675934
2844.026611 251.942627
20.586079 181.185669
44.927765 2.095650
1251.056519 1.644185
1498.707642 8.877531
7222.208984 16.908617
5434.664551 63.042763
3103.489502 52.205521
2838.333252 32.751781
695.165344 13.429063
214.601395 7.772279
5794.826660 6.017068
2178.410156 9.116062
1646.828369 15.207891
3828.879883 22.568707
2666.764160 23.644428
2815.168945 19.963198
1241.802368 13.475020
3904.241211 594.178040
4045.810059 615.445984
6046.818848 561.891602
3573.291016 431.790619
12136.833984 902.556335
3179.474609 707.123779
821.594971 582.660767
1362.803345 557.992981
2208.596680 717.995178
1790.232422 715.560059
2246.072754 718.962341
1999.742065 653.199097
49877.117188 1344.978027
1656.576782 1196.483521
3404.245850 978.916809
2029.555420 799.885986
2853.922607 22.088049
1161.084473 14.069094
7725.707031 16.610023
4757.876953 31.182232
11299.523438 79.447060
6377.108398 66.639572
518.736023 52.157986
6378.939453 36.348728
299.367035 33.533234
1670.702148 47.282722
5438.505859 64.052330
20625.986328 72.636719
654.260559 65.630745
6378.499023 56.522774
4640.674805 41.438412
1751.351318 31.326439
712.286682 201.666412
4734.806641 159.006561
4686.877930 102.572258
17576.500000 65.723549
28385.044922 152.691269
13266.166016 158.732376
2339.315918 187.547440
1902.627686 209.981293
5287.619141 616.466675
10685.498047 605.937378
2495.814941 589.140991
849.994934 524.297546
45493.726562 1055.362305
11782.851562 938.063416
1574.501953 787.278687
612.702637 670.300842
3442.347168 299.804413
2219.495850 265.164246
1015.818054 241.879761
7189.238770 226.723083
8557.237305 329.346191
9067.639648 364.373322
3340.192871 365.163574
5129.826660 338.369019
1343.883911 90.738472
796.974854 79.134811
4593.596680 61.534626
1286.211914 43.980186
24768.835938 37.083668
5734.683105 59.696587
17466.847656 79.956650
33.546494 91.416618
1430.483887 27.678143
2942.465088 35.149715
1584.087524 34.019218
621.087830 24.204439
14644.923828 21.247467
16990.623047 11.475590
1180.166870 9.839682
6708.618652 16.843096
2508.264160 205.934891
2928.461914 225.320984
2306.452393 212.562164
3245.447510 158.402695
15754.552734 390.036163
5711.887207 286.268311
1552.607666 211.839645
2890.884766 189.279434
2814.740479 236.508026
908.688049 263.183716
1858.406128 276.422913
17.494574 240.638153
3486.519775 513.183655
15689.691406 413.395844
1445.942383 306.593475
4837.722168 242.608078
356.955231 26.967640
1120.888062 30.525658
343.301971 24.195812
111.296478 13.182738
570.234131 120.623581
503.417572 62.565910
1160.801147 29.205767
2277.665527 21.380989
229.232666 301.955322
2637.648926 313.043671
8052.134766 291.277496
67.300140 221.120468
8432.266602 523.158691
6328.623047 421.461060
1277.711792 335.658386
672.682495 297.663269
3321.353760 259.332520
566.920715 252.162628
1924.557373 284.933990
7303.945312 313.314392
3579.936035 531.795105
15350.564453 513.117920
1657.624878 426.602570
728.112915 324.763367
658.344299 169.048141
2380.788818 138.950180
5278.692383 97.539459
1156.750854 82.172043
2771.985352 62.954971
9463.938477 75.688240
10114.975586 121.506401
3232.610352 162.382339
1417.948486 422.313721
3026.189697 398.250977
181.099594 330.184204
1271.935669 222.513992
4629.512207 690.828003
21523.005859 568.042603
4876.957520 475.788757
505.015686 434.072968
144.804749 430.250549
843.192505 434.141235
3107.511963 432.413849
6338.812012 398.273621
4697.120117 501.188873
3432.252441 505.158630
2249.947998 475.331177
5088.890625 443.305054
900.151123 123.131195
789.151978 107.994675
971.273254 111.918015
308.583771 129.921585
12284.998047 136.862473
3087.621826 165.334106
9004.842773 167.994049
333.294800 148.819717
1513.520142 6.977699
576.233215 6.150497
799.228027 3.096368
4697.982422 0.470848
449.415955 6.426882
339.505157 2.122010
89.840622 2.418952
1695.415405 5.081927
1091.981201 173.358963
607.278259 168.837997
4532.450684 155.145081
7455.986816 131.388672
11918.947266 208.922546
15685.096680 194.489532
3336.752441 181.633545
2493.759521 175.287750
2309.592773 69.722183
2112.910156 70.397789
4529.859863 73.069702
1011.189941 68.130524
8744.741211 134.459717
12282.436523 121.855919
2456.031738 99.188339
1852.273926 79.108521
240.975708 63.976990
3891.517578 59.104214
5688.466309 46.605534
6592.102539 28.064634
13653.685547 117.071648
12744.245117 92.400391
11842.524414 74.534348
1074.679688 66.512566
2622.486084 103.582855
2621.242432 111.871201
201.913818 116.128197
1073.571899 101.125565
4902.035645 235.916809
14246.801758 191.423325
1379.623291 142.249741
1274.078491 110.462418
3236.002930 23.502054
1274.886475 27.841434
335.980682 38.479977
4516.187500 50.969822
2572.873047 23.180202
4304.859863 29.272490
5405.710449 29.028524
298.770599 25.313698
611.463074 48.662926
393.576904 55.302299
7.068766 52.110790
1626.896729 38.729210
6877.074707 68.992676
561.763794 48.235699
2365.070312 37.610733
2339.611328 39.580391
1474.303589 84.467911
2184.709961 73.807846
1923.119385 71.521294
420.895569 71.195648
8892.851562 164.716660
837.870239 155.879883
5235.288086 132.769989
1826.921143 105.665932
946.075378 81.990829
2302.744141 82.770111
8416.325195 70.593475
11605.761719 58.075863
1460.453857 24.263639
16740.615234 21.422594
1834.324707 39.428223
3148.113037 64.778221
870.222351 79.695045
725.616211 62.667221
237.385803 48.660797
287.401123 33.727890
1199.346191 205.731842
7859.386230 176.861099
1863.278809 139.318298
129.818893 104.899086
1775.955200 42.177784
1312.716064 44.160091
3373.815430 47.136520
9028.821289 52.383385
1639.513794 19.517063
35.905018 25.819145
4964.628906 33.263565
625.455750 38.987572
811.910461 81.058884
436.636047 64.090218
390.172089 43.397369
3254.031982 26.045488
3292.437988 100.069771
28532.582031 96.490936
2120.460938 94.625504
738.128296 90.842484
2116.312988 53.977749
634.072083 50.391453
126.936623 37.993328
1624.066772 19.627554
4854.419434 82.340988
12176.050781 64.398758
1061.893066 54.349686
1602.423584 52.766888
1456.524536 90.238815
1287.418945 99.840927
3405.603027 100.398041
1199.245361 84.828079
5567.453125 115.369186
1585.290039 100.391785
2328.349365 86.592606
650.704102 83.069641
560.109558 61.624092
3821.781982 62.988541
767.588135 73.147179
3195.262695 80.419128
5272.285645 124.958603
11809.716797 119.312073
2943.355469 98.133873
79.035660 74.782478
425.948547 64.353348
559.333130 55.265205
3801.355957 56.451981
10938.929688 63.483765
7840.305176 156.051239
1271.438965 138.563293
3029.275635 111.989891
5157.847168 84.625832
305.517761 142.733856
580.826294 125.943657
2878.063477 97.436600
18484.316406 68.386040
12283.283203 56.562542
16325.954102 87.465645
4484.268066 119.308105
173.125031 140.408890
3508.534424 60.201614
1678.740479 76.435562
2872.860352 91.727470
2085.077148 90.105316
38778.132812 169.779907
1327.156250 129.708206
3880.625977 86.694336
2770.867188 60.930733
1031.791504 92.427002
873.959900 99.693954
2273.906982 100.877922
836.596191 83.436859
10404.714844 240.888031
1979.138794 185.113571
4061.734863 130.794479
3222.733887 98.562019
3425.062500 13.674570
3853.736816 22.937506
228.790405 31.825806
45.878433 33.478432
1246.732910 51.372925
3604.990479 35.834816
994.415283 19.908394
4387.085938 11.526152
98.344711 98.953217
4115.335938 116.059174
1898.312256 107.810143
19428.656250 73.871208
2958.528076 250.583313
5839.964844 153.134399
1772.083008 92.910057
1463.319336 80.669632
2238.833984 83.822609
3095.568604 76.033218
207.282303 71.717850
3430.232910 56.694641
3178.518799 289.506500
846.844849 232.685928
20737.673828 164.973450
1298.883423 111.516579
1604.453613 6.584848
627.267151 10.089245
5910.044922 14.642080
4098.389160 17.913063
4635.289062 34.285011
1015.661743 22.834457
6142.682617 12.654831
3481.884521 6.933043
1517.414185 17.250675
1941.182617 9.896342
2561.231934 2.242202
199.656342 1.840800
49795.046875 5.524990
16855.197266 6.335086
103.301918 13.126961
623.582214 18.479347
3806.847168 34.760010
424.472900 38.799438
3541.099854 31.588022
3619.021729 16.212151
4917.391113 48.169971
5192.784180 26.948135
1379.999512 19.471151
7231.233398 24.888805
1473.886475 33.206367
766.257690 32.270466
998.507263 20.313940
3080.827148 5.904788
1448.578735 73.838501
6416.950195 37.584064
6847.623535 23.189629
7777.073730 26.098848
596.058838 267.663208
907.014465 268.086670
7112.091309 221.839828
9172.559570 135.321121
8184.843750 428.924377
2792.275879 322.285919
1114.989868 259.280518
402.986694 250.142471
1034.921997 187.615585
500.591309 209.877502
247.622833 232.830139
490.472961 223.997482
2132.577637 355.304657
14095.829102 310.477997
10933.384766 244.541824
1779.357422 196.515869
681.458923 82.229721
2265.913330 98.323410
7644.999023 112.835342
1273.353760 109.085312
2838.637695 163.364594
6642.461426 136.521194
3231.678711 102.730225
1275.015869 81.607002
883.115845 168.093475
425.144409 155.630020
650.955627 180.749847
3540.168945 220.789078
2208.253662 298.375214
3519.023682 311.631622
1329.153320 276.378601
1625.205200 216.822449
1075.665405 79.998184
1248.135010 59.462143
1017.447876 34.774654
5633.071289 21.592842
9056.067383 37.090294
12503.448242 50.404533
1032.905151 71.179985
1595.955322 84.355118
224.135498 45.881042
360.010071 58.228363
358.420654 65.037880
2602.376953 60.307384
740.651917 50.555126
4303.094727 41.844181
6746.579590 35.097576
543.289062 36.307953
269.020111 162.213898
2563.742676 175.963348
4725.079590 178.337753
447.838135 156.868881
3881.068115 226.836761
2598.489014 197.506989
3986.343994 168.240753
89.028145 155.600327
3088.371826 319.870514
2109.519531 313.317261
40.916004 328.056305
6173.444824 337.265930
2480.361572 578.172241
8001.780273 527.064941
1589.952637 443.620209
3416.998291 365.119354
614.154236 20.447388
544.466858 20.784872
7673.667969 19.723488
7041.630371 21.076859
5027.732910 16.719355
3937.730469 11.220209
9738.129883 12.643749
2108.615234 17.121208
684.895020 160.500305
1781.710815 134.472076
6023.822754 115.288536
2443.552979 98.974014
2390.063477 316.381958
11507.147461 286.222107
6027.456055 241.845673
769.607788 196.904953
468.779633 51.092712
3590.663086 60.288429
4660.887695 71.561752
7540.613281 83.303787
11735.726562 28.011923
309.632141 32.047455
2200.520264 37.649662
1554.060547 43.858334
2378.428467 19.130888
4225.963867 17.256298
8384.167969 16.698895
14519.315430 15.477171
19730.226562 35.662052
257.411621 34.309311
4353.726562 29.278143
1949.893799 23.400845
5582.550781 55.813446
1309.646729 45.044827
8235.373047 40.986576
2097.885986 40.954460
13078.260742 128.023361
7014.537109 116.009781
5461.089844 95.792358
1306.494873 73.751190
1367.761597 43.232510
1.439314 49.240807
2769.153809 50.447220
2357.663086 46.517395
89.083115 41.593925
4586.871094 33.814735
191.714706 31.755993
9134.288086 35.881832
72.517372 26.597626
342.473602 19.689905
153.548889 14.039124
3826.589111 10.480330
10100.170898 27.909689
1022.481079 33.996635
2281.136963 35.674969
2779.030762 32.714428
1765.721802 36.699207
2124.489502 34.212326
228.635132 30.000017
954.744019 26.302513
12126.086914 37.249714
1437.839844 35.143612
3048.446289 35.533501
728.745056 36.761074
1368.187988 40.412823
1864.306274 39.310547
447.205750 36.348743
110.677696 28.653046
446.061096 85.503860
4742.320801 70.569176
4020.833984 55.028885
207.517883 44.574120
2415.832031 14.915119
2174.346924 14.606632
75.786484 16.980305
3539.119141 23.834766
5973.959961 24.132900
10980.152344 19.152214
4741.013184 17.039314
3699.147949 15.955888
3828.246582 142.205017
2734.927246 151.183762
1077.299927 139.853287
21837.902344 110.233917
12302.671875 154.333679
10884.546875 125.052155
191.219391 114.605370
6255.092773 124.288429
861.322693 48.304379
330.305267 45.274540
294.481171 51.413799
2308.136230 69.975655
2491.316895 17.569567
2985.648926 34.139641
19695.388672 47.618690
5322.077637 51.766533
1209.169189 155.707321
2167.260010 158.558716
3195.407471 137.123825
6070.017578 96.715897
6137.064453 140.308258
9402.534180 122.002335
243.241577 121.822372
5395.899414 137.745926
166.631836 68.485153
1055.955566 73.338638
2627.125977 78.898705
11804.214844 72.843712
5527.012695 176.493164
3100.206055 144.266937
4847.722656 105.508957
2403.672363 77.594978
70.775368 31.196674
1507.475098 22.210749
2086.532227 24.207777
28924.927734 36.488152
86806.640625 38.292160
4115.649414 51.930836
1917.001953 54.130199
1585.048462 44.951027
938.336060 56.417431
484.379456 52.297924
293.582397 40.150417
6531.712402 22.012798
24536.542969 119.450623
7198.016602 88.741570
492.709686 67.371368
1344.502319 58.404892
1163.074829 0.318380
1496.310425 2.301123
2983.947998 7.661119
3254.422852 16.946672
6112.072266 3.292724
14976.067383 0.961473
2660.642090 0.317962
581.249634 0.095839
587.676697 4.313052
4047.326416 4.424136
2054.297363 5.374143
756.572693 8.670060
11859.238281 2.275321
771.081299 1.153427
4340.001953 2.217875
6746.780762 3.654990
1216.203369 29.621565
1719.290649 46.028534
673.305115 67.218437
1581.208740 80.339462
4423.501953 69.703255
11234.873047 57.912983
3192.915283 39.663277
917.600891 27.358349
719.485474 30.518061
672.871399 16.695507
787.251343 4.341924
1209.472168 3.391723
33473.414062 6.315066
2727.210938 16.593664
6918.234863 29.880026
255.225647 36.097710
1297.731201 99.979942
544.077148 126.049362
1090.499390 139.448608
666.798645 125.051491
12909.452148 165.532745
2342.886719 126.292313
6440.579590 92.980026
1063.069580 83.753578
813.800354 6.383141
609.386047 15.867226
1956.989258 32.803963
4323.677734 47.315025
13998.679688 57.367386
46.652031 44.967091
261.833313 25.856455
711.080200 10.244768
1342.584595 58.210155
521.430786 79.903198
1646.355713 83.076683
376.574097 61.887993
10.919159 115.839989
3505.324219 66.798859
2591.420410 37.311554
4679.626465 37.226719
1434.528320 144.093155
562.964844 166.265259
468.171753 151.768707
7737.744141 96.429642
9930.542969 315.459961
8137.698730 203.780533
492.616455 132.657791
1236.656372 119.300354
2056.472656 296.127472
445.995941 331.904663
1318.027588 349.477142
2660.160400 306.605713
7677.992188 570.809998
8297.183594 470.061584
4193.634277 359.599121
5032.241211 295.803528
642.700684 57.212967
789.045837 79.843048
3452.189697 99.107376
3861.740479 96.227905
736.696289 204.640381
1287.594482 144.471832
1169.781738 86.352379
118.510971 54.975281
754.100708 232.258667
6.085424 251.290771
1441.950195 259.497864
6224.610352 222.962280
5054.772949 545.001282
1288.653320 436.459961
1942.742554 320.413177
5148.304199 247.196350
929.744507 245.896362
1190.965088 228.334290
2085.662109 243.727234
1717.607910 264.677704
9207.567383 396.421478
2428.536133 411.068665
4967.773926 368.610046
1051.616577 300.563568
4577.791016 79.742424
6023.142578 54.558838
2780.582764 37.280876
83.580017 33.645531
4493.020508 81.357933
3016.203613 102.574348
6830.977051 110.892258
1319.521851 101.938721
459.276947 86.603882
1805.868042 106.499481
1879.550659 116.540115
5071.154785 109.466331
21461.402344 147.880310
5179.133301 106.240822
7467.003418 77.696388
1168.347046 72.323616
2578.727783 33.717323
118.272095 21.333967
124.471428 14.827490
1321.486694 14.203259
22156.335938 48.949268
1185.982544 58.652428
8362.175781 57.965034
1637.370361 47.976910
2369.447754 32.502052
69.186798 36.624062
54.844444 32.488129
700.375854 23.073635
525.154175 28.425877
4145.276367 16.549736
1141.098267 15.503016
123.101570 23.095318
199.308014 72.414474
2197.315918 67.327576
1306.839233 56.189796
5715.390625 41.161175
6925.691895 192.502182
7949.823242 138.994827
2019.130859 99.389526
1326.989624 79.251495
556.582275 102.330772
3663.606689 92.321663
4736.860352 84.556396
4845.786621 73.124535
42750.046875 142.856201
79.409424 146.322128
8408.209961 134.947464
3663.744141 117.556519
2330.486816 36.101082
135.541534 30.611881
186.765915 32.857769
1673.577026 46.081871
4022.572754 66.226830
5054.277344 58.204109
1611.852173 51.776173
358.149963 44.336571
394.993073 74.133636
2240.841553 76.365753
5439.834473 67.493317
4814.109863 51.105171
8255.824219 40.536816
3983.489258 40.888355
5227.939941 49.564941
1396.769043 63.007507
2274.996338 172.908844
3372.100098 162.946472
3.021610 143.340851
226.018784 110.309090
13660.375000 297.443939
2491.118408 254.418320
701.058594 212.839798
810.773254 185.806030
9.896560 150.267822
14.563465 124.751785
2859.479004 87.958687
192.658279 45.461308
1798.812256 260.480927
1545.045410 224.429581
8249.328125 192.509354
2065.011963 169.608551
3194.420654 398.769196
584.197693 415.317810
2050.723389 397.506378
13179.162109 330.503601
183.970505 467.156982
15795.638672 424.023712
1240.134521 387.351837
1300.309448 380.266724
3993.300293 168.441162
1282.423218 176.976547
20.126970 194.044312
10108.779297 190.316055
26180.402344 356.755737
3129.719727 316.888092
10451.729492 249.721527
1267.222168 192.211411
880.886841 53.039875
2431.351807 59.218899
3095.439941 60.001869
5604.753906 45.185104
9264.339844 210.959061
6481.553223 148.950500
9009.127930 92.270393
691.952820 59.632301
542.917786 144.724167
753.605286 138.752899
1894.436279 141.217575
2818.661133 132.041779
34968.679688 326.092377
3039.592773 289.928589
2870.093506 230.039810
630.216003 175.244568
3518.200684 64.614105
2978.494629 55.049217
947.626343 47.483006
299.278442 51.133911
4768.826172 17.506657
15882.159180 34.662251
2949.447754 54.505043
632.837891 65.947624
844.870605 89.453720
541.347290 92.593056
13.445619 83.938286
1323.372681 61.190514
25364.464844 186.548660
3660.438477 138.121292
3536.291504 102.157837
711.897461 87.749847
2519.486084 19.689013
2479.374512 17.393717
3410.838379 23.249336
9451.894531 45.242012
1165.712402 17.868183
17670.679688 13.144664
2433.572266 17.342251
72.714600 20.944267
178.342834 311.175903
1313.644531 278.723724
6070.472656 223.596115
6283.812500 155.707458
10132.080078 412.057465
9422.042969 374.124359
780.073608 345.144531
5333.250488 328.008087
3693.677734 308.576660
231.511719 297.625519
979.601929 297.654419
2972.453125 293.160645
33412.906250 390.131500
16788.443359 396.739960
7799.230469 372.463654
1338.864014 336.496613
388.258453 223.928558
1668.235596 192.580139
1905.330200 164.366974
5501.709961 148.910950
274.689331 188.824280
1270.264038 223.667511
4148.766602 245.225616
893.840881 244.889984
2088.803223 42.726643
812.033081 33.708000
9703.899414 19.538839
16101.303711 6.609477
34121.718750 102.178101
6830.943848 72.969589
4583.088379 55.300507
1285.913330 47.627663
2812.209961 142.385330
217.745911 117.862625
12546.639648 89.242706
6415.232910 56.640606
35898.476562 220.949280
5471.513672 210.164413
312.380157 189.264236
669.820557 165.672668
10086.085938 70.524025
902.834106 75.768616
3429.382812 107.137291
6610.672852 149.115601
6618.210938 136.751724
18464.289062 141.529846
355.633911 121.697693
4019.654785 91.013420
3410.408203 69.353310
6409.639648 41.140453
2.470906 17.527674
4112.007324 14.975567
825.705566 47.793140
7760.427246 63.581886
5543.267578 81.237167
1221.867554 85.205414
228.273956 295.488281
2844.963379 307.196960
3149.295166 281.676208
1103.717407 215.189987
1805.235962 339.257935
174.716415 292.887878
5171.099121 266.632996
2506.850098 272.111420
978.569092 171.825455
571.859070 178.734070
807.367859 189.720032
1348.105469 182.405228
5956.194824 295.215546
10858.095703 271.811279
7014.411621 226.658798
2783.637695 187.338013
832.639526 215.514023
4330.439453 204.574615
3111.250000 229.510437
3595.745850 256.636536
151.249359 463.661743
1494.116089 440.520203
1052.542114 363.722748
1034.030029 274.849792
1093.305786 149.870743
4157.588867 108.313385
2668.948975 71.333626
391.851257 61.629250
29905.056641 86.030212
631.432617 124.385101
7857.983398 160.312988
3902.005371 171.276154
5647.200195 727.354736
55.247204 703.243225
1640.202759 611.072388
22028.763672 469.072540
16908.777344 994.416626
3848.262207 837.115540
1752.494385 742.118774
7264.316406 719.690552
1805.189697 706.527893
1451.220093 663.117554
656.339966 610.118530
708.250122 521.982605
22915.417969 860.566284
6904.117188 874.011963
3639.320068 827.609741
4416.488281 762.040405
1313.944702 112.742538
111.654648 110.219444
2347.039307 114.063721
3785.442871 111.749893
13727.189453 181.762100
9061.969727 177.692612
2723.386230 154.921310
2404.936523 128.855286
1488.393066 54.591103
1012.956604 42.645603
547.450378 42.964939
3093.399170 46.606453
15747.142578 140.811066
2206.540527 136.888275
1428.102905 112.593765
403.312286 80.520142
390.480499 22.688828
1404.382812 20.992302
528.617676 20.390961
7133.121094 17.436407
9730.609375 76.720703
1830.565796 61.095570
96.148254 43.304214
1710.164307 29.595173
1438.105347 17.179924
646.751953 19.778929
1103.953003 22.800421
750.932861 27.537649
4792.363770 0.976349
4100.014648 3.482941
6901.985352 8.507933
1187.542236 13.533084
1.886021 15.179336
1055.882568 7.194919
4137.851562 3.416001
628.479309 3.998846
16022.908203 39.348434
5672.040039 39.379059
1156.644897 34.290577
92.825928 25.276718
1131.931152 102.974876
425.765503 96.739639
7060.244629 81.826904
2961.415527 65.465622
8367.324219 113.897881
7022.244629 99.506607
101.062263 96.596710
2844.743408 100.652527
4099.602051 371.849548
3224.725586 341.417542
4532.155273 297.456451
669.277954 238.692429
2451.069580 496.723328
6248.898926 468.938110
2322.073242 431.825867
1693.543213 399.003052
949.812988 166.888382
4946.605957 165.718948
2833.085693 154.308441
3891.010010 125.792114
31750.310547 252.033752
10811.587891 221.339600
12109.782227 190.056076
2153.907227 171.547729
1937.578247 5.548491
157.367508 2.351872
3448.558838 1.886428
3974.849121 3.967491
12486.796875 77.826096
5881.998535 51.674454
14587.234375 29.059772
382.027649 13.680498
133.676605 35.211555
1564.114136 28.643503
1904.344971 21.212543
195.029282 13.060417
810.922424 58.594917
7409.619629 54.649498
1087.195923 48.343803
506.881683 41.627369
349.156830 162.957047
138.931854 168.811829
1011.176636 176.960190
1513.857666 181.248962
19687.388672 213.298447
740.368225 196.251373
9744.626953 177.672455
869.575928 165.302719
610.726807 79.542747
192.084656 67.941933
739.781128 59.592968
1497.791382 50.488235
4676.782715 148.392792
24814.166016 138.837265
391.276428 118.970871
137.626740 97.096756
775.536621 50.846951
1652.461182 44.079945
212.718292 29.526058
520.365601 14.344998
14658.208008 94.111610
13784.074219 66.866989
4492.983398 53.544117
3624.070557 51.227287
2296.523682 287.209015
120.305206 236.082321
2579.785400 159.981888
4243.975098 89.335266
6002.784668 450.243042
1343.771118 371.555786
328.718018 329.180847
541.037170 310.727356
2795.274902 568.608948
4752.968262 528.333862
2583.467285 437.199982
1828.569336 292.519073
12364.902344 863.187378
6902.270020 753.381287
495.505920 653.884460
1046.823975 596.406982
196.639832 547.533936
81.157730 589.900269
3059.935547 605.739624
4416.852051 554.639099
8352.378906 595.777588
6924.601074 578.736328
7282.416504 540.212219
4659.917969 524.071899
1174.526123 313.462585
1253.598633 299.954498
529.600586 329.812592
3250.271973 358.683563
10999.227539 606.476013
3387.508057 587.507446
1377.897949 496.496979
570.301392 387.107819
851.755798 61.040703
1528.536011 49.583591
2652.530273 57.782581
6017.143555 65.874290
7342.949707 268.928131
9113.291016 232.852661
3108.865967 168.059662
680.313110 102.928665
943.873596 7.387389
239.448975 2.625517
1308.169434 2.229975
677.130249 4.222208
1303.741455 44.190872
5119.517578 38.793171
1104.786499 28.426512
1127.084229 16.707901
450.574371 48.323982
5577.119141 43.033360
10.085765 32.670498
2338.433105 19.049261
1030.978760 98.838470
2925.557129 76.800941
140.556442 60.496532
819.044800 52.171177
330.199921 71.999657
694.771423 80.306953
3810.331055 85.446922
736.291138 80.424782
3052.372070 85.381302
1244.018433 80.027695
859.598633 71.765694
1946.296387 68.065285
1712.393921 14.279563
48.402287 15.340180
1206.293457 17.885365
2835.257568 18.431015
31934.945312 47.984074
6904.538086 38.550381
9572.244141 26.903625
2427.267334 17.913557
4459.152832 54.539318
3236.084473 48.347500
2485.939697 47.844894
1597.413452 44.923283
11957.859375 158.791702
3065.871582 136.000076
1758.864380 102.966507
167.885269 72.904732
3305.330566 35.902809
934.907776 41.954468
226.974594 48.103859
4457.823242 54.545044
826.761536 32.687469
11920.245117 27.474993
4340.250000 27.097342
1762.732178 30.481686
0.004297 124.656662
653.488281 115.571251
1123.080688 102.258789
3163.972412 91.660744
11900.200195 91.660744
3163.972412 102.258789
1123.080688 115.571251
653.488281 124.656662
1882.321167 116.814499
1218.981445 100.771950
4066.618164 85.405075
4521.237305 69.504913
69687.843750 149.509094
1588.055054 154.461517
2387.490479 147.544098
443.013184 133.358475
3051.394775 100.583183
898.448364 95.253174
2378.598877 84.178482
7442.712891 74.918144
6279.951660 99.767342
1097.897827 90.647636
385.250610 92.110779
2389.980957 98.061111
4192.687012 244.958923
3727.960693 179.050537
1620.678101 114.254059
508.573029 67.932541
14487.886719 362.930695
148.250381 354.449585
2000.396973 334.485291
3656.561523 298.578979
281.769287 370.539551
8761.158203 352.954956
880.045349 296.751556
9240.263672 210.807068
25724.427734 387.631653
2833.177490 363.060822
5388.201172 354.510406
1570.534058 362.961182
3727.004395 733.324585
735.054626 708.837952
2752.140137 654.484192
1339.220947 545.020996
21323.791016 1115.670532
8542.936523 998.367249
7463.404297 867.072998
2414.768799 775.293640
1878.149902 712.540894
394.164276 644.839844
2909.674561 604.784241
17942.679688 565.300903
570.693054 915.758911
82252.937500 956.738647
1523.350708 908.058838
8695.345703 810.302063
52.935028 131.636826
6861.317383 107.346184
321.828827 86.782425
122.509285 77.652443
2460.155518 89.633354
381.637024 123.385818
11542.306641 145.328583
1402.921387 147.544769
657.958008 8.936184
1601.382568 7.482858
70.813126 11.574099
722.744446 19.407539
19343.992188 50.069420
9467.772461 39.705765
4878.842285 27.373110
1404.661011 16.128479
50.221836 280.730103
1409.187988 274.479095
8451.935547 235.557281
7648.209473 179.332001
20368.917969 253.805237
2062.159424 229.592072
6322.816895 235.155075
8756.484375 260.205597
1181.604492 317.289673
129.429947 311.850189
1230.936035 311.891602
8589.532227 286.569427
3305.100098 549.247498
18019.189453 505.797791
2772.490723 426.695160
463.060364 354.820618
496.240448 1.844434
1920.649048 0.339256
1435.584473 1.155763
3585.360107 9.720062
4986.508789 12.002758
264.271423 1.986332
4792.158203 0.329328
863.663696 1.733595
3776.739746 154.287140
1087.041016 159.730469
614.165283 156.451630
599.719360 134.030762
2737.863281 219.336975
5508.779297 196.831467
2691.617676 170.377640
596.666321 154.921814
1836.542725 146.296448
1581.017334 123.977295
120.092110 117.192200
1081.704834 122.220131
19843.871094 237.393173
4536.080566 235.913574
5493.738770 214.085968
1311.787109 179.987381
1834.460327 143.489685
2434.569824 151.014053
5021.299805 137.146469
6952.747070 110.710510
10110.151367 55.499344
40113.925781 59.885754
313.331055 83.815353
850.113647 116.932755
544.680176 16.389740
5628.869629 13.723532
3374.001953 23.221664
7157.528809 36.601624
11776.186523 72.800171
17446.572266 70.962540
2056.880127 54.344017
175.246246 32.311138
73.138115 178.868134
5805.229492 160.359680
743.205322 121.291740
3169.834717 74.617836
7430.691895 329.740143
4197.419922 251.915497
648.433472 203.833771
1196.626099 185.809174
1119.308472 156.203537
880.189880 175.654739
1993.984619 191.015564
2066.233643 180.867279
39581.246094 229.327148
9264.553711 208.441086
10188.075195 175.199966
1179.658936 153.744690
3843.878418 3.823919
1065.240112 0.650260
553.375122 3.035396
44.708092 17.179043
18688.519531 3.164222
4986.828613 0.200072
2105.583984 3.381830
4054.428223 5.662271
1428.080811 111.356819
4461.124023 138.433411
2878.616455 134.851761
2382.580566 96.758430
798.750854 137.536346
4675.979004 86.529327
215.591431 63.754177
234.925171 77.076782
367.272278 182.993378
979.592285 211.446320
2114.915771 224.668945
5571.621094 192.612091
893.529541 419.109039
5805.825684 325.353485
3748.448242 232.015228
568.005981 181.340042
290.295380 272.655518
1209.775635 291.470520
1147.946899 305.535583
2249.003174 279.868805
5418.678223 499.712708
19667.839844 433.632050
10926.199219 347.258392
4193.674316 286.581604
696.704834 116.333878
4742.371582 101.852150
1158.529053 110.170082
5200.546387 124.499947
23417.333984 228.732895
1501.067627 234.340683
699.189148 203.131607
39.181141 155.378448
854.858276 3.557460
492.691528 2.415998
304.159332 6.891591
3365.537598 12.038421
6600.173340 46.680645
11996.848633 40.091515
5964.575195 26.558996
1793.096191 12.407745
4782.108887 29.108173
63.683239 32.075584
593.635193 26.790232
236.892075 16.207384
35175.718750 19.555950
23153.195312 11.307579
2729.041260 12.360800
3003.030518 20.404640
2146.933105 70.740715
812.976624 82.265854
1107.847900 85.180023
183.812363 71.793121
3065.514160 152.796463
199.761169 112.315697
2398.760010 79.155945
1338.032959 65.611862
525.146423 27.417850
648.900269 23.728600
1212.953491 15.688221
3651.743164 5.812768
4117.011719 129.655701
6192.933105 82.817345
683.443665 49.221245
1091.619507 32.690155
12.568292 196.581558
997.537842 169.128723
3300.985840 133.675339
3112.944336 91.521294
4606.709961 309.128693
1770.375000 282.636688
1981.956299 250.497864
1591.696899 221.702728
1978.794189 167.949493
2524.376953 169.325104
244.348785 178.320740
5960.991211 182.682434
11924.703125 189.682281
12795.070312 202.297440
156.956482 194.572784
1166.156738 178.568802
1127.226807 26.877544
598.784912 20.175224
288.104919 20.218639
303.380157 29.393547
15275.498047 21.567728
2389.245605 30.968725
793.413208 36.248653
5128.339844 34.211349
297.307129 23.394394
629.871887 32.653191
117.015228 36.506847
1444.674072 32.438553
11234.139648 21.122240
13614.371094 13.282353
1898.446777 10.164156
56.401615 14.172526
688.531494 96.564156
445.400909 97.473717
2225.022949 94.153473
8718.635742 81.232590
4952.530273 210.596802
776.134705 166.236343
3061.563477 126.416046
87.454956 103.074348
99.631897 163.872955
335.665588 127.462540
905.009521 101.255539
43.827808 84.133965
6606.594727 273.398163
10636.388672 271.655548
1953.184692 246.408417
54.689281 206.608124
86806.640625 86806.640625
86806.640625 86806.640625
0.000000 0.000000
0.000000 0.000000
0.000000 0.000000
0.000000 0.000000
0.000000 0.000000
0.000000 0.000000
