7655.291992 571.261108
5320.303223 811.578979
14522.573242 1011.967407
4959.825684 1101.238770
8253.585938 189.157532
22824.824219 191.407379
9410.371094 239.090912
7488.832520 365.629761
3098.278809 240.217117
6616.563477 309.224945
3077.499268 615.601807
13354.943359 1209.084717
3662.496094 832.139648
16334.425781 558.656555
3148.849609 405.476257
3817.201904 299.539032
3446.049805 10.261925
1516.053467 16.886759
8644.096680 124.815094
1653.336060 294.806213
2195.995117 365.802765
16061.537109 323.163330
6766.017578 220.074188
1155.454468 95.039383
501.036011 349.032104
1545.523926 502.457123
6344.034180 795.300659
5870.421387 1188.397949
1418.215088 223.074966
1423.780396 256.295319
9919.169922 285.168396
2757.670654 299.880615
1485.530884 242.933838
1447.032715 191.624954
2163.619141 262.215576
8941.120117 572.739929
21711.529297 522.759521
1582.652710 339.030243
5904.074219 303.902771
256.660889 293.944153
3645.680176 131.890244
1578.626221 153.444321
3279.000000 150.329132
2239.871826 121.595299
7549.497070 208.299484
5551.327148 140.137619
1003.359436 103.832428
3441.019287 106.334625
2478.577393 137.096603
6690.037598 197.919388
6483.706543 257.233765
2952.974365 299.445007
3112.047119 41.243393
8344.396484 42.484447
3085.490479 56.547462
3197.829590 87.856049
1561.284912 177.595230
1211.730225 227.520874
5866.504883 311.980530
32552.240234 420.253052
22001.703125 504.820923
15039.931641 346.729584
8305.269531 231.846100
6699.525391 175.523499
2713.595703 89.418076
2318.464355 37.341053
3821.202637 112.691498
342.627258 361.775116
4449.098145 51.513569
3405.882324 121.810822
13535.000000 182.610565
2942.193848 166.879349
333.086304 4.799644
3034.820312 6.560212
400.443970 47.334240
2485.009521 151.378998
6365.744141 105.412102
5335.046387 43.893986
3145.270508 22.430893
66.301750 13.825644
2505.235840 216.800003
2360.697754 410.937195
1217.692749 640.681396
11080.926758 835.088074
708.615234 34.145264
922.387756 40.554317
113.980652 50.284172
1992.223633 97.821671
1674.618042 54.194672
105.354218 56.575417
1007.301941 160.386200
5853.961914 350.661865
14974.814453 644.552063
2748.634277 466.612152
1512.589111 290.378876
5444.479980 141.842834
2150.084229 64.086006
628.070923 184.295258
122.469284 349.530029
15289.125000 507.522949
11483.191406 24.476833
9932.621094 22.573612
2131.640869 8.046343
4058.498047 10.218528
2315.984863 417.061707
757.568604 545.652161
1902.945557 794.175598
28656.304688 1088.198120
10368.103516 636.632080
1270.192139 590.424316
2571.530029 501.085693
7601.057617 418.815369
4287.860840 357.348694
1270.372070 323.814636
1426.490479 409.406677
6992.245605 740.677246
22449.427734 318.960602
11928.133789 239.613693
5535.947266 306.363678
5218.410156 369.464874
768.882202 62.732841
864.370789 95.161453
6440.208496 172.368134
3182.407471 309.237244
14639.149414 213.041748
14996.463867 115.686234
5120.112305 70.005653
4927.455078 56.316254
1767.596680 7.272860
396.512695 4.093057
349.814545 56.395298
18853.691406 212.803696
23102.259766 224.613312
7282.416016 88.774040
26516.599609 37.166389
2007.150879 21.060476
4186.006836 121.407104
1098.742432 222.784164
6432.172852 362.421997
10458.539062 477.183807
34861.589844 289.949554
4085.241699 230.807449
2145.922607 148.708740
11160.180664 98.030548
1313.730713 40.742977
720.656006 24.211857
5606.315918 42.149097
331.173767 144.758636
11194.218750 253.854248
17096.339844 119.577049
3174.854492 68.246460
3548.425049 54.742336
1192.129639 32.541561
565.440796 34.416332
209.872467 42.711178
8335.861328 57.985580
3402.178711 104.099426
5409.653320 73.842064
5572.608398 51.145226
237.355469 37.642113
309.149933 67.460495
5829.001953 104.978920
50.949524 179.037140
15398.200195 289.503998
23559.468750 26.357727
9090.078125 25.527172
4878.885742 37.987408
5857.521973 50.698051
4674.493652 105.827515
1380.070312 201.320511
917.447754 305.391907
11657.700195 346.837463
31111.251953 521.844421
8145.033691 357.529968
11474.759766 186.947983
12729.153320 91.428596
1496.850830 193.471420
1870.630127 245.909286
4443.474609 275.607086
12165.470703 259.552002
4997.593262 237.366302
964.140747 186.503876
4506.093750 150.423386
36.634380 153.109344
2047.696167 60.881874
5984.591797 36.333210
6989.349609 9.199724
643.115601 29.087116
5411.087891 223.580109
5622.251465 99.672585
4940.554688 58.731655
6784.381836 61.515366
278.437897 194.992340
489.407349 245.875305
462.618561 365.169983
5537.915527 547.052734
26423.871094 26.323526
30120.546875 93.607857
899.501465 151.305649
1036.889526 178.295319
1842.438721 94.458832
5666.534668 87.293495
2929.214844 179.144363
3083.016602 366.720001
15471.570312 404.803711
1062.487793 338.645599
1875.446899 258.927032
2132.904053 167.092361
814.610779 1.321344
1403.544067 2.373586
1799.985596 7.432710
862.224304 21.849333
7214.281738 77.263611
4264.248535 37.106617
5516.087891 13.351723
5000.979980 3.494606
984.489014 87.818405
1552.078003 111.457047
2168.792480 158.964050
4988.052246 212.417999
12269.468750 133.670609
7176.770020 130.460495
9110.826172 111.975388
3033.166992 91.718391
5944.000488 103.241219
1750.126709 150.135986
1448.904175 208.729843
3362.607666 250.773071
1711.676392 235.571640
830.031616 179.770355
9.381656 122.566498
2346.014893 91.998047
1224.269043 110.767609
4491.420410 184.385437
615.818237 351.746887
20260.093750 597.767578
7394.200684 66.680382
11795.686523 84.827560
17183.218750 99.783020
2767.945557 98.875214
5057.248047 64.078552
1999.334351 18.575157
11751.606445 8.789512
5071.020508 80.692177
2466.495361 309.679260
3646.830322 199.086609
2961.390137 143.769592
3327.814697 107.668900
213.641449 183.920303
1744.045410 398.213348
962.861877 688.032837
1959.526123 976.195496
51257.011719 15.819615
12610.138672 26.976490
7270.669922 34.810867
5707.812500 71.190941
705.609192 133.945541
2738.992188 147.291733
2561.719482 196.497101
4448.968750 291.908325
1606.789062 546.370605
2619.720947 357.512268
616.690674 226.901062
1874.695557 156.583710
1917.813110 19.589592
2122.746094 27.813721
2401.057129 110.025368
10684.072266 277.529510
6672.250000 2.009735
16639.828125 24.909214
10654.918945 46.862724
414.560486 40.707111
2133.995117 18.768898
1369.080322 21.542976
18735.468750 33.895550
14214.115234 58.180634
7466.799316 104.753944
1507.137695 66.262802
2113.633057 39.531094
10405.520508 24.393917
2106.867676 55.246136
674.948792 151.049942
1830.979492 367.207611
2416.631348 639.843079
52208.101562 170.637421
1866.805176 187.737885
244.468872 142.772949
4196.662598 73.556168
13443.242188 30.765085
2269.857666 1.607349
2393.513184 43.207916
4751.774414 184.955780
33815.953125 229.415878
30861.470703 167.695190
4178.273926 129.174637
7664.898438 83.996292
2544.911865 3.889953
3948.031006 0.348520
2713.453125 11.219693
1235.303955 36.151321
5062.677246 43.084312
2053.024658 38.472393
5108.123535 29.489506
1910.476562 16.200319
881.369568 21.089149
1355.300659 22.575996
291.333710 61.249474
2968.000244 132.109573
12442.280273 29.105913
14640.931641 52.822098
5744.171875 57.292019
1464.773071 40.947437
1773.715088 5.243185
514.803101 23.531120
293.480896 67.143036
17926.544922 139.306549
15080.378906 22.164734
10725.935547 4.808229
15863.379883 0.788514
7701.342773 0.850399
491.664673 45.810982
4321.446289 17.698696
4376.733887 0.332269
921.007446 14.707259
4435.238281 86.743919
3120.856201 71.687210
2970.313232 70.636414
2920.050293 65.399834
162.983688 41.481506
274.492188 69.018127
2809.942139 91.516998
1731.130127 104.600464
3331.848877 21.589493
2111.412842 5.308945
3192.289062 3.317845
2543.783203 16.871685
1180.222900 131.113663
9211.669922 147.237686
1212.995972 174.617706
9694.118164 199.869308
13605.768555 93.502029
5172.420410 120.168419
349.977234 129.125473
853.126709 128.225494
1993.817505 26.002823
3564.810059 67.970428
6860.472656 157.787262
11233.462891 302.168304
65310.953125 61.177261
41268.914062 18.241558
30592.726562 7.845635
16730.578125 11.183389
5308.756836 63.131096
1428.576294 182.316010
393.619904 417.272308
576.055725 769.995117
28426.851562 220.548843
8114.706055 89.103897
20344.837891 33.424965
10290.257812 24.223520
6621.125000 75.098892
1888.682617 47.464657
951.961548 36.869484
2911.952881 47.675999
3138.236572 511.784424
18530.748047 354.244049
2213.489746 220.621399
2603.160645 128.509583
164.508041 56.791645
2986.989746 49.826969
3899.613037 40.077293
19747.546875 31.497299
17000.212891 21.857645
19201.935547 36.557953
6228.898926 49.854847
8589.458008 57.253639
1017.296387 48.927048
364.896240 90.658905
6631.902344 146.800446
5003.650879 211.756073
31394.726562 63.719696
336.754395 30.338755
1054.238892 17.463455
3050.680908 24.102575
1507.365967 67.313583
1364.293335 107.533592
1199.577026 219.351379
9285.163086 439.472900
3196.915283 115.138672
5450.150879 34.935795
7638.726074 30.614265
1184.210083 49.102695
1648.359253 20.966803
2266.217041 7.468615
3961.278809 47.891674
3754.648926 141.018860
784.396240 472.830353
5479.062012 323.350159
1012.083618 188.538666
947.448730 83.982796
1526.316406 225.241974
2387.040771 343.322205
1841.897217 494.062317
1479.632202 613.843445
9903.594727 174.341644
13569.277344 190.395233
7698.396484 175.666382
2261.856934 173.067749
866.486633 40.029499
63.917030 30.677719
670.590576 13.756795
8824.012695 8.830986
6283.719727 424.545349
11808.376953 232.759415
13762.561523 108.777893
1376.088501 54.487499
2791.983643 161.301025
691.299927 301.653992
2610.285400 442.565521
6287.079102 539.930664
898.188416 33.258141
8438.647461 10.730120
4642.559082 11.934993
2120.924805 59.341797
882.920288 498.442291
1279.864624 712.461914
2575.125977 894.139893
22424.449219 950.328735
16880.667969 656.414368
1101.060913 490.811279
13091.925781 364.128540
2497.917969 361.141479
1396.294189 206.697266
295.038757 171.058258
165.246704 199.437515
194.504532 424.625580
2387.581055 367.767273
11595.986328 163.382507
5396.093262 153.179138
1473.736938 201.599564
421.688904 574.930786
789.593872 739.591064
9837.334961 880.877808
11094.495117 914.605591
5143.341309 436.756622
8564.446289 442.406403
19592.552734 429.547821
4200.509277 462.814850
626.587769 245.400711
2143.264893 519.247864
129.309052 916.023621
961.594543 1379.265381
7303.294922 697.693420
9718.856445 371.528625
18503.417969 172.464935
3618.332275 126.864441
4059.676758 241.935455
3021.750977 212.679688
1176.522339 338.213196
13073.097656 623.514893
170.501053 785.266113
642.367493 659.727722
1938.182739 521.805481
2069.532227 368.406403
424.748749 346.108856
96.585075 307.724335
411.854431 308.929596
5508.692871 388.325867
12447.018555 247.106522
10425.572266 292.158691
71.481003 349.166809
1672.165894 370.666931
2979.801270 119.629944
3616.032227 161.158035
1320.484863 179.760193
872.330322 187.354797
6621.819336 300.905701
14513.773438 147.120682
5129.578613 73.427666
12.463009 76.295280
1754.381226 142.957718
5649.378906 326.988953
2711.375977 562.967163
6656.424805 744.267395
19442.753906 302.013397
10239.730469 235.976807
2025.369995 133.014755
530.349915 79.501709
8693.022461 190.696381
2871.830078 234.694168
8530.156250 377.704163
12010.316406 630.114807
1817.087158 316.205994
22638.179688 255.003998
7358.097168 226.053131
2422.371338 201.600708
155.745590 403.779572
3195.654297 328.003845
8959.756836 296.425262
3232.460449 380.392914
9445.844727 301.878357
10735.812500 338.761749
5214.248535 411.982697
519.945435 443.852661
4969.583008 409.576752
3971.272217 675.475647
1700.408691 989.976074
15883.285156 1196.239258
47932.285156 525.253906
8717.133789 468.796021
18181.330078 351.604492
6377.702637 300.479736
13493.024414 204.721039
822.555420 126.427231
3485.720703 124.319305
1967.085449 288.930389
19179.976562 492.463470
9588.874023 351.009979
2754.076660 305.586243
13887.343750 272.895416
1034.890259 127.421066
1844.853760 87.162659
2975.812012 80.256287
2058.791260 139.022324
33480.175781 47.536079
8829.667969 92.597733
5984.321289 141.383820
3296.781250 155.198257
1718.256470 175.381348
1416.071533 201.232971
3359.144531 267.401703
463.216675 339.424377
7982.402344 301.916077
9474.642578 296.567566
5914.253418 251.898056
7197.584473 199.097504
1932.059082 144.967834
1029.924072 341.813141
5276.905762 783.529724
5369.940430 1480.576904
13751.634766 215.947418
21670.679688 99.769318
4942.762207 83.536949
2124.257812 92.015427
4426.752930 134.038895
7073.694824 167.356247
5892.285156 268.893921
7870.836914 482.582458
702.414734 714.944702
162.597137 397.660919
1275.238281 218.507812
681.691101 145.370667
129.823013 56.797493
1193.713257 15.088827
1148.127930 0.753102
456.648987 40.492661
18719.466797 789.140747
1499.398438 489.024536
15926.599609 266.471252
10960.557617 130.842743
369.196533 89.845375
549.388916 135.535416
9494.146484 204.973053
3822.465088 286.850616
3278.972900 79.061562
274.521027 66.812592
1233.602905 62.649963
3641.843262 67.944038
2109.141357 62.217525
2635.289551 144.311981
12548.230469 279.988281
1600.613892 463.076050
309.080078 70.077110
2408.539307 20.239347
1172.755493 8.300152
466.858521 21.592045
366.805481 286.234436
7035.817871 429.140411
166.136414 587.588989
19462.164062 665.819580
2726.017334 642.728943
2004.966675 496.796753
13430.598633 332.054443
3553.741699 245.220963
494.591705 324.551880
29.653372 472.870270
909.190857 861.843628
333.303253 1557.696289
776.082275 219.517761
33617.507812 140.901642
6190.376465 202.622437
3897.375488 269.841980
854.612244 182.815781
5839.597656 77.444962
347.766357 17.028027
2003.312256 78.021820
8731.218750 827.862549
1719.294678 564.424622
3352.136719 398.053314
299.861328 286.817963
5833.725098 259.239319
3701.063965 438.735474
770.801941 669.869507
12113.916016 919.294922
6.769435 7.751425
15226.069336 9.506740
1241.596191 54.980129
2380.885498 135.406967
1591.459106 320.789154
2808.565918 369.225464
612.833679 520.686523
3654.807617 712.445679
25055.324219 1036.710693
32035.500000 831.665039
4053.582520 595.465759
4987.705078 403.740723
273.456451 27.098902
906.995361 13.451644
28.025888 104.563690
8722.499023 323.093445
3110.287598 75.934998
6623.752930 92.544205
226.362518 106.428162
503.314667 78.943680
1089.230469 12.070541
455.400970 4.058966
468.120392 10.624081
8286.019531 32.282188
6335.201172 118.432060
5591.814453 88.128014
13629.920898 58.131210
2142.331543 31.492580
648.949219 44.793972
4844.812500 172.233017
4258.674805 410.192291
343.733490 685.479980
10602.636719 93.336304
115.427803 115.245461
5896.549316 81.040741
1852.309692 32.894157
13945.027344 167.485001
3052.858643 173.718445
2156.881592 205.950974
10750.156250 288.570648
5508.818848 288.570648
10750.156250 205.950974
2156.881592 173.718445
3052.858643 167.485001
1804.614624 273.295898
3100.890381 278.900665
5023.161133 418.692383
123.382172 758.673218
146167.125000 110.676796
20540.626953 147.398010
4755.969727 239.822906
10402.088867 286.596924
22575.658203 294.162994
2368.770508 350.336426
5159.568359 385.046997
3245.636475 351.286621
5488.398438 730.907349
35602.257812 544.108032
12550.102539 373.379028
11939.223633 286.435608
2217.197266 17.153011
1160.298584 142.328278
1100.134155 460.998291
27199.923828 971.533936
11228.569336 52.730824
80.774925 17.221216
767.281372 17.200531
1484.295532 5.786283
52.620224 47.529774
986.402100 36.655167
4509.037109 53.560486
1335.705566 92.827477
18762.867188 483.892670
3736.797607 330.250183
3243.909668 193.488297
4395.721680 97.272499
543.111572 120.108482
2316.581787 132.811539
1277.954102 275.391052
5961.556641 556.496704
13701.969727 33.475185
308.376770 117.210526
21940.019531 172.978455
2584.283691 161.932846
350.530579 16.978840
204.014862 66.980545
7645.645996 219.265701
3629.372559 520.240479
8079.657715 391.748291
6379.561523 161.593399
1123.779175 54.658672
7349.850586 17.633652
536.567444 53.468681
570.095520 99.209679
1054.328247 203.825790
2135.478516 389.027222
4425.258301 344.363708
6972.272949 169.311798
15409.605469 77.861229
2215.511230 46.297688
49.007828 227.486481
1564.741089 311.147522
15449.554688 418.533264
404.883301 546.111755
4125.096680 429.631531
1828.463867 272.986115
7634.355469 189.962280
8221.792969 180.383560
1549.736328 553.919128
193.077148 1093.265503
6007.502930 1851.257812
6966.596680 2735.051270
7508.598633 341.214600
2447.374756 135.289459
1863.915039 106.979828
316.477722 238.043182
3715.948730 372.097198
1209.148926 100.704994
8421.942383 139.498947
4853.988281 697.885864
20690.876953 1573.397949
2559.555176 1184.168945
10579.583984 953.402954
587.210083 700.919128
5327.219727 157.855362
515.076233 198.125275
4108.825684 248.135193
3067.756348 298.932678
956.798340 169.810150
7659.628418 141.826340
8041.870605 128.705917
98.236977 133.785248
633.634338 125.555038
1442.300903 99.227486
1547.976562 105.801025
9908.416992 124.881065
9189.694336 320.578888
11109.151367 314.142487
6633.614258 260.139099
1894.766357 186.184052
3411.043945 379.817108
2926.736328 693.131348
9481.189453 1018.823486
7942.996094 1180.603516
5512.540039 626.302917
2292.165771 473.412231
13247.827148 290.089355
16243.211914 230.949936
1948.145386 575.273804
1304.151855 590.689148
2378.287109 616.441345
3200.961914 762.774170
439.262115 933.202026
782.904785 594.953125
5237.909180 491.453857
4958.386719 524.296387
3539.141113 199.528015
61.169903 116.863380
1445.985718 142.055008
18612.148438 338.337799
61128.597656 228.928375
21222.289062 264.648804
1252.474854 308.906586
4080.993408 287.893738
6678.486328 40.768940
5841.247559 87.774178
15317.259766 165.325378
9614.903320 227.581741
47950.195312 243.115646
6362.161133 195.002258
25145.847656 116.045830
9330.469727 52.301003
5500.247559 96.659904
1596.255005 174.780960
21921.617188 296.640411
12851.655273 446.909088
130.398849 73.647232
6157.079590 50.176815
6344.828613 45.883324
1245.258667 58.197601
13.421599 79.082130
702.501526 244.375443
6401.464844 555.832275
15.522738 1004.914246
43100.503906 190.746399
5711.992676 64.299637
5942.952148 17.551924
4025.870117 18.742165
3111.224121 99.911430
209.019318 2.741274
2434.346924 69.602913
4256.333984 352.926331
4992.892090 557.505005
681.225464 471.352997
3397.734131 387.943665
1298.482178 257.366150
280.960419 48.126568
71.328568 116.022591
9.608151 209.141998
1886.922485 305.658203
10597.219727 71.805725
2978.554199 38.595051
2292.099609 16.234449
3875.009766 15.778090
191.042496 211.920074
3805.098633 326.198517
5636.169922 592.478271
2916.077393 938.005676
266.995972 331.624207
2101.143555 359.158142
3584.670410 313.872650
3885.697998 234.876999
574.261108 268.995819
2579.418457 167.860779
688.620483 78.144608
5195.561035 119.167580
4092.215820 442.454834
15699.667969 293.010742
5229.279297 281.152954
2343.362305 303.024841
498.345276 454.097504
3343.168213 713.943909
3891.173584 966.479065
12973.959961 1121.113281
4906.854492 113.657532
1723.652710 126.070938
2249.974121 159.392929
102.252335 260.693787
4128.721680 186.821732
1626.202026 198.278793
672.565125 332.502686
1581.996582 591.829834
579.936218 837.300781
15271.464844 608.662598
11831.003906 417.608826
6117.496094 270.454742
589.317871 433.712982
436.849609 421.175842
1891.376831 526.858765
9530.854492 743.103516
7414.104004 347.459106
10931.453125 476.532562
7617.862305 533.341919
6.822771 500.807373
2654.334229 48.239346
2000.616821 38.826775
22.304415 37.821381
2679.273438 67.763092
5046.819336 371.682037
4861.461914 210.765381
115.965607 111.065430
4819.425293 65.373779
797.376404 36.907951
784.533936 45.732170
358.667694 64.367943
572.311279 84.732521
8446.849609 59.580238
9177.117188 58.662060
9121.902344 49.906307
1773.098755 39.891525
2819.817627 123.843704
7231.020508 253.061508
783.331909 461.322723
3722.615234 691.807861
9858.755859 149.403534
34140.375000 136.052307
4752.584961 104.535851
3679.552490 84.765839
7404.857910 31.349159
3831.538574 11.631198
44.652691 0.694339
24294.607422 24.733524
838.017944 288.982300
845.703247 161.907806
1902.204956 87.231583
5266.598633 51.792496
2765.142578 38.795723
2633.685791 132.420090
6040.695801 256.661163
6355.369629 360.438141
32141.234375 127.093918
8218.853516 87.699661
493.762329 34.281750
2553.299805 7.138795
2358.231445 88.244041
470.759552 50.458199
1199.375977 26.042126
919.352722 66.521263
9828.973633 137.633972
8479.313477 82.725624
2667.243408 86.490349
1210.181274 100.546661
1536.345337 53.063889
3277.772217 23.829042
1035.669312 3.900247
819.205872 9.773465
4113.035645 10.868045
3048.358643 39.269070
6300.083496 65.074867
3623.010742 70.894745
53.476871 136.579880
1138.468506 151.841110
1189.076172 189.094940
2464.567383 243.419327
4744.374023 44.462112
14869.764648 88.450508
5948.360352 119.379913
3671.675293 131.792084
456.201416 76.561455
339.324707 15.702507
10865.011719 9.273087
3292.401611 107.202477
4402.737793 208.979904
638.577637 167.914413
1601.046997 158.707596
1635.297119 133.810562
813.001038 120.581375
934.416870 292.368073
6230.976562 607.319458
5927.922852 1002.159546
8050.587891 58.531071
6156.556641 84.632492
5410.723633 84.922668
559.143738 74.684853
3819.981201 43.404655
187.892090 15.193960
651.866333 2.236543
5984.535156 19.760738
10078.334961 798.342712
8949.660156 485.405487
6832.159668 247.580048
801.422424 107.817017
714.610718 147.347321
2204.999756 191.566040
3750.922363 265.425964
35738.207031 369.380432
30623.916016 47.916885
8195.206055 60.538078
2090.254639 89.253395
5035.749512 117.993294
3742.823486 1.982728
1112.007202 31.345200
767.090027 83.217384
1549.042603 131.767349
57838.835938 370.544403
11130.022461 233.039108
7919.578125 104.551247
14665.007812 22.576805
4667.971680 28.157349
620.399048 22.747599
135.939819 28.774549
5877.729004 45.995594
2457.173096 92.521538
1386.754517 77.114220
2519.288330 59.597012
3502.082764 41.961815
467.168243 50.610443
5319.497070 69.862801
945.232300 147.147446
3061.751465 266.230164
11956.638672 55.089680
3131.270508 91.002579
867.535583 95.174377
743.097168 71.438423
3173.643555 37.186760
4439.048340 70.381363
359.101532 110.437302
2347.330566 165.560791
3925.889160 98.765564
6908.861816 28.202620
1544.704834 2.337699
5618.524414 10.804182
3740.100586 10.715298
197.513412 39.043755
2640.236816 163.289352
949.975586 407.233826
13999.572266 85.636642
30262.392578 40.105946
16705.255859 33.166084
6293.973633 23.176466
4113.461426 319.368256
4689.348633 458.697845
3179.207275 630.437927
14078.096680 746.361450
12019.625977 519.563721
2987.734619 442.839600
5134.786133 335.737732
129.291428 276.644348
2484.775879 14.820460
637.996887 32.453140
3338.923828 127.374832
1882.600342 357.511475
35532.914062 440.866394
17737.355469 190.377533
12164.693359 70.631851
19982.718750 27.482372
722.440613 8.627790
768.913025 38.470703
1837.836060 104.318291
3096.350830 201.194870
3114.814697 356.804199
1771.963501 202.554230
769.848328 86.884178
2419.250244 22.354725
1817.715210 35.650085
2712.637451 68.048706
7352.090332 146.397156
295.745209 265.006256
1749.476685 22.339321
2319.405762 28.838352
6025.411133 34.585827
1305.593262 32.468010
147.230286 28.893398
806.718872 191.824326
12301.003906 577.294556
5724.154297 1178.572510
11878.667969 71.181442
8718.799805 17.433277
1869.831299 11.527339
372.626343 2.409979
1487.481201 72.270073
4860.713379 28.686811
3897.636230 14.084414
16903.449219 42.752819
3144.208252 790.910767
7333.955566 519.052612
6370.302734 299.976868
5732.456543 154.969070
6971.111328 73.083420
4838.479004 36.383949
4046.804443 14.064013
14659.512695 4.018742
35971.914062 201.712891
15826.955078 195.886841
603.499146 165.149185
3574.334473 119.682350
4002.123291 11.465447
8422.263672 34.387081
2900.091309 55.635666
25237.695312 64.336647
53208.648438 75.469040
21501.619141 39.734276
3559.079834 10.803704
13916.181641 0.721419
6895.082031 1.316922
2693.656250 28.939548
1885.321655 100.218918
2501.010254 192.187195
27608.546875 68.731491
42000.128906 71.025978
3384.116943 48.027771
5629.207031 15.354389
150.287537 34.626442
763.431152 91.775375
5197.483398 170.627350
352.509583 254.947357
1773.510254 37.921406
359.059692 14.098867
9382.928711 1.228037
489.024933 5.498966
5864.254883 70.148033
1993.756836 189.686005
5906.970215 498.304626
9183.660156 901.905273
10637.454102 390.951599
6732.226562 380.072357
9540.796875 271.743134
3031.116211 129.570465
1382.943115 115.354431
1067.622559 70.210342
4808.236328 41.358871
3455.245605 50.472427
4103.559570 243.350449
1180.339233 210.500549
5205.325684 186.105225
457.819946 156.598236
2428.725830 73.872528
576.544800 105.242439
2220.274658 214.724106
6573.812012 390.912262
11030.588867 51.691879
6701.301758 90.165955
6507.314941 105.383507
5284.272461 89.765594
2416.994629 139.951141
2689.867432 155.070129
2446.804199 159.010895
171.741608 208.247894
7221.413086 341.661316
9459.435547 143.574799
7076.145996 79.021179
2019.890747 100.753914
537.773132 110.874504
593.056824 134.758209
237.858185 157.234985
916.843872 154.933975
4679.943848 249.281235
2012.531494 200.003387
6215.473145 144.303085
3400.090820 110.609337
301.395508 9.141563
661.608948 8.858014
2960.467529 24.004539
248.636368 53.051949
1988.442749 13.927800
7717.214355 23.227160
11835.494141 24.903124
561.150146 17.923826
764.817749 295.921570
114.894005 436.787720
3473.479980 621.842529
7792.105469 818.694092
10150.393555 15.976067
5002.042969 64.964851
4358.819824 127.920380
2994.559082 199.477509
451.582520 75.060646
1721.322266 94.902672
3643.945068 326.014282
1961.561279 872.203552
909.587891 655.823059
5060.645020 339.443451
574.459595 204.554245
1240.431641 132.698425
1461.590820 324.539124
514.767517 436.548950
1046.044800 606.919373
3612.808350 808.647766
25272.121094 428.470276
12340.412109 340.876038
2408.093506 287.553589
5112.872070 277.686340
1073.219238 114.055290
1099.041260 83.237030
5595.750977 59.202682
3702.196533 46.580666
156.380325 1094.376831
1672.522217 698.304504
8709.875000 382.841583
936.219971 195.045364
405.443146 203.712082
511.028320 300.232666
4461.750977 368.714417
2871.930908 393.208405
1474.639038 10.474341
5319.968750 2.063951
7854.348145 33.671524
1226.612061 106.008446
1667.359497 184.991684
120.983978 216.893631
3758.677246 228.725739
46833.492188 227.689087
14292.846680 284.064972
6463.571289 185.026932
2452.541992 140.905869
811.864014 149.416412
7567.750000 58.775322
2241.180664 71.141121
8682.353516 41.642990
6914.393555 3.190187
33577.921875 415.788147
7949.376953 172.912262
17723.148438 47.103821
20162.460938 29.097492
1258.525635 61.835972
797.897217 59.378426
3514.500732 99.630424
7097.340332 203.823578
4239.270996 7.017830
1056.430542 24.136265
15573.009766 55.651234
602.475159 69.405266
1330.480469 35.518181
1202.561401 28.280243
1320.455078 27.352903
3311.956055 24.207479
5766.240234 168.742157
10808.048828 135.497253
5124.888184 93.182831
2844.740234 56.910767
1848.321899 61.059998
5341.707031 124.363541
1217.859375 192.302200
2760.609131 246.605850
2521.349121 29.437515
1046.494873 7.872872
7158.415039 0.966688
6060.132812 17.697411
274.766541 63.459785
1352.059448 33.696033
4240.643555 7.902694
5407.806641 14.655585
17739.630859 162.514801
11436.518555 108.308319
6308.067871 88.028847
1922.033569 80.114723
5703.995117 64.642548
8454.983398 43.906288
10955.535156 19.315912
6977.187012 23.808586
2661.829102 12.439337
433.723694 3.092648
15926.129883 29.698740
7906.947754 59.013535
3154.008545 123.987610
10294.713867 73.867523
5699.723633 159.423340
3539.138184 387.069489
26141.515625 136.889053
19574.199219 250.232407
10414.971680 289.448730
13383.011719 229.128128
981.887512 138.226822
1436.773193 106.459427
8323.857422 110.391052
14.228703 149.543259
21763.177734 124.339325
4799.123535 184.566483
15.404018 204.882324
2911.683350 182.073929
4818.242188 145.964218
963.779663 185.905579
730.497803 324.234192
6569.838379 502.354553
11946.923828 279.605652
8989.476562 326.847321
6683.223633 285.559875
5981.323730 199.564880
5731.277832 0.693806
4714.826660 33.638767
9412.575195 136.906036
19462.087891 318.007812
47756.843750 135.340179
13529.087891 70.152122
11537.677734 34.091888
1406.334961 9.415609
18655.031250 163.334717
1217.349609 225.026443
2875.781738 269.843201
17504.171875 277.664978
11450.800781 176.859055
20359.421875 128.210144
26903.044922 101.662880
15650.296875 114.555733
468.041718 5.931692
7289.104492 2.390342
1230.199097 23.420834
1178.538330 59.219299
35292.976562 423.210297
1246.876465 275.202972
12094.036133 141.580963
21905.816406 49.289165
2386.976807 24.415863
187.882141 30.241379
22893.101562 41.229591
290.333099 57.702785
2616.058594 59.753883
7720.062500 40.713200
1406.372559 28.743004
4796.857910 23.670525
10617.641602 3.876279
1245.256104 1.866919
1351.749268 5.282723
3385.866211 11.660362
19749.781250 165.432068
12738.046875 104.412109
17737.216797 52.130951
5202.589355 18.491283
1513.603882 36.288921
833.124512 43.737232
9430.331055 83.362839
724.309143 172.563492
10158.216797 9.849622
3635.137939 4.338182
3030.867188 21.065147
2650.193359 34.053631
4577.237793 89.733917
3221.731934 118.736771
1236.588257 140.008163
1593.977295 134.484238
719.446594 180.655762
5074.924805 136.281830
544.595398 94.323814
1945.795288 76.994896
1004.237976 32.307304
847.831543 65.555878
5214.757324 167.524399
3056.456299 333.678833
10087.394531 43.357452
5914.700195 49.403465
423.377563 52.090267
4159.059570 40.019051
1464.494385 24.750883
3182.134277 28.964727
1490.078003 44.167538
17604.527344 84.683380
7512.442383 61.748253
619.880493 25.026022
4985.226562 16.329184
302.212433 20.343216
816.665588 25.380701
1134.597168 115.935806
1703.610596 280.762512
15810.642578 488.301392
25906.611328 16.870770
16799.105469 16.652979
931.062012 8.783972
1857.097412 0.927845
4054.016846 27.743053
4583.365723 145.210114
1138.185181 402.489624
1656.006226 775.120483
27114.697266 66.836365
34488.867188 43.463634
16362.696289 28.783482
3411.702148 10.323450
4434.540527 80.564873
5214.286621 65.753304
78.484154 189.724976
3712.634766 447.474274
7142.026367 418.054443
3778.169922 373.218964
1836.774292 294.954071
8157.099609 181.306870
701.802429 1.938083
806.573120 43.545452
1577.907593 165.285843
7256.577148 367.692780
476.172852 5.723287
4283.534668 4.620687
5710.372559 10.958261
672.386047 4.703688
520.447327 89.141838
2267.690674 116.627022
2211.574219 279.513672
841.979126 599.432007
9048.262695 180.919525
14111.656250 154.551300
18484.937500 150.668091
1315.130493 123.432808
621.048584 227.127213
152.911972 275.636810
4071.857422 347.950317
828.507263 447.261658
4370.982422 288.086670
8862.286133 219.086914
10751.408203 192.641708
1751.393311 198.573975
3137.885010 168.637405
4013.368164 173.604675
6315.113770 127.542137
10665.174805 60.357296
20133.931641 326.140991
18043.005859 177.079178
715.072449 116.808296
1390.791748 131.609070
1622.888062 79.784019
1186.322266 94.825455
7443.890137 206.944443
3842.276367 467.031616
10130.607422 21.825069
8397.911133 6.050159
6553.935059 50.871841
2208.152100 81.506508
5279.599121 108.499123
687.881653 66.423576
325.852173 36.590160
1860.628662 19.019011
8889.095703 318.424988
3774.354004 278.469604
9021.583984 221.933746
3005.577393 161.946121
2524.475342 41.234070
486.510681 130.144928
2197.089355 276.380035
975.181824 453.525848
4759.701660 15.874758
3657.500000 7.093837
3441.510498 2.241812
2374.402588 6.208057
113.165100 26.305401
2328.697021 110.446335
669.011963 283.704926
427.799530 560.047791
20702.068359 235.915619
5523.823242 84.908821
1512.302612 16.476391
1175.400879 0.692855
6172.435547 281.376617
70.105103 242.318436
2637.341309 194.278442
10408.010742 133.802734
1014.116455 519.740662
6350.476074 457.787231
402.906006 385.826660
2616.656982 325.581635
564.135620 5.610273
143.156204 16.443985
528.689514 44.154495
11558.611328 121.856293
2916.929199 298.411224
6121.566406 117.710495
1232.244019 26.664585
3821.160400 1.801304
27.842346 287.653595
868.695557 381.634125
4825.139648 509.181580
10112.312500 631.332275
9995.169922 163.253525
76.961273 198.378372
1681.067139 217.950134
2458.642090 238.535019
1310.203125 8.267819
728.332397 50.293644
7360.664062 177.822845
4741.163574 421.204041
2766.751709 396.856262
4604.488281 184.802124
652.155029 69.082115
7713.524414 17.549799
1781.611938 44.312527
2937.390381 67.738808
713.922852 112.896370
7113.727539 159.575439
11649.521484 373.086334
6522.768555 249.822144
826.299255 136.687088
1136.649536 64.239899
2355.545898 285.676422
6268.262207 419.342133
1081.119629 739.047607
2013.752686 1197.266602
9123.132812 169.828415
428.716064 258.750366
153.558716 298.234283
1283.940063 281.122650
3555.832275 5.889332
1731.209717 16.078024
10734.873047 123.686356
11592.054688 370.175446
7201.802734 379.742554
3308.314697 196.819046
1779.568726 98.196159
2821.171143 41.044754
1530.682373 9.463462
812.598633 69.316765
3851.063232 208.908401
7454.495117 427.215820
50255.554688 113.533813
154.717468 52.001015
19474.382812 20.227316
16338.486328 2.820941
4753.453613 118.728271
1.034646 72.251976
813.179565 55.000206
10941.962891 92.609726
24435.929688 379.420044
28510.458984 291.505615
4362.697266 226.883850
8810.163086 172.382385
2009.456421 227.034668
3732.611816 332.626221
899.007874 402.328857
6078.002441 409.579041
3330.305176 20.987576
6816.481934 20.811895
11627.772461 51.068356
7389.801758 123.102631
41.970234 29.277714
2917.168457 2.143496
1341.508911 35.662037
5144.956055 160.826385
12926.076172 310.800537
3076.509033 202.827255
1848.890869 134.307663
3504.387939 79.577385
6228.349609 192.553131
1968.136963 278.473877
3802.571533 366.368744
1128.381104 450.945374
5061.403809 38.359917
7896.930176 24.349817
4831.555176 53.909554
1525.401733 114.450279
249.209732 420.160400
656.285095 437.988220
3322.016846 485.791290
17420.369141 501.946472
26634.904297 881.843628
23307.503906 776.348511
6055.982422 616.021240
2844.502686 479.615387
4659.048340 273.447388
5205.504883 318.674408
436.109009 400.925903
2099.580322 564.243591
15463.601562 193.499786
8515.647461 132.489868
16552.687500 162.766861
18621.964844 223.157547
2451.634766 209.694839
1652.670776 351.330872
12524.953125 486.295776
3038.094971 557.678589
6954.648926 362.745117
3590.687744 232.995331
868.657532 137.055176
3105.127197 125.894424
7187.088867 24.701885
357.414062 95.097580
3512.406982 273.125031
11191.468750 570.777283
7284.005371 120.920853
2938.994873 47.021675
17965.291016 23.423729
12912.909180 14.623462
952.650024 166.887802
364.847748 186.830643
1878.590698 212.539444
34537.503906 187.115616
24028.708984 1000.567200
1520.094971 710.551819
7054.197266 421.608093
11924.435547 230.709534
4561.950684 93.942207
1696.042969 115.274956
924.865479 116.354576
4726.281738 160.030853
14676.061523 264.301971
1531.712158 58.187386
70.962402 1.455751
7105.445312 39.729973
346.752136 173.151932
6925.111816 184.726288
1340.691040 177.125504
1825.000977 139.665222
3709.913330 272.848816
1900.867798 223.415298
2166.947754 181.587677
5887.275879 165.575302
3334.923340 232.956070
766.629700 323.277069
4348.061523 516.621338
1411.715942 779.282654
266.282166 148.313583
17310.550781 200.887772
679.419556 224.397675
1628.323975 219.535599
172.696686 20.042587
5228.350586 70.672531
322.320404 220.957825
12193.646484 485.321228
6251.130859 155.241150
14648.726562 76.913078
384.580505 43.864971
367.860199 23.825584
1619.360352 195.869781
2234.801270 184.433167
15788.689453 192.560593
1810.727051 290.923004
810.545715 429.897217
1341.923828 240.754639
244.118622 181.030212
1260.561035 187.908279
598.523071 592.868896
1527.851318 688.270996
19529.644531 679.659973
842.968018 552.027710
8130.676758 297.270264
9057.921875 290.195190
5471.553711 339.314789
8655.323242 453.470398
405.819489 437.527588
4276.729492 692.291199
1693.020020 1297.823486
581.690002 2258.622803
4728.604492 523.659302
543.495605 408.984070
5420.420898 396.019043
1230.966431 390.053284
4757.784180 514.606079
108.367912 452.731262
399.979126 504.631897
7341.596191 620.690796
24136.007812 1399.662354
14326.774414 1222.685547
20107.531250 962.013489
17722.427734 699.047424
490.072144 23.618095
2805.430664 52.846298
2502.541260 162.798508
925.614014 377.958313
37176.750000 33.392773
4752.455566 5.514009
291.036743 16.701403
4214.536133 24.028997
3211.936768 1.784268
5102.081543 8.348569
1356.052368 18.954929
10952.683594 42.059570
10013.847656 275.627472
4351.087402 139.035904
348.777069 48.731422
2680.360596 8.391125
3124.053467 16.814161
3150.353027 1.440338
749.044250 24.021063
4835.336426 97.426003
51688.617188 41.373703
12506.653320 48.070259
1942.550781 54.109547
12141.460938 42.264683
4337.519531 79.612206
3867.633301 116.690010
2813.025635 179.264496
2721.398682 258.317963
27458.341797 45.048370
2589.575684 49.552895
11219.776367 56.146832
2133.576416 63.317566
4008.325928 62.084160
483.943146 53.951889
4822.662109 44.423832
10156.792969 38.910992
9148.844727 293.389160
2910.752441 192.389740
5132.916992 118.161697
3486.570557 78.045181
2927.988770 193.994522
2.787651 346.672668
4183.026855 540.167908
4957.891113 745.531128
2408.488770 15.319336
3841.820312 0.703310
3003.136230 26.910913
4664.284668 89.443268
823.151428 328.420959
657.841675 409.689423
14704.145508 469.891174
21476.892578 498.222290
316.465149 720.419434
6231.204590 470.167664
2895.862305 313.682983
1643.337402 276.427490
1112.171387 28.028574
390.148071 6.547449
4668.336914 147.136719
12191.921875 498.469482
18170.779297 128.820068
7352.770020 122.626816
2935.686523 137.895920
232.135544 102.226204
595.666748 44.434681
1741.853638 64.480034
1764.883911 120.799377
2931.611328 226.645889
7919.895508 269.599670
15307.242188 150.570221
1530.336426 80.974670
7204.807129 49.581165
1149.556274 190.811005
3038.548584 164.843323
1209.740967 150.725296
8581.449219 141.827347
20513.005859 457.796814
22160.494141 386.377380
19639.894531 305.826782
5047.377930 237.187012
3053.913574 130.007996
6204.338867 255.909454
7042.860840 477.255524
12792.026367 823.370605
31859.576172 155.752472
3026.899658 20.091871
3628.770020 6.091102
7407.873047 52.859097
7708.057617 36.326530
1946.966553 4.887133
924.258911 22.132448
2944.752197 95.076370
24064.519531 563.903381
13700.096680 384.606018
7588.372559 229.195984
8523.519531 111.693817
1904.730713 35.340061
409.593781 119.637794
366.299438 249.815216
334.009979 403.678040
3888.747803 128.294800
14071.994141 60.016998
2153.691895 15.146736
2216.445068 2.890952
67.380875 169.662003
1242.724487 444.047943
611.057068 827.622192
6792.428711 1216.058228
9630.807617 487.549744
3018.422363 286.337189
9501.698242 121.400299
3071.826660 63.780148
7179.534180 424.488312
1403.908936 349.103912
3343.864746 327.895660
8374.800781 384.227356
1901.148560 954.889526
6870.622070 798.010986
8038.749023 656.234802
3516.904053 531.009888
97.253563 374.084930
194.609406 488.056152
680.149170 898.582275
7556.453613 1589.172729
17290.939453 94.650345
7040.129883 288.744843
2004.191528 416.647400
102.787415 412.877502
1382.587280 25.330486
1995.868164 156.406799
506.948212 443.185242
1672.565308 923.798401
1693.512207 883.317322
1363.431763 401.509857
2185.108398 124.797821
990.541504 13.515874
325.670776 58.728287
1948.786987 44.468781
5094.324707 93.998741
8081.592773 295.293732
10771.521484 500.024963
2864.898193 221.761353
2154.353027 106.414764
1488.050171 76.029556
3937.950195 112.212509
911.584045 117.505989
233.995483 139.579681
865.398071 176.396561
16419.310547 347.258240
6316.020020 252.425949
535.891602 176.540955
6869.336426 129.832520
3428.000488 10.441003
6880.766602 20.782675
1902.775635 31.016851
4309.973633 43.615032
645.640198 214.381638
126.143921 111.168091
340.480377 41.292397
1653.340942 11.362983
1071.177368 89.108757
422.743774 67.965599
3175.196045 79.050629
15326.621094 136.739227
37737.835938 25.505476
25722.115234 70.905190
2830.454346 106.582275
3345.342773 111.042282
6108.356445 48.279465
2722.713379 112.390862
4281.072266 209.767944
1566.697998 325.598022
9127.466797 28.318939
7241.371094 11.541580
12266.909180 7.450943
5667.072754 16.657677
1616.170654 79.965424
1667.171875 48.628220
1622.259277 11.623498
5781.130859 22.780762
7988.924805 277.214172
3481.389160 137.108124
4659.116211 86.339005
1649.828857 84.440010
4631.362305 88.659027
2489.043213 78.937477
1668.166992 97.721138
198.843979 175.589966
11536.256836 14.555898
8001.333008 25.030865
4758.289551 63.009041
7234.283203 89.269028
4110.489746 283.205505
883.327454 341.264374
3274.719727 432.632019
4096.433105 513.965820
11509.402344 235.191269
7921.778320 281.650146
126.654610 284.030457
3575.431396 271.402802
6429.314453 202.587067
1160.425293 195.632202
939.743591 145.487534
11399.305664 67.663506
7430.041504 375.175079
6144.780273 259.060822
4087.181152 196.280792
8533.052734 188.516220
307.784729 107.407364
546.059021 214.901215
1388.425537 434.900421
6050.063477 770.222107
10179.202148 20.710552
3113.919189 4.257114
2204.842773 31.870176
2656.576904 63.035843
1690.602295 106.152779
2840.044678 170.555786
2876.565430 229.699463
4007.666016 239.739609
17624.263672 949.631104
3735.631104 582.009155
125.474655 278.363281
2758.444336 119.760551
1742.014526 476.569336
10624.025391 669.385864
7154.454102 917.107056
5531.296387 1156.560425
6759.311523 152.273605
4102.344238 220.160248
1470.971436 282.685181
1525.247314 355.788513
3271.450195 370.519104
42.476231 506.003143
2168.328369 923.130981
4360.385254 1686.062012
64036.601562 564.901489
24844.371094 396.253235
12421.294922 370.582550
8272.125977 364.134399
8101.043945 566.230042
78.121178 512.898132
710.312195 576.919983
517.418884 760.586365
14202.677734 1251.795898
4798.467285 1073.034790
8551.888672 885.143677
446.633392 704.690063
2174.344727 65.498383
1548.665527 42.950348
1270.504395 31.228367
10902.325195 37.166794
37861.160156 321.304657
4790.883789 229.473145
5873.709473 153.609283
2276.613281 100.212929
7570.629883 44.665756
3419.766357 20.752428
12797.300781 3.320190
3542.153320 19.551014
6367.390625 20.877977
666.283447 17.379400
10293.474609 36.761108
7870.345215 51.544315
5551.981934 349.648468
721.833740 563.867188
1196.409180 948.645264
12718.943359 1410.361816
14219.710938 144.984756
13397.066406 251.287369
4386.729980 289.875824
4326.033691 289.917755
1267.755493 139.526245
1347.725952 79.080948
1514.207397 93.357735
389.525360 205.710358
11486.398438 957.016663
3955.397949 671.553223
4046.762939 435.383514
842.585083 258.935059
805.634399 46.396194
1185.180908 88.330399
3308.556152 128.708984
4114.446289 152.738235
4445.016602 3.970193
524.948730 0.609734
4159.597168 1.724737
2496.016113 15.791920
2102.201660 230.465271
2901.381104 271.714691
292.275085 337.650574
8991.356445 397.317993
20499.992188 217.906860
9094.500000 242.397034
774.812561 237.138275
1712.944580 223.848236
4852.173828 65.382477
161.297958 40.048424
5386.032227 64.000710
2190.022949 204.794739
44534.187500 295.432190
17325.480469 144.215485
1697.745850 95.372803
3226.412354 85.137932
10405.288086 212.296753
2819.250977 369.402893
389.345215 642.688477
7791.067383 940.664856
7692.243164 213.768753
6525.074219 256.764282
8859.815430 229.316803
3479.763916 185.488388
4369.616211 194.083633
337.705261 219.228149
4474.946289 241.806396
1137.714722 267.825104
330.845001 503.264709
12848.025391 331.952576
216.392944 223.489105
779.729004 184.942627
442.449615 70.311691
360.688141 202.357071
2626.927490 379.692566
7344.065430 581.839233
17977.748047 461.752289
6769.461426 210.889160
2383.524658 55.303070
191.336060 12.161723
4237.304199 230.142075
3466.396484 140.225723
1598.504395 70.938156
5522.618652 48.824318
24765.240234 257.061096
3131.465576 309.873962
6339.377930 331.789551
7721.460938 303.475037
430.861877 10.614100
1446.178589 17.774057
4416.304199 15.608541
840.106689 5.897060
16776.976562 107.886673
4725.788574 50.158787
2021.816162 14.311714
5460.394531 4.353008
443.484985 54.996998
5300.150391 186.130737
336.153015 456.377289
10131.584961 803.643616
165.958786 67.255936
966.428223 99.714546
452.643707 84.675980
1841.891724 45.379997
2077.025391 43.294701
1881.660645 98.851517
819.193237 218.953583
16138.919922 425.680237
2323.949219 193.230804
11673.978516 71.590897
956.922485 25.802782
991.249878 22.473503
11.580556 121.763290
1547.309082 123.084717
4832.580566 288.796967
436.131104 646.999512
20164.082031 167.381744
6998.210449 194.686935
10257.240234 220.010529
2730.244141 186.169449
7707.730469 41.384411
1908.078369 11.934337
8293.806641 15.455845
7271.275879 87.604103
2478.875000 331.366730
9352.976562 199.281952
2192.227051 123.089813
8675.739258 78.198639
269.767883 5.664828
761.634277 2.634335
9147.110352 3.963748
8434.441406 21.937920
53376.835938 50.863468
24748.320312 17.660645
14857.579102 6.250386
1104.495972 5.882557
11699.414062 88.042625
1206.710327 148.436249
1251.477295 213.486282
229.339920 264.576355
26521.412109 1.849845
20120.968750 7.555042
14902.644531 19.427711
17889.662109 44.373344
746.402283 2.158033
1165.039795 41.975952
3359.261963 190.857697
437.682251 463.493652
11349.318359 134.077789
2243.482666 73.403534
1573.687500 46.246143
892.523376 19.383669
1258.118530 33.220856
422.783447 87.204483
22.429955 195.404190
3433.050781 370.270233
7956.522949 199.858292
7555.878906 81.902458
3166.564209 27.201380
785.983643 15.160174
453.916504 167.392136
325.304840 163.812424
1830.243530 208.246857
27415.574219 252.275085
10814.416016 647.583740
15640.860352 546.020691
1713.643188 390.859619
265.616333 247.377777
633.470886 177.508759
1271.419434 198.368195
5931.498535 217.226593
6087.014648 253.439285
12043.175781 96.801651
4714.462402 78.433884
5497.381348 102.560562
4107.606445 143.282303
626.474365 11.431982
291.265533 3.997543
6989.526367 7.102259
399.853851 27.115292
10125.036133 155.345139
2721.011719 96.714661
1071.373535 54.109119
9967.038086 27.172964
3084.564453 49.899719
1253.221191 108.127449
2092.969971 210.830231
2268.787109 345.950287
2884.363770 33.808418
21810.904297 23.525589
9157.090820 22.514240
659.602539 27.350609
1648.629883 38.797707
1593.879028 118.764534
1954.594116 281.977844
16251.948242 544.845642
11548.570312 157.964996
2229.287842 43.426788
7296.541992 5.104774
5373.561035 7.577280
1000.928711 128.310394
49.645264 122.071060
2510.203613 130.578796
837.974121 142.081070
45869.187500 537.559448
8076.167480 393.392639
9000.224609 260.623230
8595.141602 169.921478
1085.667603 635.223083
182.314819 600.453796
5115.860840 547.942261
4470.257812 508.801392
30704.695312 588.229919
4147.856934 586.409851
2573.034668 611.393555
3068.870117 636.258789
103.413254 658.067810
2494.762695 644.187988
8910.519531 832.269653
4757.062012 1288.682617
22368.380859 1254.454712
27450.105469 1020.134155
11715.363281 880.629028
3429.684570 762.173279
1009.417725 37.333111
33.209564 48.506245
3040.027832 38.447807
3006.744629 27.817873
57429.257812 921.501953
10572.965820 482.128662
26358.281250 184.410889
357.870300 54.544453
902.876343 542.046448
2893.392578 623.298401
1621.047119 608.322815
6366.779785 562.390991
5961.631836 979.394165
13057.755859 548.044312
2126.559082 371.405212
780.986877 413.376984
273.973267 426.152954
770.210938 527.061401
1220.250000 708.498535
3098.128174 881.203491
16702.283203 1633.667969
4249.508789 1189.279541
2266.335205 767.953613
379.549835 495.472015
1649.562500 142.698105
570.294800 74.170631
587.754211 29.007229
9547.887695 6.533535
14880.162109 361.192566
41785.628906 352.655701
1582.359619 302.179260
2352.056885 224.997757
49.032417 46.581646
21.295727 58.994514
4618.073242 82.462852
8524.547852 108.408218
29617.791016 68.252144
3905.309814 65.474686
9799.777344 56.365089
24.989485 47.315815
489.644470 377.817871
942.198792 288.643250
1190.047363 217.444199
854.350281 314.380890
9629.240234 381.291565
4594.833984 248.360168
250.203430 296.102203
2522.537842 377.929047
3950.723145 137.714264
910.312927 212.343964
1679.289795 314.342896
1591.931152 363.279022
4917.529785 840.229370
92567.703125 598.649170
6074.130859 340.926300
3437.430176 171.200623
1141.654053 19.786728
1322.999756 66.973145
937.299927 108.853333
10161.006836 127.080544
2708.462158 256.096558
18994.058594 129.829407
418.884827 35.781807
5108.316895 0.242509
2098.036865 239.131897
2354.837158 279.539764
2178.396729 332.401733
1348.500854 389.540405
20374.343750 51.823086
13867.329102 110.397072
225.511856 164.083221
1424.995972 204.837921
139.024399 271.280884
97.151039 261.738800
2091.224609 196.193298
9689.485352 191.476501
38392.066406 687.590942
4419.326172 302.605713
9041.621094 172.172592
3462.334717 209.295486
1150.361572 74.318909
1640.660645 99.964836
2224.618164 143.652481
7076.336914 226.945099
14334.525391 176.149506
25995.900391 81.432457
3904.255615 48.593494
626.953491 54.417801
2141.722168 694.830078
2449.163330 709.497192
707.253845 571.967651
3670.365723 455.527344
16908.673828 1258.772217
9690.905273 641.797913
5844.112793 443.624542
1832.439331 542.073364
2455.692383 664.291992
745.922974 757.314941
1593.678345 888.783752
141.806442 944.804382
3915.469482 1862.628418
17693.138672 1445.409668
305.902893 1015.982300
2444.522217 733.599548
922.864258 22.467051
605.727966 36.527710
6755.333008 70.314049
40777.507812 98.205498
22312.611328 246.903961
17273.386719 186.060760
4994.783203 108.592682
2574.719482 46.770531
1602.982300 26.782684
3776.417969 39.124401
1037.320068 102.757889
4356.284668 236.601105
2039.816284 231.905060
1419.815186 129.233109
18235.707031 72.390030
5454.267090 41.424023
243.396210 203.276154
92.460571 280.113861
2589.829590 291.888977
1115.646729 235.119507
16773.281250 532.782104
13321.154297 278.056580
27403.236328 134.747131
2708.076660 126.360703
1189.103149 81.507713
58.303947 70.212082
1016.920654 144.595001
6589.921387 308.674103
8594.318359 337.913086
3578.723633 280.525879
1126.449341 217.877060
3622.174072 144.162628
716.064941 31.130278
1.324760 39.410618
1216.345825 59.201569
13188.541016 92.822777
16489.404297 126.266762
12878.242188 79.164314
4401.498535 48.458836
1110.525879 33.492199
154.861893 81.740906
77.962936 162.803101
1215.237305 265.578430
886.685181 344.270782
5345.644043 111.423447
15683.404297 97.351158
3468.059082 65.315414
527.563782 50.342892
776.732117 238.364594
1035.684204 291.910187
1190.109131 312.029785
314.419098 302.882263
19752.597656 301.337372
20556.765625 192.465057
1669.235718 151.543762
2258.433105 177.581528
736.805481 338.222870
624.186218 302.118652
776.668152 196.915848
34.528950 80.420479
17225.707031 341.626740
3045.854248 248.653427
7739.619141 249.902420
2923.154297 303.393951
209.234131 97.235268
1200.500122 98.721596
7104.581055 175.623077
519.855835 310.570160
14754.195312 166.032883
4093.008789 204.282288
748.867004 195.190933
4629.569336 145.804855
443.189728 253.666962
962.402527 285.401276
436.956055 337.705841
8039.518555 402.983948
7683.467773 168.297577
30964.173828 195.444611
5281.759277 219.339874
6353.434570 235.979507
1791.616577 233.958389
3148.228027 336.087616
3726.643799 445.057220
4416.458984 501.287659
5653.006348 779.324219
42528.273438 532.771667
8060.880371 319.012390
4212.711426 213.579147
2456.013916 8.614759
1348.667847 7.802482
395.004272 12.380353
13064.704102 25.352125
72808.140625 52.018509
17832.857422 32.381607
811.335815 19.834488
1160.619263 12.586619
3435.576660 92.027023
1881.272949 149.690796
6711.020508 219.986176
4393.913574 270.804565
81071.281250 242.287277
450.992340 173.969040
3232.697266 107.773476
2869.978271 75.184875
2769.204834 175.089996
1129.768677 141.090027
3207.731201 109.800789
6727.579102 119.492462
21771.144531 307.926636
15420.786133 227.630310
10532.934570 198.384613
346.160034 191.135330
390.588867 262.463806
519.737610 327.166992
2275.641846 365.349152
1712.252686 362.584412
10886.231445 439.205139
4831.302734 302.284576
1311.924561 219.558609
832.195007 212.234711
1062.164673 111.018867
1213.405518 144.153610
79.433128 188.518021
13536.148438 215.009247
6545.955078 513.675598
6002.958984 356.202728
10274.212891 212.465881
1146.405640 126.696121
242.633499 331.532379
2697.083252 401.495453
3442.740479 445.033112
3071.597656 480.693176
8395.032227 23.501116
15925.646484 39.628086
5886.600586 121.501144
7513.405762 231.479889
412.869904 367.082794
1301.360962 360.527191
1313.219238 272.953491
11079.819336 185.719452
19864.818359 805.113892
19416.380859 449.069275
18146.757812 299.734314
2606.011230 311.818298
788.758972 8.466807
257.121796 40.866066
234.421448 94.036804
7591.204590 136.647842
22313.470703 282.802185
536.300354 190.594513
3248.829590 91.399048
132.656097 23.553925
2135.666504 1.529380
7141.636719 2.693766
1695.036621 4.083252
8141.062500 18.559723
34009.878906 177.522766
3147.206055 79.977516
15573.656250 23.299427
241.102631 3.043835
800.098389 195.868576
465.775085 265.841614
2885.253662 296.025513
618.871582 306.265442
47949.722656 286.479401
7312.884766 120.215645
4456.542969 67.037827
1123.444092 110.601486
1568.715210 57.140465
2758.749512 66.695869
2725.797607 82.922256
1012.355835 120.065903
92849.914062 559.884460
10436.224609 313.321136
7630.640137 147.788528
2219.804199 71.770874
437.769470 2.706517
973.867065 5.129568
4566.930664 1.330679
5198.647461 3.189050
32903.125000 245.868286
16672.810547 115.792412
8059.435547 34.933899
630.833191 4.301864
1089.824463 38.875122
398.379425 61.912838
2750.316650 63.840401
9177.591797 43.179207
2627.819824 207.155487
2852.291992 100.436256
115.567398 33.989399
2721.662354 19.116032
1384.100342 5.428636
802.385864 17.728987
1090.591919 29.007374
1053.285645 35.500721
28236.162109 91.246765
40458.082031 46.438705
11448.373047 14.122188
3008.304199 1.263177
111.899620 25.228401
848.561462 20.165728
996.231140 17.108719
4969.320801 23.407167
159.509125 226.020905
6686.111328 133.902039
5560.092773 70.090569
2818.793945 37.416832
1129.963501 63.333656
1104.487061 67.882126
4152.324219 105.418777
9631.375000 181.805893
9556.737305 15.053607
1866.454712 40.583412
2564.812256 63.698307
4129.112793 69.302353
1510.979736 169.556030
946.373047 167.558289
11600.679688 125.229446
13984.916992 58.307426
6128.785645 258.475891
6399.822754 174.680176
2493.885254 139.107330
104.206490 147.879105
1213.013184 28.622982
2072.645996 62.336098
612.258057 105.141548
15370.967773 137.898483
56173.648438 75.227013
30123.134766 54.704468
614.647522 30.012444
3019.514648 17.534168
543.870361 218.637238
541.509033 374.099060
4159.849121 573.265442
7141.770996 780.631348
28388.720703 321.778534
38919.746094 193.952454
13688.164062 125.602493
5061.660645 132.318024
132.627121 97.531364
383.723877 76.626167
3182.465820 60.403316
1978.518677 77.676895
57993.406250 579.338806
7171.094727 349.913300
12957.464844 200.633224
482.398743 127.880814
1495.472656 50.374916
1702.087158 37.382156
1075.872803 31.107758
3628.697998 32.470253
20799.355469 127.260086
1295.007202 109.916985
3859.002441 89.248260
386.142212 68.437256
140.472672 42.696259
548.730164 80.475647
539.601990 123.128181
6447.345703 165.342102
19115.730469 25.402599
9831.399414 4.274638
5167.765625 0.948467
2367.034424 14.748785
1799.295898 83.889107
1016.438416 138.589417
3750.445801 260.540100
1239.636230 426.403870
13572.259766 46.670620
15913.106445 79.735542
1320.261230 89.947525
6139.787109 80.523346
944.761780 38.218330
5671.229980 82.802879
10036.265625 168.606583
1711.404785 296.547058
20347.259766 380.668915
3247.568848 207.116913
7394.202148 91.758316
1182.804688 38.174839
213.783691 359.134399
1343.908325 429.153290
3287.530029 433.283875
7414.390137 348.262207
34731.617188 440.028473
12136.228516 330.773499
3673.329834 268.449158
1200.152100 285.178925
4598.131836 130.054825
866.944702 104.227989
2597.513672 70.000992
1178.141479 66.390373
26671.251953 181.802902
9299.659180 120.655846
2579.051025 113.942871
719.490540 128.880219
171.769318 248.757874
457.799866 319.966278
2382.043457 387.388489
7951.329590 445.094666
33271.179688 24.670448
2806.560303 54.175350
9392.931641 109.187660
28.355419 176.997513
291.421997 796.157410
418.170258 767.249268
8044.475586 593.015564
4415.930176 397.470062
3537.162842 832.256348
65.063385 570.951721
6823.706055 552.723328
2310.941406 682.858582
1792.095215 309.031189
189.745987 335.203674
3968.416992 551.987793
16149.046875 919.672974
19357.541016 817.995239
3758.289062 739.286865
14824.443359 600.219727
3149.428467 428.673157
619.925903 549.415466
1152.162476 521.669067
1112.269043 495.022766
15604.198242 436.024078
30039.322266 876.456726
41223.839844 816.838379
1096.705811 710.328796
3161.636719 610.652405
203.173218 671.339600
802.009155 686.501892
3852.035400 799.487915
594.298279 1119.602295
5328.731445 632.534851
4452.439453 517.246460
8893.554688 564.741150
325.864716 641.282959
3316.027588 357.740448
3023.717773 342.250824
4527.595703 381.645081
1199.890259 542.977356
5583.056641 1501.790649
3991.877930 947.905640
23107.109375 594.511719
692.693359 422.357788
791.950745 376.075348
1359.010620 420.042816
1556.001587 475.403900
1730.208496 455.845551
389.346863 1484.856567
15520.994141 1099.577271
449.688660 710.182190
974.934021 453.838623
967.310913 167.027267
829.445435 172.294983
6319.957520 296.040985
5570.313965 486.814331
33941.828125 429.559631
292.730957 457.458740
546.748474 387.522644
3223.191162 263.010468
259.771729 264.855713
151.823715 266.451111
7934.577148 257.528412
4827.839844 276.277710
2663.000244 245.283524
25299.496094 186.352600
9091.314453 195.930878
768.875671 235.728546
1700.925293 351.108978
5220.812500 335.662354
14133.236328 332.748322
8750.008789 440.630829
59493.367188 724.608398
3932.742676 432.030823
2928.712646 329.656982
3074.525635 335.251648
6339.001465 548.116821
7756.142090 694.273438
6023.373047 871.537659
21052.474609 911.964600
53222.093750 1637.501953
22368.576172 1292.243774
1891.239136 875.976624
3396.346680 593.031616
325.287994 642.291626
610.035461 604.728271
683.919800 497.788147
10021.837891 401.104095
122703.640625 161.850128
48907.398438 245.830734
3622.562500 411.251740
3288.320068 569.576965
5613.092285 394.313568
2043.456543 342.135773
3469.002441 276.251160
8261.587891 284.743744
82069.437500 1059.332642
25538.910156 680.139221
4704.536621 482.734833
405.714691 419.118561
464.500977 143.258118
203.888245 232.315735
132.177856 384.542694
3030.869385 486.244720
41661.277344 754.346191
5819.145508 609.491821
1606.267456 381.427216
3777.536377 195.392090
1224.198242 134.560104
398.195831 113.044395
2223.423584 64.450935
3272.648926 19.384607
42984.613281 79.844772
13127.207031 62.993721
6967.967773 85.113258
2069.549316 119.628937
816.395996 554.969788
1014.914551 940.670288
2254.864502 1327.991577
10580.183594 1558.842896
9152.936523 803.300842
8430.200195 539.008118
253.336792 337.562378
1280.272095 328.757294
1580.881104 55.162170
103.954163 75.845901
3745.159912 161.110825
12405.296875 316.826599
21590.246094 307.656067
26628.576172 203.598938
8533.470703 129.940048
1033.572510 79.042412
556.872314 25.381285
122.379440 30.912771
614.622681 72.676979
524.939880 202.183197
7470.083984 385.986389
20333.621094 163.534683
1327.737305 58.399727
4700.458008 28.719772
1297.683716 79.670853
732.497070 98.652855
2032.527832 120.748459
3615.369141 132.621979
14995.019531 97.373077
2998.930420 92.398758
8375.487305 80.494141
2154.230225 73.443329
397.468811 49.786980
1770.759033 111.591461
6101.924805 239.738007
28227.789062 424.034241
8993.323242 8.781843
3507.307129 14.923340
1817.293213 26.435299
171.906906 32.248337
1234.102417 473.979004
1333.047363 421.092346
12324.660156 266.031067
6384.389648 136.269608
551.427185 746.817810
20177.480469 426.921356
10973.599609 346.174866
2899.194824 413.003815
2263.675049 712.041870
3155.995361 916.169922
35.979053 1202.718018
2073.179688 1475.889160
11244.807617 1188.817139
13604.069336 964.104187
9162.708984 759.164917
1313.684448 657.371094
670.396545 64.881897
497.076111 32.076157
1710.811523 85.066345
2533.916504 213.785309
3.110768 931.251404
30898.703125 654.143372
3401.368652 392.293884
2239.371094 187.567505
355.630920 347.597137
4652.381836 433.083191
3300.674072 591.741882
1503.071045 806.912109
34537.730469 57.288380
1007.477783 160.611923
1018.174316 249.526886
101.745132 303.003113
879.456360 567.565491
301.989594 559.025269
4212.500000 504.481750
4081.654297 510.466095
25250.929688 1230.359741
23482.539062 759.223206
1696.015869 547.406433
1144.727295 528.929932
1141.883423 47.105553
1242.398193 68.231728
1404.708740 127.231636
8070.937012 199.768692
5152.455566 635.065857
5624.099121 417.395172
10283.266602 221.781815
5555.933105 93.360558
358.561279 44.989326
1390.746338 56.109138
93.089897 39.755909
10598.606445 11.234941
22091.775391 443.255524
12266.781250 219.475739
10625.333008 80.802567
1657.328125 35.532021
760.898010 118.044670
1410.531250 185.174988
2730.210449 218.227890
11038.510742 224.522949
8355.723633 197.752350
11993.353516 62.035942
4396.945801 12.540312
3103.114258 44.449123
1804.614624 286.596924
10402.088867 239.822906
4755.969727 147.398010
20540.626953 110.676796
65543.000000 758.673218
123.382172 418.692383
5023.161133 278.900665
3100.890381 273.295898
1315.503296 437.636932
1123.671509 676.472595
1051.947021 1010.731506
474.187042 1238.131348
3381.481934 1238.131348
474.187042 1010.731506
1051.947021 676.472595
1123.671509 437.636932
1384.318115 255.737793
209.559937 148.104416
1111.367065 54.184204
1946.246338 17.095909
327630.875000 307.434174
38953.050781 338.263428
9711.787109 357.323914
477.416016 332.893433
2320.495850 134.768707
494.263672 237.751450
5894.489258 386.449524
193.319870 567.947693
11533.035156 196.076660
7459.869141 107.262695
2399.764404 69.651154
1106.816772 79.245346
1020.894165 157.551956
139.739258 153.823456
2504.621094 72.277206
31986.382812 1.619299
21505.085938 769.268127
7055.516602 325.243073
427.545105 119.406235
3072.172607 106.803215
305.419373 151.065872
586.770386 265.880981
2837.463623 351.026947
986.426941 338.192963
2759.034424 636.984863
8236.691406 396.014679
6358.090820 189.407822
6309.626953 103.966209
868.113464 159.187988
830.537598 367.853088
3662.242432 625.317871
11106.339844 824.697449
22266.808594 534.753723
2683.508789 347.607269
9307.347656 165.975037
192.761383 85.196732
641.442688 77.607567
390.583252 142.054260
947.969727 236.675446
6518.712891 341.927887
13840.201172 53.868839
13517.171875 44.048485
786.003052 39.721951
246.510422 46.685989
341.847717 48.937920
1665.319702 38.977348
4044.810303 35.174751
547.041870 40.100662
13949.619141 107.977295
15615.196289 92.282600
2434.889404 76.913071
1087.281006 62.216873
182.985565 1233.026978
1747.306519 1383.818726
1207.342407 1479.924438
2560.992432 1661.498657
11623.768555 545.688843
18303.593750 434.960266
726.555298 634.953857
1461.950928 960.436523
1370.824097 437.739502
401.761169 490.229065
421.293427 772.972717
3273.556885 1251.152466
56639.890625 2690.328613
12061.791992 1842.670898
2234.154053 1128.075928
955.729370 647.106812
1480.597412 156.266754
939.071045 160.663284
5061.187988 209.187286
21506.669922 286.037476
46482.593750 568.751343
23709.607422 434.880676
8830.401367 304.317383
441.679871 205.352722
1213.506470 119.791809
784.743164 207.946594
2112.916016 244.776733
9846.715820 208.638748
24628.521484 395.684692
700.152100 188.492844
1124.405640 60.462154
117.329506 47.120903
2286.614746 614.943115
182.408905 652.348450
2113.285645 575.867920
2811.056885 444.546906
42253.234375 249.378891
35441.503906 212.007965
2073.141357 307.760590
506.473755 474.657501
2052.138916 917.474731
1190.673584 828.638428
11157.751953 775.430847
11021.307617 918.104004
84335.679688 1441.335449
14913.074219 1076.560547
2964.566895 957.000305
7474.216309 948.705566
1477.827881 194.000015
283.799805 220.179520
1979.870972 445.396088
15146.694336 725.650757
21125.574219 1277.579102
44778.128906 1117.844360
987.250732 774.100281
580.160950 408.390594
779.607544 137.569931
261.847443 153.005310
897.769897 140.408127
3445.288330 95.993103
79494.257812 275.650055
83602.585938 189.729095
17329.066406 133.293854
4836.842285 120.639267
1448.067261 67.705765
4661.518555 91.006714
5756.745605 108.557770
12694.971680 114.868973
75861.632812 8.980383
3659.548096 15.327229
11993.084961 26.941328
5211.240234 44.872463
306.706573 282.603210
270.921143 361.768066
2384.379395 455.626038
4769.774414 608.468628
7214.497070 227.214844
6062.312500 106.950806
4510.744141 115.768356
3117.400391 193.744843
1283.406738 100.898102
396.585327 137.715820
1313.775879 203.037292
6841.291016 307.802032
14014.150391 1016.670044
27914.623047 579.863892
4718.880859 274.886414
7398.068359 127.283936
146.188812 39.845036
493.074524 39.550388
1240.152100 72.548904
3516.813965 182.149902
9499.639648 165.379791
1970.065674 62.153316
5430.625488 34.558552
1053.635376 38.463524
421.352539 402.322296
130.067993 515.349243
1300.246582 526.204407
9144.756836 470.669983
14828.620117 822.749329
19867.957031 408.203308
335.290985 223.515259
94.383842 259.366791
264.946930 269.410889
1348.904907 271.307861
2993.232666 345.408813
12258.054688 449.995697
12330.897461 1213.833740
18968.771484 908.362976
5273.305664 604.199097
1677.239014 378.084930
1231.805054 626.588562
2064.320068 612.145874
12317.872070 640.717712
10491.076172 717.380737
16858.386719 271.321228
3461.355469 456.765594
24756.824219 588.546753
664.712830 637.175415
2303.735596 388.047943
471.852661 348.648071
2176.575684 399.085541
5443.798340 679.946716
37908.269531 839.598022
42630.148438 515.542725
4852.730957 416.802612
28.669645 410.144958
503.824402 554.175537
208.502335 626.789001
3242.187744 675.511475
4621.649414 610.733398
1761.656982 1694.048828
19595.695312 1250.507080
2253.779053 835.376099
2333.025635 594.047607
324.658813 141.620087
2991.339844 140.477966
4257.335938 187.678101
9411.074219 252.693375
21665.062500 420.066589
11362.186523 375.564331
11356.058594 289.541016
37.868481 198.434143
154.900177 31.233860
2321.174316 34.903107
3711.659180 40.510674
3348.650879 46.956417
1377.952881 12.314551
1640.996582 19.476130
175.582870 25.110003
1460.153320 28.604885
244.634003 309.937531
542.339905 421.407501
55.544907 487.783264
3216.289551 483.521667
80482.070312 375.278076
17583.500000 244.490509
2840.695557 181.352707
33.321388 210.914764
2370.401123 59.207066
8078.484375 26.123102
9626.639648 5.036360
2952.804932 25.544128
49031.828125 242.091965
18242.962891 157.945206
3151.402100 112.608017
1119.280029 86.595612
2328.692871 123.962662
1115.747070 163.511826
522.796265 154.757843
3414.739014 120.154366
3602.911377 145.064636
29990.070312 32.020420
7471.762695 7.933475
653.129089 55.349792
517.890930 102.187096
4431.384766 62.602379
2771.073242 50.876282
1184.820923 110.431046
22190.224609 292.911316
8487.507812 199.462601
1311.366577 158.758331
2768.503174 135.358459
608.640564 27.063828
1486.008911 34.613022
3538.583008 73.450752
4942.436523 110.727135
10463.688477 266.462585
6006.717285 223.802856
12925.564453 144.446991
326.070435 67.413452
214.161819 132.295761
685.728333 135.656555
1151.004395 128.960037
5271.787109 121.472916
22548.009766 75.886421
4089.068359 76.637817
8220.117188 93.702072
4566.445312 116.234169
2535.857422 15.832275
2754.830811 51.539845
24.844112 186.352112
3918.897705 371.408997
11998.361328 392.844879
10793.551758 324.175507
835.917725 204.820297
3953.040283 81.285873
332.009277 259.463562
56.835487 452.771729
755.513794 678.595093
13053.701172 841.979614
54560.242188 195.589233
8226.174805 187.242584
1476.231323 153.421494
732.164001 159.849533
2679.128906 35.591843
3197.596680 11.571410
749.529785 16.293455
10835.255859 124.217438
33401.609375 305.228210
5008.924316 113.095810
1320.700562 47.281212
2070.500000 42.625626
642.253174 140.964630
2602.506104 195.064941
26.033051 282.520996
3638.293945 360.246216
2558.972656 192.110397
1338.793701 199.362442
12630.498047 169.867279
1541.052002 137.887421
1359.783081 64.729294
875.118774 70.719238
121.953026 84.342094
437.510406 130.388290
21221.625000 137.067886
21328.644531 64.874634
2748.411865 44.859890
818.173584 53.206329
340.763916 28.215021
636.000854 8.820470
85.822464 9.317822
4770.607910 56.603958
26360.658203 102.731621
25387.988281 59.858215
1213.207275 48.438499
7683.230469 43.238403
242.022324 95.074837
1246.714478 135.745758
7159.472656 152.441803
1931.034790 128.140579
7567.221191 318.394257
3871.101807 192.025940
94.069328 99.954781
71.819839 70.678429
674.370300 92.416809
1619.882324 122.500328
7558.111328 136.064270
3391.148926 127.476364
28661.859375 183.247101
19554.314453 111.793617
685.849792 69.691971
1206.830444 66.919113
223.062195 63.147308
368.304047 229.322174
429.328308 484.813782
24739.074219 741.409058
13916.721680 219.834595
12093.079102 165.766327
3194.661133 79.106293
254.210342 22.364506
392.388367 394.185730
4576.167969 409.699829
2402.138184 347.449036
2430.191895 219.465286
11775.509766 449.570312
40948.175781 346.662079
7961.971680 309.010620
4889.835449 339.793091
488.464233 24.480070
1534.235840 40.433773
243.538040 118.498825
2821.045654 273.993469
44714.234375 101.614632
3602.676025 62.362747
16321.166016 48.950817
975.280823 36.217754
647.150635 125.719421
1060.926025 141.569687
711.056274 121.353531
1542.882812 123.717209
6589.425293 247.387741
4368.562012 65.830223
22724.511719 22.458677
1789.679810 68.307510
2212.612305 14.090097
643.002869 43.593338
1843.435913 72.661041
5363.982422 80.307732
877.549377 180.433807
8942.072266 109.950470
3935.504150 44.169975
306.469360 9.667072
1051.153198 172.460419
1582.709717 379.811981
3500.351807 683.106140
1133.649780 1030.261108
5756.023438 88.914749
2958.658691 42.871918
5139.146973 32.720604
223.471161 65.914543
1690.183838 20.813255
2791.057617 8.107452
3303.344238 4.610391
22040.611328 88.979996
8537.644531 626.392944
61032.140625 259.161102
3824.362549 75.377586
979.708740 24.896090
5651.551758 4.324218
12082.083984 3.088523
2820.405029 7.942148
10148.765625 18.060844
13773.015625 242.853409
10213.138672 145.455292
1812.160522 67.838547
2109.559570 21.904905
3020.155029 24.919367
3733.720703 18.515738
13866.487305 35.059948
16908.208984 81.582489
126708.468750 4.891453
25885.996094 22.199226
5408.290039 36.594551
3229.177734 36.336636
5226.150391 28.311214
1025.634033 43.701931
190.326340 57.896240
12550.400391 79.157043
20250.566406 63.033710
2375.733398 18.195221
16676.029297 3.861578
15157.709961 11.791115
1159.999756 29.324924
622.230652 30.593857
1920.723511 71.217979
7260.382324 181.879562
3094.049316 33.552086
26898.261719 4.465541
1719.581543 16.160707
6434.128418 29.990145
182.342667 265.692657
364.694855 362.025696
501.434235 431.654755
12370.299805 518.354980
22262.068359 591.564575
11696.259766 265.489990
3394.575195 134.281143
100.099274 163.538330
1711.387817 185.160156
410.136749 159.801346
6225.880371 85.647202
11054.385742 9.264920
25599.574219 892.333130
328.461426 511.983551
14242.674805 279.849060
30.530729 195.992264
550.229431 70.607498
621.489441 149.102081
2573.478760 194.268127
3901.727539 167.105728
17213.837891 442.990051
12870.462891 241.425522
5192.519531 85.119682
3182.169189 29.992283
472.446533 253.480499
63.423267 313.397644
1798.770752 415.708130
4702.871582 513.323853
21594.138672 576.663086
400.661957 471.217255
2421.846436 351.414551
2192.306885 267.006409
371.013763 150.866882
2284.982178 109.844803
3115.795410 104.165726
12382.412109 145.574493
24943.189453 162.317581
14394.960938 201.934128
3104.677002 217.911575
1231.536743 196.937347
835.578186 46.405216
104.497505 48.410812
2264.451172 35.409176
9540.986328 14.027171
2385.103027 136.990570
25245.589844 76.786880
8657.721680 43.908905
27.048880 38.714561
308.655945 368.167877
1296.909424 438.255005
30.139956 430.933807
308.811249 347.556549
13913.960938 326.531830
428.898621 225.286194
4565.739258 204.792206
519.666321 267.932312
1004.282593 321.849823
183.294769 570.104919
3551.935547 1018.554199
5041.150391 1539.909424
13722.410156 873.600220
11512.006836 685.618835
11347.757812 466.255951
529.096680 307.924286
131.196854 305.198090
2882.353516 375.788391
121.280502 451.041382
7718.693359 508.259033
17250.863281 279.111511
10406.392578 254.443497
6080.666504 243.231277
924.830566 258.423187
255.887985 191.337234
861.854736 161.404068
555.361206 135.220734
9729.442383 205.774170
24285.927734 468.967316
29443.312500 236.497589
12904.619141 166.762009
4106.189453 181.376572
3835.897461 366.791931
3368.467773 372.069031
2213.402344 339.683563
17895.804688 281.239685
19568.490234 93.057602
787.530334 166.823532
11186.663086 249.752167
4074.435303 322.544739
1318.394653 138.185516
421.371948 109.634933
7519.832520 73.652664
1827.240601 68.091133
11704.127930 74.655762
1045.824951 68.716484
13639.689453 100.966232
305.636841 134.120834
5733.760742 111.216591
892.108521 46.795620
329.069672 16.451099
15506.560547 91.492325
11246.103516 52.425323
50411.394531 53.058296
1736.682617 106.914055
2835.088623 139.104004
728.193726 75.516594
451.678009 97.944824
6351.537109 175.957794
10886.416992 281.124329
1144.445801 126.795395
11956.574219 156.811050
12145.771484 142.268326
3387.400879 101.935608
170.888092 22.233921
51.273357 19.320574
1178.272461 13.371819
293.971375 4.153618
3775.331299 150.714233
124.008308 96.731560
10811.711914 54.109413
429.118866 30.476269
433.495239 118.940147
273.876953 138.674622
10378.113281 146.437637
10975.180664 145.937943
20242.103516 25.944307
6832.168457 32.985901
6330.791504 56.871872
681.545898 89.075180
826.752319 32.819736
1439.619629 4.344290
6245.815430 11.488102
12704.115234 77.365952
2622.532471 111.617554
3506.780762 91.200523
2846.966064 83.521904
978.566223 65.548256
721.265625 35.695618
631.432190 34.254688
14.562517 103.316277
5060.495605 231.261261
47703.734375 70.156967
50205.917969 114.596329
2261.329834 117.406456
594.686646 79.264664
1094.175415 153.778519
34.688507 235.233307
720.984009 389.178436
319.782288 548.353638
35548.203125 422.535614
10489.582031 366.591400
5986.149902 263.137939
1379.143311 171.748489
500.821106 114.642036
229.292694 193.599533
4335.493164 329.111420
5437.243652 442.723724
33571.914062 386.229401
25028.378906 340.250580
4222.281738 231.231812
5621.375977 133.594055
4605.222656 241.088760
2996.690674 291.742706
6063.947754 303.427734
15212.992188 266.651337
25760.726562 383.946228
11069.844727 261.743469
4233.279785 191.720123
3420.965576 192.250076
4540.429199 49.693588
136.484619 118.313828
1509.308838 193.958313
13939.373047 258.278900
21071.308594 249.892883
13815.901367 123.703911
7199.412109 39.078884
620.791931 15.733013
4978.085449 158.226776
2538.359131 168.579163
6272.780273 161.833160
2835.158203 133.090637
136448.062500 259.340149
36186.628906 202.680115
4371.989746 162.026596
3546.309570 149.493683
7131.102539 49.104919
2264.996094 38.740089
1418.116943 36.313751
2188.418701 96.903870
25446.015625 139.518631
21095.617188 29.397724
101.095459 12.106656
21642.337891 35.569218
2665.506104 25.372393
1502.834229 58.698257
1291.991577 110.755013
22890.205078 172.345856
53340.523438 50.075523
9627.006836 29.300819
3000.218750 15.626204
2086.576660 12.405233
1402.187500 0.628461
1519.539917 2.895483
2902.633789 15.404613
2406.318848 44.928780
40017.164062 22.390753
17988.009766 5.727060
5709.860840 1.251297
1043.882202 0.967515
776.664307 90.011543
475.895752 154.009872
190.064438 210.846542
3061.118652 230.575439
34886.929688 116.805481
16574.125000 80.837677
15160.758789 49.978409
2284.597656 50.218964
876.467041 67.919128
1577.119629 43.514469
3728.916504 37.384338
2454.268799 54.212341
56927.859375 71.877327
22755.738281 98.743523
7400.279297 108.234001
603.327332 95.153519
394.604034 168.050293
2149.332520 217.522125
886.512939 223.235809
10393.109375 189.407257
20196.484375 234.871338
589.828552 122.708176
10608.912109 79.230820
198.260376 105.972878
1725.065552 1.008076
4713.952637 2.344783
8691.376953 6.409419
1193.552368 5.925342
12895.048828 143.565521
1570.419678 93.289436
363.378479 45.153458
715.478882 13.143721
799.411865 93.160057
507.265564 122.531425
1712.157227 114.869225
4853.131348 90.744400
2276.356934 114.226357
1815.926025 21.179243
9009.825195 1.836054
3065.957520 39.737206
342.682404 121.920425
1249.870239 164.360931
2959.550293 222.427856
1833.948975 347.720032
19304.912109 216.678452
17629.453125 58.976570
196.490631 28.369507
1473.571899 69.077881
429.249146 241.275024
235.305206 300.075073
1900.076050 270.964569
447.507141 192.661591
21447.734375 1156.771118
37456.492188 587.982483
7539.348145 256.037842
7661.640137 177.186554
794.588745 9.231732
1007.967163 36.299030
8261.454102 51.062012
7167.312988 49.724312
7655.830078 384.093994
3007.826660 192.163940
2273.475098 57.775604
968.148315 2.937295
333.060822 202.410492
1016.666138 301.982880
991.516113 378.088196
4609.585449 439.201447
4126.699707 762.831909
6334.054688 388.783081
9130.660156 174.289780
3148.601074 131.945450
221.435272 341.611847
1923.007080 460.991943
4030.207520 551.509583
2440.668945 534.834412
16634.431641 1069.711792
19135.136719 735.098999
4429.722656 445.656799
4993.459473 309.999786
67.826630 157.417740
1712.027344 47.800697
4087.003662 0.370074
3950.273193 56.047176
21170.396484 211.232697
5743.068359 273.941254
6788.353027 303.219940
742.434204 260.910858
702.257751 165.484253
240.377167 243.326202
35.187386 410.160065
6400.670898 626.643860
66322.031250 134.738861
17119.750000 177.989182
3089.277100 182.725159
910.941772 162.168823
885.059998 18.275675
1354.131592 3.252401
2011.252197 5.248227
2346.389404 10.006683
53893.148438 331.441681
27534.000000 243.359390
933.241211 144.766968
1228.884277 64.626854
736.636414 98.866112
3343.214111 161.253647
262.756165 222.096664
364.310699 264.306915
8738.276367 8.437684
2511.226562 8.002239
488.577911 19.643034
710.954285 49.413254
2039.795166 99.453209
274.296448 200.455383
2685.687500 390.345886
7885.890137 666.380859
80.571770 57.751945
23457.296875 24.034292
2757.854736 32.229782
316.348846 54.925343
1288.235352 174.469360
1163.781128 133.036621
3320.226562 72.884834
227.688614 22.972343
73991.718750 610.698059
13685.902344 409.205292
12291.809570 274.947815
117.618729 208.564346
777.782654 70.895760
1428.400269 101.993134
454.833832 223.793488
8815.536133 434.471039
5031.055176 17.065615
16165.409180 61.625561
1391.278687 91.667229
12.854979 85.899902
719.217346 260.890625
282.993988 291.172089
1627.061279 285.779144
7764.110352 235.099976
7740.333984 198.367859
17405.203125 188.649048
917.617920 192.524353
135.772354 219.836685
4126.118164 102.106636
1383.509644 129.953278
3126.790771 243.727890
4458.964844 464.935303
2911.074951 287.355652
7703.471680 192.446106
4619.502441 146.451187
1448.060791 117.547073
132.739838 60.524414
27.066559 43.780975
907.305054 52.213757
7923.252441 147.706100
1259.100708 368.490326
13982.047852 169.789368
9377.469727 86.750854
2005.298950 68.849510
598.111816 535.858582
833.408386 660.237427
6199.459473 743.880859
13407.640625 736.656006
12630.074219 1038.853149
17216.886719 745.731567
6220.341309 531.404480
1018.422485 465.899597
1606.906494 84.166733
5385.802734 137.228271
2983.014160 210.065445
24022.986328 283.488373
58632.519531 644.638367
5539.873535 387.092346
8211.447266 189.470779
743.068604 89.960854
1571.997559 52.879654
991.504700 113.850082
4115.116211 180.320572
6515.646484 259.378540
11371.910156 215.887756
37879.253906 73.158516
11711.063477 6.299008
3546.097656 8.281181
363.746552 125.038368
549.054016 140.971939
5113.157227 149.801285
7272.634766 166.345276
45814.796875 662.116455
330.995544 385.320465
3427.671143 203.846313
1030.707764 129.158951
268.307312 305.254852
2391.446289 272.054443
2404.142578 236.503296
2049.630127 207.447662
22815.406250 167.184052
40236.765625 246.741669
4725.296387 301.587585
2339.466309 319.937927
537.412048 66.584564
344.314423 66.422157
832.543030 130.285156
1484.541260 294.355530
7515.718262 172.557556
4816.043457 106.128029
1959.913574 90.731857
68.520851 82.808395
1151.277710 212.136597
407.659637 289.811249
8387.583008 428.319855
16478.724609 594.315002
22927.455078 110.496399
18314.271484 159.425964
2347.933594 182.386703
2536.011475 188.143631
1193.591064 469.416443
560.017639 422.800140
279.050507 333.883118
944.449402 297.086243
618.956299 814.510986
13903.906250 542.163635
1282.926025 444.156555
4300.068848 454.526398
190.711792 451.291565
5230.994141 490.019470
8746.980469 592.061157
2856.558838 705.355042
51245.335938 871.998108
41519.519531 766.092163
20790.853516 623.055542
280.880249 501.191406
1907.359863 431.207062
647.294922 436.244568
3589.309326 419.538422
17590.847656 386.075806
3349.194336 489.580383
7070.524902 438.936157
5534.380859 414.251740
1887.510010 416.841522
2570.166016 28.353954
2078.797363 158.176651
668.005371 409.478821
12970.372070 733.781677
40816.863281 55.914047
29349.242188 51.869865
1629.566040 30.234617
614.393066 4.522314
3582.127441 181.115387
1476.638062 162.497803
1729.379395 74.342697
1976.594482 12.431909
14464.604492 633.850403
1914.986938 267.966705
14819.438477 121.479736
235.197113 134.329681
195.988678 195.003357
4917.961914 223.062027
2171.778320 307.964905
3859.595947 430.111359
61481.746094 156.487244
7034.285645 206.394180
26021.761719 221.879684
443.095093 207.261230
1096.089478 101.295319
708.230591 69.906952
6629.502930 105.180862
1904.713013 206.241074
22750.541016 175.528625
12544.822266 215.196198
3300.231445 212.994095
5267.758789 164.763474
3913.719971 419.255188
3667.712402 430.379852
1432.918457 411.330750
1432.712280 389.023468
12761.625000 590.634827
7594.432617 445.508759
4613.904297 383.288055
243.849701 389.429291
663.827881 116.104317
573.861267 204.187103
4995.929199 297.710785
7882.780762 348.270477
1408.472412 575.879150
41883.347656 362.898376
72.508682 182.402390
4083.359131 96.036835
588.845276 281.594971
846.056458 374.685913
1999.422241 497.883636
3325.227539 609.962952
1662.825439 805.368530
4187.630371 562.011719
11736.013672 365.612854
328.318176 268.541565
2765.300781 443.825806
2560.241943 280.453735
9673.790039 171.598267
12135.083984 159.806610
41926.468750 441.429596
21334.207031 578.117065
2104.236328 637.878906
3273.937256 585.642151
419.206299 946.733582
1429.434814 1169.675171
1998.756592 1660.185669
7470.531738 2385.966064
5714.325195 1161.208496
3405.196777 1035.153076
14603.453125 963.387024
1148.802368 914.459412
978.643433 751.425049
5796.747070 704.951965
371.387360 592.594971
3641.526611 431.396423
42099.402344 2599.600342
237.848587 1783.390869
15165.373047 1169.576416
7437.586426 851.667847
5562.169434 41.607460
534.096497 105.437027
299.121124 223.196503
13608.977539 326.178467
2521.955566 466.559723
18465.746094 353.238373
525.077393 197.970123
5858.335449 75.173004
1998.457031 25.799776
2879.962158 34.666142
717.593933 40.407967
4583.211914 49.779057
28534.097656 249.248840
2731.617920 130.721924
5661.257812 54.719475
1084.247192 25.184278
416.197418 3.519731
900.045532 39.865936
2844.464111 105.782654
6507.959961 179.290161
4604.959473 139.317322
3211.387207 93.327461
5657.718750 42.504093
3470.985352 6.529080
353.949860 100.284248
1160.907715 152.332428
663.465393 214.882721
2587.789795 261.647614
25432.246094 102.892021
45515.703125 94.170601
1971.998901 78.770569
1934.748535 75.801170
627.717468 12.282445
1118.293945 1.853386
771.446472 3.169795
6945.075195 31.463844
33274.117188 85.798866
11413.025391 47.629677
3477.292725 30.740688
1367.424316 22.270512
104.494537 260.995392
54.085869 327.744812
463.125671 410.531189
5233.662109 495.331146
43128.714844 92.180603
450.241974 126.237282
9142.295898 167.181427
339.849457 210.199463
523.635803 558.796570
4415.799316 459.205170
3972.981445 342.780273
15605.897461 333.906189
17808.925781 751.697144
1345.723877 568.375244
2762.567627 544.181213
56.738853 576.138611
202.965698 35.805088
1243.673706 112.028587
7416.829102 338.866028
78.335213 633.273193
19176.000000 578.894836
21343.857422 478.188538
8414.560547 299.946167
2431.201660 119.813835
1493.410278 49.797913
1543.360474 102.418839
4614.462891 212.160980
12032.835938 384.622406
19591.851562 174.431946
8271.822266 88.486359
12522.967773 47.661713
4960.970215 35.868137
96.121956 46.828865
1724.422363 37.204784
1709.109741 28.398893
9451.817383 38.904934
14091.218750 288.655853
12634.443359 165.413940
4782.842285 90.546608
2510.356445 58.298756
392.251068 313.386322
806.391052 452.117920
681.673706 674.806763
6598.066895 917.638855
24808.888672 236.871429
21646.519531 271.500671
21481.828125 271.529663
1240.760742 266.865448
3036.423340 19.719645
1836.537964 28.507267
7696.873047 63.234673
3070.790283 131.020737
54383.855469 330.429504
16466.126953 189.933777
185.264206 91.506279
2041.392212 37.725899
245.505859 72.629547
765.365723 118.157516
2692.426758 191.293777
8638.883789 300.812744
58170.488281 32.086582
10922.720703 3.623929
2961.675293 13.290845
4931.801270 39.706905
890.800903 378.588165
161.777359 509.107971
406.371338 704.751892
633.113037 1015.771362
2617.877441 349.305908
2393.656982 182.811127
560.382507 182.379883
1059.400391 268.041504
512.722778 457.201782
3498.954102 259.490845
926.927429 144.242096
2895.998291 317.071747
36393.164062 1490.975708
5003.773438 974.791016
1026.358643 730.249695
1113.279297 606.509277
124.689178 618.622742
18.473818 848.834656
385.692566 1068.783936
713.004578 1087.419312
53994.199219 1908.994629
2619.651855 1401.217773
1985.485107 884.776794
4654.968750 595.861267
1621.597900 300.526367
463.226318 543.048950
1970.675293 811.564636
6263.675293 1006.813049
47632.160156 964.533203
3849.207520 591.992920
4962.052734 302.376617
1014.816650 198.157242
462.851685 5.518390
796.208679 33.570698
1013.697205 166.678711
3127.107910 393.911194
3111.131592 351.418579
1811.747070 248.214142
6618.926758 148.170898
1811.210693 57.185978
309.805389 27.085644
193.151398 31.413527
149.604736 47.025753
2936.504395 74.998917
25310.216797 242.940781
1700.718872 149.473495
3270.387451 79.448410
675.926819 40.072868
56.257122 50.260727
2772.716553 29.465302
9540.282227 26.112331
1111.013550 85.142113
6836.646484 54.229515
4742.832031 13.771259
561.592285 28.310032
2872.866943 51.202618
267.670868 89.732941
433.699097 98.988190
428.441803 119.722351
920.500854 129.497330
232.984573 285.606812
6314.677246 232.570267
1185.140625 164.420792
447.561096 110.815125
1164.737793 71.054550
1650.030273 134.390137
2210.513672 183.274323
5697.342285 197.630173
32966.503906 48.207985
48306.921875 14.897257
1212.429932 0.557133
3358.466797 20.005619
689.273315 41.512501
4366.829102 6.387266
514.094238 28.645361
454.336975 144.058044
553.780884 167.641785
3194.936523 126.109001
3754.317871 111.128845
3469.746582 85.822060
514.575439 101.487381
2244.572021 133.316025
1216.947021 237.622864
4891.781250 378.078583
39777.066406 148.471344
9467.052734 192.350189
13285.565430 179.458496
463.449738 132.208344
2743.959961 323.364624
251.836853 373.446472
606.753052 407.948608
1615.293091 394.389252
34867.097656 396.798157
5479.044922 354.465729
1707.074951 309.314636
853.030273 295.448151
5054.781738 200.257126
1185.533936 106.829956
832.991638 22.563374
1196.045044 8.938479
76796.351562 325.332703
10574.144531 278.100159
2913.205566 271.084839
78.578964 256.702484
3574.488281 150.942444
1588.181763 294.220215
28.697952 548.106995
5600.278320 826.311462
7131.151367 187.889740
6095.338867 218.757111
4648.773438 182.510315
3328.153809 132.307175
88.359283 191.440598
386.595184 162.033615
3755.730469 172.903992
5691.963867 313.617218
17262.433594 529.249878
5989.234375 296.047485
4388.560547 213.804535
628.124146 203.821823
144.590546 561.810120
830.208191 526.871948
12394.515625 466.214752
8875.717773 425.472656
44659.203125 727.777893
2219.311768 606.573669
361.631104 561.373413
2991.291992 562.659180
1224.577637 708.837952
3353.011719 874.470642
2807.692139 1219.093140
1768.054688 1691.034668
7722.733887 1696.652344
30487.359375 1276.031860
2194.219238 939.199036
1004.798462 736.638672
64.892448 763.966370
2440.681152 825.588196
2908.249268 936.041016
14553.544922 988.999878
104555.375000 2688.239258
65868.578125 1983.271240
9807.292969 1324.182373
11742.750977 900.823730
1889.594482 137.895569
366.490631 81.221481
2278.824219 87.778091
5757.539551 143.284637
10571.140625 434.779694
5972.723633 423.548218
4982.506348 350.912903
7322.100098 241.214600
1772.330811 16.238979
839.096130 52.681122
682.598083 135.614532
4546.792969 247.314728
69919.117188 32.855278
41446.929688 41.289253
4617.300293 34.394817
103.551544 18.320152
2848.584961 546.473267
1290.975098 716.521912
953.944580 883.745850
1875.981323 974.240967
47594.468750 562.692444
19410.642578 491.201233
5662.303223 431.908813
4158.168945 442.288147
20.265373 305.714874
1801.348145 314.999573
1020.602051 297.557037
3562.070068 299.074677
24113.355469 1131.069946
2337.841309 676.883179
3187.124512 401.737549
1658.094604 304.489380
127.853500 79.904984
1249.038696 86.921944
1155.926147 112.094536
566.018311 155.610886
1490.902832 68.853668
519.850586 76.193573
9976.137695 82.187012
4800.262695 81.901299
236.429749 294.557251
5921.374023 323.563477
5741.959961 275.706604
632.708984 172.421295
6054.883789 480.603027
12326.253906 292.652039
3435.249512 209.941177
1082.995239 230.913544
475.660034 102.089798
6218.271484 153.697174
1846.452393 354.482849
184.437027 650.837341
5447.959473 416.943848
10618.446289 394.131958
5732.449707 301.869965
2958.160645 177.245575
3010.500488 448.261566
1422.984863 582.341797
3678.065674 652.435974
1223.004883 607.321777
106781.796875 342.006653
48451.421875 291.457886
2288.938232 271.565308
1265.042725 325.908478
1183.165405 71.179337
399.311493 59.337578
1864.297119 40.096157
11936.024414 33.578171
78440.476562 232.001190
3051.204834 139.032486
62.603046 90.015564
1393.223755 75.218948
70.577118 271.914032
61.626198 281.454803
3398.365723 354.654480
12603.149414 592.637573
16151.578125 131.285065
21736.593750 59.639450
416.842285 133.478104
1751.539917 229.291397
345.865234 208.027359
1791.510010 171.168121
550.571960 111.409081
8331.521484 41.452156
36310.300781 771.283020
66742.078125 533.026489
5629.793945 352.084900
964.985352 252.400757
1008.552124 11.238573
512.020325 8.158305
360.919434 55.433487
791.588196 156.204315
30722.496094 45.972240
7967.864746 57.560944
13877.749023 58.458420
5399.848633 38.190643
687.763306 174.869354
540.774109 256.609131
9518.496094 279.892914
609.204712 237.707184
8113.029297 200.981049
5789.862305 81.889542
248.526443 38.970722
2512.791992 82.227211
1457.891235 179.181366
4165.215820 178.244156
3665.493896 135.453659
13053.306641 129.724670
14028.675781 440.298462
2940.166992 180.913116
164.908798 97.219467
538.962891 129.558517
143.446060 217.678055
282.315002 348.111023
458.587158 481.184418
511.516968 550.020874
8273.654297 1007.477966
53052.851562 634.287598
4039.970703 330.380035
47.789043 188.640701
9178.782227 54.632111
1247.814697 80.169807
7055.918945 146.342804
31411.363281 209.484116
46332.589844 616.412109
347.889038 437.291534
520.446533 246.945358
730.993286 107.944984
570.590332 1.134104
157.805496 9.121121
264.072357 21.955935
1990.130127 35.585224
3784.493896 71.096649
2597.965332 41.450935
14304.984375 16.721222
67.345856 2.771725
1117.539795 127.337479
1225.653564 114.326508
907.230164 82.796280
540.861084 51.083015
115904.921875 5.583814
50189.722656 32.895828
14411.905273 75.190895
7749.961914 112.493904
1675.816528 51.484600
1085.659058 134.124847
297.651794 261.969238
2978.164062 408.524719
2468.434082 161.344788
3424.209961 93.832817
5996.681641 42.958172
43.198364 23.495934
152.867340 40.788700
825.166565 101.017212
6528.843750 233.137268
2120.953613 448.710083
14846.949219 49.530308
9985.794922 4.805977
499.161407 4.744710
82.451996 17.680473
1214.854492 176.853119
546.169861 192.141846
530.032715 176.119278
5410.912109 165.427490
22403.869141 702.910645
2320.714844 383.765717
1929.247681 204.054108
2015.440186 156.932480
456.064240 299.268372
1210.565918 295.682739
5319.111328 294.019775
1034.573730 276.169312
7011.209961 535.155151
20213.005859 466.104828
1380.165283 386.388794
38.770214 326.506317
1990.341309 30.958872
39.302689 45.889656
3907.035889 98.083710
6830.252441 168.934799
28391.613281 91.150299
2569.689453 99.480110
5807.586914 81.259918
13191.003906 49.923805
521.563171 84.562164
405.674011 132.781372
1678.165283 168.120895
12486.697266 174.538635
49189.644531 26.270624
7362.056641 18.770517
1196.914917 20.891514
192.641327 42.972687
795.475159 133.558731
2458.253418 227.379318
280.662994 372.311798
4951.595215 554.654541
6609.122559 116.753090
8882.250977 75.698067
8648.576172 67.349792
1774.800537 84.616142
951.112305 129.891510
505.176636 145.767715
3378.953857 175.119415
6500.820312 224.218292
4307.732910 609.746826
5797.387695 382.786835
1722.969360 223.583862
50.164482 145.635239
327630.875000 327630.875000
327630.875000 327630.875000
0.000000 0.000000
0.000000 0.000000
0.000000 0.000000
0.000000 0.000000
0.000000 0.000000
0.000000 0.000000
