1563.099121 12.199724
11631.575195 23.468918
1158.245117 37.548267
14962.292969 51.713673
461.630341 4.269112
2402.616943 1.717100
288.567383 1.772552
158.570602 5.007664
127.233124 24.003540
1156.554443 51.417313
7011.311523 77.717072
29116.726562 91.834648
13398.756836 11.650053
14669.942383 4.918335
386.740662 0.309007
1408.136475 5.588099
1393.522461 17.360754
2389.698975 31.887737
2114.747803 61.738533
9211.080078 104.367859
2039.418945 67.744171
9365.873047 43.248184
5363.584473 25.954920
447.877533 16.497890
1794.241699 21.876038
13097.879883 48.936272
8420.397461 92.397568
674.705444 145.474457
2062.584229 16.655481
2119.964600 10.348230
8875.238281 8.001338
346.001740 10.141056
1904.248657 2.486144
1100.812500 4.568368
12409.733398 10.446239
6198.051270 22.049677
14222.615234 4.873692
252.719147 0.763522
3309.297852 0.593392
248.896072 1.564440
2703.710938 3.188688
529.772400 2.728252
2928.138672 2.440493
3317.682617 2.638047
21266.576172 11.333261
14304.443359 7.893341
1236.904175 5.390551
3575.679688 3.937098
2184.829590 2.468761
9739.191406 2.845003
2177.614258 2.962589
26788.128906 3.309003
8633.490234 10.384066
586.900513 5.648025
5706.914551 2.945329
3890.221924 2.182054
80.212379 16.360044
1909.991943 47.642506
9209.194336 90.795250
11105.259766 132.987732
7442.280762 33.380424
5842.719238 19.915352
571.924255 7.218264
1831.934082 3.483112
3750.957031 4.460231
1636.974609 5.166399
3250.850586 10.534334
3500.467285 23.125160
1540.132568 36.350018
14099.266602 20.393354
6672.181641 11.062330
1099.954590 6.399164
1135.826172 3.690582
4194.037109 1.936456
2712.165039 1.662306
4101.253906 3.547928
15265.226562 4.698624
1043.098267 5.872108
2001.176758 6.403377
1447.498413 5.573491
1714.369141 5.494315
6980.480469 8.551588
5411.737793 9.297496
2319.759766 7.731980
7567.577148 6.887432
6482.103027 1.771437
1038.961304 0.040145
4418.034668 1.843633
793.736633 2.871555
3647.359863 18.914154
1001.454102 50.545261
10367.581055 91.007660
27030.980469 38.678230
1591.307129 25.656502
1149.398315 12.243042
6293.958984 2.421616
1766.320801 30.075193
365.533691 41.945766
1534.550659 58.429409
3856.095703 76.991440
3982.859375 47.703033
7088.214355 34.156059
886.218445 26.011271
1669.399048 24.533794
1595.583130 26.891699
2140.520020 68.924393
8286.284180 143.179611
3902.986816 238.044037
3025.732422 49.637238
2035.620605 31.940609
202.090790 19.391926
6003.579102 14.210346
3282.432129 5.906520
1826.998779 14.008797
5331.576660 32.471123
14469.862305 64.191719
2818.379395 34.852024
1543.791138 15.079959
1455.283081 6.214625
1382.458740 3.896719
439.198608 0.706761
3116.838379 2.304593
9529.674805 6.115437
18987.746094 12.337233
8047.258789 3.002619
12870.571289 1.263707
7974.057617 0.628568
1205.808838 0.415788
1673.134399 5.348413
377.270752 13.648159
5733.389648 22.734661
4431.139160 29.004265
19750.521484 8.863148
15220.786133 4.707911
21944.250000 1.116250
562.201904 0.855275
1040.430908 5.081735
2245.598633 4.676482
3010.675293 13.505669
4435.931641 31.816200
2736.677979 33.535160
4324.003906 26.433647
893.566467 19.180828
4758.354004 11.289801
749.741333 4.542153
3910.761230 10.643894
341.763824 16.744167
3396.331543 20.288651
1232.398438 4.118782
890.367371 1.892730
3445.428711 0.135808
753.245483 0.741091
470.842560 8.694553
3190.841309 12.755585
231.975662 21.417250
6021.896484 34.443062
7448.618164 36.552605
2604.113281 23.167454
366.835327 13.905512
705.422180 9.094642
1251.688354 0.960754
1378.976562 2.492246
7726.279297 4.989763
25956.693359 11.121942
933.602295 26.911942
1701.370850 10.415255
625.226135 2.046367
3060.222412 0.030504
543.070190 13.992209
741.635437 8.106207
6324.927734 3.874722
4663.451172 2.371758
2963.034424 22.322922
6446.905273 24.142979
1867.432495 23.364511
4384.605469 19.676224
2903.166992 2.888788
1056.555176 14.175014
2868.537842 36.057106
1858.453369 65.350266
8969.514648 2.573519
1898.934326 1.803981
2404.528076 0.987277
1028.468750 0.101184
670.900757 5.929471
9369.998047 8.900324
4233.681152 12.934449
19129.683594 17.439997
578.538818 31.992842
1504.376709 19.097567
4610.639160 9.860892
692.014099 5.666719
1005.440552 7.415176
736.850098 13.500245
968.549072 17.962891
11072.185547 18.676893
24866.839844 9.924484
11676.464844 4.861976
396.136566 1.841225
678.259094 2.768947
296.923157 4.264279
6098.163086 1.180297
4086.024658 0.349319
29374.900391 4.236743
3846.900391 2.363030
10757.679688 3.832713
1377.460938 6.101578
1794.244751 6.485327
4083.253174 1.518931
284.636292 2.997025
14491.995117 4.653103
5065.998047 6.315233
16937.421875 2.028447
12310.782227 0.624247
8585.423828 0.103181
4302.956055 0.464388
1587.379883 13.201289
5285.421875 10.885695
7912.484375 7.039344
6935.423828 3.226280
30334.826172 5.798675
9951.935547 8.129399
10762.172852 11.056254
4223.971680 13.155176
2279.627441 10.706102
766.850586 20.780504
6567.430664 34.543831
7507.587891 49.085682
13473.621094 3.254334
12308.893555 2.536148
5409.780273 2.894836
1603.622070 5.090868
2465.907227 4.145454
927.830444 9.696411
5626.593750 19.491989
3454.294922 33.109871
6341.125488 4.430204
3777.166016 1.524989
2617.917969 0.936828
481.710999 1.686297
4995.622070 2.748626
2450.356445 2.389163
8967.460938 3.459973
779.555176 6.563404
3190.972656 0.306872
7159.780273 1.604242
2937.790527 2.912670
920.034180 3.267593
263.082275 3.478662
1800.955933 6.957428
6271.942383 11.289516
3127.486328 14.332482
2834.530762 6.798775
6704.425293 5.540992
6787.008301 3.442784
2548.191895 2.306514
4228.413086 3.064952
1824.091187 18.501457
13162.408203 47.423054
7204.331543 83.957108
9878.183594 14.487318
7872.201172 10.104918
6939.020508 4.600032
626.501282 0.280305
934.423767 9.981560
1569.690308 6.452110
9975.185547 3.524436
12109.062500 2.131619
9593.511719 20.626616
5319.600586 18.596176
2561.347656 16.212019
91.338501 13.349735
4493.372070 6.568715
18099.859375 14.135344
13455.385742 25.454037
3062.502930 38.892574
13850.256836 22.889412
257.053162 12.532525
6365.584961 5.831482
1625.956421 3.715505
763.937439 10.533237
224.982025 15.192363
1387.907227 24.211693
307.260864 35.864498
36235.328125 15.125153
1717.366089 13.397777
1823.323975 11.427932
2736.494873 9.869118
3659.994629 3.766263
2441.320312 10.244012
8600.503906 21.787539
495.765106 36.774754
6372.378906 7.224858
4147.321289 4.311376
2114.858887 2.440700
4236.968750 1.762309
4671.367676 4.571799
1600.114258 12.877075
5562.300781 27.824158
2582.656006 48.147263
23002.398438 28.890236
4012.450684 15.341755
4856.212891 6.501880
721.151428 2.706609
989.410706 3.420526
4124.054688 7.256715
3184.345459 15.599147
20468.734375 28.408007
14614.839844 15.831306
1336.993530 9.018295
197.028702 4.946646
1602.125610 3.005978
2210.069824 0.981207
2183.986328 2.365748
10239.893555 4.830685
992.351013 8.235612
13310.719727 2.050485
16523.656250 0.960191
8732.166016 0.481725
4319.455566 0.453066
132.487045 1.380166
2330.016357 4.012743
2807.211914 9.276178
17580.847656 16.583933
10150.243164 4.151384
3554.946289 2.583291
2251.069824 1.508021
2300.385986 0.874500
622.364685 4.541624
5465.172852 10.150273
95.839340 18.190233
4920.112305 27.461685
3780.594238 23.080189
13649.435547 12.398222
1663.668457 5.217710
3301.745117 2.607624
458.252136 9.677460
2732.932373 20.801304
6683.734375 39.499260
46027.312500 64.426491
1917.153809 13.320360
2573.594727 6.423109
1629.608276 3.942157
111.251160 4.753449
3411.828857 4.748075
801.095154 5.781869
835.110291 8.524063
6114.520508 13.553995
2117.276855 17.386482
11639.308594 10.874789
5761.172363 6.893182
6275.663086 5.051013
2237.666748 5.590540
1673.481567 5.679996
3373.364990 5.119383
10637.787109 3.805881
70.688065 6.883479
4266.875488 6.024281
2261.848877 5.413118
2641.793213 5.331201
1074.691162 5.438335
1967.525635 8.875177
2877.923096 17.636585
10497.872070 30.814009
16201.697266 23.430580
4298.550781 16.438532
856.842773 10.663021
1631.324219 6.558044
2947.774902 16.564257
3878.773438 19.163063
18879.769531 23.037008
18683.273438 27.652309
729.080505 20.467335
2260.181152 17.598644
642.032654 15.863086
2023.742676 15.468899
96.316208 5.996191
3102.848145 18.731483
2956.413574 39.658966
1702.451050 67.966225
8166.951172 27.781113
4487.981934 10.839296
505.105286 2.158440
3077.555176 0.686516
3546.233398 2.337144
780.853760 2.401135
5466.922363 2.116393
5714.333008 1.126980
4188.210449 43.890354
5527.533691 26.169270
9476.069336 12.233571
2848.407471 4.604124
993.567505 22.219288
6099.375488 22.340710
3345.153809 23.659410
27293.806641 25.595257
8708.990234 26.311832
2156.245361 25.992319
1188.112793 24.781898
841.411255 23.244213
737.801697 0.331436
612.898987 2.811025
6182.070312 11.475715
6444.363281 29.018202
8975.615234 16.935860
6796.814453 6.394035
2278.020264 2.055022
2137.409912 0.567574
3821.877441 3.340698
269.822937 0.398602
12855.512695 1.366072
12079.142578 4.798072
2085.869873 26.025047
207.910004 23.744207
355.490051 17.592558
3013.809326 9.804367
121.817787 9.196711
2550.649902 8.610147
13749.695312 7.401226
9919.945312 5.588110
17213.064453 11.154588
4357.152832 10.543356
728.981628 9.903220
426.827820 9.497523
4263.966309 5.348504
1790.081665 23.550848
5397.364258 59.789051
11187.182617 107.561295
7519.822266 18.149000
10058.800781 13.809430
16156.472656 8.078491
485.298645 2.813530
2978.713135 6.947889
2052.247070 15.335915
8048.312012 20.905876
19649.289062 20.305994
4832.108398 16.855999
1824.831055 7.413574
6586.829102 0.916387
1566.837158 0.857385
1770.918945 12.988367
1743.309570 12.322055
18438.730469 12.386235
2788.282471 16.744564
17896.500000 28.445896
14920.691406 17.272993
9095.069336 13.013321
3753.365967 12.741940
2025.773193 12.206988
1450.139893 33.429741
1837.389282 57.570068
1945.704834 73.843224
7948.361816 27.710871
9936.708984 17.229662
8314.020508 5.845457
907.325378 2.401010
1060.056030 41.247250
1810.074707 66.678955
15904.011719 102.226227
2108.708496 141.498978
12837.527344 28.759409
762.939941 23.157887
4488.857422 22.289217
219.952576 27.263992
401.224548 7.035944
243.283264 9.722223
14966.503906 21.769690
10514.240234 48.385078
7760.361816 45.023167
2647.098633 22.842541
126.192749 12.445288
2982.938477 8.373423
541.982788 9.763913
2596.394531 14.161081
7478.666504 14.823488
27735.781250 12.905016
15743.125977 13.015991
6312.465820 3.078051
80.968132 0.258280
300.286072 3.731237
3506.246094 15.406561
671.469055 23.101667
4328.162598 32.283161
11670.977539 40.876080
13588.797852 6.788730
25252.640625 6.527741
8179.784180 7.499485
184.948761 10.233214
609.876160 22.493347
8017.596191 52.286060
20801.607422 93.493851
6155.425293 136.119217
890.282349 7.431891
1510.043945 4.746813
26.290775 3.393609
220.365509 7.302269
3803.812988 1.366796
13326.912109 4.400095
6214.683594 15.372481
29443.035156 41.874275
31839.068359 35.933521
6165.666504 10.337435
3124.068848 1.036445
2963.508789 0.185766
485.259338 12.892754
1164.040771 22.652649
3196.152100 36.120995
6824.570312 49.723488
15080.117188 9.069263
736.546753 8.159329
4015.054199 7.295082
1283.083252 8.131938
3522.002441 8.653545
1044.036255 32.004868
18696.431641 69.730286
1823.637695 112.803955
9601.599609 3.145119
8256.679688 3.227916
3013.489990 1.102065
14585.063477 0.373711
140.687256 1.357931
1039.384521 9.013082
252.645493 26.004845
12997.592773 55.554272
11769.927734 54.093838
4719.048828 23.395777
4006.751709 6.568644
1579.919189 0.366317
986.999084 25.690214
1251.102661 40.834385
1971.763306 61.582973
12292.369141 84.744118
3602.856445 18.482397
2824.825439 13.851085
959.271667 13.258259
539.896179 16.827240
1141.041504 4.586786
669.567688 3.316377
9992.382812 6.579476
2558.657471 19.353361
4012.535645 9.606568
7913.164551 3.518746
371.799805 3.931685
1243.963745 5.308446
1774.791748 5.110586
2677.408447 8.747383
2338.616699 15.402606
28317.511719 24.892399
7634.664062 32.084072
3253.803955 18.555492
3586.813965 9.348556
21.948936 5.035574
628.826477 16.753201
829.976013 16.940254
2327.135254 26.359985
68.566650 42.726921
4965.334473 90.986511
3441.858398 67.380981
9926.912109 44.405087
2476.307373 26.408113
2898.295410 6.755880
1859.882324 5.920707
1724.163330 8.146020
406.093933 14.241394
15916.372070 47.987633
306.058197 31.442820
1942.094116 18.770638
1672.847290 10.751919
597.868286 8.167290
6304.667969 17.478809
11009.869141 25.215862
18962.843750 28.487164
735.664551 14.416065
809.774841 5.568230
3804.437500 0.403318
338.885834 1.421004
2950.561035 19.978956
5689.881836 49.931362
12206.841797 101.701118
42986.542969 166.475342
18271.048828 37.759945
6552.352539 24.665184
12628.855469 14.865265
1249.789551 10.783536
1353.881592 4.472946
162.583679 9.151750
1205.826782 15.201703
156.574478 23.009336
29568.164062 24.333500
25015.386719 10.973816
1685.198242 3.590536
2554.004395 2.000107
1256.046021 11.149060
200.218582 11.116083
448.023010 12.228432
10521.161133 14.459967
1900.270386 13.074102
1696.911133 12.959475
3154.944580 12.579242
682.801331 11.848085
227.646683 4.768030
518.263855 11.867277
19029.763672 16.963364
17111.746094 18.208075
12.456434 47.193092
3100.387939 23.110180
410.465637 6.551609
894.954468 1.110674
3265.347168 21.524155
6.677330 38.798706
77.318207 69.901154
1992.135010 108.617340
6905.296875 38.147923
16838.525391 30.307467
5247.303223 22.646460
806.103394 17.810328
2982.443604 14.834795
5074.812988 18.828144
9700.259766 24.853598
6147.640625 32.762218
932.848572 20.769653
700.996704 15.378137
6100.454590 12.850394
831.384644 12.802876
2035.017578 6.648162
385.049866 22.450111
16806.335938 49.839672
695.612732 87.077423
21822.300781 24.938303
8563.976562 9.652468
10081.520508 1.986216
1056.738281 0.676254
508.398926 17.079082
1799.528320 20.831245
944.852051 28.494251
19547.619141 39.680916
13772.099609 25.230381
5961.021973 20.561478
4048.009766 17.738869
476.578766 16.412823
10617.641602 18.491283
5202.589355 52.130951
17737.216797 104.412109
12738.046875 165.432068
5732.241211 11.660362
3385.866211 5.282723
1351.749268 1.866919
1245.256104 3.876279
1402.187500 0.967515
1043.882202 1.251297
5709.860840 5.727060
17988.009766 22.390753
11205.585938 44.928780
2406.318848 15.404613
2902.633789 2.895483
1519.539917 0.628461
3502.385742 20.764845
2746.687256 29.551846
1694.480957 39.789101
7909.978516 49.433796
34525.218750 11.073913
1582.372681 10.060383
5467.375000 11.115190
8088.790527 14.562023
4039.735352 5.087762
390.473450 11.715736
6927.993164 17.399124
2729.126953 19.165443
5389.514648 9.513667
11089.018555 4.756856
6442.700684 0.987648
4447.306641 0.887109
159.349442 7.536814
2800.013672 39.094479
9765.041016 96.013313
11610.508789 168.920135
3788.950684 51.449253
1216.032715 28.210442
3757.993164 10.044508
2511.276367 0.424866
88.303795 11.084547
1976.145508 16.912043
2625.958496 34.652607
4686.601074 66.777344
10236.908203 54.173832
5970.148438 32.202259
11955.332031 19.485868
1533.746338 12.788636
2081.188232 12.507508
335.726013 12.688340
9783.630859 14.357664
1903.488525 19.867508
5792.050781 3.937458
1919.106079 4.616086
34.283630 8.103769
509.710175 11.263367
530.319458 12.371363
2760.138428 18.321878
688.602234 27.824863
9572.587891 40.987190
8167.953125 21.686117
484.365356 13.227892
3662.957764 9.471465
10.772680 9.435115
4.439953 21.878878
8225.751953 21.612980
3834.647217 23.325224
4100.959961 27.322010
8807.577148 46.989174
799.947632 37.015007
1406.821533 29.234568
279.823425 24.265289
1639.793823 5.324599
3458.308105 29.566181
10613.219727 63.895214
6308.985352 91.896629
20422.970703 44.114944
3857.783203 33.220097
4983.471680 14.097957
1327.823608 0.848458
2085.566406 27.624138
198.367310 38.453873
833.250122 52.035767
19.418266 65.110611
6666.896973 10.864799
6450.670898 13.407677
1735.122681 16.406969
554.237915 20.597530
2018.297119 5.592333
3926.204346 13.379728
10444.042969 31.745686
4690.801758 60.881172
265.980804 114.139420
386.374146 64.550980
11308.368164 28.986328
156.277023 9.872869
394.608429 1.496088
8020.439453 8.398306
2888.168945 25.289463
17562.818359 52.998257
6206.993164 68.512955
4702.178223 36.528938
1791.013062 14.929843
50.366360 3.603713
213.889603 14.749649
8610.148438 11.642926
550.066772 15.519096
10553.320312 25.739418
6731.747070 31.540518
3304.283203 32.453777
1998.278198 29.103706
6843.571289 22.048944
1369.816650 11.419281
11246.093750 39.894886
9947.809570 82.963539
19579.126953 126.810455
25513.714844 17.404436
2551.364990 14.745818
4382.755859 6.859097
14469.981445 2.202896
64.838219 20.449310
65.797485 20.277876
7087.342773 14.246338
17624.373047 5.115938
19212.089844 50.802097
20285.324219 30.200558
2483.994385 19.290136
1578.193359 17.888840
7557.416504 1.787447
4995.676270 6.266407
11596.322266 17.682716
1892.042603 36.500065
20900.546875 19.795687
13807.076172 10.459755
13736.534180 4.988449
7690.871094 2.013012
1262.670410 9.180885
9706.733398 10.265299
22388.423828 12.293816
2048.484863 15.221144
14174.702148 19.024296
4815.966797 14.219614
9548.178711 10.888101
2093.829834 9.273395
1079.676025 3.203454
2789.033691 13.603709
1716.145508 26.660397
3312.039551 35.953430
34262.578125 18.664963
1263.447388 12.587360
2446.512939 4.498770
1588.979248 0.062926
431.030487 8.046701
183.379471 13.373810
1070.844482 24.359667
11195.279297 38.965240
3988.257324 20.091415
12605.605469 15.650969
391.345612 11.283862
586.861389 8.021478
244.062164 10.417338
968.774109 28.714394
1214.666748 54.000412
5959.521973 81.330429
1244.905884 53.620037
3567.910889 27.346493
1966.770508 9.287655
1132.032715 3.288249
2397.229248 14.148012
4505.763672 25.487204
7299.149902 50.672077
20428.023438 87.110275
8433.916016 35.074467
8219.628906 25.940369
2639.800537 18.874065
2175.126953 13.709502
2897.550049 2.663494
1231.413086 3.956831
501.787537 7.347816
17164.908203 13.787210
8031.606445 1.559532
13405.307617 0.370320
2122.643066 1.027566
1434.548584 1.964208
2944.752686 2.735386
3011.802490 6.567225
14158.759766 7.845294
37889.042969 5.776708
3588.674805 28.676426
2199.153076 13.209645
7327.513672 2.966838
574.485352 0.105692
1367.042236 32.226082
1836.106689 66.189713
3926.586914 111.475800
144.551270 156.045593
29479.855469 34.008106
25523.039062 22.784420
6869.857422 14.479897
3061.299805 15.503193
1229.510254 13.187076
115.840706 18.076458
4585.852051 34.986031
4539.993164 69.499611
11995.564453 64.091393
660.778015 34.901539
2734.023193 20.321503
1782.600098 14.412819
885.162048 2.377837
3189.415527 1.923218
5775.814941 1.722988
5578.927246 3.086623
8976.623047 9.258387
5019.307617 4.844821
1210.469238 2.929932
2959.986816 2.526248
2159.321777 5.097239
6076.249023 7.466358
1747.137451 9.243423
21188.195312 9.786059
9051.410156 0.600090
4938.499512 0.734169
1844.604126 1.411543
51.193211 2.900923
497.013275 1.575686
905.506653 0.886959
4101.297363 3.752981
13959.044922 11.500124
4334.669434 0.961137
7536.560059 1.873323
246.112015 3.238882
4297.232422 3.087220
1357.754028 2.224212
3483.080811 7.036892
12456.665039 14.123712
34833.644531 21.546810
22947.585938 4.580962
7626.901367 2.818429
1836.992065 1.056869
6892.175781 0.423420
6910.319824 2.390105
4223.011719 2.115706
5712.482422 8.008768
16078.242188 18.791096
4110.044434 27.038921
18651.859375 22.112896
4822.723633 15.176855
4373.095215 7.667768
675.487610 8.842173
1021.996704 21.075201
795.463196 36.719204
13674.105469 51.602318
2279.049805 2.309960
987.115479 0.745013
5222.029297 0.011236
1098.986694 2.010529
2276.856445 0.037907
1941.569580 1.158439
1438.109863 4.867513
27710.386719 12.147072
10420.748047 32.636757
3981.045410 17.244711
5759.912598 6.875121
2296.294922 1.560066
2115.869873 6.026668
56.150551 10.249817
3137.302979 14.812424
1401.521729 18.484695
5356.549316 0.467712
11539.774414 0.558682
7424.305664 1.247564
3917.048340 2.964660
1677.460327 20.412722
699.643921 27.265707
15580.480469 30.053339
8403.648438 27.952578
5606.614258 0.142817
729.393616 0.733593
1903.000854 4.737510
806.468933 11.943644
767.899414 3.075359
3008.026855 6.701891
9569.428711 13.231015
2739.136963 26.765778
17653.142578 39.965126
810.080505 15.367789
6496.922363 3.499865
1237.464722 1.071102
3864.086426 6.663291
4484.146973 12.265467
2565.455566 31.093708
57.586441 59.739155
889.694397 86.664383
475.414124 58.876053
6280.437500 33.363644
352.217041 14.553673
339.174835 0.668279
3922.954102 0.300900
19167.000000 2.143417
24866.601562 8.173023
81.953621 55.172859
2146.850098 30.074707
252.405701 12.871532
2698.379639 3.924671
1638.704468 4.260058
948.247925 4.433964
681.641479 6.834818
3911.474854 10.280071
15372.623047 20.300194
2489.015137 16.268679
486.916107 11.217780
5708.807617 6.733498
638.834290 16.488760
2252.899902 28.424137
2583.800781 42.489227
2890.020508 55.937122
4673.286621 6.795281
14528.208984 3.960591
2050.968750 4.281742
1355.313721 8.315447
860.783081 4.315104
2794.818115 6.840865
3243.461426 14.175176
30536.023438 27.524763
3386.036621 19.980553
1545.690918 11.350568
258.839600 6.779768
878.400269 4.640716
1047.800293 2.804709
4717.276367 6.331801
14220.395508 12.782071
18624.412109 21.258919
7640.778320 0.521753
18689.630859 0.855322
2787.563721 1.253749
1674.580811 1.570974
688.435730 20.457449
7105.882812 26.336985
7872.651855 29.164457
2608.565186 29.947382
19574.207031 1.573916
12127.095703 0.288903
6298.020020 4.577134
744.422241 12.347795
6744.445312 6.497154
1256.682251 14.045636
10185.666016 33.403778
15184.417969 66.171516
4237.164062 41.769745
6672.413086 22.685682
9188.646484 11.982050
1957.131592 6.741364
543.669128 1.334616
766.910278 0.341844
4801.723633 1.530395
870.952393 2.869267
43.185661 50.134686
4436.750000 34.429264
4081.269043 18.656998
4656.039551 7.069121
1121.735962 0.205371
253.410156 3.752431
352.057312 16.260733
1761.493530 32.280346
3206.955811 48.671467
3129.679443 37.511700
6271.134277 21.713354
1678.161865 7.227252
3284.501221 1.122027
4662.938477 3.898558
3228.017090 8.135411
6527.406738 12.523690
430.678772 8.649912
690.382324 5.341366
2699.325928 2.282216
516.782532 0.602064
1737.876221 9.353100
8632.526367 15.976308
2609.505615 20.716440
32178.148438 23.102158
12431.113281 17.447989
5000.144043 6.659562
45.909111 1.846434
17.674690 3.491042
866.337402 3.910208
10850.343750 15.239490
4910.597656 45.389980
12469.998047 91.015236
20275.851562 118.962311
24210.769531 73.011414
7945.711914 35.704865
912.030884 11.478554
1704.298828 8.016903
14380.902344 6.163622
23554.162109 10.484638
16282.122070 21.617867
10151.647461 81.659081
2867.300781 54.153214
1674.312622 31.643606
1294.958496 16.261429
698.075562 4.194181
7640.714844 7.829226
19471.982422 11.404134
5532.655273 14.825886
66356.492188 14.807524
39547.125000 6.499370
14074.093750 2.051619
5386.845703 1.690183
5162.667969 2.827492
1442.839600 4.223988
2758.380127 6.410458
1369.876709 9.024381
30302.917969 5.748941
11724.248047 4.027642
10488.889648 2.833315
9240.948242 2.377442
145.955505 12.545276
3022.782715 27.471451
3776.588135 44.330894
6051.547852 59.852486
9178.303711 19.705618
9255.207031 7.132777
1261.181396 0.998781
2855.565918 2.941877
1948.808350 23.512547
1532.712524 33.702435
16034.939453 51.056862
3903.612061 72.735031
3545.957520 31.666529
3089.445312 25.907553
7013.565918 21.841869
1704.630371 20.287178
723.004578 18.233353
117.619881 47.340645
1204.909302 96.368828
14882.822266 161.469070
16506.064453 29.724277
88.026672 11.401401
3192.994873 4.232088
946.507385 5.692547
309.641541 8.668018
670.236694 13.244783
5087.698242 30.178474
4818.912109 62.419312
7228.322266 64.014587
1150.540894 37.542133
2819.447510 21.239176
1620.100098 12.059499
2235.110840 2.676337
1269.283569 0.856702
352.240021 0.390707
17456.033203 2.930934
2738.203125 7.567452
3589.161377 5.531367
847.922363 4.910383
724.704346 4.217399
1193.865234 7.455511
2035.250732 12.636624
4764.199707 17.481127
29425.929688 20.519390
4496.516113 0.338764
1914.703491 0.094058
2230.573242 0.876401
288.005249 3.298777
446.646729 8.592546
1898.399048 18.083406
650.344788 33.028965
19383.310547 51.860756
14012.040039 6.295171
16161.222656 2.846658
8183.141113 2.235706
1013.196167 3.848454
710.101074 8.325896
2385.391357 21.246387
3872.097168 43.705597
3517.899658 73.611664
717.335938 6.312069
6962.691406 2.255368
3985.203613 1.529940
1462.436768 2.918890
473.269073 13.840999
259.915344 16.190519
1799.576294 15.475797
27889.619141 13.198502
9173.446289 19.865492
10193.533203 10.709136
902.471313 7.677411
1636.153564 9.839023
2482.460938 3.823132
325.646606 6.965012
10427.517578 15.502096
2914.195068 32.105240
5779.426758 63.865688
13982.919922 33.385540
2805.566895 14.290371
1618.715210 5.516705
2496.416016 11.443783
1907.733887 10.756837
8944.318359 20.728388
2977.433838 38.385746
20054.330078 89.237915
12774.292969 66.885422
7494.862305 43.156036
1017.780640 23.116966
3826.313477 15.548359
10802.088867 14.461470
3432.648193 17.077124
1514.972412 22.387783
2883.774902 37.389805
5520.473633 32.723675
9636.638672 26.413786
3179.383789 20.030062
1714.701538 3.155172
2044.562378 12.434169
2537.608398 28.318085
15688.294922 49.582039
1422.922852 21.533743
3379.769775 9.452777
5420.573242 2.341226
85.298042 0.088476
995.315247 0.255679
4236.765137 7.159332
3409.621826 22.665712
72.144089 40.840031
5513.275391 63.906368
6987.017090 43.195023
8696.080078 21.374989
8308.887695 5.342275
83.368271 1.931472
1474.719727 1.822484
11684.582031 2.229994
3457.107422 2.757366
3684.043945 32.818336
5516.723633 20.453867
5282.972656 10.286209
625.630066 4.197894
141.080826 3.442198
1081.944702 1.992801
108.373672 2.253762
574.754089 4.947673
4100.152344 15.404507
4722.819336 11.571269
886.261597 8.450037
751.205811 5.753666
5112.907715 0.683946
754.547180 0.497421
500.891968 1.090377
25568.453125 2.110387
5745.504883 4.829231
510.086212 4.218616
61.431713 3.008688
635.227295 1.645803
1279.021484 6.121923
122.139900 14.225825
6665.916016 24.203838
2109.944824 33.705734
3948.529541 7.666781
5541.289062 3.219679
1990.196167 0.762387
1224.535034 1.500187
3098.928223 4.424603
3814.337891 13.326683
3661.678711 22.694040
10648.979492 30.189882
24219.843750 36.318211
5763.965332 17.061279
6619.778809 4.025493
730.418091 0.106094
1963.010986 17.247274
3589.967041 19.968903
5878.843750 17.839859
50289.359375 11.616324
1291.376465 9.615971
2084.964600 6.151805
3780.020752 7.049148
2289.362549 11.739330
2451.736084 12.148248
17.861576 18.401108
44.968464 24.043573
6659.140137 31.216423
1512.362793 23.569300
25333.890625 8.352152
516.369507 3.207191
1917.916016 5.917895
2144.784912 9.910638
4548.321777 10.728498
16837.476562 14.490661
13478.762695 22.157520
476.117371 14.858961
2521.502197 12.006561
5268.919922 10.962555
1039.170044 10.352749
1577.049927 1.749628
8141.411133 0.630396
17140.464844 0.304454
3801.557373 1.181371
35958.308594 1.166801
17012.591797 2.400000
7246.331543 3.108576
1323.162842 2.824712
6764.958984 1.134891
9700.925781 4.710855
1106.393555 12.452090
51089.796875 25.424610
9703.649414 12.281190
5454.933594 4.365717
5741.872070 0.870597
6077.590820 0.083387
10207.909180 3.841542
1506.772949 6.336827
4051.785400 17.345070
24041.011719 34.593933
22537.582031 57.684109
19398.664062 40.068539
16287.258789 23.130344
15880.131836 10.044643
681.719727 10.717752
6402.535645 20.261692
5230.118164 34.253788
2364.057129 52.635113
19648.210938 28.639677
4205.016113 13.438499
1279.890381 6.111498
3728.431641 5.702903
2523.197998 7.441048
2663.646484 11.809705
19841.326172 20.702038
658.644592 33.924072
8977.830078 33.924072
658.644592 20.702038
19841.326172 11.809705
2663.646484 7.441048
957.611511 2.285761
4765.894531 3.695529
147.560806 7.246795
3961.014404 14.189409
69758.945312 8.646666
6419.260742 3.654911
4875.272461 1.861651
3005.541260 1.749379
2964.794189 11.610923
61.722599 16.136951
781.846558 19.819979
3672.301514 21.683723
8488.636719 1.099956
11419.840820 1.957295
3893.306152 3.990479
2509.545898 7.305549
265.421997 1.385707
7631.275391 5.784408
1337.401123 14.981381
588.424500 27.903503
1255.675171 0.014840
70.866943 0.368832
742.047974 0.638732
382.084381 0.456427
583.609009 3.692850
6172.400879 7.213468
17869.925781 11.928292
192.579178 17.077646
1941.161011 0.430931
238.836655 0.008511
327.801483 0.370239
1.646447 1.502925
616.334106 2.384517
8104.603516 9.119018
7755.393066 20.019337
2909.951904 32.443146
38172.503906 3.920509
3001.056641 2.662697
882.527100 1.011325
4065.003906 0.200655
954.287903 14.986446
558.377258 33.974609
2782.775146 56.743698
18186.000000 76.518646
11775.501953 8.461992
2256.252930 4.083241
742.117798 1.363025
926.348389 4.024142
2088.163574 6.724761
1066.403076 25.474625
845.944763 63.565445
2935.358398 117.040665
16165.888672 33.772354
25132.439453 19.428051
5695.208984 9.511628
6488.001953 3.690325
635.966919 10.783153
2908.944336 20.510078
10369.956055 37.082039
17959.429688 58.836006
1442.873779 25.393156
851.407715 15.296876
1096.903687 9.311726
667.989624 7.488983
911.544800 9.562797
2021.744385 19.205967
837.044678 37.835663
9320.436523 62.769264
16978.964844 11.793896
9004.960938 9.954397
13360.500000 8.417909
125.672379 7.264775
187.487579 0.248670
2079.620605 1.160884
965.408813 10.036124
8890.960938 30.457378
50.200233 15.267254
4740.823242 6.665224
2242.418701 3.770238
3985.292725 2.088887
5572.089355 8.701370
1874.692993 21.404694
4532.151367 36.252991
13758.684570 48.597782
330.519348 7.622848
5022.022461 3.233789
310.056519 0.220389
754.908813 1.429370
2166.300049 1.094428
3893.841797 3.570824
4500.388184 4.983366
3696.531494 4.812380
16930.421875 37.597832
2211.651123 19.385967
1204.766724 6.345865
1547.855225 0.767391
79.539345 15.033765
838.455933 11.276339
1684.544312 7.282835
17354.724609 3.919000
11754.843750 29.316133
4284.907227 25.582350
7964.395508 21.851276
1218.707520 18.433161
6349.875000 1.426954
1906.229126 1.835680
8938.111328 3.187109
5056.079590 6.139910
6760.522949 7.227326
5473.076660 3.781816
784.690735 2.065742
2339.754883 1.475945
1785.323486 6.576237
372.590668 12.939215
57.371620 20.591890
9036.455078 27.597136
9586.782227 35.963150
4865.585449 20.298172
2207.226318 8.965706
1263.817993 4.463085
2557.861816 12.791052
4757.239258 22.472271
1112.047852 43.529846
12073.181641 75.932922
10748.094727 54.083061
2695.792725 32.459606
5964.304688 18.886940
3319.546143 12.256410
119.867935 9.041989
3171.244629 14.744722
2774.236328 25.132586
9746.050781 38.642857
4849.048340 74.476410
9281.672852 45.200611
2234.374268 22.881088
576.633728 10.897068
18.071089 7.220198
2352.165771 9.743847
4031.770508 15.807762
6865.291992 26.450909
1383.649658 27.358494
1954.091064 16.340794
194.328583 9.979114
1138.418701 7.279840
955.381836 4.374122
10057.561523 12.179268
3740.474121 20.311012
2612.200684 24.814735
8127.694824 16.486128
11959.576172 9.414052
293.453674 2.936261
3538.540527 0.755566
2493.809326 28.634272
775.345154 48.027863
4935.430664 75.773033
659.429565 106.220657
19164.345703 40.632561
4717.033691 28.605185
2267.752930 20.825020
332.558380 19.901688
414.088715 12.138894
931.532288 20.096329
1056.644287 35.481449
24799.414062 59.717537
13233.060547 23.884161
5901.246094 12.381988
1942.083740 8.384061
1498.353271 8.733489
5928.646484 0.249686
7039.213867 2.639970
548.282776 8.219025
42132.375000 16.231440
23475.697266 0.165257
1914.473877 0.668176
979.477051 0.698557
1238.940796 0.157827
967.678772 3.144131
2828.682373 4.803817
5851.764160 8.886719
2552.461182 13.860933
16238.192383 15.791292
18506.894531 12.327618
13381.967773 8.025736
4849.728516 4.450886
769.413513 5.160244
396.896423 6.917523
3257.816406 14.636129
14491.502930 28.073000
7904.416992 21.725445
200.016968 16.432261
7437.554199 11.788157
3155.272217 7.568135
834.687317 1.556626
4719.454590 1.394240
6831.583008 2.149284
5273.686523 3.457940
21234.091797 22.856762
5774.327148 14.878842
1760.234863 7.999502
2550.468262 3.514938
130.050110 5.238911
3632.410645 13.159195
787.140564 24.500095
7104.533691 36.634144
6946.771484 24.158390
313.582642 13.675838
184.725632 5.799915
1006.381592 2.630591
1276.038940 5.769468
6336.085449 11.007185
5742.726562 18.438589
9319.711914 29.208696
2202.080566 56.750130
1692.749023 28.585926
1855.460327 11.036334
707.845093 4.496704
426.249420 27.866837
391.155243 42.803314
3353.831055 69.561981
3931.957031 104.421478
2806.301025 43.549164
7715.105957 33.539742
69.174263 26.703115
426.336975 23.727665
3860.023926 2.176363
5314.313477 4.991878
3122.149170 8.307470
2382.260986 13.092760
11190.003906 18.375731
1548.185425 7.157308
1185.677490 1.344761
6064.327148 0.348608
1188.116699 0.272846
11990.357422 2.082458
1656.541260 6.242745
15984.458984 12.416509
8023.783691 0.396034
4466.354980 0.292320
703.390259 0.274876
1246.559814 0.050190
569.712830 27.573122
5661.798828 45.647556
16566.429688 64.062378
5829.717285 80.901962
3542.284180 7.636463
3920.740723 0.484677
5501.690918 2.416467
6396.660156 12.249880
1431.489502 9.477087
3771.230713 22.545353
15693.054688 63.442173
14552.562500 131.218903
17294.115234 140.027008
2758.696045 86.841843
1111.140503 46.328415
3196.513672 19.377037
6008.089355 6.306188
1629.200928 3.362212
18025.613281 3.005508
39032.359375 5.066755
40875.585938 65.433495
3125.116699 44.612679
3000.169189 26.269485
4149.050293 13.420129
2993.532471 25.688986
3023.221191 36.151985
1557.600952 45.037849
23799.347656 50.255020
28147.064453 1.670309
36543.546875 3.480982
5352.919922 8.195998
6278.857910 15.836314
5849.696289 15.499899
7246.082031 30.831451
3646.258789 51.857872
9782.636719 74.779922
5414.083008 4.545565
15167.662109 2.344062
5357.395020 2.875711
844.709961 6.657751
1271.342041 0.958546
2969.041016 3.676579
4244.065430 11.158449
3155.566162 24.490108
997.800049 5.182732
11745.702148 1.475089
866.624878 0.624905
1233.689575 0.536608
1777.194580 3.778241
8658.785156 1.502598
1098.314819 1.495706
5456.014160 4.440129
8304.070312 2.875328
3307.770508 5.864604
4762.461426 7.334474
1703.091553 6.379655
1286.928833 18.619244
3843.285156 33.835964
8101.846680 47.480896
813.805847 54.195442
2792.979492 2.851971
5919.493164 1.212098
1610.642212 1.517924
1757.166992 7.004178
2667.948242 34.450169
3111.411621 61.256042
1800.136475 78.767166
58925.410156 78.271339
296.510284 19.575106
513.305481 6.282047
7608.638672 1.201507
257.851227 11.153235
4532.709473 21.462332
508.570526 37.346027
8540.290039 75.367188
2742.230225 135.595184
14776.446289 58.404964
26273.033203 38.048637
10634.250000 26.791265
6583.448242 20.488945
1141.109985 3.852121
3109.247070 2.084010
1622.028442 1.904465
772.495239 5.564429
2068.951660 35.097122
2935.250488 20.776165
1320.608276 11.540935
2410.398438 6.573796
5209.585938 0.440555
2607.255615 0.506121
7194.166992 3.316555
11012.490234 8.374887
2281.184082 7.295004
1390.651733 6.577174
3133.009521 4.820461
580.228821 2.361418
1300.160767 13.077480
1532.859863 14.402512
5865.272461 14.416833
13106.904297 13.076657
5852.499512 3.363978
2260.581055 5.514440
476.079285 8.112312
4518.570312 10.803699
4670.449707 0.626705
1144.522217 2.952900
1248.472534 8.527088
2341.997070 19.116013
11729.499023 24.498755
11205.406250 10.765238
7148.565918 3.259320
328.744598 0.508331
1225.039551 9.848212
2287.892334 11.363772
11462.967773 16.323637
5590.966309 24.541420
1491.810913 31.514984
2587.170654 22.759073
500.097748 15.931530
325.308380 11.503076
621.749084 0.582772
1966.748291 2.094116
5850.531738 2.955279
4834.789062 2.675483
13507.129883 16.404928
3299.623047 8.360603
3168.954102 2.517789
770.275513 0.125681
391.288025 10.754528
5846.042969 31.556488
13305.049805 61.049381
30199.605469 90.218857
15135.446289 14.706293
10270.734375 10.150404
99.857239 4.255176
1248.777344 2.442446
908.140076 16.094479
6259.932617 20.435947
2343.612305 21.238247
16851.923828 17.694847
1672.041260 14.058316
15423.379883 9.652520
3268.680176 8.346253
904.059814 11.022771
1635.940186 6.090081
3446.563477 17.744385
10353.577148 40.249477
11757.309570 73.017708
9323.240234 72.620399
3002.463135 38.558628
1045.254517 15.922166
1703.123413 5.318605
1210.693970 26.396801
2801.828369 32.699890
2557.281494 49.828709
7816.012207 78.452873
2969.720215 88.607712
11448.883789 60.056725
3048.303223 40.362057
1701.986938 29.244764
1212.570801 0.386700
5478.067383 0.264780
1356.313354 0.347724
14010.641602 2.553241
8989.039062 55.060986
3923.395264 28.596531
1009.195496 10.822021
2676.823730 2.513133
1462.032227 4.697751
1632.910156 2.982564
3490.300049 2.674652
19479.605469 3.425420
2085.629150 21.657206
1700.470947 17.444141
2290.528076 12.500057
1400.531006 7.973114
19.463932 4.055980
827.927307 6.323933
1890.465088 8.317149
11115.205078 9.270138
1316.022217 19.565876
7508.634277 11.503651
267.804688 5.618994
118.682915 3.269841
987.302612 27.864471
576.264954 39.480152
1769.226318 52.899017
6766.072266 63.730614
4892.778320 35.260056
5919.488281 27.743196
2656.437988 22.150112
573.832764 21.679874
3921.535156 83.945541
86.615433 155.553131
13575.497070 250.877472
18137.455078 351.832214
870.893188 42.643112
930.934875 26.999249
2329.387939 25.518299
734.462158 41.999813
1545.923340 21.749104
1537.059448 28.341410
3950.703613 54.332165
171.108231 110.495178
17519.263672 132.416870
2209.646240 71.549232
4564.271973 39.146240
1092.180298 25.410385
320.650818 8.340961
3739.402344 6.381376
2043.227783 10.599792
17040.445312 22.802240
6065.335449 8.047493
4517.911621 10.880028
3704.458008 13.108793
150.708481 11.946228
667.849670 10.315073
1781.859009 16.142057
3413.427002 21.813385
14690.539062 26.358616
833.728760 14.091784
4199.547363 7.765639
4048.188721 4.889842
1837.063354 6.009240
765.771790 3.066327
270.877686 0.299866
3355.115234 2.954981
901.061890 10.913941
1101.081543 69.461708
2268.649902 46.817142
401.953094 26.655687
3503.444580 11.760266
2379.881104 2.807849
7792.434570 11.247005
16227.832031 25.129091
9268.172852 39.880024
5260.205078 34.692471
5364.345703 22.230858
249.940948 10.077354
401.450684 2.542862
4.109097 5.678618
833.824951 5.899985
9763.740234 7.331778
5133.541992 10.767220
19390.791016 16.689762
4118.070801 11.121840
817.915955 7.802975
1550.606323 6.227239
1749.732788 3.040566
1800.799316 3.850199
7370.781250 5.942268
3738.653076 9.585873
2665.079102 0.186017
8611.422852 0.873033
705.403809 1.945894
1964.775757 2.653667
4967.211914 5.830858
646.323914 16.182289
8093.316406 30.365685
21238.935547 44.890633
2570.942383 18.828325
7971.757324 9.942459
4119.770020 3.390645
412.373077 1.501462
3471.758301 0.495371
2678.654053 3.488221
2642.419434 7.110642
4477.824707 10.771484
8376.750000 50.447186
6366.514160 26.926977
3807.700928 9.661966
2858.927734 1.320251
587.676697 3.654990
6746.780762 2.217875
4340.001953 1.153427
771.081299 2.275321
5953.384766 8.670060
756.572693 5.374143
2054.297363 4.424136
4047.326416 4.313052
3212.352783 9.561252
3668.807861 24.972956
1338.883057 46.919891
12657.466797 70.223099
4178.291016 6.407967
526.423401 3.374240
1779.294556 1.274111
3480.558838 2.265070
2280.102295 4.030451
1563.388794 6.720146
1606.221558 8.124322
4266.222168 10.661459
9507.228516 44.966209
7224.881348 19.881443
255.706879 5.715946
3641.085938 1.994034
1829.862549 27.844009
3941.752197 39.776585
2493.893555 61.159805
11116.960938 86.973373
1231.172729 60.037151
2232.985352 46.725746
206.415909 34.428509
1325.718750 26.782532
3718.684570 34.451023
12302.162109 57.134144
3869.234619 86.141830
66258.929688 116.236374
6421.125000 17.538601
1250.954346 12.804776
3456.209961 13.417171
1639.924561 20.104088
118.295502 30.127094
252.624893 49.380856
9506.958984 65.757385
15462.827148 74.430786
7378.825195 2.345861
32238.810547 0.104692
7231.672363 3.190316
2700.517822 13.465699
4597.710938 18.208851
2764.399658 16.135876
3311.594238 21.716793
25843.976562 40.938393
7277.550293 27.679390
2351.691406 20.679285
1791.418335 20.660439
105.110794 20.789267
1741.659302 2.067736
354.617340 3.718482
3191.637207 4.005478
286.351501 2.676799
12399.151367 7.931045
6432.569336 3.282266
5778.608887 0.587441
475.463348 0.465064
2972.746826 14.846135
1952.457886 23.239660
641.008545 30.990423
511.019592 36.585640
26679.841797 6.536474
4075.995117 3.329613
6326.367188 3.639195
616.487427 7.750876
5511.409668 11.223927
82.681931 11.463167
17742.326172 9.740125
3226.893066 9.442260
9908.610352 14.200416
612.112915 6.248352
7234.633789 5.281462
3127.023193 8.321806
873.307861 2.265522
2127.497803 4.648282
902.203003 17.929203
14622.444336 40.120193
12880.173828 21.450863
570.800354 19.875668
3260.722900 15.038301
9.999366 7.641393
115.238205 8.988386
2732.629150 13.738267
8230.431641 20.284931
333.756958 27.807482
252.938232 26.236763
9789.382812 16.065744
7501.188477 9.442377
307.820190 7.199231
2259.884521 4.927222
2433.386719 13.809857
21674.007812 33.111141
454.115997 61.812786
20202.201172 17.970201
2688.991699 10.440843
39.286728 6.076169
1193.353271 3.620508
2955.177734 12.679591
2851.448730 21.057480
8075.558594 25.722992
7520.013184 25.216320
17052.445312 12.951944
6151.444336 4.230868
1625.992554 1.022952
1471.694092 4.566108
5619.620117 0.030120
1046.725220 1.423287
4562.401367 7.327446
11754.582031 20.930426
15597.789062 20.759798
4401.800293 7.853312
6626.932129 2.117570
2686.369385 0.339086
391.668396 3.456579
6738.511719 0.114152
2353.937012 2.119230
1560.528320 10.107177
5094.858398 38.180149
1815.214844 28.650461
1214.156006 19.238968
5919.134277 10.437853
416.396576 6.550905
8101.826172 20.123341
553.800659 42.520065
32101.242188 64.989395
13308.152344 70.818504
1893.224243 47.371254
642.462402 23.318525
847.826416 7.664107
1232.685791 12.384459
533.313293 23.831293
1007.688110 44.409794
77.731453 73.543365
21435.615234 27.773291
27060.117188 15.117222
10786.357422 9.121755
5138.600586 8.143358
1606.663574 14.773209
1638.112549 31.901720
3683.169922 55.624149
569.077515 83.279160
1254.800537 43.132740
2555.776367 20.722410
946.297302 8.137617
6807.471191 6.344070
4861.166992 6.633430
1972.526611 12.082363
2984.479004 23.211733
22259.867188 40.293060
8643.672852 16.855247
2574.188232 9.470004
2159.141846 6.034240
2168.852539 5.105172
1032.886963 13.283721
2063.711426 39.116463
4109.486328 77.282394
30999.796875 118.241852
1651.371216 5.809527
3048.887207 3.794378
1251.590576 1.175973
498.556519 2.082170
2538.458008 9.217103
3312.297607 11.553601
445.876678 19.806429
229.854034 35.684517
2235.962646 15.494775
10569.294922 10.970185
4154.875000 9.883717
1844.615356 9.435414
3659.693848 1.880491
7784.996094 0.570714
4242.469727 0.088100
28272.361328 1.792251
2334.254883 2.395919
719.985229 1.884013
2763.581787 2.427421
1411.303955 2.657283
98.916748 1.373865
1758.266846 0.667835
226.339264 0.251354
5287.799316 0.065107
23321.773438 4.933238
6848.130371 4.387605
5357.093750 3.436318
654.623962 2.346926
717.531250 4.189860
259.625366 8.667246
1165.770996 14.250608
165.928818 18.635778
12340.074219 4.233781
8372.362305 3.742774
3286.920654 2.516333
6892.801758 2.195321
70.908173 2.061149
1196.901611 2.841647
1906.949463 3.242106
2048.975830 3.309158
3895.749756 5.858534
132.354675 3.105409
716.421692 1.575131
767.929199 1.393074
532.324219 7.110816
3220.012451 17.501047
2994.268555 30.482374
4857.276367 43.566498
930.521606 41.879852
563.706909 21.246359
1828.084595 7.337658
785.728271 2.783241
3115.041016 23.831253
5679.761719 26.372868
5984.214355 38.669266
1637.763062 60.439083
3847.849365 63.430244
2197.768799 49.521160
227.380554 37.876732
555.128601 28.679104
378.148193 1.679556
4181.702148 4.495368
7640.850098 10.871616
4222.515137 21.538910
937.832520 13.958756
8.019990 6.535775
227.449554 2.667237
2520.709717 1.240754
901.801880 6.712076
1134.334106 10.927849
4033.927246 15.959395
7128.796387 21.511932
39067.734375 6.702879
7800.723633 3.198844
4836.529297 2.296150
7762.498047 3.661000
1161.573486 2.185826
120.096573 4.328331
2377.225342 9.083742
4872.241699 17.139143
1681.412354 11.235234
184.624634 5.454931
2051.150879 2.607468
2056.765381 1.715299
618.758423 2.125894
497.594727 4.012657
10289.313477 5.276958
8462.348633 4.766623
6301.180664 16.951801
2689.477051 9.996640
1056.666870 4.297072
2181.682129 1.680501
298.677979 17.659088
691.029785 16.607014
3188.951416 18.765194
2065.786133 24.448559
2635.361328 28.765419
54.994175 26.368336
1853.092285 23.703976
2655.539795 20.534470
1846.504150 50.626057
2404.338867 52.138958
5406.105469 54.649689
5304.056152 57.555843
17604.289062 96.311172
256.429016 76.420387
855.440186 61.017036
491.113770 52.666359
717.802246 67.041840
386.273956 19.586477
6151.520996 26.336636
5969.882812 121.178467
43551.761719 205.799927
584.402954 172.910019
10587.766602 155.794342
1458.324219 122.144737
1036.724487 19.196283
174.895386 7.814972
744.592529 6.413177
9275.085938 17.413685
9467.121094 292.576996
9145.591797 187.829666
8832.135742 102.514481
181.234222 47.410576
2400.177246 27.466925
1578.965088 20.444958
2637.678223 17.045692
15101.929688 33.545380
841.866516 221.690887
4878.319336 121.404861
1063.669556 61.975357
2077.541748 36.691223
2540.175049 64.951164
433.167267 38.539036
3604.736084 26.818476
10246.837891 34.503510
5754.908691 302.829956
707.162476 228.326477
0.039788 159.902191
409.209076 105.044434
2240.137207 28.836716
933.903259 22.408785
32.166664 17.613863
368.962708 13.038853
36921.359375 80.238007
5241.976562 67.838173
852.634888 52.518509
3074.978516 38.754375
581.733459 6.535764
5577.514648 16.562244
3984.356934 30.181667
1215.675171 43.636425
5729.482910 13.163433
1199.017944 7.664606
590.148804 3.212986
4912.825684 2.170472
742.265320 31.577291
1326.219971 14.148439
1755.770020 4.694047
24303.960938 36.168114
4737.158691 79.232674
5953.287109 29.746784
2043.368286 25.029713
86.998581 34.284927
989.544617 31.241211
1254.337280 10.202002
3044.061279 4.674020
8592.124023 9.404507
25441.699219 178.464539
37601.132812 153.693512
2205.287354 112.687271
10394.791992 67.782967
848.033936 0.342336
345.254333 1.137930
877.363831 1.721454
9382.925781 3.247948
1985.204956 56.572983
34.473125 29.430016
31.332544 10.703581
2303.699951 2.000725
121.120201 19.286449
2997.252441 43.200191
265.453918 79.529312
5286.744629 118.860458
14505.703125 7.708339
722.009888 9.336795
991.200012 8.591974
326.139313 9.469847
866.303772 24.137642
243.971283 14.893442
620.697754 1.837611
8174.404297 11.915703
13678.517578 176.475906
2813.005859 75.788124
1498.596680 30.779692
1340.871094 23.344803
920.553711 33.844868
591.094849 51.807877
2105.303711 82.890411
3288.074951 126.418732
5376.589844 68.892883
3791.658691 43.264069
689.609497 30.005497
2590.520020 27.077362
551.434326 36.686447
6687.069336 28.993332
4664.187988 15.380414
416.231567 28.774010
5007.032715 305.703827
910.368652 142.246323
597.328979 58.580185
856.245911 36.589012
224.455017 115.363762
1979.072266 79.326691
13916.823242 51.475464
4188.027344 33.226891
8981.647461 340.944977
8881.890625 283.388885
323.198883 219.477417
5906.837402 161.763855
1478.764160 12.377940
3540.702881 5.711927
611.172485 3.384869
5795.372070 4.162151
1933.981934 60.093624
3033.067627 50.784584
4394.923828 37.374855
671.400085 23.494858
2087.340332 9.577168
4055.636719 2.913089
1824.542969 5.948925
503.898590 31.649754
27336.246094 45.238506
16695.779297 21.926466
3032.479980 15.868547
4438.714844 14.559738
1762.535645 6.584058
1011.623108 19.692396
2046.264038 28.083431
4691.208008 24.543463
5503.574219 158.046127
2768.937988 87.255768
798.023438 31.611469
314.889282 5.520753
1192.069580 17.381975
1885.841064 3.040581
177.809418 3.010127
581.991272 27.780540
8706.437500 51.445084
2041.624023 43.362526
52.558731 40.379833
326.082031 32.465775
611.332153 6.961733
3476.060303 9.195190
77.941696 15.856615
4687.421875 27.865833
7704.440430 47.730042
3005.238037 28.759218
1674.228760 15.802800
1630.510742 8.899345
1743.126465 3.007489
3195.781006 12.156807
152.864090 30.290054
6046.644531 50.112686
3285.562988 24.433683
3320.884277 22.013981
747.177002 13.527522
106.963654 4.800233
1414.531128 21.730085
2979.152344 46.703636
138.010742 65.482376
3343.225098 68.805664
1157.478760 80.657631
2691.247070 39.895805
1954.712280 11.383854
695.137390 5.864200
2232.996582 41.361786
2542.689697 41.371651
13.156069 27.279707
6203.820312 8.242045
10935.532227 68.188309
2628.005615 34.271072
2353.848389 23.629093
50.183895 30.871805
1873.747070 27.364893
6523.604980 18.393032
2522.247314 17.245394
12653.059570 28.477556
20518.941406 12.789717
8597.270508 25.799686
646.527710 35.284901
699.869202 35.420456
3421.554199 13.823105
20.549103 10.832484
4508.271484 23.615408
443.979584 51.786423
17384.529297 19.358673
310.079346 29.578588
9252.506836 31.925438
7396.850586 24.481314
3124.027588 19.741295
2678.682129 21.739098
4306.816406 32.538754
21184.041016 42.451752
12021.046875 166.646164
7943.817383 120.986084
1599.674194 72.225906
372.446960 35.833290
948.131714 3.229422
865.261230 4.291443
8056.450684 6.077247
3176.941406 9.883844
6173.336914 18.408815
357.395264 9.087691
6817.060547 4.146536
2729.200195 2.768726
429.432800 3.200032
848.209473 14.341811
2924.899658 32.034489
3645.449707 47.469543
4699.134766 51.412518
9129.300781 36.289352
7786.111816 17.651299
699.161987 4.450822
388.859497 10.460745
714.285278 5.672363
4222.959961 4.537964
5293.156250 12.186148
24630.476562 68.491219
4621.576172 42.384686
2102.167236 25.904808
1992.560547 16.604591
557.816101 17.334488
4751.269531 12.610687
5265.577637 13.511746
3242.850830 19.642553
2071.592041 87.790176
5616.650879 65.990425
277.441589 44.968407
1715.116211 28.182491
367.700806 28.123053
2029.681641 23.785904
5831.676758 17.060442
3430.688965 9.201581
4712.401855 96.064545
10125.902344 67.855637
824.943176 46.043865
20.219349 33.718880
918.374451 18.279512
377.929810 35.882442
1483.248657 62.529419
745.021790 95.970871
3201.000977 4.826787
19124.066406 0.779139
2009.787842 2.558124
5228.342773 8.085736
2671.945557 49.619347
430.491119 44.102024
6023.829102 21.066473
339.566223 0.991573
19983.320312 188.501801
2794.952881 92.150940
3006.398926 46.657631
243.577057 41.975948
1563.561035 18.451744
1670.202515 13.093873
2215.284424 17.076750
2703.353516 28.388184
3922.309082 62.609661
1075.403687 57.500973
862.922363 45.940910
583.960693 31.095268
1837.403198 0.993792
6233.261719 5.178225
1540.379517 11.888242
16737.357422 23.761667
2604.898193 63.432442
6375.893555 29.255497
262.614410 8.465215
188.090668 0.567361
808.044128 1.672267
334.838196 8.421572
4454.740234 23.697565
202.534805 47.587982
17651.289062 76.236839
3713.062012 41.479195
378.680634 16.975857
2659.995605 4.043854
3778.120361 15.136517
4014.728271 5.581443
901.343201 1.043280
7524.701172 11.248473
33855.703125 126.917465
6629.361816 76.079613
2827.506836 43.945072
477.409546 26.370449
1469.488892 3.534056
2259.520752 3.708556
1624.736816 6.411712
1158.235718 14.531794
11836.102539 78.580910
3010.086182 42.759678
6.229463 18.815691
401.350128 7.094427
214.949890 2.017741
287.237396 0.619739
1444.665405 0.126431
15734.313477 0.919444
4174.121094 53.487087
3704.751709 32.552589
1858.665039 16.078543
242.515976 6.266428
537.676819 2.259778
2754.150879 1.804766
1592.324097 3.112956
2951.745605 6.926194
21269.125000 21.828220
136.751816 13.652342
1399.608398 7.776112
2275.696289 4.153130
351.940491 8.434446
7.147247 5.071066
3869.851074 1.861030
721.284607 3.496155
401.733673 44.964603
11255.982422 25.397148
886.551086 14.855356
546.922913 10.740990
813.751648 10.452258
2690.131592 14.378580
400.266541 26.744797
12105.589844 48.551987
4979.793457 7.721579
1251.655884 7.961030
2868.596680 9.923447
1055.797363 10.426372
67.614075 17.820679
4176.051270 16.519300
1927.530029 11.646157
11231.224609 5.159344
8490.707031 59.842842
810.982117 37.914654
332.663666 23.797333
2172.108887 18.423878
1594.349365 4.134152
666.047241 0.482084
1421.971191 0.781157
1507.472778 4.826808
986.199768 14.894050
1391.594604 16.609097
7390.301758 14.787806
1220.215820 9.866482
699.606018 6.454130
1576.249146 16.706760
5388.092285 44.344414
1329.762085 89.296143
3185.006104 59.985001
7948.148438 35.898506
2678.178467 19.451836
981.900391 9.012244
2894.045898 13.147089
1753.083374 7.961984
2448.777100 1.906738
4592.911621 2.066928
39285.289062 150.635788
1568.589233 84.886444
7881.495117 41.431854
463.340820 20.723877
1559.746216 21.334677
4851.323242 21.030491
8973.835938 22.417109
1593.429688 25.876146
3182.580566 29.123182
836.261719 26.419498
1542.811401 24.343904
1550.723633 22.619640
515.659363 3.180652
221.767365 8.455309
167.297546 18.152023
1461.427979 32.321877
15430.137695 20.583595
1562.173828 9.905373
4964.833496 3.816802
1258.964600 1.717491
732.321106 7.395652
393.131500 1.173924
843.908325 12.192633
2460.140869 44.836796
8469.053711 3.291532
1887.653687 14.437588
4734.552246 21.833797
1567.011475 18.291618
699.077637 0.126472
97.390419 3.510353
2725.026367 16.912966
19377.259766 42.095688
9160.457031 97.006447
6170.772949 54.327282
1093.097412 23.837219
909.158936 6.376328
2129.787598 27.484982
385.661194 43.975929
3209.466797 56.666344
1741.033081 53.949661
656.519104 106.114349
747.432983 70.743851
458.658844 37.965714
1656.692749 22.444679
1384.095581 30.775824
2719.696045 28.282450
7238.185059 15.057598
1523.773438 2.129073
13935.251953 32.976913
5318.420410 11.329765
4897.328613 10.511236
644.168579 21.631477
4022.236328 31.082623
1139.595947 53.604912
3685.696289 78.332520
7633.485840 99.662315
6779.956055 1.268135
8401.480469 0.551903
3107.492432 4.514756
2300.810303 14.392008
1317.394775 74.233627
1925.576782 82.001495
217.390396 62.590523
8305.827148 31.765015
590.017578 185.290634
7137.289062 88.997070
4705.431641 46.589794
1161.096680 51.715775
882.934875 49.974651
38.450214 18.831459
1261.861328 19.532944
18216.007812 68.280472
14437.540039 105.797668
6108.444336 106.849731
2379.657959 105.563248
1744.007446 85.825829
1798.392090 45.779442
3718.214111 56.344894
6158.940430 73.926994
759.755127 79.567322
14220.177734 182.469482
1440.336548 145.754135
2023.981934 96.457985
2271.904297 58.367706
1520.554932 43.181477
76.533562 32.338299
449.259247 51.434509
1880.607422 126.781540
12993.455078 113.773277
6747.928711 70.187920
3370.330322 60.099129
264.769531 55.824165
879.479431 32.793804
2561.748291 6.550534
1976.564941 6.864103
1238.925781 54.755161
5594.617188 341.301636
2566.635254 217.131699
6313.661621 130.347122
2118.602539 73.091751
586.617798 51.452808
3689.491211 36.784142
8347.599609 29.719185
1882.664062 20.012625
7619.344238 313.173523
6803.655762 235.442062
518.734253 152.352219
2007.678467 87.874588
376.213989 19.646629
2135.296387 20.041977
4529.633301 38.333824
6523.496094 66.250809
8845.574219 64.273979
556.863586 67.536148
5146.938477 55.345497
37.111523 35.044579
2119.014160 6.510416
1971.452026 15.396858
3648.355713 33.876961
350.440704 58.485069
29805.007812 69.126907
1787.989624 43.470711
8096.589844 22.099743
650.553955 8.919749
2097.517822 23.830229
2039.940308 7.015404
414.155701 6.139046
5880.515625 48.116051
17591.796875 146.801727
900.930542 77.958420
833.117310 48.947403
2516.138916 37.403851
2675.809326 91.312965
4058.785156 93.055679
5936.999512 103.324905
46619.171875 98.329521
4728.649902 319.813873
3718.171387 260.982544
6702.891602 183.001999
211.956512 119.971825
3497.154297 48.039799
1198.976196 67.050888
3168.069580 87.147133
9847.818359 105.314285
8281.412109 24.686066
14575.744141 20.171658
3022.554688 23.003946
7087.166992 32.706486
369.228485 68.803398
1712.630981 39.641724
3368.229492 7.330436
279.605713 5.639313
31127.955078 191.698074
1293.398193 114.381599
1541.590820 85.252266
5780.074219 79.893997
531.991455 30.665745
424.177246 31.053745
2879.074463 50.663696
1024.384277 70.962967
3962.579834 176.175522
9218.011719 152.527802
5899.294434 105.596207
787.940674 58.072872
192.918671 2.327839
2874.793945 1.231052
1227.089722 1.944438
3789.045410 5.978045
7721.428223 17.684490
3846.844238 10.831876
1612.358154 6.639225
3087.750000 4.126171
1545.783691 32.515957
596.771606 57.324993
4251.082031 102.713150
1982.765259 150.580276
2929.424805 140.441071
680.947815 107.519455
2038.579834 67.390221
3330.947754 37.352909
887.450806 16.932188
363.513184 18.411444
2134.254150 28.687233
15256.343750 58.173523
5637.375000 80.492546
10387.474609 40.018253
945.694702 22.100994
35.785561 17.490116
110.632187 2.436271
771.645874 1.636806
1877.775757 2.595855
599.677551 20.950457
1110.002686 120.781891
3078.868408 46.808205
36.484226 10.507341
2888.408936 1.622776
2048.873047 4.786225
591.790833 4.968190
3005.453613 9.581156
2582.336182 15.703562
2909.537109 33.945004
2996.706543 28.181602
3231.893799 19.000420
1611.205933 10.018480
2872.225342 1.113555
770.776001 13.432823
3014.781250 45.627720
13809.531250 96.942413
9986.768555 1.433281
395.319885 0.719245
253.112091 1.867222
96.135223 0.556887
1956.817261 27.416061
961.816101 25.700092
7576.031250 12.534328
11105.537109 3.818338
4251.283691 202.494141
1702.259521 97.044800
713.779663 39.251976
1316.212280 24.018940
605.173218 70.018463
96.616531 45.668621
1595.164917 55.196953
3317.100342 102.703865
4918.893066 192.957230
2324.105225 177.874527
25.824066 151.247772
1331.507568 111.579529
22.966766 27.658838
1667.365479 9.913090
5559.693359 0.220451
1403.903442 8.024671
141.264221 192.794357
21273.791016 129.580322
2627.558350 82.397415
965.376648 50.460613
351.055878 26.575661
2257.335938 45.373211
15297.007812 91.355026
689.858459 160.429047
8412.761719 10.699273
1038.156372 19.539389
1141.461304 25.575554
558.021851 24.980591
1552.180054 40.431465
721.229675 32.030228
1154.486084 25.270008
154.377197 38.524925
11943.075195 287.623749
10588.526367 161.421234
9563.635742 84.635864
2022.913208 51.612598
543.083069 20.416256
1736.430664 4.510398
155.621094 5.245262
12820.048828 24.868774
6910.799805 142.453125
2987.185547 112.094902
2958.401123 79.569984
317.760620 47.470177
822.563782 10.729349
3606.500488 14.209624
1317.129272 17.077991
2563.366699 22.729099
19901.734375 132.224533
8414.041016 70.232948
89.688110 29.438906
1241.208252 12.221626
2603.585449 3.668097
684.729431 15.273805
8131.216797 36.142525
5223.050293 61.838055
1747.769897 63.554916
18720.845703 37.559811
1766.046265 16.201281
1986.140747 3.990073
1513.603882 34.053631
2650.193359 21.065147
3030.867188 4.338182
3635.137939 9.849622
17077.169922 172.563492
724.309143 83.362839
9430.331055 43.737232
833.124512 36.288921
776.664307 50.218964
2284.597656 49.978409
15160.758789 80.837677
16574.125000 116.805481
379.569214 230.575439
3061.118652 210.846542
190.064438 154.009872
475.895752 90.011543
1138.036621 23.368015
1770.523926 19.676472
73.907547 15.170270
7512.675781 10.449841
57131.226562 60.504318
5444.578613 46.883163
7279.955566 35.383499
1511.410156 27.841619
432.900879 3.172220
4469.243164 2.439201
581.364136 28.831553
2540.944580 87.038536
16309.665039 27.839499
2182.248535 25.830635
618.790405 24.564857
802.532715 15.527603
2281.242676 21.111801
125.722046 26.184919
48.891727 22.102282
6036.961914 25.885382
15634.907227 234.009857
1866.830322 104.564964
662.912964 33.224869
1158.410034 14.450476
1182.696533 13.544574
953.387878 5.590715
1617.001221 6.478333
906.699951 8.412366
4188.735840 148.404694
7264.319336 115.477264
480.014069 73.470665
3791.323975 36.439980
1874.797485 12.027193
647.075012 26.433369
737.732666 51.153618
1881.727051 75.535492
9458.810547 100.458260
614.758545 69.474869
2818.383789 37.239590
692.200806 15.549000
781.518616 3.655530
545.976074 8.410605
3201.616699 20.116297
5973.161133 40.624855
1764.410645 17.169144
143.418594 7.324140
341.245361 3.490339
790.254761 2.617085
1512.618286 3.432011
834.954163 6.028173
244.091309 6.278714
8484.886719 5.164776
931.526733 25.930523
1538.033569 10.592497
63.265575 2.113729
323.010376 0.765754
430.178101 77.065163
189.724960 75.706146
16178.808594 91.694473
4106.950684 159.447144
7958.511230 87.769615
1871.666748 40.403526
1997.312500 46.279835
5272.082520 67.652809
2345.078857 87.139381
500.780029 23.827147
858.959961 8.905508
12393.904297 76.221375
30343.886719 518.973694
2707.819824 372.469940
563.627563 260.727386
377.639740 169.182495
1787.335693 29.197376
51.456142 39.498283
257.527924 67.248444
1855.917725 107.589066
20310.814453 188.390930
3552.303223 125.980171
2502.317871 73.745789
5041.972656 40.274094
2579.425293 11.704745
658.758545 30.863453
2659.196289 45.218662
23753.035156 47.036926
467.438324 121.030579
917.110352 62.917831
3325.704834 19.661442
50.964409 3.394767
598.469604 53.742428
1265.634277 92.730087
5981.746582 116.380302
8774.606445 115.157707
4531.355957 62.283958
4109.315430 23.931389
732.796570 6.602324
1032.604370 18.869820
2944.694580 116.601944
4572.809570 76.402695
1422.770630 32.758476
22012.369141 40.286346
8256.955078 236.500290
5020.886719 139.255875
13912.744141 116.957268
2838.031006 125.026634
211.984848 38.040279
4593.575684 4.642811
1972.567505 19.952961
9524.294922 66.286240
16504.007812 259.033875
4569.695801 253.413010
1276.590088 196.462830
4369.275391 112.207184
2085.891602 8.421390
2279.449707 13.782008
375.535156 20.785412
2871.783691 23.261715
49276.984375 94.912331
835.353149 62.372234
827.477600 31.773205
2528.745361 12.877353
800.821655 0.656386
5537.536133 0.807114
1394.790283 4.085143
5971.003418 9.804399
18940.988281 2.943202
12041.981445 4.627578
2138.999756 4.421600
23.056923 2.543651
3729.320312 10.194862
1528.571655 6.626571
1080.559326 18.908300
6539.845703 63.335850
5539.134766 47.690079
3391.307617 18.573488
479.508362 13.014785
2225.293701 13.694654
2296.717529 25.299755
4474.121582 6.202634
1140.345459 0.790921
2452.087402 24.098612
10968.259766 224.634781
9821.784180 142.425278
5635.022461 86.330208
4510.965820 50.679394
824.427917 5.896941
541.330811 12.552055
806.944214 33.919621
10975.963867 77.648331
772.325684 77.793640
2532.896484 35.927864
356.634521 14.857947
72.023659 6.889869
1757.588867 12.265481
135.502838 17.751087
5468.028809 25.642519
3481.577393 40.192345
9321.450195 207.638519
1037.093384 111.864815
208.852905 46.861698
1414.925781 17.071304
2987.204102 56.058994
326.806000 34.399803
3453.027344 16.091291
10783.797852 10.901416
7997.670898 210.794876
3657.412598 153.047302
2086.031494 109.287521
2090.142578 79.196922
1507.030396 63.219250
1551.379395 78.529861
7781.973633 112.227280
23004.867188 155.615738
751.277893 33.024315
13672.582031 53.997406
6025.511230 62.991959
1020.344177 62.204399
1458.037354 25.873642
428.757751 7.512298
389.886597 18.608658
10676.958008 95.136024
12186.097656 175.022400
902.282837 89.871170
1293.462036 56.937794
5694.285156 43.573421
72.880920 59.201485
2818.940674 41.387589
4325.348145 37.239353
600.559814 31.683706
8841.206055 374.158691
11526.102539 287.623840
1869.558472 188.257736
1036.837646 106.892563
3469.294678 28.483770
191.067474 23.208986
641.253296 21.606045
3750.013184 21.241255
17954.443359 72.569359
2376.476074 64.875603
2523.121338 51.995834
112.059517 38.568623
340.914398 2.212876
737.274658 6.026680
9669.934570 12.194519
17732.447266 18.700626
4234.734863 2.427998
3030.303467 2.810267
574.808472 2.012126
294.615906 1.231851
4111.941895 14.842979
2164.668213 29.279451
3921.864258 46.153511
5115.105469 56.698967
2542.586670 82.915558
4577.916992 53.340508
5388.294922 26.391005
1374.195190 12.367143
211.358704 23.016842
2543.846191 17.188622
10101.650391 8.846458
7284.976074 8.147692
6660.339355 51.640854
5666.295898 28.028341
1377.785156 20.958929
761.407837 22.621561
441.923920 6.666486
329.589386 14.474586
3752.575684 18.454723
5920.968750 18.577225
22031.964844 61.029083
2793.045654 27.150702
5406.573242 6.327376
7019.927734 1.153009
59.353767 25.249050
1306.072510 11.662993
2178.149658 1.767656
9188.976562 12.967211
5297.884277 48.651253
9660.474609 27.591322
336.043213 26.653435
483.338776 30.082668
2639.678711 11.874420
351.309113 5.122141
3084.350342 6.380636
5604.453613 11.454016
4273.909180 67.466309
3151.007324 61.537678
3094.803711 45.900436
4594.535645 26.939497
111.182442 9.073991
464.490601 6.753286
3634.667480 7.169031
607.734314 12.332907
431.335938 8.831039
4882.397461 9.762667
2716.726562 11.330903
615.443848 11.222036
193.926285 7.656936
2959.108887 0.278439
812.942688 13.887572
3015.327881 46.732990
2879.808594 61.239719
4136.734863 60.311626
4340.583008 48.750023
593.770203 27.994524
1918.062744 7.303212
770.813232 39.951523
309.414490 102.438248
11.021057 172.125900
5793.170898 61.759987
1140.915649 56.100891
2765.708496 33.141518
656.849792 9.501705
563.083984 5.123580
1191.733398 2.824258
2308.390625 0.844526
6979.091309 18.113091
1973.423340 105.559448
697.558594 34.960247
2589.621582 5.154513
212.289368 2.052602
424.812500 11.915458
12911.232422 14.768234
513.924377 29.557436
634.368164 49.480148
657.241272 45.845139
97.132301 45.510170
5017.602539 35.161713
2214.008057 20.926609
477.750641 2.523833
419.854156 5.083045
900.574280 9.148693
4484.936523 17.654976
403.176208 44.465618
12666.834961 19.844688
2967.995361 6.076203
3343.697754 1.703120
1118.639038 4.351092
6317.144531 1.888593
4894.761230 5.950685
1435.070435 22.474781
6740.514648 26.474918
6395.099609 13.840249
4180.649902 9.460723
3362.759766 7.447261
86.004608 4.496574
896.548706 2.472313
2614.472656 3.773525
6640.987305 4.895159
4692.349609 79.825539
1526.420898 56.654968
991.608826 32.364506
168.231567 13.959093
248.491791 11.898063
3620.365234 14.136716
7529.817383 11.983154
20996.277344 6.228445
5476.068359 40.333267
2024.465576 21.943310
4662.162109 11.099525
1984.646362 8.989580
425.436035 0.260705
201.567719 16.956211
1591.235840 59.940987
2315.634277 118.017227
3331.498291 32.934303
2148.422363 33.561356
1250.742554 22.726627
894.770386 6.733387
32.414299 27.708073
1247.599365 42.669785
9687.589844 51.663662
4397.427246 46.595264
15917.373047 127.598633
7823.389160 77.896011
6765.117676 38.494301
1048.839111 22.117268
2563.975830 15.987244
48.077614 5.450513
870.378296 2.177823
1628.510010 21.634720
18781.937500 12.130953
1981.131836 4.732602
13361.942383 12.584393
1170.272217 19.523666
2231.783691 8.781257
843.114929 9.229490
849.138428 3.468527
4760.302734 4.396951
14894.731445 84.783348
574.522766 27.663683
4153.049805 2.918456
993.015137 2.293382
1061.991943 3.240499
2148.148193 0.931793
642.418518 2.662822
1407.021362 5.531024
2891.960205 48.465565
6333.281738 38.103294
2357.849609 24.122608
2372.336670 11.290957
1511.692871 0.496851
483.974304 21.472952
7009.729492 85.229935
19583.759766 190.478333
3985.430664 8.946963
3488.603271 9.336454
1053.227295 10.652614
512.045654 4.278071
2804.540283 4.954672
6646.983398 7.222811
10378.527344 11.685636
11551.014648 37.652885
40000.363281 216.967117
505.695770 93.654282
620.746643 26.170517
1299.676880 4.800516
4826.044434 5.852094
7186.668945 3.021361
15313.737305 3.223772
21655.968750 6.433208
4969.487305 75.934822
1493.961792 50.271885
985.076233 28.386282
6263.148926 13.605204
3038.572754 1.598294
8153.508789 3.128411
4615.422363 9.303329
10089.392578 20.976072
26551.458984 0.909017
29357.726562 0.877434
9100.893555 1.889369
512.303345 1.997673
3569.530029 0.212042
2233.575684 2.565827
4008.342773 10.390924
1592.864014 24.024118
22097.605469 18.136822
8236.940430 10.443574
732.067993 5.180346
417.929016 1.620322
1231.471802 0.674354
1264.721436 6.595147
278.320892 26.271620
2068.765137 65.487267
1061.536987 22.181200
16049.260742 5.316571
6183.937500 0.652139
3507.728027 0.118944
2352.357178 1.540512
1720.752686 10.989456
1175.941040 41.239258
3863.468262 95.769180
1572.671631 156.469345
1572.342529 85.627159
859.368042 37.032246
636.039551 9.998275
440.244843 43.230751
456.065857 40.347244
7.879307 33.042419
3423.702393 34.017586
6068.218750 221.916306
9653.346680 125.093689
4182.085449 67.466492
1523.823364 46.218689
995.330811 2.521956
15.792359 0.389447
738.562561 2.319975
256.748199 2.519903
111.990601 119.346237
969.692810 82.299202
954.094299 44.081848
4785.368164 16.012146
1766.743408 39.897026
1667.147949 40.996716
919.208740 40.484192
7230.810547 37.851669
1973.681519 86.048836
1421.341309 64.773071
888.473877 48.751736
687.713135 41.009747
259.299988 14.557740
122.032547 13.097990
5474.112305 20.421537
11348.134766 34.892803
2665.459961 27.339365
5353.372070 30.835081
2348.886475 28.656351
1087.452881 21.655529
1196.594238 9.746986
1360.489258 9.140859
2325.741211 8.590511
1480.354004 9.253255
14842.822266 34.919823
1115.665405 22.861490
2828.629395 14.847009
2345.218262 11.022964
249.728577 22.477684
2064.367920 26.688143
715.482971 25.920439
236.967606 19.778450
12919.264648 63.140636
3484.046143 38.907993
3446.632812 23.208523
1229.940430 18.945335
1940.027588 30.973654
2131.738037 27.652515
3794.746582 69.108551
107.326118 154.783356
1470.573975 129.971603
8362.167969 116.607216
329.076477 94.438034
595.901306 61.086212
252.545425 34.132515
1126.142334 53.963581
2879.558594 83.950195
4441.054199 118.075676
8238.703125 91.419807
4436.903809 60.888779
4775.468262 38.317307
376.976837 28.593222
2075.965820 25.640564
121.779358 25.160625
3574.102539 14.181950
3648.896973 13.576027
15612.474609 126.798180
2770.321533 44.845085
869.678345 12.243292
4.968382 14.756080
3257.874512 64.284790
2165.488525 69.875381
3950.004883 66.543983
17764.849609 55.429596
552.326660 9.563799
2671.470703 20.611086
8791.295898 35.578739
25.441212 51.556271
500.845703 36.017258
4967.813477 37.657787
667.940735 32.344933
5682.351562 29.863602
80.063904 13.849725
100.072952 2.497295
6313.333008 9.392845
490.257690 24.510504
400.846832 28.412617
1839.821167 17.951981
773.951355 3.062304
1128.679810 3.566416
10371.652344 18.432320
6366.511230 0.204935
1022.566895 8.136436
3588.611816 23.463314
346.310181 11.108088
1704.004150 2.678187
1113.211304 10.609830
953.677734 33.890297
1289.871582 25.702923
12222.693359 39.022694
879.886292 39.743050
3785.305420 27.559507
769.141785 1.071005
373.802277 1.535600
2543.574219 2.116179
1996.637939 1.340789
11576.092773 45.212471
749.759338 27.958078
4049.539307 12.997821
878.124817 3.992845
1906.712036 11.073388
990.040283 15.766232
649.640503 19.328171
2014.405396 21.303568
5137.238770 3.717042
361.170013 2.053923
2406.192383 3.014428
1462.853027 6.365691
423.558838 13.103088
66.899750 5.896285
1739.938721 3.453622
13605.837891 15.088504
2264.321289 15.125680
1144.215088 9.910987
2259.913086 13.497150
2186.212402 16.396675
230.782761 8.789247
4216.902832 1.510180
1290.017456 8.586223
2036.592285 32.452042
13342.086914 18.557293
3756.989990 26.231730
554.284180 28.348475
649.984436 21.073357
1181.876221 8.771621
2104.841797 4.687223
9915.498047 32.657993
2258.234863 82.215805
10190.205078 77.888260
5010.240723 86.646179
723.523438 70.246819
1947.887939 37.396652
498.903992 10.414259
1553.421265 23.998997
1925.090942 58.347893
3170.331787 95.980804
20414.771484 95.380394
1414.640747 83.336639
4302.713379 53.735527
272.283112 23.334423
1187.045044 8.513060
3358.937256 12.119678
1403.856689 22.673410
9378.329102 32.680992
5930.008301 91.365280
9347.708008 67.302635
92.795837 39.321133
2646.180420 17.567244
1262.530884 0.494024
3064.597900 2.079036
8006.927246 9.498653
27448.617188 23.419533
15505.008789 54.906105
7759.025879 31.889212
1167.892334 14.839650
718.144043 4.556806
73.869484 27.007469
2678.196777 44.173359
4154.931641 58.134754
23457.574219 64.295746
41912.679688 62.939011
1073.463135 34.724342
532.873535 17.147106
401.523224 15.353677
21.286732 3.282591
2648.040039 2.182609
13856.994141 2.745214
7557.807129 16.726997
3786.713135 52.496086
431.372833 14.834572
8846.432617 0.935455
3878.429932 1.072498
3581.619141 5.703071
151.846222 13.784284
2791.353516 27.694984
14183.931641 46.169785
776.576416 18.590038
2347.504150 9.775358
8038.252930 4.603724
1552.447754 3.010066
957.611511 1.749379
3005.541260 1.861651
4875.272461 3.654911
6419.260742 8.646666
19331.890625 14.189409
3961.014404 7.246795
147.560806 3.695529
4765.894531 2.285761
838.371826 8.961140
504.230164 11.296114
2002.288086 14.434362
6972.173828 16.234680
9183.433594 16.234680
6972.173828 14.434362
2002.288086 11.296114
504.230164 8.961140
603.219482 5.411690
298.995209 8.908933
2214.709961 16.075493
2120.737305 24.089184
67051.992188 10.892135
1201.039307 11.327418
746.575806 9.029719
1073.537964 6.079981
8694.657227 12.150146
1688.507568 10.550797
446.648468 7.373813
5914.711426 5.744002
8400.825195 46.447876
2233.401123 27.475946
4535.547363 16.615896
1795.941528 12.879938
2.933921 7.986030
2753.245605 8.736881
418.699188 8.806021
4540.467285 8.339678
10020.070312 28.441629
569.626953 18.171810
23.239172 11.069477
64.033966 8.059128
3118.736084 0.124821
5031.469238 0.763293
4153.330566 3.182116
12945.187500 10.677259
1491.262207 34.631680
3786.932861 14.839317
576.134644 4.128571
105.889618 0.465835
354.458038 1.072828
258.949554 2.660068
3259.559326 24.717585
2141.511963 80.220535
1798.723999 57.744987
12647.652344 22.699377
822.651062 10.023602
2002.698730 5.314221
1248.219238 23.828573
2485.887695 15.126391
3312.780029 3.780727
1949.281372 1.872350
2150.457520 293.308807
15603.401367 165.207458
4540.469727 79.191238
793.363586 38.001846
103.893524 11.667625
3289.192871 7.988336
1132.219971 10.158955
14748.623047 20.483078
41.445103 104.031502
627.703918 67.535446
1467.621582 39.446484
1461.963501 21.406837
2443.205566 8.202383
638.690002 3.468059
555.582825 7.905805
2916.821289 31.998358
4083.224121 168.663589
9796.636719 92.809418
1263.466919 44.368103
2596.536133 19.556055
1223.705322 35.687149
103.666794 47.955299
3054.381104 57.055885
4995.969727 48.841370
2641.596680 236.633621
3101.496338 157.005539
4877.934082 84.437500
459.606201 42.739311
3479.636230 35.966957
1117.024658 18.949358
4838.342773 3.878042
4476.861816 2.993912
5126.252930 20.593439
1123.874878 27.056042
6043.338867 38.659477
21.070404 43.690807
1130.587646 16.502048
983.646851 6.919971
904.967407 23.304914
9464.800781 69.612221
26835.292969 11.995706
828.550049 32.428925
4461.624023 42.661869
983.075134 34.686829
2205.194336 3.533178
171.103012 0.151081
2792.636719 0.824899
3848.218018 1.278371
36121.066406 89.648773
1439.794678 64.847160
2072.247070 37.357895
2496.354980 15.539650
1606.774536 2.665316
15.827381 11.179276
7752.993652 26.406693
15161.012695 44.687881
440.018494 1.811737
674.196838 2.747546
485.764923 1.860165
1480.955078 0.626149
906.549866 2.071373
927.436157 11.405199
5198.364258 45.370186
5436.014160 111.124023
19269.908203 14.908899
4076.403076 2.183365
524.891052 2.176519
857.037781 2.560816
560.078857 26.956282
794.360779 25.668528
942.533691 21.145422
5456.913086 18.010345
51114.726562 156.171356
4010.006592 92.440994
3790.745117 49.868301
4047.945801 30.999815
1823.563232 13.654977
3411.550293 11.229694
3059.943848 23.138779
1824.916382 56.435253
2974.178955 1.739115
3190.165527 6.469363
592.804871 15.280046
1472.289062 17.963734
1513.009277 16.471035
649.033386 21.588028
577.300415 27.920990
4978.844238 29.885258
6332.097656 44.204849
4635.601074 36.237705
2203.753662 25.190079
2019.426514 17.364372
1749.888428 9.825237
3547.410645 0.692366
3262.925293 9.689989
8450.392578 50.677296
13716.239258 52.365639
336.641663 32.007282
75.882416 26.285435
185.828247 20.842199
178.674637 1.594992
719.462646 0.349607
134.423935 8.426874
1780.343994 37.239136
5967.794922 118.666290
3677.535645 56.586937
219.776871 21.855909
848.104004 7.118630
4443.836426 34.692272
5299.456055 25.270641
6411.319824 32.696709
3017.365479 48.854305
2163.105957 220.623093
12229.461914 172.103500
766.576477 115.242599
289.650879 65.682533
5637.376465 17.725891
1061.990845 7.314905
4963.155273 1.400042
17328.121094 6.228675
21681.445312 143.134262
3503.602539 92.444244
13558.248047 55.354065
1026.273804 32.163464
4525.656250 0.993531
195.945709 4.739202
2477.734375 17.089069
5418.290527 43.133068
7660.886719 65.149788
129.342377 30.267889
1628.779297 10.739429
5092.406250 2.567350
392.327606 14.284364
722.804199 10.445390
1857.341431 4.921677
10348.894531 5.553424
17673.273438 151.114243
8330.355469 82.596008
7152.114258 38.961254
162.607407 19.853762
936.867676 44.688835
642.833496 46.788242
1950.288208 47.489964
4531.871094 45.674469
2102.859619 22.061216
4592.209961 30.633232
616.091675 37.141792
3735.583740 41.608727
582.220581 10.070736
2163.784912 1.128655
255.378799 6.921235
7634.173828 42.960556
10017.049805 28.314884
1640.663696 13.789893
2334.114990 15.580365
2335.400146 17.019743
3976.466309 30.240686
119.662079 47.589859
2621.109375 81.534271
9888.586914 126.518639
3708.012207 29.221897
9456.821289 29.476692
6560.725586 28.366325
713.379822 26.447386
1767.140991 32.336159
1842.319092 30.598387
1900.748901 27.229694
2941.333008 34.336884
15491.875000 180.821991
3875.496094 98.389931
2852.103760 51.029629
3660.300049 34.357361
2998.791260 52.748775
65.997147 37.536869
1218.439819 35.165726
7380.881836 45.253277
18504.910156 137.224030
12102.736328 124.403259
5810.925781 102.926239
1733.382568 76.805634
3686.507324 47.593925
271.317780 55.764069
18.970753 59.985703
19082.269531 55.027969
1939.895752 100.004074
598.437500 74.671425
1614.341309 53.587875
838.615112 44.551342
1772.882324 15.150825
848.159302 36.413891
272.174408 93.147522
4109.531738 181.751068
13351.875000 5.323453
696.669312 12.843193
1049.361328 18.177881
3776.550049 15.478816
2585.267334 10.121881
12910.606445 17.274281
3880.269043 11.869508
5598.817383 7.275662
13710.258789 228.936279
1174.960205 98.551254
3293.080566 23.422409
238.184647 2.442154
1673.292236 44.078606
1263.074707 37.433628
9492.462891 30.391058
6950.433594 29.612030
9930.288086 6.408692
18334.859375 19.062963
312.921265 34.130924
514.437683 43.729675
580.453857 7.800930
3232.114258 10.723228
3446.052002 27.430544
6336.895020 54.262001
9035.930664 24.804405
1674.422119 27.852877
9574.560547 23.992603
720.757019 14.928639
456.121216 28.064871
332.697327 15.247659
6471.523438 11.946358
8642.184570 23.694115
16473.574219 112.027328
657.656860 85.776787
1595.544189 64.040115
5266.485840 45.095978
276.730713 11.344007
744.764771 4.906408
346.891663 5.955432
1374.039062 11.538407
10816.873047 128.924881
11474.062500 93.548279
5105.221191 57.336849
608.970093 28.596392
1341.489990 36.705349
513.361938 37.856304
9074.444336 37.620861
3254.502930 39.162701
1110.657227 144.220108
3018.364258 90.662766
1047.790771 54.876324
2448.613037 39.181133
1993.170044 55.837990
4620.850586 40.512882
211.349960 29.358507
814.567383 26.810253
26738.355469 51.335354
2110.014648 64.785347
7562.741699 71.668953
3783.249268 68.200943
3785.361328 51.925072
1088.328735 40.526077
12630.045898 120.546783
14538.479492 304.379883
4925.000000 160.208771
4619.009766 157.258621
5783.496582 146.335419
1126.800659 104.526901
1144.033203 89.793175
54.704144 64.273430
6817.301758 38.779694
2277.053467 12.314224
747.946777 622.567017
15906.179688 419.971710
1118.055176 249.347717
3333.693359 141.549927
1674.398438 11.336768
1645.523804 0.265902
2780.102051 5.080775
2204.192627 19.516708
4439.669434 102.564964
9698.155273 93.394318
3303.192383 68.433617
3697.767334 37.014599
326.422119 3.524752
3106.725098 4.704054
732.188904 2.626395
1232.325684 0.031473
13292.004883 72.851776
74.528381 35.432472
1077.910156 11.830545
43.586823 3.215783
739.018555 2.524621
2549.538574 4.394976
105.652748 15.553511
8231.979492 34.207561
3153.770264 25.562281
18.363398 21.643322
267.069305 15.326522
236.388947 7.667430
983.802734 8.091446
910.319824 16.938913
666.823547 33.307186
2922.062988 51.990288
18184.435547 30.222294
306.237366 23.719318
1626.604492 15.066666
1744.562500 8.295685
2441.070801 1.889467
2678.593750 1.478147
1375.391113 0.277879
2508.289551 2.337699
15814.788086 25.147987
2497.901367 8.709966
187.076202 1.535173
399.916809 0.849602
1048.711914 14.341321
2420.397705 22.708187
2604.708740 41.328758
2100.596924 67.373703
5378.352051 8.126138
5754.054688 12.231969
1448.383789 14.072702
55.559437 13.362610
5610.428711 65.066696
2726.766602 48.477528
6873.022461 22.262058
2298.515625 13.048371
169.473434 150.358185
3558.627197 83.680099
2764.614990 61.395004
812.558838 64.258568
360.484253 20.224453
755.108826 2.278547
553.023376 27.017620
1473.545288 90.422012
28638.388672 107.717575
3367.175537 118.949379
14468.170898 103.221031
4737.890625 63.180408
6602.565430 5.985937
412.667480 16.174892
5506.188477 44.750233
15777.808594 97.063385
6957.910645 85.593666
1603.749756 42.338005
7570.842285 18.302120
1190.929443 7.443495
440.781433 2.859515
1985.072876 2.214556
3939.370117 3.485888
2249.947021 10.067621
6341.467285 88.691711
2787.739258 47.918472
5157.257812 20.539255
1989.093018 7.134604
1437.121948 25.547638
3020.464844 26.214504
252.723572 48.308975
2200.498047 90.522408
12715.212891 21.888962
2915.897949 36.879951
4616.298340 42.488762
1090.150391 35.806492
563.498230 4.828023
785.477112 1.403173
5041.728516 1.485742
3596.088867 8.760537
1773.223755 88.796982
9478.908203 52.191696
3393.648193 26.515488
1908.552856 11.979939
1241.510498 1.687022
444.661224 8.762967
764.783325 26.069735
2474.157471 56.022373
4486.831055 17.112576
5649.058105 4.964371
8006.488281 0.736667
2933.588379 0.023231
396.934326 12.344187
1102.233398 40.348148
6177.504883 98.486748
3591.118896 191.449036
967.829712 100.224548
5739.234375 42.314724
715.977661 13.638674
253.392731 5.021995
411.654144 54.612026
2164.062500 15.523680
6296.673828 5.016859
256.633270 71.469269
2561.033203 333.583160
6029.560547 193.998199
1200.483521 124.804092
809.035583 89.756828
98.170822 55.343506
2049.996826 27.763973
116.849937 35.564919
6083.851074 51.040115
12345.586914 433.636871
5135.684082 361.908234
3275.103760 246.839020
1012.685364 132.466171
1539.354980 24.714739
439.027832 35.423813
870.743530 50.136566
10598.909180 62.434494
27611.394531 207.448456
1838.073242 129.281723
109.250832 65.911743
133.090973 31.164631
443.891754 15.851389
1146.524170 8.189049
947.812195 14.702168
143.052124 48.735199
1643.300171 64.106186
6347.878906 38.306721
118.219582 29.368498
1447.179443 24.316257
318.705353 1.711446
12.239019 5.905803
716.460999 13.985176
1398.228516 25.268267
2147.489502 87.514191
683.687317 49.161484
13.673911 20.412655
186.650330 5.095717
346.327698 4.144436
6364.791504 1.321134
445.904388 0.915272
6929.163086 13.092854
5435.186523 24.573154
1148.773438 4.117797
550.360229 0.121536
2255.858643 3.088553
933.461792 15.845125
1677.054932 6.764554
5963.097656 3.468117
7639.729004 4.499729
2707.019043 57.922298
621.559082 54.754333
365.998749 44.099655
588.348511 29.538280
665.003906 5.245136
1370.800903 13.236816
2825.965332 22.260103
2196.362793 28.226318
34413.035156 16.217274
8520.506836 10.050081
2596.490234 4.040582
4229.001465 1.818629
451.529388 16.489481
588.450378 6.923075
2078.361328 2.532409
6680.008789 19.187777
7090.875977 25.763504
671.517456 9.844275
8590.482422 12.697138
1654.669922 18.685900
2271.124756 14.384819
158.220917 7.831817
1462.164673 19.951363
7891.418945 48.841465
1667.085327 34.567772
176.146912 46.186348
4028.514648 44.966377
692.671692 31.150509
1216.203369 27.358349
917.600891 39.663277
3192.915283 57.912983
11234.873047 69.703255
18346.501953 80.339462
1581.208740 67.218437
673.305115 46.028534
1719.290649 29.621565
815.385620 35.923492
1463.803711 26.019030
2443.538574 11.191095
1134.138184 5.329239
34462.796875 56.427551
557.822205 33.415569
5033.621094 30.081150
1693.491211 35.299774
388.621307 3.608730
156.510162 12.937717
5630.150391 57.733696
1234.652222 126.853683
1247.374756 32.145592
7903.260742 47.382294
4590.440430 41.787693
961.223755 20.536665
1416.412842 8.367394
1702.939331 11.530308
6618.559570 18.436525
2892.147217 43.255440
1510.117554 155.104568
3027.305664 68.074944
1786.938843 21.591118
453.268982 7.509054
996.860046 36.595604
2926.346191 21.440607
1811.783447 17.426514
23788.404297 30.220901
20273.791016 145.204254
2686.588379 111.428032
3541.635498 82.472427
669.748535 57.689232
69.782234 51.986725
4576.253418 21.006807
2956.261475 47.589725
16374.273438 145.376923
31258.628906 296.566071
4179.569336 234.091431
2194.598633 175.453201
2281.672119 111.890053
2790.121338 83.437134
7765.874023 65.861855
5655.691406 66.541969
236.384216 67.050880
1062.878662 577.672974
53851.750000 420.997375
3308.505615 262.592621
8160.486816 144.897430
831.898987 26.317432
818.884338 11.241741
4242.204590 6.650403
16930.884766 10.675138
8329.465820 87.312180
1727.701538 85.530571
7220.646484 71.061623
4382.947266 48.675308
272.410919 1.757967
282.484619 5.122818
3375.054199 18.800215
4871.752441 42.939911
25371.806641 0.188336
1855.465820 2.901355
394.336670 4.903590
1964.812744 3.658199
1399.558350 21.095146
5645.264160 40.688477
2276.790039 87.650078
283.292450 140.912979
31932.724609 107.730698
430.678680 97.985245
418.789398 67.265671
3903.741455 34.166237
1883.646729 39.965733
389.131317 31.635649
1121.409912 15.157140
5304.549805 5.660704
1310.146484 253.657608
9761.568359 141.477631
1006.428467 73.122910
174.997498 46.377968
57.205563 19.510639
4866.614746 28.682291
742.876770 43.721214
3877.377686 62.578110
544.736938 22.108685
1794.008667 17.858477
5640.880859 15.720443
140.612091 15.779858
630.339844 22.616240
1665.267456 26.190292
7226.151367 21.395161
1915.552856 9.813009
7790.898926 110.870865
1194.962036 61.666908
2436.525391 29.880882
1554.926392 19.499763
1683.888306 14.224341
1788.625977 5.110676
633.886597 23.176632
20057.910156 69.826736
13791.375000 52.069359
3073.309082 58.327244
5319.936523 54.272289
1003.225586 36.366898
225.669189 27.770292
79.542557 52.415916
1017.523926 85.021881
2809.250732 106.258224
21171.404297 90.130783
7212.108398 71.962128
3782.597900 44.002838
7150.524902 24.875530
2375.981689 22.408091
2810.085449 32.269413
7173.957031 34.596973
11675.776367 34.075737
11306.164062 54.478077
2314.572266 18.637392
2883.725098 4.598471
1096.250244 9.459272
2098.105469 16.828726
2071.042480 16.861610
722.657166 33.371490
25081.339844 90.019569
310.768433 45.867809
3454.250732 5.449463
886.954224 3.067120
3078.081055 12.908810
916.897522 46.848915
374.664948 33.415478
3005.468262 18.267872
5639.460938 7.609712
72389.132812 169.270050
359.938354 119.624901
489.445923 82.887138
5212.656738 60.752213
2850.230469 5.227590
406.486389 7.223908
919.857422 19.764383
316.979950 43.821098
8701.574219 18.661106
8908.354492 15.149412
2791.556152 12.688176
1813.445801 8.770854
332.842072 0.188968
560.220276 4.081476
358.897461 14.306858
2282.922119 26.389139
3471.162109 55.704845
2825.586426 38.121399
2526.761475 19.462942
1427.703857 5.489328
557.060974 19.546221
2694.571533 12.036256
8621.429688 2.353362
10260.905273 12.598583
3056.291016 112.149643
530.416931 44.048424
942.823792 18.059011
843.215088 17.511168
26.918011 17.898521
335.802155 6.614445
5410.162109 10.782275
610.134033 26.991385
14227.287109 215.119476
18792.601562 155.505341
5947.702148 95.764847
3253.755859 47.769066
312.282867 14.016819
6943.381836 7.463797
877.231812 6.145727
2749.316650 6.942735
16055.649414 134.320755
2163.969238 96.879944
1925.741211 59.267960
1396.662231 30.531368
2339.775391 0.127867
1693.738647 0.177681
767.949951 0.191332
4033.423340 1.014147
13810.300781 18.068810
15907.618164 8.893753
7232.271484 3.048916
2670.998779 0.576713
4052.791992 10.392274
730.865479 9.170662
58.552650 6.524046
972.263062 4.496768
25847.486328 0.067649
12070.839844 1.823060
3941.687988 5.545700
374.155243 9.027398
370.436615 1.939419
348.655609 1.505120
1090.071289 17.331024
865.279663 51.393070
3022.917969 25.664154
130.138351 21.887575
2390.275635 18.034597
55.061611 10.306509
37.199989 1.813063
1189.810059 11.763475
2095.961670 41.667095
3195.334473 98.861084
2486.384766 31.865482
3051.451904 8.115809
86.777901 1.232684
1954.279297 0.374267
653.519226 5.326087
4114.879883 8.974438
2791.310547 13.215426
16122.786133 20.043312
2703.985352 192.612213
640.117188 104.791977
786.444397 42.179893
178.794464 11.668118
449.924133 43.992111
1974.194458 35.591499
1197.406738 26.322815
7899.804199 16.512684
4434.403809 90.457054
11018.708008 78.137283
494.099365 64.652603
2742.756104 53.140320
5502.759766 6.286661
2750.648438 7.809963
903.975464 16.443869
682.348022 29.300020
9155.386719 14.595281
5266.446289 17.917830
5005.077148 15.923794
707.820007 10.490664
2559.940674 1.854804
422.922089 5.281125
205.589935 11.139313
85.734375 16.896452
8321.544922 7.073086
6375.350586 6.547206
5775.462891 4.123242
507.294312 1.811280
1204.018311 4.195917
5449.360352 7.716469
511.916016 26.552305
1602.753418 65.315964
296.950867 16.998594
958.033936 9.140879
1499.034546 8.126065
695.218018 6.628532
567.980286 7.094017
741.539124 10.248882
2393.742676 15.630342
37.532108 23.103916
1075.216675 150.188782
6793.845703 86.299820
303.602722 38.512131
1808.222290 13.416183
72389.132812 72389.132812
72389.132812 72389.132812
0.000000 0.000000
0.000000 0.000000
0.000000 0.000000
0.000000 0.000000
0.000000 0.000000
0.000000 0.000000
