902.749390 943.637329
2465.024170 906.042297
6038.638184 819.220459
10321.628906 711.793091
3913.993164 711.360474
90.633369 779.028198
78.728989 858.819946
96.070808 923.184448
822.772095 791.948120
978.502258 688.711060
432.429382 704.218018
7170.747070 1046.927734
8785.865234 2002.182251
677.755981 1326.207764
399.188141 1008.251770
1158.163818 885.900391
1448.940674 143.945389
970.496216 99.858978
2332.364258 63.735329
1190.834351 12.246264
8327.516602 1892.030273
6566.764160 1221.491821
7985.119629 650.554077
1656.832642 294.964600
1075.745728 751.383789
1324.032837 891.728882
3672.671875 847.466980
6299.741211 644.232788
1741.791016 1654.355347
100.328743 971.422729
1735.632935 600.010681
166.067444 577.766724
400.586578 504.125702
771.828735 609.420959
6477.375977 834.886963
6823.978516 1042.068604
1341.084473 2359.152832
992.972168 1728.793213
1138.795288 1092.839111
414.032288 652.239197
127.396790 318.653107
339.582672 186.523682
1807.540649 95.683861
2123.889648 44.063606
9939.279297 686.423340
7989.132324 692.255310
2018.387817 611.735535
2962.184082 473.021973
2003.121704 86.905869
7985.827148 86.427032
10622.442383 119.865959
13557.674805 181.398056
11416.201172 201.446686
103.334305 180.497543
1881.850586 149.254852
534.848694 113.208893
1358.700073 437.773987
317.104889 358.269836
2343.590820 188.177460
11061.371094 125.184067
3444.642334 1096.088867
733.180359 533.566406
15.602762 344.752625
362.283142 386.600220
536.981567 271.642761
1172.538818 335.597961
164.032547 448.250977
1682.979492 515.128296
12931.345703 930.608276
17176.060547 753.116943
1533.940796 515.082520
246.624420 330.066406
784.190186 16.678720
1081.094482 72.907814
5017.000000 140.194672
11182.806641 174.665848
1902.841064 578.613770
5857.798828 350.866699
150.300629 146.282623
3277.354736 29.637207
302.506775 317.344421
2335.979492 337.989685
430.010559 404.147888
595.714722 532.189453
4742.279785 96.334633
787.800110 170.426819
594.071411 251.259735
747.176941 300.085083
357.376923 261.166107
118.362869 288.099548
3951.313232 204.842957
7697.854492 100.372604
17589.248047 1862.192139
2897.813232 938.408569
1185.298462 389.570343
1523.009155 222.931671
131.095627 29.699379
2293.829102 49.328613
856.258728 106.383926
8968.269531 241.443649
429.638702 424.074951
3405.109863 189.966324
226.206940 68.741821
1424.849121 29.592213
948.619690 893.482788
219.177856 957.147705
1614.981079 752.578430
5663.661133 391.751678
756.131958 2668.539551
490.932129 1505.775879
404.750519 858.513062
350.879089 744.459473
1617.346436 957.936768
334.364685 1160.375488
4296.856934 1407.176270
3162.337402 1511.185181
787.787537 2117.301514
2607.548340 1720.127441
282.414154 1266.747070
1273.011963 975.765503
521.953247 69.261765
2454.677246 69.697472
4267.346680 116.641251
5549.041992 173.520309
978.562561 429.519073
9303.950195 356.329041
3331.525146 241.441360
271.923767 131.772736
1718.303101 15.140958
980.558105 18.687130
270.521545 54.096508
8384.765625 163.062561
22207.429688 681.201355
115.395660 341.324127
1102.204834 132.858566
3467.504639 40.457214
2134.709961 223.440384
75.064453 306.694336
1794.367920 371.491333
5629.370117 343.537689
1593.803955 1105.254639
1318.452271 741.482117
4695.170898 412.889191
253.230286 233.930206
47.392021 85.011505
1444.813232 50.013439
1632.114868 92.873291
6038.236328 251.551239
3074.461182 595.362122
34.554665 395.208649
288.135864 257.584656
1081.784180 158.956909
733.721375 124.220490
1613.779541 129.060120
3166.532959 162.768646
3920.603027 227.561096
35.453529 423.864685
4180.763184 301.643250
187.691315 207.767365
1787.667114 149.181915
29.957685 129.122925
1564.178955 231.526581
2222.804443 391.996643
18334.148438 569.296509
2984.148926 62.180748
3012.168945 80.890083
320.492188 84.409180
18.700653 89.008652
414.559265 178.102615
49.732025 221.693695
2109.538574 296.417389
12919.511719 360.065857
4189.475586 759.587097
4385.306641 545.326172
265.741974 342.090973
191.873886 211.654114
425.648560 466.133728
1971.639648 491.916168
3219.169678 411.773193
10079.294922 241.427612
18097.654297 653.914246
285.662537 461.194244
628.864014 371.380585
133.945068 394.624664
220.950073 63.665005
2701.034180 81.915581
37.714565 189.921539
11240.085938 392.965790
9217.798828 159.551376
1035.732422 141.029358
1158.567871 125.439186
1012.813965 93.428253
219.762131 405.176422
57.393913 412.632874
1131.170410 412.391785
1003.311279 439.415680
3563.151855 66.936584
1371.765259 146.648209
566.647827 260.653564
3008.987793 356.670654
1032.740601 244.872726
1348.275391 323.859039
410.598389 484.834015
1630.841309 624.787720
4911.411621 1232.671021
14956.718750 928.927490
111.708755 584.158020
1026.744385 329.353394
631.669006 20.660889
465.213074 13.858672
5143.696777 15.377165
2519.127197 27.413313
13416.369141 183.612717
2657.519287 121.351418
4648.026855 71.144257
113.853752 38.206745
600.708496 89.952019
1407.425293 111.174164
147.956665 191.385178
25.825068 289.502075
20371.894531 397.011261
4262.194336 339.135315
1764.504028 238.847198
151.354080 140.286484
595.934814 258.817169
52.478394 192.106766
690.794739 111.636887
890.247070 61.095734
17739.660156 586.396606
516.567688 438.279755
3132.834717 349.666534
1346.781738 302.609924
2538.326172 373.136536
1080.591675 472.430084
210.822525 532.139404
3015.978271 523.340698
830.126953 491.845367
678.468445 359.108185
220.068634 281.980377
155.891693 292.037842
449.895599 94.130524
129.739624 145.707169
4805.610352 237.709183
2817.547119 302.723846
6729.401367 889.220093
3637.817383 618.673218
905.250610 340.812042
37.942852 151.344711
1447.620361 371.573029
1401.182861 468.918701
6310.445312 532.954468
78.325317 599.932068
2752.417236 38.598701
4122.477539 5.168095
365.216736 89.715729
1502.379517 233.369507
1340.541870 422.789185
1410.370483 503.127563
8597.200195 452.276581
9628.667969 274.217468
12326.820312 1806.079102
3174.806641 1041.918701
1887.057495 534.526245
1474.813843 364.907776
124.435692 6.055351
168.118881 9.890751
7966.397461 52.302834
14197.016602 107.104141
1871.380615 381.636627
975.159668 277.500946
1814.375000 156.507782
504.801514 56.807655
920.435486 4.499797
1412.766113 2.184118
255.248352 6.948698
4188.379883 21.941759
19036.847656 532.365173
2004.703247 304.996033
1909.667480 132.463120
262.458008 37.159485
137.335449 199.477676
1220.185059 260.770142
152.640076 278.697754
889.158691 272.161133
21767.500000 562.675720
2187.893555 286.820007
3104.179443 144.399719
1655.151367 135.467087
1289.724365 75.822922
2430.410156 69.592331
2147.080566 63.232296
2982.865479 57.849918
17685.789062 1159.378418
2506.553223 694.346375
1105.370117 336.479340
646.724609 140.120697
59.529701 15.305103
404.338806 19.912460
1373.678467 22.633579
2151.453369 22.331232
10512.737305 555.672668
1217.716431 317.278900
923.079651 136.242508
427.808441 40.847679
77.669037 70.033920
885.823120 101.831490
1913.124268 109.428612
9812.480469 78.008904
1791.709717 322.508850
993.649536 189.239319
514.147644 89.972771
390.624237 53.481464
557.383423 6.935617
232.835831 21.263561
721.831299 33.388741
3385.196533 36.678501
15173.575195 151.053665
2122.149170 82.670654
1200.770386 29.808695
284.276794 5.302270
951.622009 42.418175
220.675873 31.089443
2096.895508 18.284527
6568.852051 4.098509
4458.758789 491.205597
2055.086182 307.557495
964.553894 161.127075
422.369568 76.061424
916.829590 57.287323
3298.983398 66.866837
1764.247192 118.938927
2448.819336 240.430588
127.721901 32.617569
981.213074 14.976688
932.319275 34.331360
9.116657 52.880642
499.859009 344.405304
1060.885986 373.407410
1097.895752 345.717834
6657.007812 254.666946
4552.139648 420.229156
862.493164 335.441071
3541.157227 289.506378
138.725327 300.303345
907.119995 62.864746
1431.903076 122.545418
2295.169189 194.050110
1434.272339 259.451569
29.642900 21.559927
3697.678467 11.506636
1354.507080 10.357527
2.622214 25.328951
83.939568 152.691895
777.923279 351.194153
1198.612793 630.195007
2145.748535 959.615051
2231.986816 596.915466
5790.121094 288.201965
5100.774414 105.032600
579.112732 62.897388
437.450012 163.665848
270.397949 91.187340
88.674988 44.470688
2565.950928 25.320175
21611.580078 1456.672119
1073.600464 983.902710
225.713394 578.766602
2959.272217 308.250397
328.053558 133.197174
2537.507080 119.957161
7894.132324 115.049004
31684.582031 120.439346
284.335052 237.705292
372.494934 207.912369
232.402740 178.656769
539.677856 153.173218
1715.727539 89.042435
1619.961426 165.784988
7561.788086 267.922180
2644.419189 385.811188
2988.777588 98.012825
1081.475098 42.896809
1640.500122 25.123127
1118.027344 41.491081
229.942093 159.440033
1179.192261 232.291397
1832.141357 363.142883
2973.154541 574.861267
15534.500000 30.960384
5696.825195 6.941478
3912.660645 47.929089
134.183380 104.895172
744.923218 21.797302
2677.002686 8.320214
1666.101318 85.748260
6120.151367 252.445984
18306.074219 1081.651123
6944.102539 690.019958
1203.034790 361.609253
654.871765 136.263962
2204.995361 549.937561
3318.663818 650.402100
4491.045898 721.316162
738.987671 690.970825
2319.408936 637.807495
517.697388 589.874756
2173.839600 518.405212
871.092773 495.192108
435.822845 79.178741
226.072998 89.238686
2474.624512 79.435089
8980.447266 67.134216
13329.873047 583.243835
4557.035645 315.761505
394.750366 144.247742
100.879272 78.940109
704.257507 223.751862
3278.563477 340.892944
13967.958008 479.831238
7507.209961 630.460999
9452.157227 15.122234
6023.655762 10.607666
468.985779 54.183338
1121.814575 128.168945
1238.076904 1011.509705
1326.756470 1079.934570
1179.451660 938.801392
11637.228516 622.218140
7888.178223 1717.049805
1422.807861 1167.956299
2572.829834 875.582214
26.594946 871.816223
87.348526 335.387573
1334.631104 340.415070
1984.208496 521.654236
1365.354492 909.812317
16258.828125 1038.291260
1276.387573 779.307373
1998.616089 588.635925
658.492676 437.006409
941.058289 988.689453
660.325317 836.985413
11117.249023 754.982239
3431.168457 691.477295
19044.738281 1375.595947
4072.050781 1486.642944
2890.709961 1403.441650
831.854858 1202.345215
789.709412 664.727051
202.855835 706.286255
1202.426025 778.660828
4519.820801 1073.816162
6137.655273 1236.315674
302.970245 661.480835
1162.231689 497.611877
893.459045 566.673218
292.347839 577.760437
55.432632 410.839417
3151.218262 276.274078
6156.861816 259.370239
360.711975 3013.804932
2064.818359 2017.597778
6115.230957 1270.697876
835.178955 821.994873
1326.988159 654.280823
1755.149902 656.238831
4598.414062 729.092285
7743.179688 721.041504
481.950958 2048.625000
5460.155762 1719.730469
2309.778076 1249.208374
2197.478760 849.399902
81.500664 168.405319
25.298660 127.705322
1591.999634 272.688538
4880.182129 576.633911
2254.636719 423.905701
427.310242 502.215210
681.890015 464.665100
299.791443 321.620789
214.218353 353.997101
29.396833 301.402893
1285.292236 243.944336
5527.042480 236.089325
12285.524414 461.034607
3741.142578 381.821594
1710.710205 366.516388
2188.459961 371.728241
226.651901 442.015137
3117.335449 412.496948
2041.736084 302.008789
12180.800781 240.051117
5536.400879 1441.355469
476.306610 790.693359
388.006470 468.119812
1249.344849 410.063507
372.533142 770.316284
1110.482422 963.553833
263.590149 1315.896484
4605.477539 1561.483521
9346.362305 1936.303223
3413.960205 1733.768066
3801.498047 1293.965332
574.199951 896.071289
1623.893555 866.526611
3993.642090 784.317749
2109.484863 606.806335
10665.734375 439.046814
10007.220703 275.919464
917.012512 400.156158
7889.793457 611.280151
1297.817871 799.120483
544.170105 505.389832
1476.125244 503.877136
13305.863281 386.782043
10329.587891 217.465988
15555.190430 2009.348877
1155.899780 1194.622192
1334.614014 679.927002
1261.936768 498.085602
55.600990 252.297882
70.437378 348.076019
1308.265625 612.984985
2540.658203 901.654175
3361.230957 784.780701
6448.581543 776.179382
2413.958496 591.246826
397.544495 363.178131
274.167175 329.515442
1133.999756 289.660950
903.841858 199.888947
772.080017 98.273865
7358.884277 188.433914
2766.428711 203.740692
2419.882080 255.115921
139.776779 310.330688
262.969391 555.951477
569.106750 1139.623047
3039.008301 1834.206421
8788.943359 2414.121826
1564.315918 829.232178
1191.638428 513.355652
1221.516479 268.695129
1007.178101 252.333893
340.274475 245.682373
670.281006 224.501587
3354.854980 313.045929
14409.723633 528.140320
6131.598145 1375.540527
14474.366211 943.322876
212.020523 600.577515
624.674377 369.178925
448.154633 36.314873
1414.846558 2.113353
2332.899902 40.095814
3207.400391 191.534073
5185.143555 1687.436646
5465.193359 983.490723
762.255005 466.381531
2250.475098 167.780380
349.091553 218.868240
387.789886 236.844360
1177.300171 270.674225
3321.009521 310.296021
1177.456665 219.353363
4727.641602 224.939255
900.968201 222.324158
1830.895996 216.817474
221.728165 46.210529
195.482071 102.051003
4321.211914 239.390625
5187.329590 489.806000
7733.641113 97.594048
2119.790771 13.044276
1001.325745 5.099030
131.055161 22.482513
377.270660 690.046021
5474.639160 653.708862
340.262360 463.501526
1860.790771 187.949844
3897.947754 1731.836060
4740.198242 1124.432495
869.422119 763.985474
4306.908691 665.800354
58.443069 948.370850
553.925110 1261.157959
1623.316162 1637.198608
636.008850 2004.202515
5866.438965 1152.974609
4571.268555 884.508484
137.294098 742.345459
3205.877930 763.170166
1546.328857 172.932327
2666.818848 21.468443
349.331024 16.377272
2270.403320 133.151382
5375.264160 2192.954590
16796.068359 1597.038696
501.602386 992.967407
389.889465 497.987427
177.786926 442.839722
10.328492 543.811035
8193.102539 739.478699
858.797974 1078.026001
8370.845703 69.468117
2936.823242 103.070396
1404.525391 230.371826
151.898346 354.020386
916.778931 735.590637
771.672974 660.642090
1530.232910 517.874634
1153.345825 379.991699
1643.219482 2733.834229
19150.619141 1794.196533
172.682617 1145.668579
754.772705 836.014404
441.049377 117.502663
3902.463867 85.969994
46.218163 90.618767
4391.129883 119.599533
1837.658325 907.566284
1171.956543 637.081055
2993.741455 388.946838
264.105103 212.081375
301.475006 76.918671
681.819153 113.724503
4238.440430 134.256943
8021.562988 112.397690
28303.285156 919.630066
27.789274 547.368774
668.988953 251.051178
246.003586 98.781372
1342.625732 109.331223
2596.563965 152.881836
1741.859619 168.685516
40.127449 168.297974
7931.443848 313.929810
3002.208008 145.764343
327.090271 62.706413
60.962196 63.439251
97.253563 412.877502
102.787415 416.647400
2004.191528 288.744843
7040.129883 94.650345
13363.830078 1589.172729
7556.453613 898.582275
680.149170 488.056152
194.609406 374.084930
124.689178 595.861267
4654.968750 884.776794
1985.485107 1401.217773
2619.651855 1908.994629
1952.400879 1087.419312
713.004578 1068.783936
385.692566 848.834656
18.473818 618.622742
1249.367920 551.934082
1106.432373 331.702484
1393.765381 136.178558
7371.189453 20.318705
53940.152344 828.854248
90.995346 867.967651
3296.250000 844.369751
387.888794 736.463074
2579.018066 147.194427
990.914612 242.602310
1232.922363 365.464722
14847.271484 559.892578
6978.783203 293.871429
1438.097656 76.400871
2202.604004 16.960587
258.045959 61.784073
479.082031 201.191269
314.588867 264.229065
4146.101562 235.086578
2991.024170 113.015343
22761.289062 2026.209229
3330.246826 1118.069336
947.305054 476.321655
1607.521118 203.851532
3024.655518 331.250610
90.146988 490.980957
254.198608 641.886230
273.033905 677.141357
11405.779297 658.977356
233.854050 511.463745
1852.629395 345.012238
1335.493774 268.814178
512.050842 85.900398
28.799717 390.524567
1924.281738 851.577820
5603.704590 1303.194702
9767.674805 842.534180
4311.512695 542.314819
1150.852295 225.441315
74.380753 35.828945
399.938751 252.116058
396.696198 338.620483
371.243958 491.341949
1333.085205 691.666809
4021.540283 465.104431
3157.283691 348.301910
28.127783 268.118317
352.439148 232.124146
878.816345 222.677490
3129.706055 167.085510
2905.583008 145.393814
4106.198242 154.876053
5193.253906 668.642761
3012.344482 557.039856
476.484467 429.913940
1237.757568 312.647278
1087.788574 1382.225830
3975.931396 1786.319458
10239.556641 1961.674072
4306.019531 2088.364014
375.497864 940.881470
7497.881836 296.946838
622.416443 320.125885
1779.152344 800.118347
836.589966 575.681519
406.854095 397.573364
116.929794 509.927612
224.142883 906.604004
10256.404297 5239.550293
7814.689453 3577.691162
2501.478516 2137.718506
1229.582275 1127.888916
421.017670 392.754547
1379.946777 348.967865
2735.623779 421.339935
9155.164062 594.733521
28171.058594 1440.595947
5890.914551 1121.372314
6971.853516 807.991882
880.173218 552.284851
134.446259 199.256134
3785.879639 329.591339
2711.127686 454.328064
18852.279297 494.838715
7368.048340 901.852356
558.372314 580.342224
1146.784790 301.776306
136.570023 168.201096
416.542572 641.044189
7072.631836 698.482788
2639.062012 673.399963
271.860138 573.603455
4869.253906 602.250366
4689.653809 500.071533
0.889547 481.608185
945.026978 545.682068
1008.764160 1060.150146
2549.510986 1042.003662
798.585083 899.708008
7003.503418 796.422119
12327.777344 2799.309082
10260.430664 1738.937500
1326.235107 1163.599976
672.683838 1019.389954
2024.432007 395.538483
459.203186 228.722733
3450.316162 355.012390
11801.948242 687.706970
8757.246094 1391.671875
8529.186523 1435.760864
2904.209473 1198.351807
1423.372314 783.061768
238.142166 280.899475
1208.602783 281.974915
7466.852539 288.076172
9380.097656 268.284393
28860.976562 564.351013
8230.396484 491.592407
221.665909 393.680389
3196.618164 315.511078
404.959229 175.756927
4294.406250 211.063980
14310.273438 236.521118
18944.599609 252.050522
24928.964844 33.588638
1538.674927 52.714542
4926.674316 88.962547
156.951874 133.016342
784.381165 277.357819
2285.634277 419.372131
769.690979 521.929504
672.270081 661.450500
1012.355347 606.803772
2480.605957 172.877548
327.325317 31.329121
2519.191650 111.673882
139.997742 139.119385
989.688965 109.004227
1357.196045 120.592377
3470.577637 174.795197
9118.832031 2240.582031
12298.410156 1383.173950
6437.356934 702.708008
101.060959 300.103760
374.539978 21.733471
1762.634033 19.422865
1283.418823 47.392277
2552.859619 175.640427
8241.444336 616.658997
3690.041748 268.544952
1570.964355 89.088654
60.679535 31.353758
205.965210 493.675537
1188.094360 624.828369
11242.373047 635.302979
7863.294922 510.196747
4449.499512 1560.246704
575.806396 915.511780
1900.813110 500.112518
486.505951 390.598328
306.443329 329.225159
1044.357422 301.263062
1431.020264 364.625885
2966.387207 442.246521
3583.211914 1968.424438
2936.769287 1459.233887
782.921143 930.773682
867.643311 530.917603
752.428162 868.334351
4033.054688 839.573853
1825.733276 868.991089
1689.100586 1017.133789
1876.710693 148.422241
2225.609619 428.637909
5428.331055 696.767578
1649.622314 846.965332
1427.986572 425.247589
60.041088 304.201233
2392.751465 207.352661
415.650024 353.756317
19462.753906 2120.995361
2788.879883 1183.449341
5300.862305 689.406921
2406.140625 509.772369
1065.908569 1020.385864
422.519043 1029.896851
889.404541 1067.706299
338.419464 983.374390
11905.996094 2286.539062
6854.990723 1979.190063
1360.719849 1540.084351
46.129105 1180.754761
2461.320312 129.431396
1876.898926 124.694328
1048.989014 208.765610
748.198608 340.248657
9279.753906 534.615234
2435.168701 478.736053
550.323853 358.879425
1342.260986 221.889893
471.658051 45.997993
1658.193359 33.354874
1178.454102 26.801285
6589.243164 30.219215
4940.986816 25.277100
641.710571 44.887459
600.707764 56.831593
1026.920166 56.406883
610.322449 335.357574
301.188751 488.719238
1527.973999 632.065186
4432.823242 702.325806
2924.612061 502.137085
3603.367188 361.882538
346.021057 256.807983
326.197632 244.156631
143.172882 80.707291
549.836914 48.856907
3728.507324 14.229200
20189.044922 1.812344
12311.329102 649.946594
4639.505371 395.909424
1740.408081 218.083710
1079.010010 123.825432
641.804321 74.630440
258.637573 142.812302
9410.183594 169.867889
13202.925781 147.213287
36.033253 402.262024
1446.906372 178.901108
5019.398438 42.892391
2336.383057 19.407103
1265.623169 154.154465
1444.397217 116.304321
1041.131104 54.174309
14213.568359 30.637800
7874.313477 654.942566
552.476562 365.441925
411.988800 212.804993
428.105713 166.854721
273.115845 71.892075
840.613892 62.433151
193.763168 108.357590
3803.851562 178.863403
1901.222778 279.138794
2620.023438 278.633789
5219.563477 219.813660
1825.132080 135.443726
331.902313 238.553925
602.003906 240.821671
1053.581421 207.500000
2342.419678 159.369400
2629.618164 72.989174
5549.543945 89.812187
1447.253662 139.449173
1107.136230 198.635818
541.138062 38.782509
935.471130 4.315406
6961.744141 110.130531
16482.259766 338.939575
4405.273926 616.023865
4093.092773 507.977112
43.937195 353.478760
118.217560 177.228821
5.326785 403.093628
304.570465 602.172424
7841.519531 938.941345
13306.524414 1337.165649
14974.164062 182.751709
560.445496 266.028687
3562.115479 308.908813
198.352112 329.828766
208.132690 52.683403
251.334381 16.325909
595.966125 23.577883
362.928406 143.054962
24102.585938 1459.137085
7239.545410 804.621094
3304.390625 367.047943
842.222961 143.313873
94.570015 286.570557
526.143982 352.900757
5612.801758 481.356049
30218.976562 642.717712
2402.044189 189.352829
1819.670654 242.542511
6395.200195 267.755127
765.221375 270.815277
305.957947 27.196854
963.830933 27.357807
1562.606689 51.699280
423.370300 120.745667
7690.050781 489.532471
496.940277 270.373535
4399.583984 125.415901
827.064453 52.497700
841.308350 81.527534
1869.989502 41.938248
1050.415527 6.483692
404.098877 21.790535
4045.210205 292.341187
3839.067871 171.820847
3874.639404 119.670700
452.413574 102.601097
218.262405 174.077484
1660.179565 213.503769
1648.216797 236.928543
6112.737793 211.223175
892.572754 410.105652
1633.719482 309.250305
201.165375 212.588547
587.542358 164.398529
171.202988 95.108253
2707.268799 181.227646
2421.803467 252.801453
3988.068359 271.532990
7451.398926 283.965454
3230.093750 163.424362
2597.184082 70.410080
807.937561 46.483566
467.590393 24.991871
2571.121582 193.301086
17270.914062 534.489136
3830.231201 978.807617
4240.332031 268.963043
98.940376 192.899612
3047.012451 98.118668
591.979431 16.855412
382.981628 794.073853
2705.145020 797.666382
5765.852539 760.371094
107.577446 648.463928
11356.385742 1052.952148
13818.024414 966.766541
852.179810 865.762329
425.125305 804.718567
781.929016 9.382962
2374.378418 49.826534
3984.438232 139.344849
2429.501709 322.417755
13090.611328 539.693787
7759.330566 225.227661
1426.834717 56.933117
304.797455 2.323416
634.303406 56.680531
49.183807 119.622154
172.666428 128.887634
1656.207031 108.443764
13033.312500 968.313599
1117.839111 439.216339
4672.695312 112.887115
1423.147339 13.629220
1574.181274 12.450556
2072.409180 52.245064
1099.007202 107.497810
12001.685547 142.558304
889.216248 279.502167
2265.550537 186.460251
2830.975342 86.016182
531.531128 20.700504
1721.540649 167.845963
58.664696 387.036743
367.191284 754.010315
25632.019531 1294.304810
1308.222412 325.444855
1358.575684 69.995026
233.720520 0.230467
504.198059 45.365902
1240.011963 98.200935
1846.630005 54.646690
819.843567 52.866142
415.406982 143.463608
22951.263672 2320.350830
15931.191406 1346.935059
238.897125 637.325378
2793.393555 249.220276
2518.314453 65.551521
3139.376221 53.519466
661.015015 65.601921
6546.912109 97.232704
3417.115967 578.298218
7492.960938 389.358704
271.037109 226.852844
4194.781738 118.247391
2500.830566 16.756115
3074.196777 6.445922
5446.594727 23.389688
5019.893066 92.654190
28768.998047 12.607304
25872.279297 1.304375
1793.564941 15.098497
201.921860 24.243305
2400.353516 18.437153
2548.930664 24.940590
976.391724 33.650627
1901.680542 62.836517
6856.696777 158.082428
470.491852 63.331409
3256.438965 18.658014
3655.550049 11.268112
494.445801 19.603485
141.836853 12.666012
3782.339355 36.959595
871.612671 160.695984
3828.186035 225.077499
9090.059570 54.003441
1576.684082 4.858281
434.064087 13.213699
147.164764 252.462372
307.755127 293.206451
8042.673340 311.450104
23038.578125 367.704163
289.098633 1264.142700
4101.585938 675.284973
638.858704 333.731934
326.909637 228.194016
37.265625 363.043640
491.470764 382.528229
184.838593 336.509399
3352.090576 209.068359
7349.785645 1742.176514
614.963318 1111.873535
1008.563110 632.460510
34.396183 399.848206
277.542358 154.736053
607.754639 260.199432
1229.036743 356.411835
2729.000488 371.459839
1710.749268 512.116028
328.810638 353.828796
1663.871704 196.171707
3136.517334 120.412506
384.291138 212.280731
41.279720 331.137817
1363.638062 533.996948
2080.741699 733.829041
11092.521484 777.325073
141.258438 591.078369
89.126495 379.612762
317.659760 231.266724
1424.059570 231.343719
55.562866 128.730789
2077.691895 75.015640
2374.739746 107.705734
1374.285156 252.136749
453.411499 319.675323
2032.456055 354.709106
255.591370 322.574890
1008.804871 101.703972
394.161438 128.139114
2469.916504 133.507599
6754.851562 111.545563
7631.756836 180.063065
1554.536621 116.279930
2100.095215 78.112251
1358.126099 76.817253
1071.508667 578.171021
1880.632935 752.848816
551.799927 821.617554
187.900177 741.191162
268.422424 330.604248
399.785614 262.654114
1403.603027 271.514618
900.666321 388.653503
673.156860 209.566376
525.274170 491.099518
1527.499756 1090.731079
13340.698242 1919.603271
5851.933105 1325.820923
2664.889404 864.275879
16.253559 481.408997
388.458984 233.077744
496.573151 705.546692
1068.554443 773.227783
7317.596191 905.517578
874.822144 1082.484863
5036.255859 998.365967
6317.319824 867.886841
3800.343018 765.308655
223.396194 706.039551
111.680679 133.731110
1091.173340 88.096336
7950.321777 62.985500
1883.166748 125.579727
25817.136719 1837.812744
7098.038086 1053.266846
1164.150757 513.881775
971.714172 238.416214
22.530922 525.352539
4181.561035 639.735046
3871.221191 698.454224
6142.675781 691.366699
4875.690430 34.881622
45.756744 111.934891
6459.291016 232.504395
230.490387 379.438599
927.932861 241.451233
2070.798340 240.647980
1964.700684 220.846771
9225.598633 217.972824
4.085432 418.495972
631.588928 275.618713
6922.771973 218.320099
96.981468 222.412308
263.623383 63.305840
911.063965 37.688755
2489.202393 4.529138
194.309753 46.262691
5805.423828 463.455475
8472.046875 183.508240
451.310211 67.936996
4281.958984 56.948845
789.025146 160.867325
376.628723 165.934875
4608.408691 229.641235
7941.159668 359.493439
12930.512695 34.410812
4656.525391 105.143509
1672.840088 160.017822
1249.014771 173.474091
1007.648743 72.755341
775.641724 42.522728
282.127686 26.500778
182.917923 15.081197
2162.219971 387.010925
2146.155029 305.572754
3403.021240 210.462128
963.902954 128.206238
135.535446 133.217636
775.854553 188.177689
506.459473 231.044556
9870.732422 258.351562
426.330902 21.568018
401.356628 10.863426
174.010437 31.112783
771.808105 76.173851
1847.067139 70.021980
202.948730 27.088886
6920.471191 5.189442
527.356201 49.713932
110.717796 356.614105
430.015839 218.197296
1304.595337 145.293594
280.225525 106.945633
456.688904 47.484142
2178.790283 33.437515
2919.645752 86.928009
17139.531250 235.885223
15463.964844 13.116292
4334.145996 37.019180
1566.848633 71.146484
1379.616089 74.229645
118.383957 254.447815
1970.087402 232.685669
4525.278320 319.318817
40282.613281 502.842743
5914.451660 382.689087
3236.114502 428.958099
3765.128906 414.106079
1717.437134 338.709595
376.008789 179.533264
31.954502 201.900162
690.612854 364.845795
6732.985840 596.864807
10487.547852 442.846191
11355.088867 496.292328
642.033813 423.725891
371.990509 282.893097
661.035461 399.131165
2794.374756 406.055756
550.214478 388.775055
10863.380859 331.065338
9921.264648 583.560669
7714.041016 508.123505
2720.393311 437.368652
1613.228271 400.922394
1575.162842 20.632601
3478.839600 101.437691
4172.411621 207.422501
24905.562500 309.213470
16879.982422 500.446106
3092.366699 267.716522
109.527496 89.651329
559.386719 6.597588
1121.586060 266.590485
2225.144531 281.107483
1577.929810 317.066528
14886.614258 340.751282
9371.239258 636.737549
3105.815918 525.889893
1272.923828 399.108063
963.416626 303.934998
446.073181 8.186809
1694.548706 5.319098
4994.199219 11.820591
4344.459961 86.769539
1653.417969 716.219238
10195.492188 324.995331
1453.752930 101.838852
3557.538818 20.655193
178.691681 67.412033
188.780045 130.727692
3172.216797 236.680923
3354.314453 378.861755
2319.678223 134.970016
8066.680664 73.195328
1546.304565 43.621510
1371.362061 41.030300
1545.923340 25.410385
1092.180298 39.146240
4564.271973 71.549232
2209.646240 132.416870
20538.591797 110.495178
171.108231 54.332165
3950.703613 28.341410
1537.059448 21.749104
98.170822 132.466171
1012.685364 246.839020
3275.103760 361.908234
5135.684082 433.636871
6998.445312 51.040115
6083.851074 35.564919
116.849937 27.763973
2049.996826 55.343506
1048.336914 118.995537
128.123886 50.741432
374.701355 14.841149
1929.668213 26.354683
28629.765625 148.773788
644.479065 202.177353
858.650879 218.645294
1196.669556 186.076019
1123.213135 208.042175
2318.097656 310.725464
3938.894043 349.437836
4765.073730 306.095398
2542.526367 320.524628
834.918091 156.224640
1065.442627 76.559258
910.126831 105.847000
239.341187 1.355931
988.864624 5.517040
2004.593018 20.219652
3462.730957 24.882217
4567.002930 274.718231
694.548340 190.002686
733.510193 97.474518
68.619949 29.563473
649.339722 105.201126
2799.922607 164.020142
2352.827881 166.196716
9232.283203 123.426651
3072.399902 256.216248
1715.975464 78.765488
1050.763306 3.317665
3407.885742 29.331823
16.324852 114.785202
601.889709 151.351379
3174.734619 157.073700
3334.610107 227.678650
5275.793945 606.547607
3983.897461 187.628891
145.166534 23.136709
94.998825 41.515984
2255.187500 317.521423
231.186768 409.282776
1071.257446 400.339508
2027.457275 244.320984
26.824423 2293.001953
19525.367188 1356.124756
811.050903 648.511780
493.510986 325.623260
703.178528 9.440866
1549.465576 44.216766
2221.899902 61.136402
6202.078125 40.679977
146.421722 607.781616
207.496490 332.371918
1980.008911 118.296501
592.336243 15.090364
501.325745 194.834763
716.427551 304.364899
1879.632446 372.207642
3864.589111 379.861969
9181.408203 1436.663574
635.683289 788.738831
926.508667 337.525452
2086.866455 159.888992
883.364807 418.967285
751.761475 580.961426
73.600189 801.246704
2599.145020 897.006531
1080.409058 1618.365601
4879.850586 1247.363647
3459.101562 794.450134
376.521484 477.857391
673.396606 277.170929
393.593658 137.670700
1720.356812 31.166428
11303.250977 27.144091
2412.342041 420.371765
1506.541260 414.552429
1587.570557 419.423248
273.095337 380.971008
485.482422 246.991028
366.136536 335.026520
713.766113 504.194733
8762.908203 780.526794
7439.431641 21.696707
658.720642 31.759600
953.160889 106.738533
840.488708 183.433517
1910.643311 140.613770
987.524536 46.584663
1782.614624 8.392504
3404.936035 2.753084
39635.839844 807.971802
2917.145752 685.309021
2201.492432 495.963135
1565.601074 297.859100
3452.579346 122.441238
2411.107178 215.215866
5784.640625 329.906799
2013.714355 452.250214
245.274506 23.592815
1962.375977 3.660640
28.589941 16.224787
1099.926392 56.175591
502.511536 70.639328
3372.979248 198.954483
871.951904 443.540283
2676.671387 852.170654
12541.257812 430.172852
2619.435547 130.080795
1123.085205 12.159094
675.880371 9.350283
2071.265625 486.308350
1257.637207 398.159363
79.082954 315.074371
3431.320557 236.149567
31745.398438 1568.843750
3042.411133 1196.381958
875.677734 859.949158
2069.696533 624.316589
192.908752 34.855648
731.604126 106.669342
2266.541992 290.482880
3365.685547 624.277710
112.669456 145.222443
1139.775024 25.447870
835.565918 1.731475
656.005737 11.718495
335.002014 547.257812
368.679871 579.568176
2864.637451 576.628540
8780.633789 522.801758
7797.434570 312.035248
5292.290039 384.734497
1084.912964 444.590637
2039.804810 498.575562
428.870728 60.326599
1665.885254 85.166855
1023.764099 186.453003
5404.186523 428.072876
1468.904541 722.034363
467.344299 351.990814
102.366577 152.986343
113.193146 76.009827
1431.991089 110.996758
1902.933838 47.091625
8803.236328 1.985873
4988.005371 45.702023
291.706421 1126.800537
6648.804688 654.426331
787.528748 347.992371
2521.301758 190.994492
337.389709 848.877441
1433.665894 981.446533
61.928051 1071.116699
4018.844971 1045.667358
999.484558 1189.397705
6646.090332 991.496155
241.571014 825.213989
1637.504272 774.435486
4.575007 59.103115
1528.783081 130.016937
462.550049 239.297150
3561.556396 333.524902
23674.601562 1216.878174
7923.685059 745.697021
1045.629395 344.382568
624.075256 110.813004
807.353027 27.560654
675.701050 92.400528
3057.086182 170.366531
8450.134766 268.184204
948.751831 677.095947
5912.073242 324.227264
5965.153809 96.609703
1302.630127 10.301043
304.693665 148.678543
1376.853149 135.168991
2567.839844 130.052185
2795.630859 112.336960
4922.446777 1504.921387
9136.423828 968.723938
123.563370 520.701172
5.894676 250.830353
495.851379 448.264374
1627.827271 447.563599
6851.639160 437.870819
16586.710938 430.246368
375.356537 130.641754
3718.227539 246.697144
153.232117 351.951202
2081.821777 420.794952
597.640930 45.173100
1535.848511 30.132851
6686.759277 70.158936
11825.560547 248.909882
370.596252 624.809875
572.021606 289.244934
629.104980 125.592567
511.210449 69.015457
315.110657 302.174377
899.795837 429.194977
8086.843262 664.348999
4387.778320 1001.027344
7077.297852 162.189728
6571.545898 160.632828
2709.032227 198.695312
37.991077 241.392151
114.493256 687.163574
549.774963 545.052979
793.390137 344.873718
593.374023 170.663162
6179.725586 1907.863770
6253.122070 1363.613525
530.769653 993.583008
1232.818848 800.544006
26.903275 577.010376
812.832764 635.056763
834.712097 758.683594
3174.136230 898.256714
1764.592529 861.696106
1386.133179 791.938660
403.373840 690.134583
473.631714 602.595337
517.236877 558.159790
5709.221680 596.546021
6648.406250 637.042236
7061.256836 648.314697
92.300247 713.948120
187.043457 656.351562
2869.980713 590.867981
53.959026 552.634949
216.837952 41.779961
4206.098145 172.512299
17772.326172 496.239258
16986.679688 1024.238770
3806.768066 222.901520
2041.702881 97.954056
3921.566162 50.119164
623.089722 26.116484
932.339844 344.605194
2217.175049 313.180267
1753.754639 249.380066
7201.015625 183.923874
22354.335938 2159.692871
9135.654297 1339.446411
1047.010254 742.415527
68.512070 438.486206
283.186829 189.305725
210.417953 322.982605
4988.452148 507.434570
9266.910156 724.722778
37390.582031 66.954559
5620.138672 36.236897
2816.233887 52.339474
1295.526611 102.668655
2142.952148 182.429092
2848.804688 60.373917
427.010834 36.785980
2924.452393 144.055115
3535.173096 322.994751
4318.805664 394.935669
4205.097656 405.261719
252.945694 323.602264
178.959305 658.179321
458.550842 666.655640
3627.668213 587.515991
2752.243896 457.626709
6841.533203 715.993774
1601.406860 574.981079
2474.815186 539.856018
593.507446 591.147583
464.056763 120.030273
934.278259 237.263199
2172.012451 390.957489
1019.523621 497.789307
3931.658203 765.356201
12488.956055 513.459839
430.436707 265.762024
180.469986 119.898071
324.091492 246.878891
2339.214844 376.720886
5948.956055 581.830811
2978.842773 764.469604
4969.284668 1459.614868
530.083923 992.887695
3351.694336 560.218384
853.296936 293.989990
488.747345 772.209595
3249.865234 512.712585
6129.192383 273.466644
12318.687500 136.567657
6734.855957 613.344971
4225.362305 837.619385
97.127457 971.471619
167.795013 948.850525
604.402954 1047.652832
350.617645 1181.202148
1011.406067 1563.829590
16965.484375 2368.799561
423.213043 1404.595459
1900.145752 978.273682
3948.257324 908.518250
1657.822266 974.432739
1811.451538 1349.682617
1588.222656 1131.575806
2988.045166 918.736206
2639.015137 598.658264
3333.235352 4819.367188
25510.283203 3723.424805
4389.099121 2610.061523
556.041504 1793.687256
171.140961 74.285591
2162.687500 129.672470
5182.434570 270.716095
3811.099365 431.317505
995.939758 405.908081
3482.890625 355.682129
286.720490 240.912888
758.348938 123.699249
417.717316 7.315812
2392.109863 18.697245
2626.643311 43.311592
10876.868164 57.565170
12837.518555 668.109375
2433.277588 414.072266
448.877350 191.340591
54.611214 53.669579
106.676819 4.478901
947.138916 14.726044
1845.640625 76.723694
4647.433594 178.295807
169.255768 272.264557
1570.441772 193.591049
1155.441284 111.840721
1093.365234 42.196892
171.498795 196.885925
2216.347656 266.945435
1407.271851 380.394226
711.878235 512.405762
14861.533203 171.644760
5832.046875 172.290329
497.082428 169.205536
98.862381 170.415039
621.128723 54.267670
813.291565 26.287285
4721.553223 24.021429
6300.878906 61.604607
9200.492188 444.437592
420.125366 297.001190
2028.553345 182.313354
175.125214 104.044708
330.106415 334.930237
2106.664795 441.839600
1400.437500 566.794617
1555.948486 713.499023
11634.030273 10.559093
886.249634 43.230217
1709.089111 129.009659
543.224182 232.111420
621.367798 731.419739
1220.110229 655.038452
13863.187500 476.151733
37201.210938 305.955383
3469.120361 1647.753174
876.113586 1098.867065
1705.200806 807.851013
602.252441 735.047363
245.275665 68.401604
3127.638672 52.073936
7267.290039 236.232941
20759.568359 607.466003
2744.592773 643.752808
3657.316895 545.270142
5505.766602 400.876038
2039.373413 217.929642
1370.213501 183.438614
502.454437 241.630280
4285.333008 401.208099
2665.008789 689.718506
10951.351562 835.352356
6065.333496 505.477600
2664.128418 301.485504
4481.364258 202.591660
548.827942 267.135956
1615.941528 226.985489
430.078247 216.871185
7397.203125 248.943756
14980.739258 972.900208
5022.561523 706.962891
5417.967773 491.220032
380.241180 347.905579
654.452393 362.969971
749.338562 598.265747
4442.797852 946.537537
14198.521484 1378.960083
296.365601 72.120972
977.903076 59.749847
3103.835938 118.802567
670.754333 216.092880
114.493164 32.912647
505.503174 1.001744
139.822876 35.792366
1013.149109 133.990799
7508.600586 1030.543457
3305.936035 674.234314
4940.274414 365.399048
184.600525 149.052048
777.730103 40.619011
29.888575 98.822548
324.984863 199.633865
1721.178467 372.864929
5978.354004 254.191055
3219.655762 77.726624
3623.196289 6.473642
1305.699585 6.120242
2798.569336 254.189026
534.979187 374.055756
902.178467 598.740051
1236.316406 1026.991821
1797.118530 1029.822754
3086.712158 471.912994
62.863579 223.225479
13.725192 188.665176
216.822830 946.156250
693.421692 583.646729
4727.802734 178.781479
13977.750000 6.621912
1313.791382 3372.797607
1108.120483 2246.859863
996.953003 1563.721069
366.038330 1213.958984
228.238342 1188.346069
938.337952 1426.103882
715.813477 1729.238525
1638.711182 1859.006836
13083.195312 1859.006836
1638.711182 1729.238525
715.813477 1426.103882
938.337952 1188.346069
705.666565 160.757385
1871.959595 555.951782
4963.881836 1098.687744
11725.694336 1577.319336
55980.300781 1678.746338
3003.298828 1020.012451
3637.764160 419.174805
32.476665 96.724602
797.186035 74.111694
279.495911 54.622589
1044.201172 171.011475
15299.572266 440.564301
181.612854 1174.083008
938.469055 767.037781
2746.070557 439.669769
83.631332 206.812775
516.199524 158.281281
1061.883911 117.298355
1872.857178 124.919495
418.737946 173.082596
15266.936523 915.183838
6720.712402 670.059387
3316.180664 438.599945
360.534607 262.945221
54.215706 24.023643
3462.600342 15.100891
4098.226074 4.065853
7407.665039 45.797928
6167.924805 370.270782
1967.978027 142.375916
1688.310547 37.574989
253.140564 18.623569
204.878632 207.113098
628.627075 203.343628
2584.500488 209.872116
12227.955078 207.519623
4728.945312 302.549164
2435.958496 300.970154
2539.794678 269.601379
473.049713 231.403732
514.918457 89.590637
366.711548 192.960419
9900.499023 301.834473
2053.262207 377.791870
8646.494141 77.346535
7069.624023 37.344364
1085.546631 11.229830
439.156616 24.824366
365.498291 61.733887
1549.992310 14.767719
4192.779297 6.194211
12476.643555 97.529495
5544.019531 623.123169
2306.190430 354.312012
2302.109863 197.531860
91.572197 116.440247
648.739380 180.723511
228.849915 203.359573
452.014587 308.877960
1038.494019 501.905090
8138.895508 57.662582
259.015869 126.618698
5769.565430 180.969498
521.726379 191.749802
196.639832 524.071899
4659.917969 540.212219
7282.416504 578.736328
6924.601074 595.777588
18611.394531 554.639099
4416.852051 605.739624
3059.935547 589.900269
81.157730 547.533936
588.531433 362.563477
2469.647949 259.523438
2152.161133 129.451889
77.324844 32.258438
13697.398438 807.694336
1024.273438 613.901001
548.798950 494.783356
196.325409 428.368591
979.818604 221.088593
760.525879 363.536865
107.212227 680.822571
4302.402344 1145.868774
6090.976562 14.960464
8116.829102 95.462654
319.445740 163.357880
130.549850 187.082977
467.324036 181.130554
3443.560059 82.602264
5067.306641 51.951218
6871.410156 172.331940
5957.162598 1733.921265
9157.918945 1072.152222
620.618652 608.991577
14.121883 336.462677
914.223022 999.995728
7215.732422 933.802490
5531.604004 762.472778
28100.011719 550.648499
4290.947754 904.384338
286.291992 854.964050
1435.375977 889.542725
1542.146729 964.297668
1706.106323 846.832092
573.042603 936.261475
13153.416016 1185.283691
25700.117188 1622.918335
19308.291016 2339.770020
250.594971 1642.895996
2806.846191 1165.264282
258.292480 912.658691
728.328613 1144.166626
2222.130371 998.061646
470.371338 1059.747192
7742.394043 1118.329590
9894.436523 4399.437500
16657.255859 3588.876465
8825.401367 2558.863281
744.526123 1667.711182
2154.380859 218.313034
346.986206 96.123032
4821.475586 60.564350
926.365417 114.723801
7175.625488 556.318665
1521.191162 582.044800
1633.906860 519.799622
922.904541 381.386261
242.543411 3.151073
18.252247 32.617630
37.901752 122.349068
352.256531 274.102020
18818.640625 59.592056
426.565735 35.320953
219.838715 22.960827
1276.712524 8.975896
450.544281 791.634644
444.614105 922.997131
7876.182617 1101.400513
19182.076172 1275.702515
14537.215820 477.871704
1105.333130 582.481628
1389.800415 656.786499
1433.568115 713.456177
0.938778 305.729370
215.908081 299.124054
1351.479248 289.479126
1702.921387 248.468918
10197.132812 2547.052490
4751.419922 1624.937134
957.495972 877.863770
76.241249 449.361145
640.415894 81.574379
460.221558 95.837387
1909.893799 145.988342
2515.338379 241.056168
2150.013672 131.156464
417.361237 100.724388
6645.885254 90.091423
101.985527 84.212402
443.318573 458.392761
566.123291 523.660583
7938.489258 500.049255
6510.001465 359.389038
6959.869141 870.584351
897.262573 617.437744
352.173126 440.503387
407.325562 398.482117
274.992981 72.155708
631.982849 86.605392
4014.847168 291.348297
8283.441406 682.988953
1631.290283 525.911499
3285.333008 426.387787
2076.680664 313.995483
1205.444092 178.070679
217.421875 732.904602
3655.757812 891.878174
877.677612 1040.337280
8169.277344 1101.071289
20136.052734 411.329956
3155.532715 498.774353
8896.658203 552.095520
729.640625 617.784546
956.255859 134.300232
2272.176270 105.098740
859.163696 97.812149
2085.650879 107.820572
28126.183594 944.311890
141.584946 643.378052
3089.974121 385.980530
124.500854 217.035034
1924.132202 158.617569
4608.062012 212.875122
4659.329102 293.592651
19633.664062 553.954346
2876.524414 772.876343
7645.805664 224.498978
6.881192 36.461002
828.523438 71.916618
1005.954956 476.150452
800.616028 424.352600
434.718262 335.535736
1681.129883 194.321243
27108.798828 1360.690918
4147.578125 1034.879028
801.744873 743.610168
4153.956055 560.126953
2753.496582 1.476470
392.061249 14.823500
548.709351 96.350082
2529.905518 269.054321
566.847900 32.832684
2359.040039 7.550009
1220.585449 12.489494
1534.436279 11.489372
863.489014 279.889709
5379.902832 375.019989
3733.413086 401.063049
11235.673828 345.820587
1677.425293 168.867310
2947.419189 97.303070
876.538330 93.428040
61.963802 166.065369
465.519623 197.924438
139.843216 279.298340
906.433105 237.454498
8063.348633 121.629601
10860.390625 1032.147827
711.237305 438.539429
221.072342 121.743103
200.935059 87.121925
621.028931 297.574463
2115.655762 412.253723
3385.222900 560.513184
219.084137 640.481079
7050.364746 1452.730835
14460.964844 1009.915710
4566.133789 590.212952
897.427612 336.819031
161.224335 62.224442
3204.626953 51.759430
815.091736 136.736069
22298.302734 241.808685
15430.652344 1075.408569
4630.677246 818.863037
1213.686768 494.979401
419.797760 215.475159
1156.086182 7.458529
1000.640930 11.520485
511.653076 28.033558
21.045225 46.223125
4483.309082 227.728836
2652.191406 151.847549
2278.577148 78.878082
97.392303 28.189978
1341.478394 208.500443
154.767838 219.517456
1409.277100 189.040451
118.243111 135.176941
7615.780273 3.338012
8303.932617 29.002268
1028.779419 87.897736
800.506104 157.590408
466.933289 30.212881
368.652649 120.734016
2417.394775 281.020966
5016.610352 507.709412
1905.688232 350.893311
41.993568 161.290802
725.688721 47.489590
385.496857 5.776941
149.615112 52.675358
1293.430908 117.683830
709.646606 273.525513
2062.731689 574.864685
5431.884277 519.088745
3480.248291 214.059128
704.374634 71.719902
962.675354 35.351025
928.226318 266.991577
376.062988 195.117035
4390.649414 129.360748
18678.410156 71.384460
7192.834961 1750.416382
3185.341553 1183.628540
1323.870728 710.774048
1186.479004 412.189453
313.483093 424.874268
2042.049194 458.352173
1861.060425 487.418335
216.517242 473.982697
2511.519531 549.339905
1253.106079 517.393433
328.046143 461.039490
665.581177 422.522278
789.139648 15.553155
975.416748 27.710606
2992.440430 109.487923
9838.524414 247.990585
6552.053711 103.076775
3509.049316 111.727257
1882.315430 93.178749
3249.547119 50.699928
185.978455 164.806671
126.115936 244.505234
1024.451172 319.974243
618.663879 370.064484
2365.394775 9.479121
3820.950439 23.845963
1460.290894 51.528214
132.576401 97.971405
286.895142 106.351105
108.845680 234.738037
1576.846924 423.313232
12706.477539 684.595276
1157.524048 301.797302
4384.474121 96.442749
1095.875244 15.128340
93.606316 29.006046
320.578674 165.114853
728.000732 101.013115
928.449463 101.989464
2047.068604 145.077606
3643.072998 1460.093018
949.558838 1038.590088
3610.386230 635.690063
273.085663 335.547974
1773.061523 661.148438
6114.017578 884.511658
4393.566406 1061.932617
6142.100586 1160.937988
15.308274 372.828461
518.576599 288.201202
3275.225830 313.514740
854.340515 450.377441
892.351868 161.543152
1670.800049 651.605591
3559.339355 1637.031372
2299.936035 3021.833740
11065.704102 1366.623291
4777.041016 758.403137
1683.811890 332.801758
611.620850 100.578209
1321.781250 203.021606
3635.217773 290.194580
3432.244141 515.642212
4863.099609 841.070312
12477.583984 1464.364746
2808.231934 963.719238
7163.761719 548.510864
1887.078125 285.923370
1288.427856 274.999329
2330.209717 728.340271
7813.022461 1362.576172
3223.371582 2103.128662
11538.489258 813.066528
2361.901367 322.144653
397.073547 60.368225
4234.027344 45.612137
459.414429 46.677170
316.329590 125.456474
288.597137 530.653137
7772.133301 1247.169678
2739.746582 1746.323853
8675.804688 1133.985718
482.890778 620.729736
1034.484619 238.104477
194.400986 290.300049
505.387695 226.949081
3344.431641 162.582413
4185.076172 113.248138
3975.901855 563.975342
5496.325195 486.165955
4764.363770 413.231079
956.321899 350.025726
938.325073 269.048462
3925.263184 339.641998
1607.587891 395.464813
638.491943 419.949860
53.521763 114.371994
4102.542480 124.912956
875.002930 152.986221
617.441650 202.386444
430.474152 181.206802
2910.712158 382.812805
6063.057617 719.488708
9273.640625 1214.013062
5169.125000 438.682373
6441.282715 155.574249
188.537781 53.771584
1225.687744 74.738235
459.909454 11.109135
4547.818359 42.369705
1934.688110 250.697571
4227.623535 579.806030
14984.724609 831.800720
5692.900391 630.943970
14075.295898 381.649872
6672.144043 146.441589
2433.534668 40.647842
3160.258057 83.223869
1270.269165 186.038605
4384.367676 348.588318
4997.571289 335.185059
7032.995117 197.442657
251.496521 102.486839
2773.568604 49.624748
493.797668 722.372925
1482.458984 993.732178
1694.513672 1226.437866
12644.683594 1347.850708
5832.869141 116.531647
3138.137207 186.161819
278.410248 300.476044
165.846588 479.282196
2437.877197 19.211359
688.771301 171.221542
106.600349 493.086151
6200.959473 1000.529175
6116.509277 1034.124756
4314.979004 505.355743
3392.274170 171.129120
4047.174561 17.603350
1033.273071 738.826538
211.165497 994.458557
1367.526245 1265.576416
13085.547852 1498.529785
1158.367310 413.495880
1796.300781 378.749207
2163.321777 418.786072
893.304504 539.886475
2033.859741 312.556763
2274.625000 763.599731
4102.120605 1382.036377
9286.337891 2138.912354
4588.958984 1198.208008
693.638550 479.941925
1427.669189 107.345009
1489.200439 71.944450
857.349365 138.661621
1506.008057 113.988495
1373.862915 405.649841
6409.655762 998.206787
12402.017578 1909.995605
66.261887 1370.118408
4959.499512 856.354736
904.393677 417.956573
858.776001 283.328491
618.089905 309.093231
16612.888672 380.789795
540.826477 490.127167
593.515564 497.830658
3629.491943 416.596649
1444.439209 347.990631
304.658112 299.832642
597.224060 54.806122
129.790680 182.594788
1826.414673 457.126862
8666.931641 877.896179
6718.754883 385.781311
6143.069824 191.396698
814.806091 82.498810
4089.078125 34.377712
883.179565 110.035248
2179.792969 263.868958
2336.995361 409.252686
9087.121094 511.610168
4985.576172 504.971375
3776.487061 221.551483
3233.778564 45.338554
3454.356934 15.602211
106.356834 1.283596
1173.140503 56.785545
951.733582 255.326523
686.642029 604.026428
13290.964844 429.400696
2543.829590 254.808701
1868.158569 131.882980
557.816406 41.991787
400.569397 77.130440
1188.534668 83.766014
63.388149 106.525620
1807.486572 146.769165
1030.829224 220.388199
3962.469727 158.249985
2278.257568 112.861855
1808.758301 86.308899
951.046326 120.989716
1288.323242 212.493515
3857.826172 322.402191
15241.729492 410.983978
1089.619751 49.627808
1833.172729 57.032875
617.883057 56.133427
224.365448 70.065536
3340.531006 263.480988
792.428833 403.037445
3918.883545 481.736877
6461.286621 474.328949
11648.799805 322.110535
7840.892090 155.400970
6858.448242 84.091507
5275.389648 132.307739
1360.992676 182.078308
179.431290 169.831528
3205.750244 137.870636
13989.392578 123.294846
5428.270996 419.262238
4526.926758 260.092102
1650.054810 185.686264
1824.469971 175.138947
638.930054 119.859024
6751.066406 63.763191
1628.946289 56.331795
2063.127197 122.058365
8294.254883 189.301956
2113.694824 207.136017
724.141052 212.495773
667.646118 181.203003
112.033005 308.407074
187.962219 511.591919
1434.297607 785.714111
2205.157471 1064.851196
6958.496582 60.850414
29664.884766 97.902374
2609.826416 135.542755
384.219910 192.230728
3443.019287 42.222141
1528.802612 123.033524
3219.013428 312.571594
2905.028320 561.988647
2109.431641 875.428406
653.917542 566.990234
3012.156494 287.250214
62.890938 98.788872
3714.346924 53.325165
320.292450 64.566147
5401.800293 91.249161
3789.649902 136.553146
15894.469727 153.678864
3596.831787 102.070251
1309.462158 69.905708
276.769135 54.840836
1816.423706 119.694946
891.146301 224.842773
1133.158813 337.337646
206.979584 419.510254
4059.829834 161.853302
11028.144531 96.256798
1705.437012 52.174541
638.512207 56.860603
107.836067 80.751373
355.918396 168.695328
2008.148193 290.221771
2176.723145 435.074646
1883.346924 336.798828
1655.468994 168.363831
802.013489 67.561066
1392.909912 41.491745
175.276764 83.560646
410.374329 257.635864
1223.061523 522.439636
2368.174316 821.302673
3611.588379 373.410461
1735.891602 204.692993
761.438843 77.009888
1014.265015 26.154854
1883.755371 64.465187
2112.718994 3.137092
924.038574 26.701498
522.506409 154.991409
865.037415 717.877441
2671.927734 515.713501
801.019775 335.929352
1871.380371 182.475098
142.588379 675.639221
596.321594 1041.912476
5916.644043 1398.760498
1879.397461 1662.360352
20131.812500 7.095300
6451.117188 38.166458
1766.160522 154.614853
1738.563965 368.208923
4406.763672 25.330034
818.777405 61.851280
6907.340820 217.593170
2719.872803 543.380249
2472.614746 1097.715576
8715.237305 581.881653
994.449463 251.229370
4687.509766 81.562447
2346.008301 178.189453
4043.044434 270.089630
8623.254883 435.155884
18117.468750 636.784546
4709.936035 292.604218
1191.256592 244.959488
5690.245117 194.955505
2897.392090 161.678802
8602.125000 109.258408
801.964600 127.380821
4645.732422 179.225006
293.714661 270.209869
10366.135742 373.725983
9773.371094 250.513245
4068.161865 166.592087
5639.371094 121.427040
800.009399 221.853851
958.382996 518.069885
78.454422 874.716492
521.882996 1210.728882
2087.687988 235.750397
8293.291992 79.529518
257.213989 2.780298
350.312469 43.956059
163.894806 43.564529
110.587349 109.666199
4549.422852 324.936401
19.600765 686.513550
2949.494629 806.005371
16991.972656 494.417389
2061.642822 257.777557
331.694885 102.200668
781.413879 79.553513
313.532227 100.577652
1566.795898 157.372391
944.646912 250.993698
1032.562744 367.394379
5521.924805 238.986542
993.514160 146.383179
651.433655 93.979698
19.997437 14.401867
1702.247314 63.384666
2864.319824 144.685806
5197.819336 241.126465
1199.861206 191.193054
3987.301514 108.181404
2747.889404 41.973141
71.461029 7.449469
256.586182 90.878105
613.421082 139.704529
2846.031982 218.482010
1547.805664 317.234985
5765.725098 155.403168
715.178406 108.612495
609.129639 80.266106
1098.003540 72.661751
258.625732 17.769499
1268.075928 12.526183
2789.739014 56.563278
2585.090332 161.602997
753.539185 291.421692
2381.868652 187.652451
2273.675049 110.874123
556.353516 54.348976
141.623779 211.705734
909.862122 263.512299
1721.651123 318.373718
1201.998169 369.513000
1951.899414 40.826370
3369.706299 72.821205
4897.258301 116.363976
820.784180 163.250534
621.071167 55.093140
1767.671265 58.685184
5851.052246 67.553543
10813.244141 81.547699
1545.008301 259.073242
754.955444 170.069504
534.448547 102.645592
867.411682 65.866623
1596.291016 43.032784
35.557423 114.056000
854.021057 226.164108
2553.572021 356.660187
8663.943359 75.511391
8611.424805 45.488079
1683.514404 22.824825
2561.975098 16.601549
1010.121704 221.305145
1068.254395 565.622253
2227.850586 1047.840942
866.091309 1595.195679
8520.757812 300.259552
1620.069336 95.886559
404.323090 4.129333
150.587891 38.308933
551.471375 10.415083
883.162415 7.094440
482.315613 78.361732
3194.687500 245.649277
1483.953247 842.580566
15007.559570 493.678528
253.047195 238.197205
757.270386 82.748955
4749.769043 100.267212
1543.767090 89.853897
6927.006836 92.704346
4552.422363 111.228798
435.698975 163.704514
2892.977051 150.827637
479.514709 135.664398
1168.509155 117.679024
987.730957 30.793850
3369.927979 49.938164
7484.813965 65.810684
8157.662109 77.476761
11069.494141 17.400381
5241.707031 2.718952
5145.336914 1.562239
261.263092 12.624534
1841.621094 104.815109
365.535339 265.069824
907.941101 536.221802
2960.507324 880.426453
5163.731934 6.034027
6102.624023 2.182960
3357.634277 14.217060
9534.875000 36.868145
2672.978760 30.136923
4763.593262 148.735214
506.185364 354.566833
5014.711914 628.859924
1893.783447 514.054382
804.133118 258.148346
6632.295898 84.775284
3518.124023 7.765521
219.317307 291.650421
1617.057007 402.690277
6039.802734 471.563568
5086.812012 452.211731
29747.941406 421.737396
1116.057739 297.114929
1254.241089 210.126083
757.933960 209.587387
5656.520020 63.445511
253.036728 22.434156
4254.494141 4.962861
3468.916016 60.238991
1670.863403 354.386749
10412.507812 207.496506
2437.854980 133.812469
4694.113281 98.004822
2950.040527 561.096069
1544.004272 770.905579
9852.494141 929.928955
7696.901367 1000.803833
3714.971680 3.809030
3794.488770 54.963360
7943.608887 171.055984
1670.787598 347.565125
2383.469482 501.104309
4205.171875 678.598877
12671.327148 801.004517
13491.728516 903.075867
23202.744141 809.981628
3543.239258 404.172699
228.526718 250.864502
6616.446777 320.006805
264.204224 88.822342
473.019165 213.001892
4999.885254 631.656982
5505.697266 1345.234863
6519.485840 732.078003
7713.354004 487.719055
7463.280273 309.047058
1958.480347 159.079224
119.963028 699.706909
1441.138550 800.812073
12624.548828 827.605225
3289.728516 725.209045
7902.201660 848.808350
5128.864258 722.108398
1381.703613 622.784058
1518.552002 616.755249
725.949585 462.690887
994.729187 1030.330688
3387.693359 1832.146973
935.099670 2793.574951
1632.002319 662.428894
3973.075684 228.072357
3789.086914 62.144207
3363.879883 142.401794
905.323547 36.742580
1094.819092 349.124207
623.003113 995.487000
410.355408 1920.652588
8220.477539 1709.900879
3715.367920 930.683655
564.450378 364.053955
1363.379517 53.051376
1776.250977 129.208817
13.176810 97.704971
3034.332764 206.121506
6125.481445 427.644104
3754.497070 1470.118042
1323.287476 1042.592407
315.805908 632.429565
507.902588 312.382599
348.232697 188.211273
2051.903076 213.003601
1113.777466 273.462433
4226.352539 357.023804
622.584229 384.940887
1612.643311 313.352051
6839.348633 247.953308
635.961182 202.060638
1414.720947 309.290070
1312.396851 589.353271
2189.893066 860.928040
1911.054688 1049.647949
2274.964844 211.040131
3367.000244 71.140854
2893.341797 21.310413
2775.115479 102.156708
394.493500 139.469635
1703.262329 472.293549
1984.559570 1041.656982
1153.058716 1818.711792
3916.581055 746.392761
2389.403564 311.895111
5957.682617 76.379936
571.950562 17.869745
3554.713135 416.732513
1363.634033 263.468903
4857.165039 231.506607
5880.750977 298.414795
1458.993896 1762.534912
6345.234375 1443.456421
1504.453613 1058.298340
1382.237061 692.994751
277.285217 1062.783936
508.079132 1417.618408
2386.683594 1645.961426
15992.965820 1666.201172
53160.265625 161.513824
1074.074707 236.170715
2847.358398 407.007385
1683.190674 694.863953
118.657013 16.258743
118.601357 64.917824
2881.492432 398.479218
820.073730 1071.206909
4353.241211 1339.956543
9188.084961 790.243347
5821.585449 410.519867
137.803024 153.550003
223.271637 183.615753
1838.342407 95.730637
3263.203369 68.298225
6633.693359 69.745079
6208.309570 801.305298
1407.554077 709.303223
360.646362 534.682861
868.303406 339.778625
2971.391357 196.083435
4281.839844 283.701660
104.385864 355.825806
2375.425293 386.478424
3453.936768 50.370903
2613.708984 53.474800
6154.765625 72.772247
1983.601074 120.322578
1355.669434 253.621780
2954.264160 713.599609
3832.540283 1377.416870
7594.399902 2100.521973
4275.598633 612.214233
3840.048096 314.651398
517.608398 105.230827
1315.901978 59.327690
25.620630 388.806824
3251.171387 476.372864
5252.375000 676.144653
22505.015625 1004.755493
9131.983398 841.902466
10660.162109 590.547974
2394.467041 446.008881
14.030430 383.243103
2970.125000 5.825161
891.141479 46.919136
1161.078369 175.329727
1985.190918 433.002960
36806.367188 633.637634
7243.066406 301.701294
1618.263672 109.000290
3995.354248 23.376274
3136.751465 75.567566
270.149567 120.529663
797.981812 170.932098
7210.853516 204.313217
3944.037598 66.454910
2612.611328 61.418327
1026.750732 51.117199
27.408634 51.908150
229.502655 287.485687
1443.444824 535.463623
5721.897461 862.488892
3688.801270 1212.073364
249.502747 74.628960
2670.631836 39.365978
1472.662476 57.657841
407.167297 133.421326
538.020996 195.942902
5621.896973 367.902313
2960.241699 545.095459
11787.838867 739.183960
20092.785156 827.851013
15683.862305 357.920410
1008.477783 108.673248
1413.095581 79.417030
3237.966309 226.209259
282.264587 667.270935
282.840973 1468.843628
1458.764160 2501.530273
19059.654297 929.923584
476.660095 567.010742
9078.440430 284.849579
231.918030 133.761307
1913.661133 143.784210
4882.972656 52.846233
1318.219482 138.403320
3751.203125 444.957153
13170.125977 1430.997803
662.271301 998.052551
4095.514893 639.377808
1533.537720 352.052521
1116.598999 833.748230
1892.456787 1173.493530
4138.676758 1546.206055
1861.236816 1867.728760
7169.374023 98.318909
5847.912109 210.629349
2075.962402 365.192932
656.366638 565.893982
60.464180 177.468460
88.739967 439.179321
1273.306885 854.175354
738.673523 1398.925781
3125.238770 1360.653442
1065.425781 695.858337
63.063110 269.024170
729.338989 105.484734
728.797974 56.028717
120.122681 182.443359
7359.725098 488.258942
706.503052 922.651428
2646.711670 747.863281
670.749084 495.666901
971.607361 266.960266
1994.664185 100.828224
3853.220947 67.669731
367.551178 59.153145
2791.525146 105.000275
92.317978 218.366638
5973.740234 719.598755
7584.055664 455.882599
3008.093750 255.740143
2418.026611 129.505920
334.674774 351.212158
1161.132324 678.789001
456.401276 1037.562256
6368.326172 1332.595093
14413.701172 150.749039
6572.235352 59.798332
2297.476074 37.822063
1241.636597 128.482208
1382.587280 13.515874
990.541504 124.797821
2185.108398 401.509857
1363.431763 883.317322
6909.571289 923.798401
1672.565308 443.185242
506.948212 156.406799
1995.868164 25.330486
1621.597900 198.157242
1014.816650 302.376617
4962.052734 591.992920
3849.207520 964.533203
11929.413086 1006.813049
6263.675293 811.564636
1970.675293 543.048950
463.226318 300.526367
1437.440186 418.411377
3688.848633 397.807983
1646.801270 316.648407
8272.859375 188.871216
3799.078125 497.989716
13127.187500 429.229889
3515.837891 396.589874
136.293396 403.456299
1457.682617 247.030273
826.768433 669.489990
4475.449219 1305.443604
12028.996094 2038.010986
7710.218750 237.731171
874.257996 101.161484
2887.583252 29.445845
873.910828 53.563610
1270.567627 27.877928
1649.707397 52.988518
4563.941895 187.677338
3549.458496 482.370087
9346.780273 1238.200439
2839.567383 669.751709
5412.220703 293.947174
2308.572021 97.068794
369.652985 17.997375
829.948059 153.120331
623.552246 387.881073
4567.230957 648.775696
32909.937500 438.697876
9640.803711 285.554108
226.556641 123.495575
2603.239258 14.958332
5176.577148 23.475819
1813.086670 165.958740
7186.136719 436.365723
3540.568848 798.822266
860.166443 579.859741
1521.718140 317.128235
547.713501 120.238914
2136.087891 13.873494
92.941513 153.405502
1877.746582 225.277771
1265.673706 341.083923
13320.490234 495.961151
3490.625244 214.279663
6004.171387 144.719666
2735.992188 115.772095
1120.983154 119.076279
2605.491211 298.548187
3206.749512 346.438904
6781.253906 372.854675
11695.838867 379.922729
8477.211914 216.344849
4707.371582 186.259628
290.120911 197.253525
2334.492432 241.503922
2814.275146 1142.123291
2165.479248 2097.246094
10224.898438 3287.778320
297.152557 4578.673828
4115.190430 373.710419
8242.514648 47.466114
8435.696289 98.080383
4625.987305 471.645477
1156.433960 21.092930
2817.204346 181.181213
10575.529297 1051.639648
7126.202148 2615.533203
2858.796631 3354.893799
4796.965332 2167.553711
2779.391113 1176.944702
271.705933 418.294708
20.466442 555.263794
1200.455811 583.279602
1972.473022 646.248047
2328.528564 728.473022
1890.133545 944.302734
3785.796143 790.457092
7520.920898 659.813782
3211.043945 578.371765
1254.991943 96.234596
2699.026367 105.083694
1427.093994 100.821724
19851.830078 68.898552
4642.512695 447.582520
8128.577148 301.376770
3188.965576 177.477722
1279.927124 109.947021
1398.593994 984.283386
2145.765381 1331.011475
1445.917480 1480.870972
22018.240234 1378.022217
23792.476562 192.222565
2106.666016 148.083786
1578.433838 272.979919
3291.313721 580.921570
339.410858 330.186249
6924.104980 515.776123
2127.047852 1013.966675
9856.939453 1926.913330
7134.775391 1460.144653
277.268372 791.141541
1873.615479 455.301392
4234.287109 325.752411
3613.852051 62.353958
2389.760742 83.752625
7519.766602 360.823242
11347.979492 799.022583
249.011826 1222.436768
2787.718994 988.949707
5966.553711 641.109131
2203.334473 284.231964
603.134583 58.353607
1373.641479 69.573997
4809.028809 72.571892
3959.726074 49.375523
15587.993164 451.576904
3151.481689 292.835205
10653.123047 155.019760
4013.414551 76.626907
2755.820801 131.229462
3892.404297 230.615540
13382.859375 343.819061
1322.309448 442.116089
3226.785889 8.031696
12046.058594 9.805417
444.835388 24.814903
619.360413 62.264858
219.281174 304.315155
1857.101074 719.342041
798.430664 1319.935547
1469.604858 2037.926392
553.499207 313.932892
27385.662109 84.956413
3510.855957 10.014359
245.131256 77.250557
2711.872070 59.394810
2666.641357 168.023682
3723.981934 550.576416
3759.375244 1186.037109
8087.883789 1395.094116
6725.037109 888.924316
7202.767578 476.496582
1317.760498 183.374878
623.046448 451.678162
1919.599976 610.922424
177.785828 822.691284
4678.955078 1068.696289
4073.174072 436.898132
4758.934082 334.215607
4085.957520 308.639313
860.390869 350.111542
740.748840 236.368652
1492.703613 626.157227
5588.313477 1122.694092
7813.817871 1636.868896
4649.989746 695.677795
176.141556 286.711121
368.424683 48.097359
43.493668 29.680019
853.712036 112.223160
332.067322 25.359802
1022.081177 140.731445
929.972839 511.321075
3926.033691 1343.577393
4862.700195 931.764771
943.835510 597.625977
347.050964 321.484039
1308.821899 1100.766235
6152.915527 1355.908081
2342.441406 1541.384888
4289.227539 1587.215088
17069.462891 267.773010
744.331848 431.309937
612.324829 618.523926
2673.791016 842.656921
5.993591 154.422165
157.231140 530.974731
2449.899414 1198.542236
776.389771 2133.735840
22068.869141 984.748901
1492.801270 429.554626
912.142883 122.030197
1153.568970 30.750992
831.642029 173.202362
871.032349 234.249344
766.324341 458.628632
1314.269897 758.360229
2270.125977 1644.879761
7185.396484 1172.418457
1995.299438 691.875244
1331.820679 330.228821
784.856018 95.068748
696.776672 35.235760
1190.948486 27.670177
579.566650 84.021515
2024.896973 596.620972
8915.004883 453.188477
122.944962 314.933685
1334.682861 192.406738
1105.614258 115.404739
4138.617188 158.779663
518.783569 199.878357
6840.833008 224.152023
185.591187 31.187004
1672.358765 43.642258
1396.846436 58.145794
726.752930 80.781319
991.732727 214.600891
786.411438 437.672791
2509.183838 677.929932
16032.310547 868.417053
10484.792969 296.567322
5115.183594 141.241211
186.861237 52.528225
2832.209229 74.312263
656.543762 60.637558
2260.279541 40.455269
410.114624 87.179520
8646.777344 231.769470
5511.173340 489.975677
4586.684082 314.186218
2226.092285 196.283752
909.040405 116.145447
2610.154053 188.996658
2524.079102 325.836548
5598.270020 443.748199
14377.181641 520.926208
24258.191406 159.444763
360.660492 52.013294
6747.070801 20.472197
861.543518 73.478233
1567.611572 1.563056
1015.767700 29.162037
3721.041016 175.689819
7664.073730 471.764282
29440.941406 353.367218
6084.681641 190.799744
1616.342041 98.315956
4961.980469 37.070190
1870.539795 84.845993
1941.792480 31.646187
2105.742676 7.299024
4359.678711 4.085277
11326.104492 303.775177
41.540825 293.071289
527.306091 238.808304
99.019211 160.673248
3499.921143 148.546875
1133.612915 218.684372
1806.484619 304.721466
293.632782 388.795197
10952.155273 24.763363
595.280273 41.675819
2073.740234 66.225143
571.640259 99.438797
5939.085938 5.956084
3376.229004 32.322865
13779.064453 192.048569
1709.534180 463.259033
4684.670898 426.044098
3351.925049 325.511963
1055.772461 205.888062
1560.095337 82.941368
1738.432373 396.902405
1781.526611 725.125000
10831.642578 1094.520386
13247.402344 1369.184326
3603.088867 156.066895
16075.674805 151.728348
3465.777832 138.967651
669.642456 199.394409
163.224503 5.889370
3036.119629 23.382175
973.182983 115.145782
1042.037842 335.035400
11249.349609 630.637512
8679.697266 298.828339
4942.594238 111.893494
7525.268555 30.466869
1283.334595 195.407837
33.963840 269.311371
2600.723145 366.616821
13919.250977 447.813629
6759.498535 126.293533
467.065186 153.678329
778.256836 157.526886
626.753174 161.949982
1272.711792 34.142372
1156.595825 102.722450
809.497742 193.173447
4465.279297 300.924744
8896.328125 258.158966
14144.482422 108.457382
5064.136719 21.333958
1532.562500 0.852692
972.184631 13.824347
1258.561401 63.064743
1357.221924 156.418030
1146.778931 291.390442
519.287476 134.856079
1474.479858 59.380219
5660.609863 16.465616
407.681305 0.927190
507.265015 17.126617
2123.552002 93.692497
434.184357 210.204102
6085.921387 327.728088
1291.870483 281.825439
96.214333 170.093826
2201.325439 66.280098
765.990173 7.384444
1501.737061 7.825399
5239.290527 34.724609
3843.859131 87.767494
4763.012695 173.911255
6268.651367 221.686096
4542.908691 104.520203
4424.463379 33.773228
267.350128 5.183207
2095.585938 89.983826
2118.209961 302.740997
4913.262695 629.174744
1022.053406 997.330627
13544.355469 129.372757
8666.725586 65.460083
894.780396 14.093378
1085.359619 5.350802
172.166138 401.919678
721.938782 476.918823
9228.683594 473.557770
12533.812500 363.785645
8717.218750 599.312256
1988.566895 434.799988
2518.093018 329.089355
734.903564 326.836487
1012.164429 57.075340
174.437881 149.787842
5974.516602 385.998596
2037.690308 776.072327
2397.666260 310.238159
4204.947754 167.582001
1865.402832 94.108261
5176.917480 54.676872
1417.089966 53.824043
509.602356 148.028702
1820.294189 302.026581
521.231201 535.440918
3275.372070 397.226288
3034.426514 152.283737
1936.782715 31.317263
4172.459473 9.675009
1207.416260 126.410858
3742.878418 141.747040
1027.078613 188.606064
2331.627686 252.378326
7167.958984 270.171082
206.992172 232.353760
748.555908 185.637024
680.819702 144.608734
1232.865479 419.685455
6275.403320 945.529724
4836.475098 1685.268188
36892.902344 2498.391602
3996.901855 118.792168
3574.167969 37.275799
2072.906494 33.254616
193.843231 135.231918
2345.379395 102.973282
2304.735107 126.679054
384.148407 261.023346
3091.166504 556.541870
20447.046875 1151.862305
14398.319336 655.302307
11284.533203 333.664307
4572.326660 164.926376
5871.932617 48.055672
2349.917480 30.621748
4439.976074 25.988091
11586.085938 31.216057
14711.239258 229.340744
8358.212891 180.864746
3422.930664 127.415199
722.874878 80.773247
1031.126953 75.825989
2564.132568 103.678551
5088.474609 130.325439
1759.305664 151.263580
1784.311890 1.864719
3733.847656 11.046106
775.900391 27.750210
174.677063 49.880238
34.512436 66.972786
2401.237793 154.626129
3245.796387 271.647949
3641.442627 390.465729
20894.607422 90.852478
32150.330078 48.132149
7997.705566 20.867271
2004.644043 22.965599
933.318237 260.580933
501.369720 406.245911
2357.497314 598.526428
368.944153 815.544373
1549.541382 162.166122
8503.270508 112.305595
9617.689453 115.978844
112.657623 165.230927
1102.863159 293.481598
1466.667847 779.910400
3777.908691 1414.101318
5839.229980 2067.705811
1709.184814 587.467224
531.437012 233.192932
292.955414 28.684952
1620.788452 36.876034
1111.489014 79.940086
240.134064 36.211391
766.685608 116.439415
7802.724609 360.843964
16063.654297 1287.498779
13640.972656 816.641235
3017.916748 460.408936
306.094879 220.600708
698.921692 44.379169
487.966309 160.505203
3225.318115 316.215668
2383.906250 459.525940
13282.809570 292.874969
316.771729 166.850708
380.162354 56.567963
603.432007 7.095498
1057.405518 127.085960
304.983215 123.434792
49.225090 188.519440
3180.039795 348.725220
1073.874146 570.990662
4465.008789 379.713715
2488.006836 252.601593
342.654755 172.712204
2.241114 209.707001
1573.805176 242.484589
3078.746582 271.923340
3121.394531 283.626770
13925.681641 191.725449
488.786652 185.760757
350.027863 180.692291
859.342407 187.206375
788.470215 9.252428
1116.844727 11.532730
99.179817 36.236977
2982.193604 80.798134
12516.939453 199.686676
2847.812012 131.366318
694.950378 72.201851
1882.163452 30.006561
623.410522 261.640778
2980.778809 444.193970
6095.250000 630.801086
4570.570801 785.079590
4112.918945 154.430786
2099.543701 68.408020
1583.665039 54.221130
661.629578 122.003014
2280.463623 75.842987
5966.043457 377.621643
1045.801636 1020.380310
10375.070312 1923.234375
960.610535 880.069580
2667.454346 532.918030
3407.661377 254.880219
398.314392 71.314964
723.191528 753.294617
256.647308 893.261658
12044.447266 1032.584229
890.247192 1129.917480
16019.337891 689.970459
9721.207031 634.788513
5308.138672 614.766846
142.628113 653.087402
661.141907 60.426010
226.717316 75.498596
7943.170410 137.293991
648.883057 313.056641
92.387589 718.164795
10579.511719 338.122437
2577.940430 136.759048
1606.163208 68.078148
643.947388 425.120178
8058.325195 434.310120
4688.689941 392.594055
10145.787109 314.991821
3237.639648 99.142090
3853.559570 178.645782
2584.040527 275.521729
7996.947266 366.352234
1792.960815 242.464050
4353.196289 218.023605
9121.710938 173.103409
27685.197266 147.830994
5505.947266 190.174362
4381.094238 164.139465
1926.320923 189.092133
2296.000244 227.944763
922.142090 62.904625
1849.855469 29.227287
7588.949707 24.315805
923.878723 121.076668
17418.638672 122.747910
47.304443 34.160995
14450.600586 40.115929
4226.046875 67.547318
478.686157 59.420231
12.458773 113.246712
3084.821289 238.825928
2373.374512 406.123016
5521.755859 56.633701
4722.017578 88.713448
6178.624512 87.696419
1196.567749 64.654190
569.063232 21.770973
121.330750 13.919606
790.436401 7.441762
2503.469238 0.910777
2397.074219 222.518402
681.342468 146.740768
3036.167480 82.157013
779.675415 41.012245
2701.667236 127.496613
2334.319336 189.952972
597.775391 241.607452
2035.186523 273.366272
1475.809570 11.576897
1395.327637 4.389832
47.330231 23.633289
2142.930176 67.607559
1389.247925 16.689276
796.770264 5.913201
9733.623047 51.757706
2303.278809 175.179077
11851.835938 172.017944
2801.686035 115.024559
492.029053 81.912010
780.022827 49.785774
1159.694824 100.702812
4238.568848 92.518478
2511.466797 133.985382
2016.435791 224.926254
1045.548462 61.326603
9281.933594 115.207726
1404.985840 141.296646
560.447388 129.485794
5044.416504 96.660027
8731.484375 269.198639
6111.062500 589.974854
18889.017578 954.421021
3296.193604 318.906769
9441.979492 288.497742
3984.563477 189.106537
1993.273804 91.596764
1618.200317 274.149475
3121.191162 294.706970
2303.787354 347.869629
3162.885986 380.507385
16711.089844 501.513855
11232.378906 482.914825
11226.104492 401.541809
3785.668213 314.819733
2379.597656 155.481201
3469.876709 320.373596
3129.786621 512.286133
3644.500488 656.278809
8831.929688 324.919922
1270.865967 210.829803
3295.761230 108.440872
1610.091309 79.063721
829.768066 57.739895
3511.063477 183.086853
5259.395508 397.626465
12532.647461 672.814697
5245.504883 353.275726
3811.318604 188.361328
267.180817 74.776581
2796.221924 25.695789
354.738190 337.485077
5351.021973 354.626740
898.892029 337.803650
39270.734375 292.730225
6435.637695 429.634827
2027.517944 343.615631
5360.847656 302.128204
1647.518555 308.334961
9371.093750 24.156273
1981.199219 77.620941
1213.984619 172.528793
6648.312988 324.838562
39489.277344 280.903381
1547.898438 111.743904
10640.836914 24.968174
7519.552734 3.379419
868.424500 62.185074
3024.994385 79.590660
8423.316406 102.866631
2512.661621 127.393425
8355.082031 68.188423
3160.961670 57.839825
149.302979 52.146000
92.813370 53.049747
320.650818 11.946228
150.708481 13.108793
3704.458008 10.880028
4517.911621 8.047493
16717.369141 22.802240
17040.445312 10.599792
2043.227783 6.381376
3739.402344 8.340961
1539.354980 31.164631
133.090973 65.911743
109.250832 129.281723
1838.073242 207.448456
746.717468 62.434494
10598.909180 50.136566
870.743530 35.423813
439.027832 24.714739
983.506104 196.655243
150.957870 225.665985
1375.231689 231.150864
532.603882 204.655640
1499.420410 99.321571
2791.844727 111.050980
2853.439941 129.665665
1448.637695 159.950806
84.868774 31.990435
1146.941650 127.002708
438.573547 283.127655
636.319519 476.290070
6200.732422 241.474731
4345.634766 122.937149
263.432098 39.848228
2165.208252 5.164170
754.650269 124.811028
1584.378540 123.882256
2790.796631 143.225037
4516.729980 187.775208
4541.111328 240.903992
1789.496338 195.221191
329.437500 162.182159
957.484863 138.936172
329.004456 183.288116
4354.207520 335.730286
2062.625000 530.025146
993.956299 730.584045
3749.307373 195.231750
11897.233398 109.205093
4685.192383 71.438828
2626.296875 93.691391
358.033020 350.051758
799.753845 748.900269
551.105774 1317.061768
10233.759766 1975.897461
4323.500000 359.427368
1571.475220 154.806717
7612.258301 78.740265
201.671753 134.949799
353.447021 16.032948
259.016907 155.572037
449.033569 495.740356
2433.364990 1015.482605
4648.203613 1480.692139
1784.196777 844.965576
4276.738281 365.821838
1680.405762 85.473824
83.108467 272.541687
284.423523 408.187988
9174.050781 631.136902
1867.136475 907.857971
822.564758 546.867798
1657.753540 387.077972
614.618286 276.806335
83.518967 232.429779
313.166748 101.938744
1219.968750 410.071716
1887.081421 923.419373
2175.171387 1588.580322
9104.753906 762.517029
4470.617676 351.534576
1078.014404 93.623573
2043.024170 3.297661
151.597260 119.687042
2978.107178 169.297394
579.325989 275.478577
4463.556152 418.753479
3341.496094 1058.165771
2082.456055 661.512817
1961.634888 347.441528
991.262207 167.078354
2508.691406 190.563171
2391.707520 91.694496
6724.541016 12.982585
6621.450684 13.628626
5166.784180 311.224945
7936.944824 281.380280
673.403076 279.269653
745.084045 257.996307
164.633331 128.451523
1502.114136 297.721893
2598.325684 616.860229
6459.857910 1032.659668
5197.479004 30.852791
6968.325195 63.008362
7851.820312 78.737946
747.970703 80.267776
2859.033936 75.586929
3481.185059 31.930187
2764.890381 9.848614
1554.206543 5.325356
11290.066406 482.406372
13738.041016 370.324249
3031.600098 250.303940
5339.956543 147.995819
971.169556 138.371887
359.381348 264.966858
3518.882324 407.551697
3267.238037 526.517883
10060.718750 6.405285
570.918091 1.669514
763.521729 11.688704
180.167114 52.838692
997.347290 242.632248
32.842934 524.459290
2127.560059 940.229858
1160.946167 1443.479248
9803.674805 160.709015
5903.188477 48.304413
555.054321 28.500914
5247.752441 87.480392
484.820465 184.178833
3851.482422 104.595558
1488.687988 40.375244
15327.248047 22.504860
3973.264404 854.720581
8505.083984 607.717651
1957.147949 413.018066
2761.718262 279.053375
213.683777 79.365311
513.535767 120.957428
650.885498 220.617203
2309.138672 387.181488
8630.157227 10.334425
561.568481 15.396214
5257.534180 42.263100
2978.361816 62.835724
488.264038 330.886414
1853.338501 447.274963
3714.431641 536.992432
17190.457031 557.057251
1051.115967 141.650208
439.309143 153.747696
3939.919434 175.304871
115.773888 232.362579
622.735413 57.360706
4118.566895 263.363251
882.678589 653.452820
2838.094238 1205.493652
7081.266602 468.320496
1155.471313 211.985443
7925.954590 62.215099
263.155853 4.558764
1468.117432 75.808060
420.850250 221.768585
755.344604 445.854492
2160.776123 745.494019
5855.062500 513.538818
10904.640625 218.411484
325.872620 54.044312
603.134949 13.917633
808.620117 184.103546
360.709198 520.671265
2963.155762 1026.088867
4294.101562 1565.644775
6941.031250 857.166260
4164.764160 517.810303
2459.823730 228.273376
605.389160 90.401573
175.916443 44.537384
3837.696045 126.956482
768.244263 386.489014
14522.817383 815.394775
1052.518921 989.382446
7836.105957 604.936462
4537.365723 309.201263
2845.164062 115.428505
935.566162 238.260727
816.349731 441.414368
1530.398682 739.171875
4844.804688 1097.737671
39971.503906 381.550262
3995.999023 212.175140
3742.984863 130.279358
1019.269836 136.795044
1311.348389 9.044563
205.294128 36.248745
835.070129 158.832458
10527.314453 394.718201
11178.865234 773.617859
6406.964844 439.149048
988.299438 202.634430
1067.359985 63.496540
2351.697266 460.635254
2038.478638 476.775024
4779.615234 443.154572
4967.309570 363.220337
5939.737305 184.020966
2482.212158 253.596985
843.180664 330.867523
4124.723145 405.741180
324.435181 7.797886
1035.864380 92.841141
1210.600830 306.058807
171.179001 650.714233
10599.625000 264.978455
3913.569092 131.139511
310.888428 53.743851
397.548462 8.850275
471.759491 566.380188
4007.357422 693.002625
398.568176 820.282715
671.729431 915.478455
6872.031250 192.265717
5798.432617 273.102142
2016.204590 361.104462
3362.024414 456.240784
704.312561 329.056213
233.400940 489.379272
3301.603516 671.647156
8952.295898 868.264893
7787.995117 784.703430
2121.463135 442.981384
10.225038 255.877167
1381.655762 231.722382
436.629486 212.307190
420.677307 305.070679
1751.325684 541.828857
3220.207031 894.370850
1955.936157 755.529175
2136.656494 547.772217
1400.806763 372.275299
2036.564575 247.923370
442.507507 270.411133
4294.257324 345.316406
1864.573242 400.174133
4450.340820 422.577942
2967.583740 524.025574
942.956421 343.537903
1346.280518 234.527206
1064.508911 217.644241
1325.463745 251.317383
3489.248535 531.330017
15081.404297 954.078979
17832.679688 1446.914673
34505.226562 154.201004
714.189880 96.255402
1884.481689 79.908127
1651.455078 115.938255
6800.472656 53.277561
20.434229 56.285797
8865.724609 29.301266
14079.526367 20.535429
12484.103516 909.031860
10505.400391 442.468018
11053.776367 158.445526
3797.847412 56.101055
1585.384033 139.445145
524.510742 123.220001
2401.830566 154.639069
13087.951172 269.320374
737.603333 86.336815
5325.222168 97.417679
7241.065918 135.054413
5711.410645 153.116058
854.455933 243.394104
5891.887695 287.240753
1600.040161 326.425842
1188.032959 347.702057
4352.872070 147.058914
5723.344238 160.891724
9356.382812 178.967865
457.394073 205.817215
462.417419 182.620895
2828.593018 424.501740
580.889587 782.713928
939.749512 1186.714111
10344.779297 483.332184
5639.632324 274.812775
2990.419922 130.339462
1796.585327 87.916054
1399.971069 22.519882
1386.173828 152.836609
557.570801 413.960876
5189.178223 761.495422
11310.278320 678.980957
2599.968018 400.615082
588.481079 172.867935
201.662964 35.055435
785.982056 92.646347
1735.368286 153.457291
1557.191895 333.132782
724.824219 653.441833
5273.552246 772.424805
159.946899 446.601257
2943.370117 235.718018
680.559082 122.757011
1426.520264 803.605530
5115.050293 745.174011
12495.296875 616.767944
3407.728760 455.126099
7445.854492 466.623688
11015.570312 577.186157
3289.835449 693.499390
1850.444946 780.665649
905.005676 755.320251
3358.687500 1777.419189
971.111084 3323.384033
21686.095703 5128.286133
539.644226 781.840454
6378.233398 406.339783
2127.934814 220.913330
1386.640869 283.359009
561.175354 169.134293
1635.835815 124.367165
695.667969 306.515686
283.677795 696.932251
36640.058594 3232.876953
306.663330 2108.508301
6764.826172 1150.515137
2233.568604 495.660034
849.053955 19.443298
1331.626343 122.431244
2289.438965 344.791229
3439.118408 633.999756
13812.445312 429.052612
1619.077759 292.713531
333.845245 149.855240
1573.604126 40.898037
3745.079346 7.961345
2951.606201 17.937397
2203.027100 66.088478
3774.186768 170.201996
1696.469971 450.865051
6330.521973 241.980347
607.766785 103.735863
5498.260742 32.059910
3326.322266 23.490856
1315.529663 84.927910
7567.229980 201.368149
5129.703125 351.421051
788.305603 120.722862
9214.076172 78.480148
1731.934082 39.989830
860.741333 14.775172
245.479675 167.218582
347.572479 221.077484
320.338776 279.417694
745.062988 317.105530
3210.674316 140.231049
3257.511230 137.243301
4863.002930 130.054550
2241.204590 136.010941
97.659706 27.523275
194.538361 14.468135
4751.269043 1.639082
4361.751953 7.071866
4277.434570 136.427979
2106.237061 74.802490
19.940594 44.688507
1039.015381 34.587944
172.576920 387.429474
2563.347412 628.464722
3575.695801 891.178711
8791.781250 1118.351685
693.501709 8.319330
9148.771484 21.298010
3308.278320 83.620026
1072.864136 203.021286
2290.853760 208.813232
2781.174072 292.927429
6076.044922 462.767639
8304.661133 775.072571
1224.462402 848.921631
4849.723145 442.393555
9314.145508 236.877625
3491.894531 181.066467
1591.228760 27.683407
5024.133301 203.891266
5642.893555 638.978882
19104.058594 1243.357910
4005.043945 604.970154
6479.060059 455.564514
6643.266602 264.309601
509.729736 83.671944
387.117371 243.175262
2550.435547 333.354309
4475.514160 497.299805
353.422424 731.051880
36335.730469 492.492706
10226.015625 337.372559
3619.965332 248.133423
5528.069336 217.362030
4641.662109 39.866879
703.022156 23.678877
3560.306641 8.252935
6580.231445 2.759362
2859.510498 318.664124
271.419708 200.862488
621.341797 113.918243
3307.146240 64.246025
1142.391846 233.346313
518.999878 477.096863
873.004517 844.213379
6330.811035 1269.201172
11477.850586 96.896622
2237.468262 71.990982
2657.982422 74.445824
1190.144897 113.491928
536.391418 31.265026
5426.879883 36.393852
345.637268 115.179565
788.604187 272.932159
6162.925293 626.270264
12596.041016 396.042542
60.231853 214.506271
262.333893 91.994064
333.073212 229.802338
1103.278320 402.771301
163.725525 615.937683
6102.091309 836.621704
4579.285645 112.841660
7950.382812 55.649067
888.194946 55.657471
220.024796 113.092529
414.410217 665.589966
94.779839 1297.634155
1323.710693 2031.428833
4845.327637 2751.458740
11286.070312 353.736572
133.831741 63.160721
4190.950195 15.425327
1140.956543 221.599213
3801.413574 33.502911
4801.585938 254.788788
9610.014648 824.371704
1775.832031 1775.634277
2889.380615 1761.403564
1997.584595 923.478149
472.969604 377.862427
480.750397 87.525162
705.666565 96.724602
32.476665 419.174805
3637.764160 1020.012451
3003.298828 1678.746338
14417.644531 1577.319336
11725.694336 1098.687744
4963.881836 555.951782
1871.959595 160.757385
8360.116211 29.688648
8390.961914 260.551147
2437.994629 710.848145
6977.267578 1345.568848
154.667328 1345.568848
6977.267578 710.848145
2437.994629 260.551147
8390.961914 29.688648
716.461060 150.586075
2569.037598 236.214249
5780.378418 491.541565
16955.027344 936.588989
47076.132812 630.291504
2316.168457 396.475952
1998.922363 256.870636
505.239136 173.836914
1390.442871 151.209595
745.974243 171.540466
872.540222 211.364594
582.006104 268.997223
5489.616211 410.258362
7557.076660 290.197693
4854.178711 203.287216
1804.993774 158.380478
375.350037 36.542778
2058.900879 78.675301
4197.806641 155.259979
766.270874 285.318848
1196.325562 115.805962
3844.471924 26.766872
485.768677 0.598893
125.940384 10.604522
1583.209229 21.128105
854.752258 27.511992
3807.398926 84.326126
2671.620850 172.424210
1591.427002 232.721069
10583.591797 192.643936
195.429947 129.140091
1038.946289 62.374363
2135.310059 133.993469
881.725952 222.769501
8112.501953 316.125275
1773.164062 390.458466
5668.847656 72.238884
642.634827 45.300083
12451.582031 41.272095
1537.473877 70.157837
507.513428 16.236338
1333.549072 5.764547
8351.944336 80.277618
6537.671387 285.077057
4540.542969 255.299835
1049.494629 139.506317
0.783041 88.539360
1266.199707 53.512718
1591.443970 152.530273
502.590973 187.563217
1945.390503 289.895142
533.370300 432.744293
14000.377930 110.279938
3096.731934 171.610001
2877.968262 187.839355
1036.884766 167.699860
1174.526123 387.107819
570.301392 496.496979
1377.897949 587.507446
3387.508057 606.476013
2296.045898 358.683563
3250.271973 329.812592
529.600586 299.954498
1253.598633 313.462585
360.431427 135.361435
3593.081543 57.038513
4781.640625 3.504813
7876.107910 35.409454
6545.572754 475.198822
457.319214 329.085754
609.489014 250.418777
61.752316 198.674927
617.238342 227.470673
1769.910889 517.033447
2330.115234 923.719482
11852.625977 1340.693359
5522.315430 31.925436
2387.340332 45.760693
9312.581055 48.820740
2054.300781 85.561218
310.841095 123.982277
198.729523 287.720306
2775.158691 495.777344
1417.328857 771.181213
2014.572998 716.794678
7513.728027 276.636536
6585.277344 52.805103
3279.534424 24.674112
1388.972900 349.541321
9912.466797 661.041443
2512.808105 1054.978394
15165.609375 1456.098877
5887.071289 492.995850
2519.994873 267.826447
921.665344 150.081512
267.959686 172.966431
2914.327637 268.529510
147.435852 976.201416
1065.022217 2208.036621
2487.691162 3791.770752
27647.222656 1489.028931
10867.190430 781.209900
3070.654053 291.487701
4262.553223 79.147125
6906.795410 264.337891
3373.652832 301.352966
1665.784302 596.320435
3614.904785 1085.950195
33863.148438 2979.461426
2693.151367 2007.713623
1583.787231 1145.281738
457.515625 541.846558
1071.529663 114.154343
267.705231 38.843021
4156.780762 23.042799
5290.231445 66.104897
6728.284180 657.066223
3216.247070 535.302979
7588.445312 386.886383
4318.867676 237.465988
1661.963013 55.264484
4808.286133 83.710190
3445.302002 150.908112
231.266418 253.244553
631.054138 5.224521
4122.824219 24.499483
1562.471191 42.129013
714.935913 48.812603
2025.505371 594.672791
13.247985 1077.915283
6501.768555 1623.374634
5150.532715 2050.043457
5531.428711 305.389496
18378.458984 241.695496
1114.050781 204.500763
935.047607 297.433319
853.493164 27.889496
2336.481934 36.855064
213.518845 221.420380
1769.030762 620.299683
13220.729492 1615.329102
5946.214355 955.833008
3385.206543 471.763367
1978.694824 170.002533
1920.440674 333.702545
342.213318 394.325012
2528.190186 443.451599
417.307465 468.572754
9555.198242 152.148712
688.202515 180.303726
688.911255 221.105133
1778.368896 273.371826
444.387329 141.172653
523.301636 214.120193
6030.877930 287.093201
288.521179 350.911957
965.911743 418.031311
6358.987793 235.761719
584.343079 124.471375
35.756187 99.173279
1674.376953 37.795250
373.533539 118.238525
7008.925781 362.096680
980.452637 749.947449
1372.072510 390.779266
4286.798340 275.600739
2160.752930 171.925323
318.769226 77.833832
1205.960693 437.376678
933.642212 665.449402
2031.137695 871.977295
9666.250000 950.320251
11975.019531 357.423035
3759.720703 307.418030
2293.492188 256.554230
358.738922 287.773468
1584.798828 305.520447
1569.472778 301.483643
1788.076416 292.389374
14358.316406 312.200958
11305.035156 503.098755
8755.967773 365.632507
874.660217 305.117065
1320.155518 298.186157
690.468384 361.091949
2133.358398 682.956604
317.554962 1118.292358
14778.835938 1658.907104
1370.299683 245.995148
5797.729980 34.441082
3503.416260 17.028936
4900.750488 138.324600
78.062897 115.851364
301.301025 18.136644
3599.490723 8.132113
4963.412109 104.968597
10058.593750 960.262817
398.825378 716.201904
3182.077393 482.553009
1313.944336 277.279114
17.498455 135.824173
881.876160 133.143463
566.912109 130.475739
1417.376343 132.620575
4354.176270 54.936714
5458.012207 85.310242
1768.561646 113.546585
851.513184 130.953659
1890.565552 213.225769
3547.051025 490.993622
4366.597168 814.322449
8355.415039 1086.792480
1121.270386 127.149178
3504.439209 49.338436
280.241638 4.682349
730.903687 47.175652
3716.909424 71.406830
5890.921387 253.241867
683.031982 603.590881
6061.372559 1136.314697
20713.642578 700.119568
7668.336914 309.618225
3841.453613 95.588020
2461.298584 23.414543
515.114868 25.856537
349.072815 254.171234
510.809998 695.286987
649.185364 1265.327637
36101.777344 932.849365
2029.243042 550.891235
838.872925 227.989197
2487.093994 30.022659
3926.793457 34.808079
3429.952393 5.790921
152.031036 72.967194
2768.867432 239.905792
1677.217163 829.135559
2855.262939 563.770203
724.405090 329.274719
1371.881714 147.552795
370.602386 9.854059
69.637016 15.399040
1134.280029 35.710621
3353.855713 75.823692
10822.773438 91.804222
4967.497070 50.870934
579.949341 26.353548
695.098877 13.857510
661.731506 156.593964
2220.175293 195.832031
2814.431885 222.330185
287.280701 232.141022
1174.783691 6.662172
8423.200195 29.460094
4002.837158 66.081573
2268.006592 110.864647
160.940079 63.655121
2331.660156 225.820862
3900.328125 511.924652
2569.731445 876.069214
58.830830 226.030884
4068.310791 126.900253
280.912781 53.474861
287.657654 19.273504
307.172852 297.589478
1395.501221 505.436523
186.880081 813.360535
4904.936523 1194.061401
2394.352051 266.454834
5845.387695 160.674500
2619.016602 137.700607
616.090210 181.451874
157.724335 71.186905
1713.810913 198.852509
1102.979492 363.627991
7294.633789 543.178772
4738.107422 735.981934
1066.962646 369.512238
3597.702637 122.204521
3874.368164 28.958109
183.012878 151.806061
372.656555 125.387268
1038.067505 148.169617
7036.127930 225.957092
2767.135742 540.494751
4046.623779 418.323242
3016.817871 307.688782
759.308228 216.162170
1864.614746 41.698895
392.569916 31.678936
2909.192383 38.892559
393.700317 59.415016
10607.794922 130.445007
14370.443359 118.339355
3302.024902 94.598091
336.413940 65.662132
451.960297 85.962784
13.874857 164.189865
1658.495605 249.592926
4685.044922 315.144196
4060.931885 2.438652
2994.322998 2.846365
1932.686768 8.704536
533.037109 33.147236
1268.593262 173.671112
182.563644 417.300781
994.826721 776.328735
6449.678223 1205.920044
8976.455078 132.039581
3011.950195 29.308090
163.948288 1.705862
1725.512329 43.611389
636.645752 48.642860
104.065742 117.890083
1069.825928 232.587921
1391.915771 389.999329
16007.446289 675.888550
1213.290771 361.062042
629.033936 145.489624
1058.807373 47.265636
55980.300781 55980.300781
55980.300781 55980.300781
0.000000 0.000000
0.000000 0.000000
0.000000 0.000000
0.000000 0.000000
0.000000 0.000000
0.000000 0.000000
