68.047478 151.744522
670.241699 145.385910
14812.683594 147.985947
1519.613159 167.571945
3575.329834 104.088890
4328.982910 123.895302
572.167480 144.491882
3625.474365 154.319763
2284.251953 404.710968
7033.696777 471.217896
6554.113281 516.240417
3081.385742 493.836121
23629.011719 529.438477
4553.582031 465.376251
2196.785889 395.784241
1736.799805 370.345428
1278.199219 186.286255
994.775635 170.142822
4246.734375 141.446838
4931.817871 115.772865
8539.280273 34.570740
17674.900391 85.846085
940.145630 139.762100
2690.288818 176.904633
5954.541016 288.998230
3922.317871 305.755554
5195.503906 309.879761
22056.640625 303.477417
12098.326172 145.448761
9918.563477 179.672806
3054.697266 220.678635
2341.794434 259.488953
858.561157 253.431976
5909.654785 306.205902
6496.297363 345.740906
4886.099121 347.152527
4595.809082 280.987000
14749.230469 245.132721
365.218048 216.216187
263.376404 217.505371
1782.644531 11.545529
145.839874 13.820614
403.758575 23.155121
4836.696777 38.775337
8384.965820 4.224998
5541.180664 10.192443
9949.168945 13.509237
1272.445068 13.023047
1799.411743 1.930380
6800.137695 1.484961
8606.948242 0.398145
5383.041016 1.301759
6730.824707 9.261792
7318.240234 2.067724
2031.222778 0.003327
4527.716797 0.916519
1052.219482 196.920593
975.827881 190.272049
7476.547363 209.438522
12627.304688 232.385101
16357.859375 265.680634
1847.876343 291.895050
4324.732422 273.100983
41.682999 231.276794
2569.899658 115.610764
4626.178223 161.205917
8461.838867 171.297134
14577.877930 143.830658
29297.792969 61.769554
20916.021484 20.456102
6493.562988 18.853981
2392.876709 57.724636
132.353882 31.281322
656.642029 34.012760
7750.989258 36.219143
2.110525 34.174370
5317.778809 45.866768
2822.614990 42.215229
2937.225098 36.016445
483.622253 31.604301
1855.420898 40.660427
1488.531128 34.213852
8311.280273 17.602772
10853.186523 2.791005
72.404671 30.585686
2157.225098 17.266340
3300.897217 21.766750
1303.088135 33.966820
658.390686 207.983795
236.263077 185.517914
4407.486328 180.382645
414.800964 186.523193
9650.558594 191.049805
1750.738037 241.227325
8254.603516 255.326538
983.689941 238.037750
2482.066895 85.354065
1213.139893 77.326965
489.977814 59.826321
360.877472 38.440487
1778.758545 34.068382
2116.888916 50.651882
1543.557617 68.400490
563.845032 81.688080
4317.584961 414.262726
1490.374268 394.763489
1858.031860 385.404236
4735.220703 394.197998
1431.374390 201.042175
1253.038452 307.119995
7568.538574 386.162781
352.090240 419.548828
1791.507935 227.175232
7283.850586 304.717896
13217.248047 365.461975
3649.736328 384.883026
10574.646484 276.965851
2827.042969 202.884613
7418.460938 159.731857
496.547394 169.353821
1157.461670 16.551105
628.660889 23.414875
6234.285645 24.979757
15237.874023 19.393404
4199.780762 27.440701
1463.625244 15.429434
2545.344238 8.660643
95.944862 9.778896
44.952400 58.928524
2947.943115 81.859390
1780.887451 110.037231
1677.383545 120.745949
12138.626953 163.714371
30032.671875 132.731461
2172.465820 90.000282
1432.573242 60.452568
907.410217 153.335205
322.556763 116.161102
3683.680908 79.495018
570.758118 65.452316
4525.318848 39.715340
3655.463867 93.670021
6273.846680 144.039810
492.748230 166.623093
253.357803 66.111473
353.257507 88.228592
3671.012695 114.964134
4853.583008 125.176323
7897.980957 153.100647
1086.004028 127.868233
5255.803711 91.343575
401.833282 66.158691
1356.370605 11.413700
379.012329 8.307705
3381.861572 9.128328
3188.948730 14.041533
6501.240234 43.263248
629.173340 34.667099
613.771423 25.763792
415.833954 17.617889
790.350464 14.925643
506.127502 23.072784
956.649292 20.481033
2470.493652 10.016381
1817.542114 65.783974
901.095276 24.644634
5282.147461 3.806295
142.509949 3.969989
2142.944336 138.619095
93.447891 87.811836
2278.741699 44.543598
8140.782715 27.840763
6256.688965 75.053795
3246.083252 130.423752
10901.986328 168.645386
1198.140747 171.460602
1649.861328 76.371353
1863.111084 62.392509
1907.265747 70.879776
7709.424316 104.915894
2733.760010 47.245514
3033.521729 82.368530
6616.231445 100.947159
5266.593750 95.778091
302.403748 24.384468
1303.986694 30.834026
22638.101562 44.696754
18175.310547 50.107899
88.527946 164.772171
1049.232422 126.154434
9705.830078 77.207741
105.368828 39.138031
3749.263672 67.798309
4783.622070 96.432770
2361.720215 106.179291
7326.674316 91.527351
49104.167969 93.863831
3535.404785 50.487728
1769.604126 29.727112
522.032471 38.769329
6057.637207 175.179825
6775.091797 170.626389
14393.844727 146.680435
11838.844727 115.442841
2249.077393 89.939865
3916.633545 101.812546
1206.342896 128.757843
463.135864 158.218140
843.962891 0.894163
8476.127930 1.562082
1225.923218 5.378053
19310.855469 10.178339
8780.726562 19.802906
4977.864258 16.063959
3940.833008 9.994279
841.412354 4.100711
1019.855042 78.128616
771.445312 72.119301
8339.519531 55.081837
4798.845215 35.818970
1032.352661 22.608778
10610.914062 32.998310
1629.358032 51.797234
6349.878906 69.934608
506.104431 102.754807
1623.258789 96.166199
2854.229492 92.474945
9008.540039 94.139420
25382.609375 52.581108
648.620056 79.034309
106.278564 98.329292
3431.541016 105.632210
343.006714 117.152267
2228.066895 132.526245
7424.797852 130.437881
10935.254883 115.470680
5490.060059 73.102348
6902.317871 59.044949
596.547241 66.681168
127.069160 90.582832
2243.964111 61.150795
5618.528320 66.439720
3724.979248 73.970497
5163.859863 76.984398
13359.470703 86.789650
2839.491943 81.966499
1279.639404 71.620621
2036.545410 62.939331
1853.197266 93.691223
1524.962158 82.152725
1364.491699 58.072269
8153.067383 32.706970
5683.107910 77.206383
11391.733398 71.784767
3737.043945 79.035187
503.890228 90.262787
399.474701 163.846069
1428.495605 147.151794
3333.273926 161.224411
5385.955078 197.332489
14451.686523 167.081482
6486.606445 214.203583
239.668655 222.760101
2325.638184 198.037552
27.630005 60.887867
1228.509766 81.816895
754.437561 82.868042
5173.487793 63.551659
5014.953125 11.191029
10632.441406 0.334191
2267.490479 7.162282
1565.662354 30.965446
4915.445801 7.592617
3396.986084 2.368396
17054.404297 4.175079
22628.490234 11.225688
15646.328125 37.174927
7581.512207 36.592659
6719.666016 29.357359
8594.776367 18.082468
120.242615 162.790802
1846.281372 153.574219
1109.743164 121.912178
5674.761719 82.632523
10292.399414 45.450855
8804.954102 70.150154
4485.071777 108.636665
3493.460938 145.043640
1537.197876 98.402191
261.837830 115.110855
6657.431641 128.764938
24558.427734 130.320343
5818.302734 71.014130
2873.766357 77.783913
4312.051270 80.686592
5317.357422 86.245621
1847.284790 30.044437
2797.225098 28.541027
571.676025 28.855494
9850.758789 31.567715
6519.233887 15.051292
3233.925049 23.245279
137.117950 29.083939
2049.640869 31.050657
1429.990967 43.736534
662.533508 48.136066
11810.477539 44.934574
9772.377930 37.497795
3049.119873 1.050949
4417.352539 5.386663
959.740601 17.287491
1801.313477 32.063297
2838.565430 11.433199
686.836731 17.152065
2443.369873 19.899422
15118.253906 17.976080
6656.684082 9.586596
2986.723877 5.369316
2931.691895 3.649862
1284.796875 5.970928
185.588043 31.487026
1810.914795 40.532463
1974.621460 51.945152
4236.777344 59.937099
3642.738037 27.226791
7197.089844 29.969822
1125.641235 28.792206
78.161079 27.923719
2173.874756 11.701571
352.153107 7.724284
6230.541016 6.047978
4876.159180 4.246114
3864.276123 59.644554
8210.353516 48.132927
3204.076172 33.349113
287.930267 20.225578
1369.634521 44.949791
523.926208 48.650452
5257.838867 53.634506
5010.681641 64.872452
11107.897461 1.111537
3997.236816 9.165778
2217.344727 23.839270
352.049469 37.168831
344.102814 12.821004
2182.750977 23.428349
459.869843 26.909637
1694.330078 21.270548
19287.537109 50.361977
4385.637207 22.057909
9605.980469 5.092886
1463.187866 3.514007
3068.503906 143.199051
839.877258 145.220016
5998.821289 134.754272
7410.685547 106.907272
1995.332031 217.217163
2618.141602 183.645920
1530.477661 155.067261
159.968872 142.319992
1121.794556 109.821953
3874.875488 94.629669
3750.035400 91.101105
1553.905640 98.237778
19063.779297 86.851440
2131.918945 120.896179
715.407898 134.711868
4163.090820 127.730827
3898.660645 13.449857
6962.163086 21.957178
572.968933 30.967075
14532.820312 37.961472
12134.815430 2.319431
222.633499 2.435110
1665.330444 3.753874
1476.125610 7.221359
953.933838 3.216524
1645.891724 0.933665
841.328247 2.430262
5736.745117 10.904103
903.604126 46.662102
6520.288574 27.341810
3843.875000 14.816122
1020.829468 7.566324
371.735352 12.963451
124.285538 38.938507
1884.657471 58.925720
7134.156250 55.222946
7356.317383 190.291229
2053.727051 110.485100
8824.901367 41.198692
5563.387207 7.639511
860.335938 142.406204
3649.634766 125.790794
15957.496094 106.932381
12974.148438 86.296455
1292.466553 124.157005
4181.515625 147.532623
2486.036621 157.267746
323.373993 154.285889
51.744812 85.320358
1747.368774 70.664062
498.639526 49.595711
2482.346191 45.309055
10807.486328 5.247251
8939.549805 15.419889
2816.621582 47.719536
988.187500 77.242577
6191.466309 45.390282
5353.158691 27.293381
263.474915 34.144123
16760.136719 55.537842
6272.823242 134.444077
8702.909180 145.180542
595.413940 124.060310
6655.513672 83.660492
964.556396 62.243382
424.187744 41.639572
390.876526 21.697489
23735.208984 10.156988
7952.477051 76.692703
6956.340820 80.321037
1768.103394 81.944511
704.260559 76.612091
3025.583008 254.465881
392.167633 198.958435
630.913330 185.543472
9879.771484 227.908676
8596.179688 169.997696
12906.672852 267.170227
5758.787598 320.350861
3701.298340 309.797791
115.417191 149.748001
5708.010742 210.929153
10784.370117 272.992645
14003.323242 287.461914
15140.003906 380.830078
8463.646484 292.806213
7997.314453 193.821564
2460.613281 137.973450
1086.175293 140.716919
1716.175171 129.047699
1751.157715 110.049400
16119.839844 109.937790
9024.319336 15.317986
4318.571289 36.753639
9209.203125 83.611450
1259.425415 125.434265
468.747437 324.738403
14.794313 307.241058
1333.609741 302.666809
9178.017578 290.168457
2999.852539 476.278351
28198.800781 468.886719
794.394409 422.623657
503.511719 366.075928
1718.004639 386.875732
7347.925781 413.858093
2128.074707 423.073425
4909.935547 404.801270
12447.354492 205.907150
4813.691895 261.250732
190.363037 309.204865
146.328217 350.786469
1726.103394 186.528015
6928.547852 221.942047
486.024902 238.555847
13960.240234 241.537598
14173.987305 62.176102
3.377499 60.212475
2534.177979 89.333084
169.880447 137.407074
86.549515 75.365738
1815.974365 74.085449
10501.526367 74.351265
5620.925781 70.760605
3307.942627 142.371445
3766.872559 123.999176
3293.983643 101.602600
517.371338 83.953491
874.217041 152.675476
880.701477 124.726425
137.218262 87.544617
2816.129395 60.178082
37941.363281 44.759857
684.081909 85.874916
1647.313232 129.441360
4678.772949 155.439209
2346.634033 239.058304
796.360291 267.343323
5693.769531 297.079163
21944.828125 307.195618
14876.729492 210.216461
2611.081055 226.828094
402.826935 226.521515
1820.148804 225.886292
2063.848633 161.502777
17932.330078 193.027832
21739.160156 202.732635
11674.428711 198.212570
15061.269531 124.236221
4188.848633 83.101395
5461.034180 83.985222
263.999298 117.680435
3749.163818 166.480743
574.400024 126.400658
4912.965332 79.826149
1082.301025 54.316795
4621.161133 42.266598
24212.523438 91.399185
5122.388672 145.276306
2544.147705 175.226608
413.630188 209.745224
3491.596436 255.236038
439.692688 322.025024
14605.730469 372.314880
2384.795410 251.795380
1924.230103 256.966583
7665.442383 230.744873
10842.400391 204.752060
194.528702 47.924469
169.430756 62.657070
317.981171 58.209538
762.472290 43.318302
1340.722290 54.779400
690.850525 11.854497
209.466385 3.008667
1397.588867 21.529257
715.978943 66.673759
733.307678 67.783661
8521.104492 60.242699
766.201782 51.553135
15351.939453 1.558914
5538.229980 12.004281
5448.377930 32.557331
1824.499023 53.734856
1230.806763 218.164169
2560.147461 232.116180
981.499939 206.914246
9433.575195 152.465500
20102.851562 303.569244
271.994568 214.337875
414.097595 175.362656
695.023438 186.506699
779.581543 22.448235
3300.317871 28.468174
11586.209961 49.662838
14843.953125 69.517868
5200.721680 194.172516
730.766846 147.804565
1270.285645 90.190788
954.622437 43.389984
96.558334 118.040611
1056.359741 84.771317
671.297913 78.025742
8277.048828 85.677902
9881.480469 250.306335
7345.057617 261.830231
9030.099609 230.209595
700.962036 173.411285
899.370300 3.902029
997.410034 5.896705
4319.553223 4.873717
1989.627441 3.219806
2581.248779 48.660851
2287.725098 21.723955
904.293396 6.072153
6277.413086 1.857296
1367.873535 36.219143
3645.536621 48.561256
13321.586914 54.159996
35123.027344 44.699768
2213.475098 116.190468
3057.965820 77.785851
727.941772 45.435379
859.904663 31.527355
2591.147705 257.912354
3455.828613 209.240723
22039.707031 187.723770
20015.994141 210.655838
17324.878906 120.680656
19465.031250 219.494385
1664.256958 285.725037
796.136353 295.271088
35.944054 258.020691
989.646362 331.233490
1036.045776 364.852081
1235.304199 335.296722
38318.058594 403.414337
7968.454102 278.128937
6908.281250 199.404343
210.904404 197.687576
1291.417603 131.223633
316.712952 142.194183
2820.064697 161.275131
1577.440918 171.333817
2573.423584 154.488159
5621.531250 164.277954
1333.966187 153.039597
994.229309 136.711868
2284.160156 51.144886
6350.471680 55.715652
6636.707031 51.132683
13240.217773 33.568321
10558.684570 204.397614
1428.235596 133.999664
50.630016 79.401672
1691.877930 53.440998
666.171875 386.407684
993.050659 350.443939
1910.084839 321.241028
143.934052 307.730225
23855.269531 229.082092
3156.212402 324.883453
855.388123 388.838104
2096.019531 406.723938
2877.049561 111.823746
1331.353638 151.268875
11133.429688 166.317184
24771.154297 149.771790
7484.253418 38.213173
790.377808 26.236452
3676.830322 34.398151
2269.609375 66.361542
149.083969 43.653023
1268.399048 38.459496
322.005157 41.943722
18405.000000 57.135723
5961.977051 15.790453
8117.624023 33.461807
698.742371 46.379459
2027.463379 49.016327
466.927490 133.321152
5646.480469 129.109833
2750.188965 97.958603
5148.709961 56.027748
1519.017822 5.536657
10009.577148 24.890139
250.401581 64.809875
361.130829 107.800697
346.752136 165.575302
5887.275879 181.587677
2166.947754 223.415298
1900.867798 272.848816
12216.079102 139.665222
1825.000977 177.125504
1340.691040 184.726288
6925.111816 173.151932
1096.089478 164.763474
5267.758789 212.994095
3300.231445 215.196198
12544.822266 175.528625
1717.517944 206.241074
1904.713013 105.180862
6629.502930 69.906952
708.230591 101.295319
80.571739 78.948830
2427.900635 56.099663
6559.625000 45.011803
3245.294434 53.170200
7313.941406 44.241844
4105.146484 78.184586
721.627441 99.100456
12448.650391 98.008324
1959.898682 112.389259
1280.652588 157.372833
1438.863281 169.455246
5483.292969 135.941559
11040.362305 171.091980
273.115479 99.761124
3271.079590 59.923691
2795.785156 68.500107
134.151535 136.745544
47.898113 108.734756
3998.958496 116.503914
21490.544922 158.765732
765.664795 120.423996
160.109818 179.072617
6037.565430 199.162415
764.077637 177.739517
601.570312 117.895378
237.760925 147.420380
392.523346 141.503326
247.378815 111.121567
14063.629883 35.063583
13444.383789 2.822885
4443.673340 16.810251
1467.275391 64.819710
177.215073 105.078842
225.282974 101.347214
1171.765869 90.297562
10528.213867 69.343170
9583.185547 202.533539
134.608093 164.137329
2421.609375 130.703094
4483.484863 111.589745
791.514954 2.452855
4393.649414 4.341766
2999.195557 9.423262
6621.070801 13.416430
1090.774170 123.063690
6293.503418 77.291107
326.981323 36.860271
59.636379 11.433716
488.012054 7.658504
1707.964355 1.435491
5605.545898 0.437207
14595.980469 5.081901
2065.789551 82.262192
3648.302979 58.739780
4548.089355 36.746895
1993.590698 19.365490
448.266815 370.109039
5804.596191 358.606659
668.922791 360.355164
12942.965820 352.634644
16305.292969 630.187988
3245.865967 572.560059
1380.947266 488.587402
912.339844 413.507812
2680.769531 537.818176
2269.574219 631.937439
3319.320801 691.826904
3871.834473 663.412598
3534.348633 513.527161
23747.683594 490.631592
1587.461548 459.593262
2907.148926 470.094543
877.301514 7.730561
1464.201294 4.952999
1398.643188 8.119292
4083.069336 20.355455
12644.990234 95.928558
14023.790039 59.055912
2277.570801 32.272465
2032.803711 16.047689
318.413879 48.661613
2744.182129 30.918850
8752.695312 14.015612
7816.487793 11.391597
1940.397705 35.078098
3484.699219 39.025909
305.572235 50.151321
232.195343 55.894287
1945.296387 218.919296
7218.218750 136.353043
3602.926270 66.022072
9624.101562 47.553215
2588.622070 77.940033
3724.486328 170.608368
9258.027344 246.546875
2439.714111 265.275177
1146.082397 366.485535
11022.707031 391.966980
10991.671875 473.763885
7410.784668 551.793762
901.094849 562.822205
917.946289 576.731995
10039.933594 508.644897
2076.355957 416.556000
4192.874023 177.391205
399.289917 246.408615
3811.079590 264.669006
9852.678711 222.732849
31672.404297 126.664169
1530.978760 62.382973
2063.796143 49.446121
235.029800 96.482658
92.190018 54.786102
322.754974 34.506119
2385.477295 16.069815
27485.570312 16.719473
11900.852539 10.286828
443.403748 24.911819
8954.861328 47.724812
9746.432617 60.817238
2386.609375 7.328193
3475.361084 11.949425
5078.501953 11.024045
39943.078125 6.307928
1659.902100 35.984661
3217.763428 12.835037
1132.555298 1.219420
5241.401367 1.291192
183.609772 139.285706
1368.735107 150.304276
6749.244141 156.782837
3314.362305 142.752014
13367.819336 261.945190
26469.490234 219.652451
10400.107422 172.788376
501.372803 143.470673
3711.467285 213.171143
21.469528 240.762512
421.580536 249.558456
3281.597412 227.935272
15196.345703 140.717102
15855.833984 150.777374
4232.749512 162.055359
653.423340 183.118622
450.792419 45.236183
1475.589111 35.194660
7419.497070 30.662285
2555.900879 27.563316
568.772095 101.062080
7187.690430 96.891800
738.251160 81.452629
727.738281 61.860825
268.707031 279.305176
3797.214355 265.909119
8441.495117 230.144775
5344.211914 192.394547
7777.265137 82.526932
372.118378 137.399139
4377.513184 204.140839
423.674530 257.653473
2180.389893 148.011414
7010.581055 186.812592
6540.048828 234.895737
2479.944580 264.282104
3734.631592 191.007370
9934.350586 180.655060
437.334229 154.599274
505.982422 137.465332
2522.650879 79.643753
4205.219238 67.846924
26232.826172 53.609016
21663.480469 46.837948
6040.047852 127.263634
13085.377930 102.117310
839.974365 90.198174
679.023804 85.580452
1101.597290 338.618225
1393.088745 344.565857
3983.744141 357.631622
5197.466797 352.518799
39408.167969 350.856781
8042.050293 382.934021
1533.504883 375.132599
628.558533 351.947845
2049.508789 261.879364
981.144531 300.726410
5271.083496 298.216309
9004.611328 274.684570
7042.914062 51.899178
4407.943848 47.003609
1749.535278 100.988342
553.855408 185.681534
888.607666 59.062447
1212.758545 56.877842
4455.686523 60.277336
3372.818115 64.258049
20356.183594 108.726196
3627.427734 100.468056
2284.184570 85.007072
1643.694336 69.182350
1199.534180 10.775715
6735.291016 12.724218
12272.774414 11.085405
1700.757324 6.862372
3598.195068 1.926560
3100.999756 0.126578
215.466125 1.937300
41.306400 6.329457
1559.723511 137.516800
9247.438477 121.162781
4786.398438 91.345383
4794.205078 66.986198
21164.048828 61.113579
1049.888062 74.203629
2546.473145 103.488724
1728.968140 130.128372
360.595978 28.887531
6905.077637 33.112740
14361.496094 51.512192
583.481140 72.140022
1366.276367 79.253227
2280.920410 79.665947
3613.966309 63.238468
2277.004883 41.616417
323.788818 88.371651
2570.944336 58.269127
8381.347656 30.504704
4886.267090 17.449842
39332.566406 40.285458
2073.024170 74.692398
9672.445312 100.491776
3840.793945 105.611328
252.964218 52.373993
743.576660 78.963142
13152.531250 116.898048
7936.497070 143.687973
10023.843750 110.924881
5081.333008 99.221878
7322.291016 72.317001
3399.786133 51.021679
662.370300 15.184340
711.109131 23.736912
7627.849121 24.710960
12302.693359 17.949852
3577.289062 29.836552
13052.884766 10.481161
917.927368 1.798292
557.367798 5.118184
958.768066 33.686016
1732.318970 43.383385
347.531921 47.123978
2323.288330 44.003220
3008.787109 21.481287
6764.145508 14.650937
2001.929810 14.843115
666.387573 22.363644
2453.453857 80.893372
4941.681641 112.407120
389.689270 128.178085
12908.490234 115.694954
5062.576172 92.772202
3746.751709 65.257690
421.808716 48.125534
2747.650146 54.094208
16.109741 61.201649
229.364639 69.163750
1282.713867 44.671471
6163.885742 10.075729
5257.197266 93.376640
8922.691406 17.792168
892.456665 1.342708
912.068176 27.910362
1297.947021 96.279495
3708.275391 59.317390
4332.442383 56.959724
386.334351 77.610489
4425.728027 241.521133
5358.103516 255.014893
3441.072266 221.876694
3979.632812 159.106415
5905.669922 9.629549
6069.982910 20.444983
675.808533 22.648531
18058.703125 16.436035
8124.886719 92.072350
1238.545166 39.815979
1795.478516 7.903580
1580.713745 0.662228
706.690308 80.597588
2278.496582 54.254932
796.240479 35.702576
3706.308105 27.695122
2283.524170 91.985733
1372.605713 114.789810
10787.725586 119.671783
640.175415 105.958237
4321.368652 40.197308
1718.566772 46.425522
1248.537476 53.494690
7337.985352 56.891834
4429.911133 31.922203
2784.681396 36.509487
4997.960449 37.215580
1133.961548 37.369747
230.949554 71.458702
2543.001221 77.994240
7838.543945 68.951935
1455.902344 53.159843
2788.610840 5.388433
343.956238 4.574233
791.764038 22.766651
256.310150 49.744598
1437.652710 25.913132
3511.192627 23.153400
13694.709961 28.802431
24686.712891 40.004715
10660.464844 53.124954
341.103516 53.430393
3452.603271 46.515839
910.479858 35.429474
2000.916504 75.539024
1535.524536 95.028000
2173.641113 91.222198
8083.379883 61.992477
36469.546875 118.415108
10917.710938 69.582275
335.131927 45.040192
1554.194702 51.233730
2000.456299 87.850960
8653.870117 59.658691
6502.356445 36.364197
836.983337 46.642479
6841.173828 17.447664
3232.353271 35.424477
645.695618 71.207504
2131.357178 94.220428
394.141541 23.308910
4890.789062 38.766739
3651.443848 66.420998
1551.286133 79.052177
17628.587891 249.662796
2521.427979 184.789368
8245.195312 104.424240
3156.891357 43.811783
191.134811 96.434349
1458.412720 67.469673
1658.857910 60.151081
2341.625244 68.115906
6525.576660 166.544739
6501.541992 188.721588
301.076813 176.455551
692.570923 139.090851
2511.652832 23.390123
5736.563477 24.451124
1208.318604 18.869631
3941.145264 10.026011
6405.477539 1.226503
5655.179688 0.688504
1195.813721 6.820009
276.849121 16.156914
351.962677 103.629593
4603.193359 139.712097
14759.482422 140.335052
19853.535156 98.264908
6534.537598 222.817337
984.652832 124.619812
394.375122 67.175568
3988.951172 66.368675
6751.741211 104.160934
8857.430664 68.729202
16753.339844 67.934105
16978.851562 93.590813
29791.419922 227.595276
295.347992 243.610672
7870.038086 217.856781
2540.647217 162.560349
8245.382812 35.204861
13721.685547 28.788389
21232.390625 22.018951
39400.906250 16.163181
32059.064453 49.984612
6419.077637 48.134819
3864.084961 44.931026
566.346069 40.624939
2887.122803 14.268621
367.892822 8.821994
11716.623047 5.539991
49101.363281 3.532603
5603.756836 42.046417
3598.231445 38.337250
4583.419922 30.811504
2946.757080 22.004581
91.719307 43.152931
2541.441162 41.739323
718.097290 32.681232
6705.879883 19.545151
56818.964844 10.145138
25592.861328 16.052916
8447.191406 26.200224
7690.003418 36.854740
5694.370117 29.781315
1058.015625 29.481148
166.778381 30.352859
7972.927246 27.632088
3730.291016 72.838463
12089.677734 62.609051
1308.799316 47.930889
1223.968506 35.670273
168.254181 284.936371
1564.492310 273.585754
4859.527832 227.591049
22260.992188 164.804749
1187.735718 93.826202
6077.080566 141.148697
991.511475 202.392487
314.928314 257.383453
556.445557 101.213120
872.526978 115.350487
3861.894531 146.792435
5873.097656 191.445618
1577.016357 29.997459
6473.446777 62.168671
2093.829590 85.525101
2489.463867 95.817474
1447.045654 82.722321
799.307495 93.572830
993.274963 82.536064
5597.782715 61.684044
1949.095215 13.656123
10916.277344 0.976503
5024.225098 18.189064
440.892914 52.281555
688.936646 91.891037
4385.716797 92.478256
4115.182617 108.740051
539.773743 126.195244
4328.250000 206.476990
3040.978027 187.684738
831.470215 150.794052
253.335403 113.426743
2333.548096 48.086193
3293.200684 43.347691
15053.804688 36.664593
11260.233398 30.359154
3445.497559 28.755299
3034.696045 37.382244
3604.531494 44.889561
724.928894 48.829521
981.805725 23.342587
1547.128418 28.395010
4092.063477 32.373169
219.947418 36.736538
23457.902344 0.998792
9099.838867 2.487637
1527.328003 8.636557
3530.228516 16.444334
3083.765625 92.054596
155.072678 98.448647
1922.220459 101.658768
11014.199219 110.062187
10823.563477 52.426376
5085.895508 47.976257
1467.596924 60.113533
231.236984 78.124519
146.029236 227.552765
1284.819580 261.930878
614.208313 269.501770
1902.051514 224.242630
2619.172852 456.481689
5509.856445 346.797089
2250.886475 252.420776
782.847168 212.590775
1486.996826 1.881209
1486.335815 0.924303
7112.267578 0.242609
22233.896484 7.524437
9838.906250 117.014183
3526.867432 56.215504
2120.828613 19.480049
794.791382 4.815925
2052.475586 170.355896
664.094727 113.951370
2.005363 97.447426
13403.250000 110.819588
3567.873535 293.625366
6011.242188 337.587646
247.278275 317.961395
1163.918945 250.271729
2494.920410 10.479906
12414.705078 2.645498
4647.833984 11.348576
5924.667969 35.053097
1833.501587 81.432022
17815.388672 70.611549
1443.647339 52.443562
767.288574 29.905058
1796.356079 4.882631
1645.422729 4.763243
821.721008 23.205681
246.877472 54.030979
12931.883789 67.965225
7758.513184 60.863579
1900.008545 43.142635
709.232178 20.871511
2222.045166 36.082565
33.888664 18.067169
334.783020 41.732182
4657.095215 82.563118
13074.710938 243.520813
1526.047852 234.362900
16927.408203 175.508133
142.930054 96.828262
685.436707 14.313960
1837.287354 34.568523
1054.036255 45.017590
2283.165527 37.689621
2343.449707 90.962784
11352.938477 43.424713
1019.906494 9.593250
1876.424561 0.999708
952.254517 29.297232
1674.057129 21.104101
548.949341 13.463861
4015.405762 10.927204
7291.133789 11.555014
5657.481934 21.036722
1004.323120 29.764713
787.814697 33.022697
1274.592041 21.277920
1138.472778 13.184054
1136.554565 8.543591
1482.986572 9.566273
2457.329834 36.665592
558.927063 36.978519
1994.375244 34.976555
1679.212769 29.461197
450.532349 24.846077
1199.106201 37.650311
2519.463135 57.217419
10986.897461 71.064018
12960.567383 72.985321
1039.521606 62.023201
884.359253 42.486149
30.265501 26.852966
5997.037109 3.460339
1389.374878 18.521370
164.413757 35.009781
517.018921 38.916866
10533.967773 122.897232
5313.979492 78.041115
3923.896240 32.870975
751.148743 5.762063
508.909119 129.929306
1189.577393 171.630295
7094.615723 168.052200
1053.108154 120.745590
14801.660156 70.996162
5141.160156 24.835348
4261.516602 24.263176
1136.346436 68.360847
727.022644 43.231079
1372.085938 51.050159
2376.425049 38.910591
3891.947754 16.699881
27754.554688 38.594700
6221.796875 5.673489
5971.174805 2.351924
6625.258789 21.096323
672.175171 141.920319
2783.571777 137.615128
5985.579102 107.769424
24530.589844 72.636475
3711.962402 8.001101
20209.304688 24.488615
1032.838135 67.401115
2425.792969 114.495956
3941.996826 65.081825
8982.854492 68.802696
8505.369141 64.974777
18819.101562 51.706528
11057.887695 70.101135
1641.240845 62.732258
904.302490 58.182556
3809.052979 59.619019
1079.436768 10.559269
3578.913818 2.984879
9370.127930 6.637418
14715.593750 28.132357
284.954895 9.004646
13021.175781 13.589191
6824.558594 19.477789
4517.363281 18.602417
906.915649 76.628212
13514.764648 50.065491
6770.145020 38.187004
3291.490723 37.850319
14329.832031 135.392654
2961.653320 151.004181
38237.398438 140.853378
274.574799 111.436455
831.787476 2.919311
624.331665 2.210687
10248.413086 3.080097
18266.480469 6.015558
4631.518066 42.317474
444.408813 26.104345
1453.147217 13.631114
7980.254395 6.176320
2993.532471 15.836314
6278.857910 8.195998
5352.919922 3.480982
36543.546875 1.670309
27194.072266 50.255020
23799.347656 45.037849
1557.600952 36.151985
3023.221191 25.688986
580.453857 14.928639
720.757019 23.992603
9574.560547 27.852877
1674.422119 24.804405
5386.997559 54.262001
6336.895020 27.430544
3446.052002 10.723228
3232.114258 7.800930
82.133598 26.064016
2388.199951 19.537041
2250.635742 12.813253
1536.233032 8.953579
14900.801758 9.797736
1173.772705 18.801067
2146.138916 26.234169
7226.893066 28.928131
1174.590576 65.836182
780.712402 72.012299
6346.999512 70.942955
8251.413086 64.330452
10533.507812 46.800705
6273.195801 41.822449
772.208008 45.262253
366.717773 55.056961
2070.677979 3.597591
1626.097656 8.604260
6582.457031 14.119114
27438.353516 17.067522
249.433594 11.805628
3630.866211 8.089635
58.173515 3.773280
1125.391113 1.748721
4317.001465 53.306778
2966.911621 50.436771
10113.554688 39.432594
19359.482422 25.461628
14310.647461 21.811083
9198.834961 25.810081
7924.442871 35.950600
478.345245 47.196739
1169.131226 126.185501
1333.003662 146.431961
354.565643 150.581940
12845.509766 129.747772
6403.767578 123.009399
3843.441895 107.983086
854.562561 99.104584
947.054993 105.981407
837.145691 237.263580
2017.956299 236.748413
3943.791992 229.316803
1406.076538 221.744644
2009.264648 84.061523
2221.694580 136.517120
4557.958984 186.975647
144.837051 222.110672
725.544983 62.513100
685.055542 78.032303
9602.089844 79.752220
32164.539062 67.443802
1964.331787 6.373314
1003.461182 7.004503
207.868286 18.697361
504.654114 39.638958
500.739685 205.856979
61.604191 228.999146
339.444916 235.721222
1818.042847 218.888962
13308.373047 136.984009
14901.686523 144.469742
1457.002197 156.870255
384.498657 178.408417
1465.126099 151.819382
2604.290527 143.353821
5243.326172 133.460510
582.169556 135.523224
2005.528564 70.676338
3436.880371 92.980507
1367.167236 123.718475
312.410126 146.333084
331.589233 23.500731
2815.396484 31.322695
144.510208 62.770622
9581.250977 99.545631
12352.373047 106.380211
1106.678833 104.187637
204.418549 77.214287
1382.160278 43.077847
112.015190 39.632572
75.543701 79.192200
7406.675781 102.084473
16070.585938 88.655930
12725.519531 219.455856
3204.387939 121.345108
862.062500 45.203983
5141.957031 18.792496
1437.049316 47.886002
3100.258301 42.334030
7377.897949 32.929352
5537.114746 23.939564
13286.311523 13.750161
2648.402100 25.529438
3880.389893 38.022816
3525.433594 46.492439
98.058296 25.695868
12875.960938 24.091946
15837.709961 14.246530
1578.777588 3.043739
2713.002930 37.498390
5191.307617 18.646013
2521.130615 14.343830
1581.505981 19.861568
729.557556 67.271164
2787.817383 71.406570
5232.635254 74.284531
6144.050293 61.638710
13040.356445 236.390961
3220.297119 180.365616
854.213867 120.774712
1838.684448 80.518570
135.385361 75.492073
1159.384155 69.653870
3697.088379 76.366364
1483.038940 100.481110
36792.781250 36.635754
2953.981201 59.076332
248.151459 76.938705
6486.589844 81.630142
6233.938477 27.675018
1918.840332 21.688028
187.289383 27.789612
4788.668945 29.460697
9117.582031 241.622543
1344.787109 187.833496
4623.137695 118.490860
649.418945 59.741547
598.360229 35.659470
826.707642 39.127693
2622.208984 34.028973
1194.546631 30.905436
2748.144287 17.894651
840.742554 0.619490
1155.999268 5.359280
660.495239 21.626556
1605.391479 109.714386
1278.731445 122.041718
12620.872070 138.194138
21759.197266 136.254974
3354.526367 242.589844
5233.656250 208.515793
8104.983398 158.890732
1118.816650 120.727310
1562.466797 143.920456
546.630737 126.454514
1248.550049 119.170502
18896.396484 119.628143
13690.137695 121.656769
1804.954102 159.208557
2110.093262 172.803131
283.685974 163.920029
1825.607666 248.297546
4862.482422 280.405792
901.017639 267.348450
8382.808594 226.589447
4476.245117 98.628891
6778.360352 77.019966
1145.888306 111.374718
40.028278 180.986984
167.444504 102.740906
3586.636475 113.884895
19890.541016 123.624611
21015.640625 121.339279
17805.267578 133.250092
1806.146606 124.162796
2177.579590 109.355881
6299.790527 100.221474
1423.674561 70.596886
286.654724 71.707497
2925.292236 67.255013
11134.835938 53.781284
20764.943359 87.768753
7430.537109 81.444466
9413.396484 73.709976
238.742706 69.878807
645.705017 125.447342
595.453735 122.345467
3175.558594 125.008392
9483.891602 129.697266
7793.250000 87.719559
3788.314941 116.434822
4665.725586 130.431503
3411.237793 130.912186
4906.889648 13.718227
1754.227173 9.345562
2180.875732 15.378850
12644.440430 32.640682
4175.879883 49.720139
2199.916992 43.271145
12678.502930 34.842052
599.516541 23.974993
362.405792 71.684776
1593.161377 82.413780
7308.781738 95.880554
5124.855957 95.985832
214.090317 160.988464
1862.067139 137.759201
414.109955 103.631439
386.091034 77.849815
643.720825 10.049850
980.754150 7.858984
10611.528320 6.394422
1114.885010 3.428190
1.746198 151.567017
2861.993652 96.413071
3329.866211 49.818314
1382.951904 21.327272
1032.316528 275.028931
197.710434 244.831451
1651.185059 219.919128
938.799438 212.451096
24025.431641 122.196503
54.303532 204.105835
346.081909 265.307922
882.916626 288.118683
1917.554077 150.430878
1224.771484 185.355682
2459.599365 214.124542
3988.905273 221.689804
3555.366699 217.642471
5847.473633 171.922012
10241.603516 137.329163
2491.030273 129.798050
871.328613 109.449463
835.123657 83.751137
12128.603516 71.443039
12534.255859 82.784409
6566.698242 89.009857
1538.556885 116.330704
348.448608 134.000732
347.850616 130.944397
880.632874 47.796024
284.561127 80.305710
8616.213867 96.759949
1826.755005 88.048531
9110.261719 127.684425
9755.174805 64.134933
1748.853516 24.637939
2187.138428 21.811649
4102.013184 163.511230
1506.252197 93.942276
7644.457031 60.671745
34557.597656 81.621002
3095.135742 179.736526
11049.322266 238.134186
9343.183594 260.735931
3473.791260 231.244659
641.755554 18.500576
12969.718750 21.577618
7557.400879 48.609261
16950.917969 72.977364
1853.584351 277.963440
7984.947266 217.415070
8384.257812 131.826889
3827.354980 56.731663
132.397797 55.256283
245.101547 52.846413
11057.566406 47.864693
6879.527344 40.321602
8006.386230 40.321602
6879.527344 47.864693
11057.566406 52.846413
245.101547 55.256283
55.099613 180.933945
5508.369141 206.721405
14640.740234 212.145798
458.421936 199.912720
65578.734375 90.651421
1851.250732 87.008049
339.426331 106.481125
5935.758301 142.574585
7292.354004 107.614258
73.154457 121.576599
1536.930786 120.190742
4848.622559 104.561844
15515.753906 87.172989
4545.077637 71.001282
308.265167 71.092529
2153.611572 86.538673
164.661957 151.048462
3961.519043 153.196991
10035.910156 166.091766
6313.902344 174.937073
16804.503906 222.386261
5783.233887 218.423798
963.884399 194.355469
2295.052490 166.678024
183.504700 61.417850
1774.913452 67.979843
2007.576660 91.591621
1063.400146 124.851837
19661.808594 63.735641
9113.949219 77.023552
701.137085 77.292282
6648.865234 68.307602
1877.437744 497.401306
570.960449 581.069885
8175.833496 597.251526
29486.765625 510.650482
13024.537109 664.162109
23480.136719 521.289490
552.409912 424.912170
594.691284 422.535309
4279.142090 470.754974
7381.871094 452.514801
7263.380859 428.237549
1214.785889 428.182617
9602.578125 116.546227
20257.347656 238.476990
8887.178711 363.785461
1712.648804 446.831360
538.038696 59.018040
1287.235840 87.956055
3083.152344 95.523010
795.174438 78.021416
8206.432617 66.154434
2069.425293 26.429022
2489.001709 11.599019
3501.277588 26.467651
1361.544189 39.214310
2442.209473 24.722958
210.290588 23.627335
3198.217041 33.360558
7456.191406 67.109207
4294.529785 81.796326
222.326553 78.706390
4203.002441 61.043495
1060.927979 39.387398
245.833572 51.899136
5624.477539 54.351658
6463.258789 44.593933
6587.827637 22.500011
4015.509033 14.387792
8736.711914 14.337256
469.014465 24.133768
74.553406 6.027755
304.377441 7.432807
4715.785156 4.077905
431.024536 1.377756
16704.199219 41.975006
3716.120605 13.754330
2874.068848 1.246171
4196.619141 1.450836
4969.392578 25.973766
816.746277 15.481028
1529.502197 13.473071
23094.261719 18.144199
898.276184 65.396606
2172.044434 66.929970
434.839935 58.051674
89.504700 42.224739
1071.200073 54.002335
3062.956543 56.246799
1196.203491 52.770699
10453.212891 43.925358
1363.918701 120.414429
9811.998047 85.495140
781.448059 61.686398
1446.007568 52.790791
2142.593994 217.050690
1112.520752 197.909119
2574.880615 219.405365
11594.114258 264.061859
3543.162354 264.974854
6272.914551 314.547485
5268.608887 309.741028
1638.824341 265.492310
1179.569092 120.942673
1999.748291 182.462006
11083.886719 203.601761
12273.919922 169.253479
6414.230469 124.459671
14567.013672 59.256557
1877.266113 31.615389
1368.091064 57.634392
193.231934 10.617315
5755.937988 4.240610
11491.054688 9.639443
1688.952026 21.795578
4329.956543 166.857635
1430.253052 120.305038
10152.284180 71.888573
2621.424316 33.175541
4461.161133 55.561905
2529.268799 46.051464
257.879913 41.442780
2593.426270 46.300488
18527.199219 66.702759
2032.906006 67.471062
3619.851562 67.908585
1078.619507 64.085770
1388.339966 72.896133
1194.347046 93.593636
1215.302368 104.645683
6230.421875 91.338371
1176.717896 310.455322
2310.713867 203.341553
554.366028 115.016159
2763.077393 71.957268
4432.440918 77.905128
4044.847168 62.293480
3642.760010 51.268414
929.398254 42.933708
2968.111084 102.877701
1101.487305 114.002068
3050.320557 110.304398
879.101868 95.922371
498.357544 53.556595
280.839020 44.153076
1515.879150 33.323681
3688.706055 20.516186
19203.845703 104.722443
4120.212402 92.481033
361.631592 77.426720
1446.853027 64.052193
1145.583740 279.991089
2934.064941 235.054550
1968.211914 183.815094
3337.705811 133.635040
4369.582520 283.487213
1929.596924 314.099548
2679.585938 323.767761
495.808258 311.458557
2352.962646 386.344299
3132.774902 431.284637
655.015015 496.918823
12203.045898 550.812622
1587.742065 245.119553
7516.988281 321.585327
727.578796 356.996674
472.281738 368.404236
2142.952148 323.602264
252.945694 405.261719
4205.097656 394.935669
4318.805664 322.994751
20791.341797 144.055115
2924.452393 36.785980
427.010834 60.373917
2848.804688 182.429092
854.455933 205.817215
457.394073 178.967865
9356.382812 160.891724
5723.344238 147.058914
5051.605469 347.702057
1188.032959 326.425842
1600.040161 287.240753
5891.887695 243.394104
1589.665039 47.018242
32.576561 75.913467
43.597435 113.300674
1240.880859 130.327530
10510.316406 224.394806
2200.816406 167.112656
3910.869873 98.606567
2048.560303 52.466480
449.011169 17.592384
1021.350220 6.089969
998.137268 2.957419
3459.271240 8.023524
4080.604736 89.527679
8714.744141 75.401047
4497.284668 56.207325
1182.963013 35.516609
2425.189697 44.921406
1776.196533 32.450218
5996.934082 36.512806
19475.767578 47.769882
1141.157837 123.354546
1684.629395 126.383057
2173.388672 105.689995
259.616119 73.146545
3607.384521 41.636345
2880.614014 59.830929
2125.598877 65.907913
7595.409180 58.904526
28396.699219 22.618282
2954.999512 6.440503
363.769135 5.416059
927.701477 19.738558
3515.744629 21.187799
1065.189941 17.064175
2064.074707 8.732486
3573.982910 1.458021
7016.353027 15.249037
11116.281250 11.540377
3531.699219 14.397274
2807.936035 19.387928
173.188324 32.070599
4348.260742 45.221600
8770.141602 77.364304
2230.510254 105.976410
8731.183594 154.129395
2423.058838 133.360992
1417.986206 90.397720
834.792114 49.409138
222.665787 9.168170
1698.475464 29.398565
2966.068848 42.371933
993.027466 36.812881
270.308807 140.210052
7175.731934 75.724533
1800.515015 23.913271
1098.784912 1.964351
3410.408203 85.205414
1221.867554 81.237167
5543.267578 63.581886
7760.427246 47.793140
10984.643555 14.975567
4112.007324 17.527674
2.470906 41.140453
6409.639648 69.353310
1439.816162 57.983002
417.389465 60.179920
4337.919434 89.594345
9848.305664 133.433212
619.880005 85.567528
3102.225098 106.652939
2048.578613 101.053886
5330.428223 77.937683
883.582153 51.946030
4789.200195 81.519600
988.506714 82.645874
98.451424 52.509422
6543.841797 177.931915
4317.348145 80.649399
5414.122559 24.788231
37.197918 21.496740
1508.721436 235.177811
4287.262695 171.897751
1336.317871 140.071014
7825.499512 140.146774
5488.137207 259.390564
4008.305176 332.362244
2712.147705 347.023102
1246.920532 305.537354
237.711960 190.068909
1406.238281 215.883575
28271.841797 229.101578
10097.002930 233.892242
11647.310547 80.709152
447.604431 87.384613
3744.107422 115.128899
1342.020020 153.536423
1895.581665 478.935333
8209.495117 567.160950
9687.026367 605.252075
6649.126465 558.192627
45511.308594 513.932007
1946.816528 432.721558
8544.384766 382.836517
1883.704834 401.088043
7637.363281 486.337463
2246.705566 489.112793
1060.812744 463.345001
2585.399414 432.016724
5197.737793 192.813019
17324.074219 265.094299
1841.580078 358.965637
1227.671387 441.076782
1296.457886 57.250587
3904.390625 63.608856
3716.297363 67.241898
6936.113281 65.610214
19466.677734 50.953312
3362.067139 49.448666
7807.364258 48.974762
1347.015991 51.590088
1931.169067 15.636413
1110.603394 25.933115
6460.493164 34.829964
5287.662109 34.658966
8508.724609 69.979507
3559.484863 46.826424
2410.616211 24.770838
5869.136719 13.484054
1040.275391 204.413315
2383.828369 219.979416
182.386703 183.768463
19491.697266 122.837738
29991.820312 95.405052
3441.922119 54.798561
3182.764404 79.742332
2808.365967 144.894501
1518.734253 243.016083
393.434631 218.132675
1847.996338 212.913773
2974.525879 222.894470
178.303772 208.391037
2973.206543 267.600739
3225.162598 288.928253
964.452454 274.386139
896.315979 13.276753
769.593445 8.944742
8298.605469 5.120611
8808.863281 3.066589
10978.434570 29.894184
2846.949707 25.549137
4833.848145 21.410845
1330.541748 17.429295
3116.547852 114.199265
9038.648438 105.835060
1200.250488 98.656570
16395.150391 104.344482
9636.042969 21.414894
673.970520 52.797710
1740.592896 87.694580
674.765991 110.204971
1149.417969 93.137688
4991.940430 121.917152
8217.333008 143.950378
3111.799805 136.512772
10695.003906 225.168304
4580.635742 169.494919
1452.912354 113.612854
834.296082 85.399704
679.969116 91.054077
731.462769 81.681976
3686.039062 47.982651
313.886749 20.845747
7952.890625 24.114656
7064.219238 0.907518
189.795898 24.735853
4725.182617 66.212769
827.688782 20.255501
11306.621094 6.545823
5836.287109 13.921028
7670.789062 39.098911
114.126144 88.094772
302.558807 90.089592
2014.795532 75.150841
2728.536621 47.712196
110.239143 157.945297
1521.902466 124.256424
25805.603516 116.904861
7917.870117 116.781685
2719.634766 353.685455
1973.328369 348.964874
730.677795 295.281250
91.407104 221.035736
1185.206787 93.635719
3261.358398 117.749886
1729.992676 139.482361
1058.218872 156.334320
17545.628906 8.520562
1109.114258 22.663895
9463.072266 44.037094
2198.779297 68.576561
1755.441162 10.617557
2090.035645 4.739337
43.243668 3.566999
3789.813477 4.055703
9476.963867 74.772308
17794.164062 60.550640
4233.987305 41.297253
1451.960938 23.166632
1038.036011 103.678131
1704.573975 110.815903
3917.042480 87.609268
4730.344727 50.274426
1167.384644 12.434732
77.985367 2.020745
1926.395874 26.262560
735.063232 68.786446
1789.802002 100.132500
6675.543457 111.496452
8224.240234 143.506256
319.032501 176.171722
18824.917969 154.579910
808.296265 161.965668
3222.561768 142.631836
1376.779785 114.638802
3138.135254 217.108521
2893.979492 253.775909
1574.393677 251.812225
860.282349 214.023193
33701.875000 99.604332
2713.480957 85.898834
8284.474609 107.673515
5743.662109 159.106583
2257.725342 75.906067
2203.894043 80.061646
7512.626465 82.357300
15070.813477 79.391388
4126.025879 68.308334
3121.312256 71.518799
489.788239 72.081787
7796.715820 72.963692
387.499512 5.102169
637.222168 5.661777
111.699287 8.047701
6153.443359 9.819291
4056.921143 23.182156
5403.799805 19.606449
1512.786743 13.502842
1124.256592 7.877963
1239.717285 9.779564
3099.607910 7.809889
1715.627930 9.179053
3081.702393 14.604921
104.879929 17.384768
3836.472900 16.910696
6581.363281 15.724796
2827.788330 13.081294
431.775543 60.596134
1889.308350 77.146385
182.055191 78.396141
149.677231 58.843044
2095.334717 110.585999
2187.324219 71.537788
743.145691 46.623486
897.436157 44.948143
128.125580 32.789162
1380.137085 35.865112
3998.830078 43.473392
4396.657227 42.638706
3963.632080 185.593033
3071.330811 138.989319
441.458801 86.556633
825.269592 48.094353
3555.202637 214.130447
357.721222 180.418839
7073.066895 144.670212
14225.938477 123.087372
2765.481201 77.857155
1847.051147 145.825500
2264.270264 201.390961
4816.127930 225.333801
8.204424 66.372528
1093.429810 82.626785
8839.727539 102.744461
31161.050781 121.309036
1489.940186 85.874908
2750.704590 71.002731
4003.208008 60.547169
521.380493 58.453789
509.848419 17.564901
1058.230591 15.860426
2037.110718 12.878898
2383.813721 8.052613
6080.131348 42.457565
7411.779297 33.626858
8977.702148 25.418200
1326.599121 20.102905
250.398193 11.840699
511.423523 14.618250
733.198730 10.469184
6799.078613 4.209306
1607.230957 29.974421
2738.230469 7.754057
187.828796 0.245186
1515.645752 4.406827
1046.205933 72.107414
1602.571045 81.024033
401.888733 85.109131
3690.391846 72.360199
287.007874 197.915741
631.268616 150.088181
3945.297119 103.237984
1.632798 75.878326
37.465927 157.876114
587.511841 133.678146
210.484711 113.556358
1348.927002 103.584770
1508.577515 93.470520
1889.771118 139.592224
4712.810547 168.774536
351.967499 173.564072
1196.644409 415.063934
7230.936035 481.234924
3598.750244 554.857666
315.988068 610.708008
3022.970459 351.380890
518.552612 353.181580
615.993408 355.771942
824.347534 372.773193
4526.354980 532.430603
1713.876953 455.428070
2880.119141 421.271912
1633.530518 533.700073
41947.042969 1387.138672
2024.781738 959.081665
2813.174072 719.813416
1024.553467 607.222534
2173.344727 118.421783
1551.125732 42.587700
1691.800537 14.364302
2566.594238 22.262852
1303.769287 723.545593
18874.253906 585.644470
512.939514 412.420654
921.660767 246.031326
35.142193 367.532196
496.041351 408.525452
12316.399414 455.827698
1447.866943 508.544647
7105.115234 747.646973
3846.005859 544.737305
663.520996 409.739502
3589.628418 356.899353
2602.012939 411.682953
1615.485962 368.428558
1659.513794 360.369873
20922.847656 403.760010
3937.635742 1181.394775
11517.152344 887.470398
1009.811218 653.046082
393.387390 498.784271
85.343964 134.252502
297.251160 108.071320
3970.376221 88.964706
582.370972 69.579567
24231.550781 265.236267
5243.428223 251.451172
1479.244873 214.911102
7719.537598 171.440826
5583.631836 39.823414
7074.852539 52.572922
3341.120361 78.709816
7038.502441 114.302849
708.918762 53.771797
3695.061279 48.020912
7767.254883 42.615860
1822.157471 38.331642
155.481598 243.516235
1252.668457 242.919907
13990.807617 219.723938
18494.246094 200.180023
5587.294922 752.446167
3186.716309 478.591675
1655.803101 308.842712
44.831551 246.321777
1420.533081 209.929535
2229.576416 157.776779
1577.743896 126.390450
1923.778198 142.291916
67902.140625 276.143890
30541.908203 272.363159
4368.596680 271.932434
7928.826172 253.174118
159.847260 4.920835
666.208679 3.507639
1608.222168 13.101703
5669.687500 31.662678
6857.025391 255.867798
4352.591797 157.944366
3926.158936 77.158096
437.014893 26.387684
140.297180 101.319122
1086.580200 141.934418
1284.301147 221.122177
11912.203125 335.499634
8805.982422 11.283102
2602.123047 34.650913
2030.001831 62.539185
299.822083 82.029305
12.697907 168.448120
823.844177 143.327454
4703.055176 129.113235
2463.439941 126.234123
3596.497803 1019.363525
2628.048584 682.307007
7967.298340 408.651794
271.744781 241.794662
631.272888 5.491445
341.312622 25.280668
1565.367554 72.896751
2834.068115 150.999359
16299.408203 95.032837
929.579041 46.913143
537.545654 18.894930
5239.006836 5.334974
720.997192 470.217773
115.581505 487.129089
1631.076416 501.701324
14300.720703 494.996460
245.589737 1273.643799
675.723633 935.906982
6314.776367 661.730347
1676.893677 509.574921
1161.568115 567.604370
6261.113281 561.777283
1471.117432 563.591187
2.108104 585.900574
23218.695312 946.148315
4570.278320 772.316772
1975.174927 651.802246
3283.297119 589.820984
316.955383 30.942196
1759.765381 15.445080
666.250732 17.489998
2103.048828 39.537060
23455.900391 215.474686
7289.751465 157.767029
3664.717773 104.636177
778.605042 61.399338
2554.721680 34.663471
208.134125 25.256489
1699.469238 17.434023
6795.329102 37.268467
544.781860 433.735901
22252.609375 230.652374
1895.024414 104.877975
1782.636597 50.679302
484.728851 122.540245
907.826050 132.531937
2512.649170 190.259613
8549.710938 251.977753
692.842102 500.238617
2644.021484 421.374878
3740.173584 297.518616
2009.080078 182.482803
235.029602 92.311714
1981.560791 68.849876
2546.868896 50.334362
768.190186 64.839172
13955.281250 413.436035
1956.505371 257.667358
899.929810 162.283173
1415.913574 116.549782
361.913086 33.621376
614.784546 28.127865
3815.236328 30.667564
1560.878662 41.275349
1972.498657 151.149979
1221.668457 110.431946
2818.428955 74.580727
1114.118530 48.632801
1772.786621 47.161591
1308.962402 63.188194
808.637329 100.561752
22126.429688 163.015793
2359.230957 2.604115
3259.845703 11.247274
660.774902 27.380327
3385.519775 39.123909
138.416534 112.413635
950.878296 120.549667
4729.908203 182.981888
5525.223145 254.397858
2128.672607 499.723175
10925.986328 424.787109
6635.218262 299.418579
2377.131348 178.511795
1758.491943 191.630371
1217.747437 219.436829
6246.007812 232.963913
1836.179443 207.656708
968.033997 361.088867
11497.193359 288.840454
1957.344360 218.827866
169.709747 184.205505
174.624344 78.839279
8558.480469 73.822914
4330.792480 66.335823
1720.007080 73.661003
7590.061523 203.311798
4964.081543 126.154083
2207.970459 88.173859
1176.357544 79.010086
476.600555 194.118439
4579.583984 199.188995
3062.684814 207.048828
5784.787109 246.369995
43885.355469 24.129353
18319.199219 49.156559
10293.889648 109.293777
1080.804077 165.517029
4577.284180 208.976761
3165.963623 164.229034
4098.008301 179.473953
21343.878906 245.543488
13541.941406 618.759705
493.082947 536.221924
897.069031 423.235779
4237.288086 303.849426
2896.739990 5.043718
18.619518 2.104121
5189.279297 1.752398
8159.509766 3.809376
5652.823242 102.192566
3878.205566 64.898819
3558.051758 33.936829
1793.471436 14.252956
108.651909 84.334366
3202.975342 74.528717
175.733368 96.684296
2462.322510 142.850372
14333.433594 179.229355
746.327332 178.825089
6195.864258 155.648468
1657.478516 117.805588
2550.989014 133.414734
699.088684 117.757454
1282.416016 112.090973
268.216309 113.292496
7727.301758 331.858154
3356.498047 272.784821
1051.988159 212.550629
4016.847656 164.311142
431.773499 168.317490
4713.359863 178.879257
4098.042969 208.207138
1803.809082 261.564789
25.940535 231.057571
9267.317383 195.074371
1173.508545 176.614349
19.609230 168.759384
483.228790 111.428307
564.984802 88.309006
4357.308594 78.325317
8203.248047 78.239563
3455.482422 480.847931
4479.891602 357.436798
423.390381 242.994446
918.961670 159.701157
177.451645 103.608292
691.056152 166.608398
2840.066650 260.579498
810.968933 385.726654
43167.617188 44.519073
3228.734131 21.057833
7631.508789 32.002316
777.524292 61.175095
684.694275 227.973419
1409.460693 238.870728
6408.213379 245.020889
8367.345703 220.000626
3322.160400 992.289124
6739.742188 688.196167
576.513428 426.809387
2305.970703 273.409576
1183.188721 29.213835
975.637451 7.042363
4067.704102 1.952619
10457.776367 30.937899
12934.557617 84.434738
6166.254883 66.776566
1227.349243 60.314095
256.025726 49.812775
132.676697 7.143859
2105.463867 1.029657
8972.948242 0.358143
20911.992188 2.362855
4443.867188 213.308167
5963.068848 137.745255
6651.845703 71.634445
1233.376099 27.909126
343.208954 101.027596
618.877197 97.313606
1173.926392 131.341537
2316.343994 206.849869
5694.930176 262.788452
5098.366211 211.937012
5475.476074 168.130600
905.284241 129.119186
1454.061035 90.344955
3728.085693 55.721783
6282.059570 31.475763
1974.635254 29.573021
1991.065796 529.960205
8045.706055 362.833191
1399.879883 229.643951
7590.079102 142.394348
283.187836 14.653378
144.509369 7.127628
630.535400 3.212625
6425.092773 0.260700
2154.112793 175.210724
6352.669922 119.686615
4572.363281 68.669266
728.925293 33.169308
302.292725 40.064838
3241.082031 34.309792
267.421844 32.830696
2747.542480 35.561882
658.132996 88.607178
5430.771484 76.116219
268.413727 62.371006
535.481995 49.754959
0.792339 0.130981
396.867737 0.844963
4713.970703 5.456101
6827.786133 16.721334
7510.485352 58.987717
9240.773438 30.594547
1702.520264 12.173381
3823.725342 3.069733
1965.670166 49.429691
1313.820312 37.230736
3260.189453 21.591749
5815.036133 6.456441
1164.934692 208.854965
4466.489258 144.438950
2793.988281 94.389946
455.348114 64.764587
196.571091 27.321964
2439.111816 39.453556
4982.081055 55.678394
766.443665 82.577072
5215.453125 18.824842
93.914177 1.759037
5993.407227 3.490827
2711.341064 14.705900
357.656281 136.110321
1575.221924 140.329773
133.447937 139.052200
8201.189453 124.318932
6942.185059 142.200455
2367.311523 144.501862
22.819221 139.005615
2111.805908 134.701660
259.359375 12.433992
367.306519 21.676497
2211.168701 39.890930
11295.032227 74.627274
5910.278320 38.245140
21792.183594 10.566495
4214.280762 2.859271
2228.255859 5.973884
324.760620 74.157372
5487.558594 113.122498
32.324772 204.114044
900.411621 359.000458
5026.766113 440.731995
1864.098022 251.550949
866.683960 133.643768
2007.332153 79.239754
925.257202 133.140381
1146.231201 86.165466
674.650269 61.408360
422.808350 45.553116
12383.304688 735.851318
14757.691406 557.255493
2000.386108 371.781311
1538.541260 224.750641
2802.262695 48.290470
1817.579346 45.948334
9646.630859 42.011265
19320.412109 38.481705
5990.330078 46.286724
3027.511475 45.581871
1541.458984 46.776310
2855.779785 48.285172
2288.375000 8.877943
93.246788 21.393070
1920.458130 42.952095
3960.720703 72.862320
9034.109375 50.629379
1079.405640 25.554119
130.875275 10.509750
63.421440 5.197169
329.762939 61.061844
539.825806 78.066399
4905.759766 100.858063
6778.022949 164.151215
979.044434 99.789200
3355.760986 14.013023
2260.836426 3.529558
6490.529297 31.750620
1720.378418 64.481667
2105.761719 21.911079
2188.642578 23.223169
11319.212891 68.261017
5849.609375 600.068237
4625.555176 437.522644
3472.680176 280.048096
165.422607 151.575577
176.499908 214.274399
91.626770 239.586182
647.388123 300.021667
2400.012939 362.507294
9551.068359 238.227219
8732.097656 272.821228
6036.151367 261.382141
829.016968 229.524307
162.311951 59.615639
15.786262 64.197906
9348.672852 64.003662
14378.559570 48.275318
4863.270020 456.814972
11330.933594 293.961060
2019.688354 158.330688
278.835815 81.359352
755.985840 69.831810
96.945549 135.880981
10434.589844 226.137268
2664.362793 324.730927
15049.667969 47.877090
9538.644531 26.488100
3223.132568 20.407475
3044.692627 32.689972
722.910950 453.132568
612.711426 530.466919
10436.217773 608.055725
9992.349609 618.693726
5313.930664 993.155396
10045.707031 783.206299
4482.971680 574.724976
616.378479 454.843903
2470.496582 295.962952
1519.952026 276.123352
867.214844 256.217163
4160.435059 299.832153
8697.078125 725.470093
19640.787109 460.455719
3448.676758 332.505829
1109.936890 300.542145
1368.608887 481.149200
71.140511 462.880829
7004.482422 495.323792
3468.893311 541.823730
8487.341797 509.296753
3112.016113 602.233093
6319.917969 603.090698
3469.271973 543.454529
627.082275 326.671082
35.495880 377.490173
1549.976196 477.403809
3125.966309 657.317749
13399.221680 1057.175049
7290.584473 666.290527
184.409698 426.940948
443.948761 329.448242
2250.022705 439.391602
244.524323 321.642700
721.340759 249.474670
8200.276367 253.676712
1920.830566 1444.951538
16323.694336 1110.107178
1060.817383 820.356323
762.769226 600.008179
2856.331543 423.621429
327.757080 376.915009
2894.891846 359.208282
16234.380859 354.482788
22026.833984 702.792419
195.665649 672.232788
467.766479 595.144531
350.645844 501.977631
1938.880127 140.282776
5388.134277 126.994637
11.177933 150.108047
326.367523 209.352890
3684.865479 305.502869
896.425781 268.734833
6586.220703 225.239090
1189.685791 178.388748
1735.773193 147.551117
218.209259 146.005981
3962.633789 192.870056
1763.610352 274.225800
21807.431641 302.410950
10267.687500 285.931793
3958.897461 243.560257
3347.718018 188.529846
41.175953 268.933594
5202.195312 257.795715
3586.785156 238.648453
18012.308594 245.909790
5070.386230 778.566284
155.194061 510.897766
1586.710815 348.004761
102.442505 283.183502
6631.949219 517.237122
383.004608 488.687744
6076.332520 504.814026
25547.585938 543.130188
4305.316895 697.294800
530.382080 709.580933
7704.228516 663.389526
613.996582 585.783203
1187.504272 347.999084
1183.084473 376.852295
2996.768555 438.192291
6753.931152 511.593140
37140.156250 247.011017
19565.966797 310.756836
6012.369629 341.240265
3493.344727 344.908020
5794.098633 341.258301
1686.470215 315.520081
4357.659668 252.612823
2306.958008 179.151138
2514.916748 1079.956299
7792.156738 724.134094
2545.075928 481.177185
5306.956055 371.036438
679.385925 190.791595
417.631836 160.375809
885.683960 167.732803
174.629410 211.264633
8593.136719 173.369125
126.617661 236.629059
5780.490234 258.073975
551.593750 234.916840
41.495403 143.624832
1902.153198 124.524307
473.403625 104.268204
529.295349 86.540886
4982.468262 94.533302
747.314209 129.460815
10058.831055 150.775940
1570.537964 154.633148
37.606449 220.715271
2778.614014 311.477356
5849.282715 502.260254
585.845337 792.891785
17014.013672 544.698608
4745.928711 365.433044
387.292358 257.681610
792.374634 208.975983
1792.569702 79.183250
3608.651611 49.171402
4283.552734 50.284420
13043.602539 96.688148
4118.504883 792.945740
8767.863281 510.346069
1464.531738 289.991760
1941.910522 151.094498
261.102051 62.446957
450.361145 22.911890
1385.733398 8.748734
1903.494873 15.821259
10126.788086 944.972534
11758.413086 624.643494
2339.622559 346.579956
1000.253296 159.406982
545.103027 58.269524
3909.253418 62.885818
2093.941406 78.970680
494.600616 107.218948
1891.579224 51.118805
1590.856689 54.733242
3915.625488 58.617805
239.905304 59.037399
106.803886 12.356058
5643.292969 30.645157
12629.819336 75.752197
1814.748901 168.803528
2200.220215 106.105286
595.293884 28.242189
70.666702 1.785841
2621.469971 2.770448
1379.403564 312.237976
7611.595703 314.009247
2231.808594 329.291962
11516.455078 314.139526
6299.249512 916.484314
19942.857422 729.097412
2541.409668 524.468079
772.679626 375.369110
197.973312 483.628540
140.004700 530.535278
2181.606934 619.868469
541.976196 808.100220
17264.060547 703.282043
5413.119141 494.184509
2883.802490 427.724548
1519.711914 443.947388
688.001465 216.087921
1990.105835 110.942474
1374.036255 38.327164
555.205566 8.667026
26849.148438 1121.574585
576.384033 841.433655
1588.483398 575.775024
36.384991 365.673035
614.812500 159.895523
2001.093506 225.791702
6569.930176 322.994019
992.535645 475.460022
3762.274902 36.231075
2405.557617 0.705032
851.662842 36.051601
2881.721436 98.133987
86.291336 472.199707
1900.614258 410.271057
623.288818 394.500000
1107.387085 406.957947
53209.867188 1468.353516
3201.636230 1155.586060
4095.011475 847.869934
236.579514 612.381897
1111.882080 114.226440
1765.751343 63.931877
4815.642090 34.199009
952.556458 52.296677
3330.687500 326.635529
3700.510254 256.234528
1820.845093 206.902267
865.516235 163.406815
573.622620 43.056099
265.141144 33.493271
6914.309082 31.017620
12296.650391 21.126135
2523.621582 343.914337
13886.432617 250.230133
3972.162842 152.128677
556.349487 79.424942
1245.655396 43.927036
1019.377563 45.269348
3850.073242 86.196014
9714.467773 167.354202
17179.615234 100.928108
8429.804688 96.062210
1964.749878 85.706062
497.816345 64.558403
3334.923340 219.535599
1628.323975 224.397675
679.419556 200.887772
17310.550781 148.313583
2919.387695 779.282654
1411.715942 516.621338
4348.061523 323.277069
766.629700 232.956070
3913.719971 389.429291
243.849701 383.288055
4613.904297 445.508759
7594.432617 590.634827
8153.794922 389.023468
1432.712280 411.330750
1432.918457 430.379852
3667.712402 419.255188
1217.840576 262.391022
2392.363281 205.907867
2380.470215 165.632660
776.324951 126.863052
753.580811 510.686798
1668.672607 494.524719
10449.924805 427.457489
5441.287109 340.529144
332.189026 50.295624
715.721680 51.666161
3908.526367 90.652679
4717.903809 219.631165
2207.055176 215.701691
5403.746582 81.669540
663.763428 42.773407
2222.075928 46.623600
584.153931 112.052979
1595.628906 100.917755
6101.138672 94.977272
1922.016846 61.321556
899.875977 940.922668
1417.423706 647.742065
162.114487 371.601379
1024.911621 188.354355
94.737206 174.031372
257.781647 165.188461
248.590485 176.991806
1104.673584 217.019028
9376.573242 124.443512
12105.730469 154.977478
4373.465332 179.356491
729.501770 184.494461
2.350127 53.675095
2011.507202 80.191566
4255.566895 172.993240
747.907410 320.969757
8508.244141 570.290466
742.508850 373.154602
2367.679932 208.206207
197.224243 97.539124
769.894897 33.178616
274.097748 35.479519
1593.727539 59.649296
3484.785400 114.388916
67.676048 307.941467
4879.856445 185.076096
1019.880676 99.516663
1616.624023 51.908272
108.570496 71.111984
2915.808838 57.286587
4500.323242 59.435432
3567.643555 73.200897
2845.000000 353.638641
3284.938477 261.487610
1609.960815 174.040848
1013.791748 108.641846
1135.434937 479.041138
4578.653320 707.629150
10436.369141 956.848938
3657.626709 1252.747681
3062.519287 896.690430
1090.555420 446.292450
1484.314453 259.753632
4069.891113 301.484650
926.359070 710.109192
1136.838379 460.773712
4750.532227 291.148956
4037.682617 300.784607
15117.506836 2696.945068
14461.708984 1986.400024
480.350830 1421.614014
3515.559082 1014.845093
2251.548340 137.065247
80.067268 123.262405
5148.005859 141.576019
6180.598633 188.475967
11067.053711 396.979980
10644.093750 322.394012
1163.936279 246.155762
7412.524414 180.613953
875.125183 109.985771
1204.393066 104.777206
4655.036133 123.455994
17331.990234 139.901962
6127.030273 314.473541
1836.651611 285.645721
2771.321777 220.408325
1320.755371 151.969635
1278.492676 265.435852
1160.946289 335.523315
3186.219238 464.945557
19670.539062 584.220764
8195.019531 462.046722
8190.145020 445.401794
5411.562012 365.437744
18.742128 284.107147
3503.131836 666.162964
3854.625000 700.578308
4045.870361 676.903076
193.639130 621.000305
114.950455 1761.257690
5665.849121 1177.135132
10173.447266 796.288574
65.861649 654.440247
1091.306519 370.042969
2093.715332 236.408798
998.764038 165.472046
5576.824219 209.064148
35584.812500 487.073853
4702.576172 530.803345
422.990967 546.816650
6583.902832 491.643707
2381.715088 97.608589
1112.568115 75.874641
15742.887695 86.079819
3825.196777 108.833916
4208.478027 254.644775
9807.264648 257.737396
1394.265625 215.142883
3831.575684 151.182526
1214.087158 36.704414
3293.511719 50.398312
13158.859375 74.022537
7716.240234 112.193367
3111.799561 24.472578
2992.938965 13.745663
2597.723633 17.327843
1915.033813 26.460918
149.044479 88.763504
3996.053711 139.350311
1679.043457 211.496185
6160.253906 336.890045
878.089172 467.887238
17000.210938 212.867447
10664.048828 84.174675
552.940857 58.728512
75.289764 212.117126
10.164751 116.024094
5264.178711 54.229286
1915.708496 60.651272
34229.226562 1030.597534
16960.392578 742.861389
4740.175781 507.805115
7190.702148 336.703308
1856.886719 5.614693
892.426270 16.288021
160.911896 38.056713
2525.727051 81.726875
3571.161377 222.474152
1416.390747 106.558289
3113.770020 36.070778
110.145149 7.622538
1876.784912 268.082123
3142.323975 273.288879
5435.742188 319.208405
3893.748047 391.494934
7371.729980 675.602905
1247.134766 538.832092
724.420044 409.178772
2240.637207 313.736938
2780.564453 320.503357
1948.880615 277.045715
3236.999268 231.076096
5098.764648 191.599121
28694.212891 947.828918
340.315155 705.989136
2536.173096 509.383911
1669.991333 385.938171
4079.627930 349.556335
8023.652344 416.372467
3501.695801 514.069031
12982.934570 641.083801
3649.326416 62.097252
21388.531250 136.353043
698.488464 221.843155
1048.497559 292.241150
2452.376709 331.713531
16.790098 268.442657
2869.319092 226.214813
3703.302490 256.313751
30335.746094 1280.736816
6017.417969 867.265015
3236.694336 580.478882
4291.375977 419.184235
1122.185425 583.432312
4774.646973 510.075653
1474.353882 484.847839
893.948242 498.011292
12772.360352 758.252380
1011.458984 801.853699
2085.906006 771.183105
561.431946 684.488403
2429.729980 112.688583
1585.896484 90.396729
55.796818 90.735992
3402.918945 108.366875
8714.537109 378.631073
6523.568359 307.847412
2486.189453 229.325302
1295.556641 160.306824
375.311401 27.187391
1887.104614 22.504452
518.741211 22.698624
6501.274414 29.002800
660.072205 15.291832
2012.143921 26.181227
1728.334717 32.556782
999.510193 32.185440
6175.020996 144.661469
1031.659912 175.760895
712.674988 254.362823
14492.711914 360.006439
25099.429688 272.815063
8365.664062 243.360413
2574.845215 200.584106
21.511189 159.492798
4665.721680 59.578762
2798.062988 44.442039
3150.870117 25.303810
29344.248047 5.287250
6427.880859 400.261414
1087.312134 261.317749
6099.366211 151.600128
611.070251 87.602676
554.837280 18.480911
2921.358887 43.367355
5785.381836 90.929214
6321.015625 139.272842
31628.589844 203.817596
1883.454590 144.374832
335.574768 78.427673
5017.841797 30.668743
273.447449 113.725113
2302.539307 105.408401
326.000610 71.409523
2030.984131 35.996651
23095.091797 365.477112
4185.739746 212.604248
1265.840210 129.114120
2140.986084 108.625305
1818.846191 69.664406
3115.479492 48.251507
3806.809082 32.806385
3272.640381 29.974325
2321.574463 40.830025
13039.253906 68.773643
1870.082275 85.971336
670.708740 85.511002
105.346458 116.428459
1904.885498 121.697540
685.452393 119.545708
2838.886719 119.200325
2038.512329 26.136051
7481.768555 41.117355
4624.803711 69.532585
394.629700 98.155998
1156.623535 102.310875
1086.241333 43.872837
5976.041504 10.349890
7805.043945 33.520969
15165.520508 314.285645
163.803757 248.012222
1939.301514 202.490417
238.136581 157.975098
676.701294 124.901581
662.873901 144.466705
3822.932129 248.266449
2633.862305 446.164856
171.621124 30.940483
390.001526 83.062920
2906.562012 129.614548
2257.426514 137.841614
778.121094 54.121670
132.290710 22.773914
998.716248 7.050621
1319.691895 1.611569
2818.536865 876.457214
115.777679 570.024353
232.103577 307.561279
1129.263062 136.759644
4957.323730 112.647995
2944.393799 128.365906
7343.228027 160.618805
31164.871094 217.027435
8340.493164 15.394687
2866.259766 38.411427
2821.912598 71.629501
863.156372 97.460625
1671.679688 26.937321
114.788017 17.265638
535.285950 33.801544
5552.258301 66.753304
3093.732910 357.861420
8772.631836 254.633850
2561.079834 151.546539
3545.351074 71.567749
283.192810 46.875416
236.811401 31.224554
2265.325928 14.085485
5519.224121 6.761202
9638.208008 148.216919
4315.375488 102.179314
5458.374023 73.810844
10581.517578 58.736572
2331.953125 88.811157
3160.041748 75.986633
1079.926758 79.244347
14001.396484 97.223434
2929.879639 118.984879
1059.413208 130.555252
777.037476 127.077423
726.874756 109.945679
1589.590332 32.198372
2957.986084 59.143158
3711.301514 90.472748
298.731445 112.588188
12803.769531 186.341415
3785.538086 114.976501
3451.395996 56.071945
5333.063965 27.424698
1520.888794 31.845184
155.897308 29.794060
8414.342773 83.028702
737.850220 214.193649
10107.633789 175.869537
15456.119141 111.215759
939.855896 79.658234
2218.042236 55.252182
978.029968 285.309601
371.489014 280.903473
318.367249 314.823669
3070.859131 348.492493
14445.293945 455.496643
986.933044 468.334320
871.292664 415.590454
4176.078125 338.708496
2641.535645 9.655026
566.445068 6.972094
1067.690918 9.291396
531.300903 47.261272
21148.529297 478.624969
13468.012695 232.928741
10429.306641 83.754532
1263.065308 22.811348
2782.856445 28.985523
349.797363 45.028973
1490.811279 68.793930
5883.637207 87.423080
2736.885986 562.416748
5850.333008 338.780762
1039.744385 157.568832
404.572906 55.608032
2563.883545 9.138705
816.834656 1.439868
2364.184326 10.387506
4682.358398 37.720383
10090.368164 80.214012
11297.012695 64.129135
175.904160 46.409531
2309.036133 26.651857
701.250244 34.686741
7521.910645 59.402008
4305.104980 157.650726
5728.699219 390.462036
559.308472 238.302292
644.422180 69.833138
1287.389771 21.782291
487.873596 25.478418
1103.461304 80.565659
3450.366699 35.271366
4734.066895 13.841705
15074.660156 4.399643
19907.636719 1101.309692
8639.730469 738.384399
1500.937988 414.367218
10316.174805 193.726608
5765.751953 50.386993
10117.359375 32.086006
7040.486328 20.862591
12284.268555 15.578924
11050.161133 151.073151
3058.007812 132.410858
3042.604004 104.923264
3686.463867 75.641533
334.936157 8.934067
5362.940918 10.764046
9979.083008 18.847094
11058.892578 36.021564
32992.218750 30.879829
1302.587524 18.514795
9277.156250 12.601250
5717.396484 9.970546
3435.401367 12.086299
227.009567 4.194118
1750.539307 12.355021
9895.983398 42.334026
6084.439453 71.347717
11547.871094 53.947071
5665.865234 40.676533
6121.544434 26.548975
427.340576 6.795038
335.229553 14.618089
3483.866211 30.966427
3159.063721 71.398216
27423.306641 109.331635
10451.392578 37.084389
8944.384766 5.388849
2606.336914 1.023340
1213.797852 166.056595
3724.399658 133.929413
9873.489258 170.018417
11011.078125 287.064087
1932.879883 603.115417
1879.529907 465.802063
322.087097 345.807465
1533.460083 243.164734
649.498108 188.409500
954.273926 166.759720
293.725220 135.807220
1647.991333 80.512146
9433.175781 672.541992
19667.587891 503.717407
3852.526367 344.067627
43.981880 237.649689
1343.097412 75.218338
570.009094 74.683731
4409.136230 92.691002
2620.754395 123.517517
3356.791016 79.303848
4719.411133 97.490242
5931.775879 99.513496
1426.782227 88.046677
1831.294189 160.120163
421.248932 188.824127
1542.930054 231.990341
8571.871094 273.640045
5415.780273 526.895630
3035.059326 370.894745
1250.587402 242.875153
166.761871 171.734009
19.935440 134.232422
4887.414062 106.902466
1629.757568 94.017746
2230.599609 99.070328
6174.797852 173.484573
4605.201660 187.834457
5427.740723 185.304886
527.609558 164.750427
1471.966431 35.484066
1880.697754 32.847538
911.043274 28.406971
2220.196045 21.118465
15317.047852 56.896885
10062.514648 51.003365
149.221832 43.990242
1487.256470 38.645100
1191.403931 211.389648
391.154541 281.974976
1741.190674 352.998535
3041.276611 407.338013
3233.985352 124.184067
5447.257812 114.908295
1451.610107 123.888550
392.615356 156.067200
1543.334229 224.350067
711.441772 202.283569
485.445984 271.875214
4366.929199 490.763580
9326.083008 982.526245
6965.652832 638.283081
2340.926270 421.289612
1342.772949 296.347870
400.792633 219.404282
2284.885498 235.669724
5480.837891 290.574280
570.674866 381.441803
7998.541992 386.735046
6782.329102 323.033325
6613.085449 271.662933
435.657349 234.761963
50.536507 148.899582
1003.511108 115.268517
8388.379883 102.909065
109.030701 90.111015
8797.861328 1176.460938
6584.316895 812.272095
896.483154 481.037140
2902.195557 256.775452
2095.770996 145.127426
700.815308 221.723434
8297.980469 286.639160
3640.852295 323.234314
6035.797852 7.432195
7136.729980 6.158943
1973.736938 27.789005
634.001343 75.786964
879.539001 98.125893
918.437561 111.830879
549.376221 112.972946
27862.119141 98.562256
5176.721680 271.088135
12657.068359 179.319122
3666.432617 115.293678
356.498047 91.575134
794.027405 43.732227
1288.860352 62.695641
1960.089233 56.958290
4476.058594 28.062849
5296.021973 446.119751
8455.230469 235.431595
3928.959473 91.972580
7273.587402 36.913795
1913.695068 90.951508
229.118790 80.146378
1240.299683 74.605576
2478.303711 101.352646
9451.916992 2.086666
9775.209961 12.595314
1601.160156 50.036587
3.793729 82.530457
739.744080 45.774094
219.190201 26.086647
489.447845 17.929718
435.678101 14.385780
3978.441406 172.321503
3800.642334 155.462585
472.573822 119.845413
26.244312 79.051697
71.354515 33.276775
1577.071533 63.206997
840.690735 100.429245
6466.595703 137.134186
2386.565430 42.353924
1084.141479 23.311787
7015.980469 13.332338
241.373077 16.077370
975.181152 62.053654
223.831223 44.835018
577.821472 18.499739
918.712219 0.393354
3930.848145 223.618683
6284.949219 139.361176
672.847168 90.622490
924.701782 71.486343
1441.622559 56.838314
957.853027 49.900253
257.603729 35.448551
7741.504395 37.536148
4879.399902 17.823511
3401.640625 0.121736
3000.454346 16.775755
8052.451660 43.397354
504.552399 225.132492
10604.792969 151.043488
581.498352 117.627434
16980.365234 172.374557
9157.220703 130.995132
3050.827637 198.131561
6249.976562 263.944458
1291.538330 276.011475
1103.705933 157.415390
501.621338 117.248886
903.909912 117.864243
2354.544678 165.792847
17281.300781 111.202866
1790.670898 186.146820
10189.257812 221.460907
2868.247070 205.143860
2311.899658 213.537399
2146.909180 178.816574
1128.860718 180.753860
5011.769531 218.139771
14478.458008 241.614243
8585.966797 288.435425
4795.474609 295.658386
2495.572266 263.098053
1153.535889 13.333580
2424.353760 13.218539
13199.839844 38.900253
2029.159912 94.826012
4506.430664 275.035095
10510.944336 169.243454
44.691708 88.840050
2486.269775 37.708332
196.459671 103.891083
540.156067 118.393875
1576.536011 150.091995
39160.230469 176.467529
188.451202 252.616425
13117.958984 217.849411
1224.900879 165.305130
1973.608643 120.675270
3528.965576 19.288422
518.284546 8.499935
992.592834 9.552801
17682.419922 22.063833
1819.448486 437.249481
4886.960938 274.640137
14278.403320 141.189911
4300.600586 57.438251
507.323364 12.741537
5676.283691 21.752916
9390.312500 39.537682
3013.746338 67.086662
13331.138672 37.481331
2853.694336 20.672764
5119.412109 12.335496
418.442322 10.040378
5849.696289 6.657751
844.709961 2.875711
5357.395020 2.344062
15167.662109 4.545565
22879.082031 74.779922
9782.636719 51.857872
3646.258789 30.831451
7246.082031 15.499899
456.121216 45.095978
5266.485840 64.040115
1595.544189 85.776787
657.656860 112.027328
1502.465454 23.694115
8642.184570 11.946358
6471.523438 15.247659
332.697327 28.064871
1452.833618 69.260536
395.306030 53.947948
69.859596 48.926350
2082.181885 51.130642
11746.144531 100.101387
643.194885 113.407791
1083.753906 108.777962
4384.817871 90.746307
1546.805542 77.253136
2172.859375 90.566780
6518.512207 108.355988
650.127808 132.467392
8165.039551 161.016632
8641.541992 110.340431
2701.394531 80.530190
1218.034912 71.569374
237.317474 10.603930
2311.300781 6.482492
3837.646240 3.480170
12095.656250 0.637225
1828.581177 113.512276
3008.624268 75.359467
433.238312 42.333443
113.010399 20.878906
550.369446 8.623598
1468.190430 22.139738
3771.595703 48.274719
7674.472656 89.946556
1763.855957 104.982086
13357.703125 51.535889
4275.004883 19.467960
755.775818 6.763533
634.656799 43.702740
626.701111 51.332954
4086.484375 78.875145
11367.193359 163.129257
470.652130 313.993652
12592.777344 142.352081
1935.111816 60.802521
4359.807617 40.767189
1259.669678 217.994064
4239.950195 175.668198
546.440002 159.799561
882.636414 157.284363
19855.318359 974.131287
83.914139 726.187317
10199.469727 489.627686
3332.825195 315.986450
109.029686 11.648996
2059.196289 4.734143
5433.571289 7.832581
293.057404 28.177958
635.186646 167.143250
6343.568359 101.296005
17.873646 54.733997
797.213684 26.840502
1066.257080 150.352173
61.390808 146.935425
977.389709 163.852478
9936.575195 214.684814
611.848816 646.356201
23613.816406 425.070343
2414.134277 267.913757
963.735413 182.655029
647.467224 259.859467
1122.201660 274.622589
997.436035 338.907288
2667.834473 404.770935
3235.863037 685.344482
6129.849121 588.329834
1708.475098 447.195038
631.042847 321.582733
1097.084961 144.265320
470.195801 125.430618
9116.835938 85.165726
4053.994141 34.147362
17584.107422 322.896118
9085.919922 236.456238
1846.026489 178.704285
395.919495 153.885544
837.641968 129.541748
3950.607422 135.489777
6164.618164 147.575012
192.274597 218.889435
2063.873535 77.162704
545.822144 13.909741
4406.115234 39.265793
571.647766 94.438904
1042.788818 104.471764
2764.485352 51.607479
1702.650635 20.114319
5186.380371 5.365543
11409.231445 323.332367
2240.857910 303.252289
3262.755859 247.738403
4325.091797 174.663483
4568.403320 11.815782
3691.323486 33.941330
444.898010 83.460205
8114.244141 163.343613
1645.371826 23.513901
2083.002930 5.956425
4715.976562 3.141937
336.462799 4.988891
115.958443 13.588761
2127.815918 41.144302
1964.074829 105.498360
1433.685059 238.205368
28382.333984 351.995544
2669.694336 147.607880
450.668640 41.482613
318.649261 8.424677
302.242004 247.815369
360.752045 201.979263
310.681549 163.681412
9007.711914 117.104301
19155.623047 629.750732
4664.478516 541.334351
7080.291504 425.195618
1996.079102 320.663818
44.805527 17.769505
106.459717 31.227074
5916.809570 54.386471
7193.962891 108.011734
11011.300781 225.866730
1348.369995 94.442223
3096.620605 27.380562
5729.403320 10.601410
2194.943359 203.441925
497.731110 221.502136
1187.785522 250.821213
7721.258789 284.373260
4769.195801 79.793999
141.158615 131.768707
429.931274 169.764481
1171.904663 190.559341
77.384605 59.634174
3070.873535 50.746464
4735.376953 66.558044
3427.233887 138.487656
5241.460938 571.758301
1880.852539 323.745911
4496.404297 166.277756
4404.937012 89.500854
239.744949 78.213203
411.841064 48.836441
5854.327148 37.463760
573.908630 43.883724
5914.836426 581.779541
6769.096191 404.781921
1654.883545 248.915466
1608.271973 139.852219
3919.763184 409.730530
92.207001 400.683167
5807.823242 442.668640
17447.464844 544.271912
6459.435547 465.351501
6252.644043 466.005554
2568.051270 462.426514
3195.947266 440.182404
655.932983 74.106117
5217.034180 51.506989
7099.802246 59.181282
26751.218750 101.320419
7959.345703 677.880493
9230.891602 450.324127
11451.057617 262.926392
466.385651 138.857162
84.109711 1.765421
287.088409 11.044767
12460.494141 44.251831
57.224113 110.867126
9363.353516 319.330139
6376.859863 170.514511
5799.957031 69.603523
9988.643555 17.424040
1705.056274 151.967255
1218.403809 119.395920
644.830444 100.017868
9930.161133 85.955246
23609.753906 698.155151
233.373718 515.337830
1930.412842 343.882629
1038.036499 220.720230
149.044891 157.734756
1826.104126 203.530426
5323.365234 246.656250
2446.193848 276.167145
8632.782227 26.286079
65.428444 50.808929
6982.269043 80.847580
3446.208984 116.208481
2675.266846 70.509644
1912.479248 44.650715
1155.264526 25.627605
7559.906738 49.188507
6255.153809 421.184601
2768.646729 244.164307
2263.724609 141.155075
65.704361 94.987091
2060.856689 109.570389
1187.443359 162.719849
7695.203613 237.256241
868.408569 339.383118
6045.542480 33.729130
16191.039062 13.090561
859.567261 30.813255
4463.450684 66.648193
416.296692 435.517334
1234.460938 379.245178
280.227051 342.348480
8418.477539 308.311127
35706.410156 987.579224
2483.770508 844.122192
3765.835449 676.634277
2640.665527 532.746582
2919.270020 335.361450
81.508774 348.423157
490.720032 373.726318
3531.701660 422.752258
5531.253906 460.437195
7285.947266 381.391602
5689.879395 341.127014
3221.121826 330.439392
896.500427 241.365845
3896.181885 273.515686
7108.552734 340.746368
10952.844727 406.569275
2993.327393 460.517944
3315.390381 408.626038
347.733429 330.195923
96.964066 263.421326
1890.629272 5.470280
1219.433105 5.833059
1559.118408 61.624695
11313.179688 214.270660
11812.414062 181.554596
10878.875000 71.126595
4966.407715 31.225229
397.263885 18.005844
386.289032 170.612061
2004.428223 131.149399
13457.623047 121.412521
22704.322266 92.421097
4442.242676 1070.205078
6988.020508 815.096191
9314.375977 525.491150
872.872925 295.942627
6850.851074 81.768051
1820.356934 139.344147
5449.570801 182.579712
27162.998047 214.521210
1558.760742 213.573486
13689.984375 83.104797
9618.722656 22.416384
164.396072 31.118767
55.099613 142.574585
5935.758301 106.481125
339.426331 87.008049
1851.250732 90.651421
10604.427734 199.912720
458.421936 212.145798
14640.740234 206.721405
5508.369141 180.933945
1510.381958 308.350922
3486.493164 303.785095
3392.351074 307.110657
3010.819336 334.455872
16514.269531 334.455872
3010.819336 307.110657
3392.351074 303.785095
3486.493164 308.350922
990.261169 78.974968
933.097961 74.427620
1828.563354 106.356697
74.143074 174.282196
60000.855469 382.825867
1740.897949 277.143738
1325.855591 185.471466
1800.320068 117.384506
2521.978516 221.629074
5291.375977 236.474167
6268.221680 271.587585
31.508047 312.898102
124.013000 825.541931
1863.154175 581.568237
978.312866 379.866913
576.044067 259.870544
668.207092 402.013428
3774.695312 395.601929
2483.914551 363.227905
3805.629639 305.751831
45140.257812 274.476562
880.472839 320.550629
14580.114258 358.819824
261.128754 387.526398
1255.231323 643.289612
2722.038086 641.252380
12221.765625 741.100403
6859.353027 1076.331909
3373.125000 1065.729980
7874.916992 732.926270
6.211085 636.206909
3015.681641 641.596985
1526.540649 827.420593
1730.676636 646.331482
1178.927490 552.246582
5055.311523 489.878479
8481.212891 2137.399414
17029.224609 1895.255371
15869.925781 1516.243286
1586.848999 1127.674805
340.802368 62.408562
1550.362061 47.817497
1168.471802 62.084080
1166.526001 120.415718
31846.300781 137.893173
47.299335 112.909164
4307.188965 100.192513
204.448196 84.299820
207.145020 14.590904
675.721375 10.680312
2074.595215 20.700253
9669.592773 28.678162
49.674473 389.024048
0.598891 263.656158
604.250732 141.040039
2060.151855 54.289906
373.039276 23.255627
2741.547852 5.251197
212.149170 2.731070
2797.596680 28.425116
2142.976074 103.910469
2792.829102 76.627747
4685.562500 59.691933
1087.970337 43.335152
14.101376 65.847343
1630.395264 77.717102
353.163391 107.592056
4429.656250 156.345901
8717.322266 38.135738
7976.592773 46.442020
1925.296143 56.835178
4855.144531 62.311138
192.167374 35.993622
1633.548706 20.340725
11380.039062 9.954665
3138.413574 2.249101
4933.816406 261.895020
764.159546 187.414612
540.399841 117.100670
3517.246582 65.825394
1756.712646 109.478935
127.101746 168.497101
840.607849 248.921234
10343.384766 354.447479
5470.555176 47.654968
3310.282471 18.712149
5510.821777 29.955509
513.631531 63.733311
78.869080 388.796204
2079.970703 401.822266
19893.562500 399.659424
15955.293945 367.433075
7421.875977 1063.331177
8715.619141 771.960693
6802.608398 539.277954
1812.034424 415.910980
2190.541748 136.221390
4153.569824 56.277454
2641.592041 28.928551
965.924622 119.837418
30500.996094 305.066040
11.150220 242.579269
1877.871460 227.990662
2477.203125 202.021957
4611.221191 42.565411
1130.883545 41.818779
716.084229 64.631943
110.731339 124.479462
9069.683594 377.552643
8589.670898 225.252380
5317.495117 121.564789
3353.456055 65.327629
531.041260 123.333824
1995.954834 90.710922
954.665955 69.266243
2823.559082 54.049122
20690.835938 381.106293
7545.308594 317.665070
2018.786133 241.923187
4832.328613 173.626984
5880.660645 132.841354
427.156464 197.688904
1698.005249 295.743439
9100.208008 453.643005
388.933838 194.117188
1311.123901 76.383377
1530.520264 51.452286
211.674118 81.553596
1344.895752 66.940063
550.126831 18.853563
1794.412231 4.904196
4783.858887 23.212296
1161.485962 601.927368
8796.744141 442.651886
2745.457031 284.312866
5596.407715 155.019287
83.907326 6.149469
513.132935 27.455704
542.145630 75.690598
727.252075 157.974304
17623.742188 182.497101
7962.588379 87.656898
3355.212891 30.939142
985.782288 6.515187
416.907440 139.608139
736.191956 193.521301
1864.408569 335.881195
78.175903 567.696411
2206.329834 734.473999
1637.882324 468.117706
3030.673096 277.199066
951.368164 168.102554
1420.272095 574.492798
1896.989746 441.518463
6832.669922 286.513763
11531.597656 160.646744
229.149384 1640.549927
8734.658203 1225.510376
714.384521 907.535339
1140.767090 707.463074
178.959305 591.147583
593.507446 539.856018
2474.815186 574.981079
1601.406860 715.993774
17577.175781 457.626709
2752.243896 587.515991
3627.668213 666.655640
458.550842 658.179321
462.417419 87.916054
1796.585327 130.339462
2990.419922 274.812775
5639.632324 483.332184
3191.183594 1186.714111
939.749512 782.713928
580.889587 424.501740
2828.593018 182.620895
555.561707 52.168331
364.149323 17.957924
1703.022705 0.981599
3257.520508 34.017529
14265.105469 712.765320
7054.921875 420.655548
1039.151611 218.729065
212.732605 107.533630
1846.693359 71.132996
166.841232 48.104767
545.476379 45.656784
1598.757568 57.304443
3259.870117 380.572449
96.816452 292.344543
2871.209229 198.941360
368.076874 121.440170
618.218262 17.578024
4893.008789 20.841249
2664.444824 20.637573
3698.635010 20.646173
4152.890625 266.385559
394.067444 147.374344
2368.985107 63.798233
2670.111572 24.732834
1073.307983 123.117805
1159.248779 105.655411
4976.374512 89.194260
14539.204102 84.813141
8509.714844 75.085373
5239.160645 97.463066
153.098709 119.626556
755.501465 129.628937
1003.996460 7.034044
88.912651 32.726662
1657.201538 77.418243
960.598877 133.507034
28328.996094 45.071201
9951.085938 24.186665
1466.526367 8.276692
5321.640137 0.561299
3178.528809 66.853355
2885.673340 53.137794
1572.865723 24.405825
7625.104004 1.599396
11211.037109 413.847076
1998.556885 236.564896
3769.306396 124.668358
1814.353027 78.624916
2059.463867 105.602112
374.961792 100.870056
3112.509277 99.471153
3610.624512 129.486801
4887.201172 4.885440
5750.945801 11.408970
2703.480957 51.013962
165.847626 89.802582
228.273956 272.111420
2506.850098 266.632996
5171.099121 292.887878
174.716415 339.257935
8493.818359 215.189987
1103.717407 281.676208
3149.295166 307.196960
2844.963379 295.488281
236.676559 186.605667
1303.438110 171.429520
2254.931396 135.219574
13426.609375 75.377525
6349.479004 470.988770
1322.411377 355.874817
6466.342773 260.194702
977.314087 206.625641
316.608032 100.270706
84.999695 117.714691
119.653183 189.026627
776.728760 351.092407
2021.951172 25.919413
6924.474609 12.355621
6182.136719 50.294270
3096.446289 86.217163
1538.546997 147.102844
2030.805054 112.295540
6177.895508 122.627762
933.876709 151.034973
10832.252930 1103.737671
2252.767822 793.349731
3929.185547 490.426025
863.448120 266.575592
267.137573 430.594391
12137.480469 449.721558
2385.110840 471.232300
4798.454590 500.465088
6637.396484 373.912598
98.166412 371.372009
476.645325 386.794556
2146.668213 409.219086
3769.353760 581.465454
154.303665 547.326904
1206.270508 588.330688
13545.681641 786.473572
27667.597656 1361.479858
21919.966797 973.003174
1459.623169 751.787720
3268.200684 643.272217
749.275330 834.289734
3789.532471 667.822998
571.416138 621.648010
19192.228516 655.391235
49186.484375 2001.394897
19135.658203 1801.199463
262.451141 1475.645020
7479.692871 1121.697510
5555.682617 152.216339
122.997559 97.075233
1805.825562 61.677704
506.420807 53.518486
2710.623047 315.905609
11904.865234 302.233215
6743.287109 267.073059
5266.394043 213.672134
102.248093 26.054682
1720.388916 20.972113
1636.973633 18.122929
3376.699219 33.220840
4115.363281 51.014214
3029.087646 22.174154
1953.689941 18.036619
7335.761719 23.951582
678.615601 365.941589
533.016602 382.123230
6995.125488 476.834656
10446.741211 660.241821
21705.949219 178.885620
1693.638550 271.240906
7889.603516 348.298676
3610.962891 373.742706
721.967285 273.991821
584.853027 209.190353
3471.443359 181.602341
6341.549805 168.753387
10889.772461 1388.206543
7234.674805 1029.360229
607.177368 680.500610
163.899200 421.412537
1245.506592 24.669195
2773.260498 40.134121
534.898315 64.791321
7547.714355 98.174866
155.284012 11.302954
7201.551758 6.753171
5470.183594 9.336380
1061.656982 15.371407
1365.181519 221.877716
1067.139893 234.942505
2492.589844 251.828537
13282.847656 249.805695
11902.947266 356.891235
3759.023193 322.387299
2174.489014 271.745789
1689.081665 232.835754
3770.760742 121.598175
64.090508 89.119888
585.640137 83.795547
14434.570312 143.499893
9116.710938 407.502716
953.452087 273.617401
565.525391 198.572723
1150.714355 156.729584
150.034821 254.649323
107.536797 271.820862
409.771057 350.099701
9051.367188 472.382690
13789.672852 140.867401
6672.880371 233.328888
2515.678467 277.807281
6577.534668 272.716949
2284.512451 88.220711
323.927948 79.549034
4582.512207 82.433777
5376.854004 81.610962
2695.814209 516.404114
2708.062988 370.288727
2697.465332 230.594574
2840.973389 133.413376
495.231964 67.070541
9701.545898 114.806519
2594.719727 179.100464
3650.770996 278.077820
14919.341797 641.155945
3480.479736 323.039124
189.682404 127.182892
517.800415 55.490902
2125.809326 282.597748
209.345932 234.781387
840.663635 175.281036
405.331573 106.294785
23716.708984 475.762177
5948.039551 432.231384
1454.127930 377.694122
8381.143555 327.313354
3264.411621 6.397955
158.235092 5.010662
1284.189087 6.599130
5518.280762 18.072376
6948.556641 22.713230
9532.388672 7.948728
4711.669434 4.590599
2205.893799 5.999244
588.713501 79.140991
1712.750366 82.915665
1877.910767 117.936104
7031.416992 189.581207
850.164856 39.248901
355.055786 61.731850
452.420227 81.794167
2394.415283 85.670967
1032.623901 74.400795
1618.389160 104.063797
560.650513 116.342331
27895.794922 115.890793
5930.316406 582.698425
2611.433105 314.095428
233.706467 134.947083
1214.505615 66.003517
580.892273 235.400360
1895.559082 198.337585
1255.416138 204.181168
1121.793823 268.668427
53747.050781 579.209106
10399.897461 468.575256
1252.339722 375.578125
3680.879395 297.748779
768.711304 97.257919
3049.043457 56.096207
1971.137939 46.152775
15118.333984 60.970451
11087.044922 529.788757
1283.336792 413.186615
1222.472778 285.788055
2524.092773 174.959412
593.522217 2.274076
455.056580 0.855946
2373.248047 1.569878
11011.371094 3.782646
809.666077 105.588760
22267.945312 64.478340
229.595062 30.923958
1147.755127 10.558491
1786.676636 54.317062
264.611786 75.691658
1124.527100 92.424149
243.756775 102.872597
570.899292 1.769954
5635.583008 2.057508
6314.596680 12.929518
8713.845703 31.825415
419.877960 22.085577
541.128296 14.271437
110.756180 39.491535
1711.608643 125.785034
784.558350 237.088089
4520.932617 126.747025
642.595032 68.941353
17.881046 40.592819
142.883621 4.730360
179.462967 20.288918
285.470032 59.023468
4726.433594 145.390839
1946.485596 312.477631
318.225189 137.439209
2185.666748 40.346867
1332.715088 5.628208
142.999649 210.150452
1615.465698 151.056351
9151.416016 134.737625
4156.311035 136.965805
555.544922 808.876770
1915.764038 673.399597
1703.142700 495.147552
42.014374 327.970612
1010.214844 212.359650
1626.377197 226.795135
7907.670898 237.629028
17989.679688 239.345856
3498.616211 245.810516
11443.926758 222.756897
97.783646 206.449509
1540.758545 203.237213
271.686707 30.156200
1758.834473 17.398451
3916.646973 20.466602
2002.090942 42.706940
3524.142578 103.499519
3882.017090 88.766045
20735.841797 71.606812
1482.472900 50.820705
114.639900 32.173077
968.032776 48.437317
2983.672119 76.917099
335.879395 118.846512
6391.931152 5.377988
3698.302002 4.848379
467.504181 12.620241
1342.867676 21.940479
2113.047363 37.373230
678.029663 68.376442
273.701233 125.515793
16264.208984 230.570145
1953.977661 279.808594
1673.969604 122.721329
4431.359375 43.733051
1977.234863 24.391161
456.235535 159.824707
8.485265 114.131432
694.116943 107.981300
1570.634521 120.675270
7279.334961 736.600403
3400.604248 589.215210
789.928528 414.753906
122.824181 261.412079
67902.140625 67902.140625
67902.140625 67902.140625
0.000000 0.000000
0.000000 0.000000
0.000000 0.000000
0.000000 0.000000
0.000000 0.000000
0.000000 0.000000
