1143.549561 77.443588
3144.255615 92.150658
2628.164795 98.061676
2530.811279 91.046761
5317.949707 30.493595
3027.214111 36.919048
805.519348 46.280560
2018.319092 60.382919
1493.134766 34.300438
420.836731 44.451881
3352.223633 65.035004
9873.521484 111.623428
21878.406250 53.403751
3386.179199 15.930917
2506.156006 11.770542
1679.782104 22.848780
1504.231201 2.043297
609.319580 1.637229
2796.727295 9.211939
3954.812988 15.807871
24259.355469 106.882622
47.938110 80.381371
6324.359863 46.102249
68.160141 17.070318
1334.489624 52.370762
1025.189209 72.369781
11717.632812 89.547333
5126.473633 96.415306
3944.573730 42.348484
4998.485352 35.826698
721.526062 32.442402
904.164795 37.583809
1062.816772 22.048437
463.138885 29.890518
317.870056 50.225292
10952.553711 86.562569
1806.766113 32.489235
283.751801 21.255026
258.223083 19.161009
670.096619 19.920391
835.358826 17.608286
790.949402 15.462017
356.631866 13.241475
333.644806 11.303511
2482.608887 37.727291
3944.909180 30.658707
3391.599854 24.551130
1391.896240 20.315594
1653.642456 15.854061
779.478271 17.246799
4960.005859 21.258480
1174.306396 27.132669
440.864716 28.936712
4573.864258 24.460052
1307.292847 20.241171
1710.413086 17.068060
305.297607 17.372402
566.664551 24.544989
7339.237793 21.919727
12128.271484 15.146751
20290.984375 75.877167
2167.458252 28.614799
3201.656738 6.112957
92.064415 6.546904
2086.759277 15.425529
328.737305 10.268166
4782.870605 21.155943
7345.534180 47.434860
9656.486328 18.655188
25316.861328 32.724483
6295.416016 36.391487
5876.515137 28.094368
797.010864 4.685722
3130.931396 10.011389
2018.155273 19.028240
2012.104004 30.944414
2245.867676 18.169964
3071.918701 10.046337
176.221909 4.954816
1826.852417 3.089668
23.295435 30.074612
810.481567 41.029827
2812.473389 56.990799
5459.770508 74.385452
3899.662598 19.520302
595.233765 20.999218
2437.852295 22.361406
257.800873 24.541639
453.952972 2.954661
1722.270508 13.690172
2827.054443 22.954601
3546.164551 27.376945
3033.044434 125.735489
1295.519775 65.679466
4740.769531 21.444691
1071.430298 1.726065
602.428162 6.093749
1063.053589 13.890211
2341.431152 23.742430
40.433201 32.506813
8379.618164 13.960734
289.955353 8.440601
4251.128418 3.881045
835.615173 2.619893
136.959290 40.870770
1711.050903 61.516060
6273.285156 72.993256
15710.820312 65.009109
75.599281 135.892151
3474.861328 83.973801
3274.679688 43.737450
564.691650 29.854733
1452.819336 54.750168
5873.333008 63.011124
2580.742676 81.282562
5840.519531 111.943581
1169.303833 9.284121
9904.376953 22.222702
526.728210 37.852806
1195.553833 48.634148
471.765808 11.909966
4264.615723 18.637150
2123.412598 31.504959
1474.796631 50.648975
12809.672852 22.180029
1052.227539 13.902849
5155.767578 10.216634
1411.277710 9.587977
1563.321289 1.775179
2483.341553 3.388155
5090.795898 8.434885
1119.453613 23.246418
44724.824219 45.246735
15680.551758 16.719950
1289.605957 3.622918
486.844055 0.850175
1351.019897 6.917900
366.960327 20.408846
184.322998 39.441776
9861.667969 50.993927
501.302643 75.644745
2778.692383 55.193645
6194.406738 28.302181
730.239807 9.189533
248.653763 4.043420
2543.106689 4.398185
1410.668701 8.913688
132.113113 25.401915
1972.630859 23.133636
5272.379883 4.588219
599.530701 0.279350
147.793152 2.363580
1054.605713 10.970061
2173.878662 10.170295
6242.204102 13.112881
61.375717 20.351494
6552.020508 55.800423
1625.748779 38.442741
2239.447021 24.680189
2150.520264 15.606308
1289.523193 13.599352
83.078064 16.169371
1221.452637 27.467449
757.477539 47.274452
7027.158203 37.790359
2219.559814 29.856318
4630.360352 23.099018
282.636414 17.046303
1590.493408 2.332175
2180.919434 13.725840
2907.985107 28.850998
2251.260986 36.469963
8803.816406 91.562714
3157.232178 60.610661
8196.555664 27.303705
347.663879 5.647542
1728.523193 19.175644
925.951904 29.368761
6996.531738 33.741703
4874.588379 28.727884
3319.722656 42.212524
1115.032959 23.829361
325.404053 11.830147
804.309082 10.942509
411.862732 2.440505
3354.500000 2.531864
3288.861084 6.184779
8888.491211 20.520727
2988.932373 24.325417
9370.117188 5.589634
421.292114 0.180338
33.748341 1.243441
1873.633667 38.184219
319.422028 33.602962
4331.981445 33.460594
3390.489258 39.935661
20641.933594 20.282345
5748.495117 31.941080
6924.528320 40.331181
5725.086426 42.018459
3814.768066 3.653227
4177.325684 10.277943
7697.833496 30.777134
23082.195312 58.610664
1251.604248 43.207672
1638.865112 37.150379
1047.506104 24.473597
1668.692261 10.526570
376.617615 0.437196
734.744873 0.160103
3816.812744 0.432762
15042.851562 2.061697
10299.367188 19.040823
1646.453369 10.312314
4781.924805 4.452603
1353.025146 1.505750
95.131004 4.791389
1472.890015 5.144747
785.699707 11.628159
5438.883789 20.883814
4190.787109 23.884966
11997.730469 23.944502
7276.245117 18.371727
176.556763 10.385818
179.769577 9.698691
761.204102 12.202581
2856.418457 12.671050
3807.239258 9.960430
5462.214355 34.554192
569.780151 21.794197
9.682468 12.301546
1943.451538 8.593771
145.303131 21.664368
6939.097168 31.439484
6540.105469 46.543930
2912.825684 63.396816
11043.527344 5.697395
2325.970215 10.958523
1733.356689 14.478951
1545.380981 17.004120
250.431030 0.474306
1246.399170 3.627989
1289.132324 12.074479
10291.508789 25.932938
3660.578125 32.946281
523.771057 18.346313
1155.428223 7.985523
615.870300 2.036172
346.242126 33.962292
42.063114 53.119045
1581.419800 74.317879
2311.164551 92.540115
962.710266 1.285057
24568.447266 4.338154
1748.621460 10.135535
534.597168 19.585993
249.925766 11.804958
2971.957031 26.762890
570.794373 35.504257
8298.951172 32.964310
4896.364746 94.778015
1925.005981 47.528088
661.927673 14.146912
3534.311279 3.450424
438.787018 2.650617
739.746338 3.268686
365.692719 13.733068
2143.018555 33.806412
4167.536133 2.758646
3540.782715 7.973941
238.489426 9.935954
1190.686890 6.990225
2231.735840 7.785020
4398.314941 5.458070
19813.400391 3.297854
18593.589844 1.328991
1163.648315 45.482407
1136.244751 31.638620
2126.310791 19.745764
679.012024 11.918684
654.624878 6.125552
1612.049072 16.506683
639.680786 33.966080
2873.102783 51.060059
5052.748047 27.981253
755.112915 23.242764
225.831284 13.863375
1936.294922 6.056679
1334.953369 0.238100
2216.436523 2.130719
5794.021484 7.967865
9153.378906 18.264219
5194.972656 38.262619
4465.194824 21.202042
11428.678711 9.071276
1130.144653 2.313792
1827.470581 0.173692
901.930481 0.183192
2044.484619 0.637673
1910.110718 0.453142
779.233765 27.753880
2342.330566 17.735014
131.108688 8.514767
1831.381592 2.511644
277.406403 3.377732
403.786621 4.179819
2143.045898 7.457274
2585.831299 10.814678
3587.975098 16.511822
1759.335449 15.119975
3139.301514 10.748618
1196.538940 5.959712
322.600525 2.360068
848.356201 4.768362
6264.286621 8.701661
6651.509766 13.832416
11570.187500 1.610605
9529.548828 0.776661
2403.553955 0.718896
3718.229492 1.174850
935.194946 1.339866
558.234009 0.315102
1672.286865 0.058878
5603.602539 1.617095
892.718262 18.682705
2489.171875 11.034358
1309.362061 5.862847
247.367035 2.948590
104.920982 7.684680
1519.829712 8.374569
6645.267090 8.969902
1476.544312 11.880809
9564.020508 7.907160
809.438232 3.257419
230.145355 3.358991
1836.949097 5.695654
606.827271 21.032139
968.759521 23.762541
2724.501221 26.792908
9078.165039 27.488739
2797.225830 37.584599
248.401428 31.835585
352.666870 25.333776
217.992264 21.242155
132.012817 11.647139
3315.099609 15.932487
6121.013672 25.518532
1426.965088 41.161419
30793.976562 19.474251
4970.402832 13.376729
15178.021484 11.012631
1783.806885 10.526328
1775.140015 18.051010
1799.895020 38.448032
3.552379 69.430840
2321.728516 110.704636
5762.072754 19.594696
6427.794922 3.915549
1433.924683 0.667767
4315.579590 5.923784
1747.902588 2.105929
1719.481934 1.150471
1464.773438 2.462875
5770.445312 4.168162
19182.011719 110.482300
1636.291260 68.712898
7757.798828 33.205708
79.942551 11.041500
278.195587 14.572012
398.178223 14.347058
16622.960938 15.011938
16961.498047 16.546637
10897.093750 15.265200
1099.528442 15.732960
4968.956055 15.753124
303.116455 15.241412
319.598175 5.193180
478.551025 14.511185
1060.169800 30.736805
3245.229004 53.975792
10267.624023 41.008057
6794.032715 19.412588
6.447239 6.775461
791.840820 2.444614
934.566223 31.645788
342.889038 28.002510
3951.709961 33.494789
7332.984375 55.734161
5985.689453 63.363304
755.103577 46.656307
4543.846680 40.219982
2137.146484 36.586555
237.420914 2.901573
1037.132080 4.895288
6878.578613 14.736193
17295.525391 31.244926
2272.447998 85.465752
3187.551758 53.838299
1233.051270 27.512161
438.460022 10.176453
363.473450 29.689392
648.625732 42.490425
853.267883 61.672714
5890.862305 76.863564
4713.524414 63.933620
2730.035156 55.477966
1006.958679 40.788940
715.424622 29.555180
504.872253 1.476721
732.699036 3.995748
5001.156250 4.600681
16363.222656 4.473742
8270.802734 75.235855
688.286621 37.682877
6556.681641 12.340256
810.838013 1.791875
1066.156128 25.262344
117.122704 40.071499
3062.581299 54.201736
2602.480957 64.142349
5331.201172 0.702992
8731.524414 0.910758
2288.166016 4.714345
558.969482 12.894216
1070.053467 49.349739
1262.479492 80.381653
2643.330811 97.328110
7400.331543 86.759323
8185.671875 115.782959
8610.023438 67.494148
811.994751 32.607021
908.551880 27.282684
1618.853638 26.726480
93.193237 24.729597
1611.364380 31.108734
11894.417969 63.838806
7893.893066 17.660040
4346.971680 0.244038
592.496582 8.342804
1879.070801 21.777292
471.705933 69.393944
1034.384766 66.913437
1650.609131 70.339973
6642.166992 71.294235
10212.903320 122.318939
10399.114258 118.428558
1909.146484 101.516251
2364.947266 82.014458
265.625885 46.325207
161.837006 76.492134
158.819855 102.365196
1040.943481 128.181320
15822.475586 58.714806
5016.119141 12.599806
974.585754 0.723526
953.584595 16.718164
1886.521118 18.756445
1095.676025 16.641695
3027.258789 22.327923
19381.458984 35.866741
4250.692871 132.522034
4002.554688 89.729088
1144.691895 54.242340
2978.308105 30.546991
880.228638 37.566231
200.926437 31.928410
5263.941406 35.287868
25325.705078 43.071758
2295.643799 62.470959
5024.634277 69.821342
156.614899 64.252991
17.043629 50.675018
50.726616 8.037193
2177.898193 9.705166
717.134521 15.058840
7679.811523 27.786034
8140.553711 8.943535
4186.749512 3.095183
699.582886 3.762150
1510.972656 6.340032
396.636383 16.253193
807.513245 28.685505
1875.333496 42.514214
12268.732422 49.360867
25934.310547 45.846127
172.567337 33.866005
2163.026367 20.008045
1416.185425 12.655159
4095.249023 24.249973
5164.260742 29.962261
9017.727539 31.588018
32604.511719 33.461426
14796.709961 38.779388
3758.286133 17.390953
2898.826660 10.910104
969.687744 15.741801
1744.463501 37.575420
1709.242676 36.196152
13246.217773 51.874989
38832.562500 79.687180
4960.376465 42.414024
631.434448 59.076706
2518.756836 60.850758
1302.897949 50.003906
191.697357 46.509327
1025.235596 61.799706
5370.001953 75.164680
1151.393677 75.977478
10862.397461 77.320442
7889.202148 63.462761
5767.942383 47.414101
6002.274414 40.209839
128.110977 15.253204
1092.445801 18.552431
2988.990967 17.436775
18882.748047 17.948399
3914.857910 59.139393
5400.083496 24.698196
9749.777344 9.259694
2724.587646 9.301933
1122.638062 16.335548
609.985413 10.456500
282.434845 20.342287
90.645042 45.448231
4885.013672 27.534473
7615.105469 38.577919
4374.307129 39.733326
384.123291 29.864439
48.963051 28.971663
1049.763184 25.062653
390.791687 23.772102
8680.439453 23.501022
3512.148438 73.506821
7293.396973 62.283257
225.578552 48.809845
5233.847168 36.933319
282.502899 41.410385
3510.418945 87.514343
2860.971436 163.018372
1211.696655 259.659180
12508.153320 3.205698
27.290504 0.820833
2614.140137 7.373588
1829.969604 18.634764
148.980011 24.592381
2414.006836 28.923542
922.070435 48.885323
5850.858398 91.284508
1502.434326 192.458160
142.714783 113.262222
410.015259 60.997864
674.155884 33.776142
1.821988 7.996144
1.218815 5.115236
1215.899780 9.414757
2345.122803 23.409012
7204.176758 213.678360
11982.782227 127.633522
230.836517 62.073296
2093.011719 23.809923
1360.525024 26.234217
4157.554688 26.179596
1998.333130 31.844147
7.466027 42.214581
42.540394 65.222893
3227.831787 53.181805
2087.638428 41.373947
1215.749390 31.747826
1414.395752 16.479610
4633.933594 20.369211
5933.529297 31.385536
8565.063477 52.404156
970.049561 29.474348
771.361816 19.259546
48.223877 16.006746
19.702435 15.658450
14.344408 22.877481
3009.848877 38.989243
5216.070801 48.998440
32143.792969 42.024612
6198.139648 139.544220
8474.547852 85.648605
1175.559082 39.941872
1029.627441 18.739113
424.028503 75.372925
170.061981 97.485931
941.110474 138.102280
1552.841187 202.836685
12360.416016 0.194500
174.775330 11.172716
129.790787 35.616867
577.357849 58.007462
1177.957153 9.789844
853.433228 4.698776
3091.684570 11.362345
5072.849121 34.773079
1012.448303 143.969208
5826.151855 89.937256
1368.675537 50.042740
914.037903 24.352165
29.501446 53.267159
1358.227417 60.594048
6563.042480 73.975464
22643.179688 97.078201
3072.419922 37.573792
942.512268 34.343075
776.798279 39.642315
309.057495 46.960785
747.301758 20.950287
2486.340332 30.540813
1078.802979 41.812519
2106.330322 45.479527
13726.208984 181.861389
8034.844727 117.515862
4691.776367 60.711246
565.912170 27.665407
1604.654053 4.785562
489.970306 2.954926
6188.602051 10.848037
3363.646484 28.514027
5146.553711 11.542711
196.330261 15.929995
96.057526 16.307346
1635.850464 11.366519
165.719635 0.093742
90.924988 2.287643
2094.970947 4.704366
4249.548828 4.561227
6843.169922 43.302757
13816.493164 26.749268
41.939438 11.495158
2276.222168 2.277496
430.878632 4.739191
1328.806274 14.276482
9930.031250 31.421436
15181.072266 47.892292
1676.593262 28.142391
11366.008789 25.230103
2997.491699 15.535784
1463.812134 6.206912
301.395508 17.923826
561.150146 24.903124
11835.494141 23.227160
7717.214355 13.927800
9361.504883 53.051949
248.636368 24.004539
2960.467529 8.858014
661.608948 9.141563
835.578186 38.714561
27.048880 43.908905
8657.721680 76.786880
25245.589844 136.990570
9713.436523 14.027171
9540.986328 35.409176
2264.451172 48.410812
104.497505 46.405216
966.678711 32.192482
2574.219482 26.773926
3019.271973 22.813311
1358.999512 19.011841
13420.271484 140.062805
9383.044922 101.843155
15735.667969 67.514877
5043.098633 44.205921
1718.686279 16.150574
3185.317139 28.531796
6141.726074 56.227779
6308.597656 101.288185
5407.870605 15.368458
1394.530273 8.106352
967.847351 9.018817
1732.770874 11.700804
732.684937 0.285276
1582.707397 6.219104
108.541611 10.832804
795.471497 7.746499
3288.090332 138.407730
6533.049805 81.542831
1271.492065 32.979679
303.997559 5.789057
552.239380 26.762024
285.724518 26.056278
66.710434 40.722847
244.264221 66.693787
6742.370117 47.247063
14320.091797 54.128075
333.368042 50.299873
1434.809326 38.180328
703.164185 12.838165
252.848969 37.776657
2196.473389 80.292877
6520.919922 138.018570
3634.196777 31.825785
1836.641113 10.994635
2523.455078 2.073210
2166.389160 2.315263
808.211914 20.021582
224.289566 28.462990
720.740906 50.217506
7291.082031 89.114700
1809.405762 103.938644
3246.172852 60.180161
1057.851074 33.787888
2065.657715 21.638311
538.299622 32.256535
585.097168 32.099380
7053.374023 40.827000
8310.067383 59.567249
4733.077148 149.113861
2660.251953 101.848022
383.298431 65.255997
1926.128906 42.452187
20.876858 131.909332
536.808716 193.670120
9153.755859 244.508484
5893.446289 282.327576
486.069824 25.423101
1159.337646 3.848567
1378.528320 21.172182
603.158691 69.113724
867.785889 10.486623
986.998108 4.978702
1040.657104 34.002247
340.033691 113.110062
6179.995117 200.436066
1959.166992 118.935501
1219.145874 67.304504
1727.173584 33.432056
304.749603 34.934143
735.401245 28.853834
331.515991 32.432861
8319.953125 45.634102
886.411621 141.133026
8180.710938 106.971016
2164.843506 75.374443
2002.478027 50.645866
119.198730 10.820955
378.103302 8.395430
1844.391724 17.370953
5872.519043 28.898874
2441.760986 144.369400
3922.295898 109.293396
1582.669678 66.763641
1220.064209 30.737049
95.668076 24.178459
253.550995 51.666489
6155.312988 80.168350
18366.802734 90.643272
2925.022217 109.657928
5862.339355 74.118980
4073.489258 36.287048
1323.620117 16.623335
1431.780273 56.347458
1577.518188 70.608658
7427.004395 66.603165
15886.468750 58.082230
7350.140137 105.000816
1468.841919 37.108089
10223.787109 15.475491
768.955139 30.254967
327.986969 24.891317
605.629578 6.798535
7816.811523 13.431360
878.417358 49.786140
13607.856445 24.686337
287.401917 49.866302
4887.384766 60.658390
2344.422852 49.413460
764.965881 5.787364
2499.691895 8.036430
10919.743164 18.099298
10519.513672 30.104412
8336.996094 70.109161
17317.425781 53.453693
3979.705566 32.395901
5285.491699 14.481222
1060.417969 26.215160
2026.505127 30.815659
20154.443359 40.208130
19961.578125 53.729408
9822.500977 39.272842
3913.404785 32.513580
4906.643555 28.006918
96.838593 25.672146
2212.010986 33.451427
1398.886230 53.071938
81.224762 75.792938
3548.814209 103.902954
2868.723633 31.090399
557.452881 9.661845
1815.721069 6.632554
2513.889160 16.716110
1463.509033 1.950676
1456.794312 1.450767
1382.778564 15.591432
709.218445 45.241138
693.432251 98.787010
3678.787598 64.205734
7583.691895 35.580677
4148.991699 14.248487
183.108810 11.083415
235.113266 12.888754
1048.430908 13.824390
5327.547852 15.405403
3910.364258 48.057758
1034.656006 27.268549
183.158203 14.590946
3.963010 10.297460
862.115051 22.390936
1294.623413 38.938824
834.462036 61.920250
9545.808594 78.050446
4175.814453 76.001595
2199.884033 59.804672
839.174377 37.331600
717.907898 21.789749
4579.587891 14.125488
1943.983643 10.821257
1153.626709 11.397020
3145.032227 22.709665
12101.425781 44.122871
324.512634 26.030743
1939.188843 18.799309
1345.337524 16.584957
856.982605 69.894814
3802.587891 83.134888
6548.482910 94.539978
37157.546875 102.599442
13327.481445 9.376395
3535.076416 23.038891
5719.125977 39.210045
23.378124 55.202255
1104.749634 11.540878
813.694458 16.672527
4162.706055 22.734028
3286.563232 37.942738
14828.022461 123.484543
2741.947510 57.212048
1206.283447 20.255848
2292.961914 9.102056
265.839722 58.458111
1840.531982 50.281929
2742.701172 58.840858
3670.356201 74.236298
2842.194092 112.842812
2760.246094 122.774780
978.154602 108.959450
1695.968018 82.095650
281.430939 1.041547
939.882568 4.146498
3327.465088 10.786821
3177.113770 21.863773
5124.187500 22.725105
1796.198608 10.639751
3421.311523 3.599591
475.613983 0.764238
133.581619 4.500039
1681.988037 2.600763
5101.158203 2.001371
19793.595703 2.142484
6837.155762 14.253033
1550.460327 13.627453
477.927734 11.064189
499.989075 7.604103
3050.208252 15.697193
1563.576538 34.305801
1732.944458 60.416039
9962.826172 84.662224
12430.378906 14.656263
551.264221 14.450333
12926.363281 10.436321
147.585678 8.615968
1165.125732 0.076512
1304.425171 0.301391
8554.471680 0.230951
31832.230469 2.593390
718.434326 52.476166
92.685822 25.082554
3638.861816 7.989395
293.907471 1.081512
1266.404053 4.861956
2611.220703 17.445372
751.570923 30.720886
4864.743164 37.078438
16789.701172 32.044388
15403.354492 19.350674
152.433945 6.215782
1919.945190 0.228365
108.220009 9.609584
2230.459717 7.711461
180.615891 2.865177
4189.890625 2.361982
1102.939697 21.486517
4161.710938 5.251252
548.008484 2.234673
309.779419 6.342572
1276.483643 8.436780
498.232697 2.101444
1555.965576 0.541192
5751.682617 4.707144
13157.562500 19.494738
6966.953613 22.552605
390.378235 21.654583
2705.704590 16.223797
272.915070 23.500986
480.757477 21.934824
1320.785156 20.013046
482.878296 18.297310
7132.867188 10.640975
5810.267578 16.781738
417.456848 21.442608
610.861511 23.644922
887.447144 3.612408
1131.263184 3.199684
4737.487305 15.403567
8030.294434 44.818314
8.176411 15.083221
6170.934570 10.445190
633.614258 10.242400
753.614685 8.053523
284.682495 24.532837
1831.798218 37.821033
305.347961 80.005424
2730.477539 145.657059
5482.713867 74.572914
682.541992 63.680103
1957.121094 49.382233
858.980835 32.862728
1049.635010 7.269643
1005.175781 3.641252
5850.752930 5.206383
5205.679199 15.417157
1926.249023 216.479691
3108.987061 127.103645
2253.825195 60.259102
482.714630 22.432178
1046.966553 36.028774
3478.683105 33.120335
16429.363281 38.747246
12314.055664 53.732899
851.535461 64.999146
4748.208984 59.006847
2651.149658 52.133728
1525.315674 43.746132
1070.401367 2.317595
119.990051 6.784230
546.698608 12.842789
5089.069336 17.866953
18666.480469 63.661873
8223.368164 37.383720
5348.193359 15.878050
1681.948975 4.122865
1003.153625 3.891896
2080.926025 2.397122
5935.474609 0.485061
8290.052734 0.329722
2972.097900 19.788191
541.378296 10.826445
6623.546875 6.159483
2575.622070 4.614894
1725.441162 8.451727
1111.306885 9.554915
891.180298 16.410807
13335.633789 24.976854
3698.317871 28.464245
2911.601318 28.197954
51.190254 21.946863
218.314880 13.661436
86.194191 11.523519
1068.732056 20.449070
7785.380859 28.262390
20721.664062 33.030102
10622.593750 6.651555
8.825555 1.790113
4272.817383 0.659195
727.859741 4.174832
798.636902 2.088209
1721.451416 13.233604
5117.497070 44.160141
2180.876465 96.606125
13607.853516 4.238437
937.969116 0.003825
2940.410156 1.193281
471.158813 1.179111
230.038986 42.222000
1453.532227 49.780685
381.462402 68.876732
10076.968750 89.191978
7913.520020 178.269928
59.842224 134.000381
1374.764038 87.979889
2379.489502 54.625710
2908.028564 11.721676
75.098984 14.086007
937.412354 25.739054
1909.306152 54.990120
31370.369141 112.781105
1736.453613 58.693184
14096.986328 27.903057
188.875504 15.014803
994.118652 5.734440
374.089966 13.407176
463.882202 19.960478
3551.459961 22.119736
5967.636230 90.074768
2603.036133 49.948788
1045.305542 19.319201
1400.806885 5.126012
1135.204346 3.819060
1151.605225 11.630059
3886.904053 27.110798
1106.922729 46.811062
1882.373291 3.617111
6163.642578 5.218755
953.196838 4.533175
1903.505737 2.758162
537.987610 18.143806
2608.241211 40.134338
2631.176758 90.313454
6964.063965 173.029572
5072.836426 30.921721
879.197449 11.328079
371.272797 8.574947
1075.959717 11.093751
1717.620972 11.120770
9413.204102 4.156321
17015.195312 4.309606
26495.054688 12.476605
11980.832031 270.893311
4961.615234 168.187347
303.639740 85.427910
1510.949219 34.295021
2858.056641 19.426996
8219.596680 9.817282
28698.808594 5.263950
41606.726562 4.087802
3148.179688 97.069832
6082.883301 78.978485
955.166931 56.457554
1620.033691 35.308079
472.287048 0.744789
5822.046875 1.662697
17253.189453 2.446576
23480.933594 3.826649
3917.655762 12.077055
17017.812500 4.980459
10221.945312 1.074688
284.857391 0.104802
1356.584839 0.358467
1507.339600 4.032834
2012.998535 11.222205
4436.074219 19.672216
2288.755371 10.281523
1047.175781 7.628375
9803.923828 3.864916
1734.424805 0.723944
825.648926 7.094871
2182.622559 8.572578
1164.086426 9.492522
3313.968750 12.779786
142.885727 19.305113
9994.258789 7.563243
4796.070801 3.467813
4941.182617 4.577177
430.709381 6.355817
3921.867188 20.325806
2381.608398 45.488831
8840.313477 71.416306
7464.458008 68.367393
2042.329224 49.440041
1622.363159 26.308418
664.102173 9.091852
165.770096 9.117193
1152.155029 10.750579
676.253967 10.753094
3783.893066 6.974154
4673.818848 72.947403
7356.157227 46.009445
3574.377197 23.735876
1325.148682 11.667844
259.140686 13.394072
327.574341 15.135464
538.352295 26.649590
7058.443359 42.886295
8059.142578 55.720795
9337.950195 48.949909
232.818832 35.876137
4248.766602 21.787098
4754.301758 11.808374
1168.308594 20.826693
1023.568298 30.967245
3825.282715 44.097691
4749.595703 20.979193
3271.964355 5.235125
911.943787 0.496506
584.663330 4.073288
888.809448 11.705670
335.262146 8.626340
665.512207 6.192004
14748.357422 5.042982
6111.880371 27.945457
2919.210205 23.499493
1723.042236 19.112652
1628.610352 15.183071
121.064796 2.457719
847.719482 3.504805
812.802795 5.077266
4693.918457 6.423341
19795.003906 6.423341
4693.918457 5.077266
812.802795 3.504805
847.719482 2.457719
556.541260 50.565693
494.360229 68.539970
376.495209 86.799133
7096.983398 99.300949
34932.718750 15.149134
639.354492 21.246590
1624.369141 27.699141
147.441925 36.786816
3315.563232 11.845325
1537.369019 35.271908
923.733643 90.664841
684.200806 188.379150
671.145813 49.631897
1583.574829 10.403525
2329.995117 0.750500
10.246820 3.354261
212.937546 66.016380
422.308838 68.820869
1372.968018 88.249680
5392.308105 123.520920
21723.966797 197.301300
1714.017578 148.014832
680.468567 107.331520
510.886993 79.269051
739.278931 0.330615
1708.706055 1.849545
2113.454102 4.991434
4180.177246 9.336178
1767.500366 242.625015
1642.851440 137.554871
395.965210 57.077457
1317.504395 13.386507
1463.764160 51.449669
2473.177002 65.033035
10119.057617 74.092079
9205.790039 76.309265
8450.473633 12.349098
5728.969727 16.116297
864.468018 24.375576
254.065002 36.807915
724.101074 13.678477
2379.508789 21.881687
3438.896973 31.626823
9561.656250 45.152100
500.090240 83.649269
1064.364502 42.057560
2639.744629 17.495308
1221.154785 9.980065
1272.432861 3.516609
2349.188965 4.228665
833.930420 1.377673
1503.928955 1.089823
6007.677734 105.865173
12297.593750 49.143394
5240.274414 15.147289
1197.808228 3.360312
74.132713 21.700098
672.618652 13.637716
874.957397 13.634891
8657.291992 26.311367
3174.124756 25.988541
9420.499023 29.896748
716.778442 32.959835
1031.914551 30.092176
919.345337 5.333057
1400.863525 1.783522
348.073212 0.819657
913.380981 0.920731
8832.698242 48.684464
167.201538 37.455383
1999.180664 24.290554
121.912514 12.861679
2584.770996 14.494810
883.485840 23.207939
1290.125000 31.077667
2423.711426 36.049694
2298.276611 1.543979
3057.780273 0.748968
1952.205322 2.392589
2555.178955 7.080842
56.573959 3.045707
1890.462158 2.328008
634.307129 2.882098
7061.557129 9.713217
15095.589844 31.602833
1771.485718 12.851006
1828.963135 4.596998
251.181595 3.007796
88.905960 10.292447
1580.494019 3.835153
2413.021729 0.254102
2399.098389 5.675545
4206.034668 23.281816
5941.772461 16.455545
1380.879761 15.312939
2107.751709 14.446883
156.495972 17.702991
3452.037354 5.224873
855.306396 12.378727
3091.880371 40.474548
2992.430176 25.103205
12383.888672 43.996441
725.770386 49.184685
1698.494751 37.478973
1859.128418 15.691078
1983.303223 4.452539
285.940033 7.023601
420.097198 22.727003
16432.605469 45.876839
884.125427 53.426495
692.956787 49.151997
1548.469604 33.989880
1506.831543 18.842007
562.698303 17.097490
13195.534180 25.912737
8782.258789 37.692307
6889.364258 66.154770
10219.078125 65.314095
901.750977 51.234787
1815.242188 32.313698
851.508728 6.348622
4598.741211 16.787863
14091.386719 33.445126
10252.680664 54.630394
10866.764648 13.991501
6596.561523 5.857075
22.034401 1.864337
408.756042 1.775272
1623.174072 13.960827
486.865295 19.212059
2032.152954 28.419468
20074.349609 38.246136
3549.872314 64.274666
6198.496094 44.397690
11085.491211 26.775110
4107.734863 16.024963
487.698761 5.007996
3554.835205 5.623425
3995.953125 7.622647
11328.182617 11.658710
17472.539062 106.503418
10045.444336 61.609592
5842.621094 28.185862
84.776764 10.363305
757.640503 7.385951
3659.078613 9.848438
2356.064941 16.278292
1282.023315 27.425013
5619.500000 33.517380
126.299080 20.659348
6209.138672 12.374926
703.930786 8.196959
446.646729 3.848454
1013.196167 2.235706
8183.141113 2.846658
16161.222656 6.295171
1157.233398 51.860756
19383.310547 33.028965
650.344788 18.083406
1898.399048 8.592546
1196.594238 11.022964
2345.218262 14.847009
2828.629395 22.861490
1115.665405 34.919823
644.725098 9.253255
1480.354004 8.590511
2325.741211 9.140859
1360.489258 9.746986
52.141102 8.340594
383.810272 5.727262
1999.367798 3.524719
7935.146973 1.517720
12164.822266 27.309284
4834.011230 22.399128
1103.613647 16.809328
2342.899658 11.941443
2980.735352 9.903159
3162.303467 18.735338
7443.961426 29.840649
3158.533936 40.237293
7694.904785 1.974470
4414.109863 2.083298
5604.164551 2.581985
570.476929 4.685727
264.517853 0.913131
848.108398 1.181533
8481.344727 2.536998
14625.491211 5.351420
3397.055908 8.971617
48.093079 5.224971
133.796631 2.782692
681.260620 1.438347
1605.115234 10.676115
3771.718506 22.310205
16019.705078 35.878647
7422.132812 47.470486
789.310730 2.339236
8.737608 0.946467
5646.822754 0.671337
513.951355 3.401020
123.160095 12.722586
173.010956 22.484348
1463.779541 35.952534
7927.824707 54.510826
7520.294434 11.487665
9981.516602 1.685953
3573.435547 0.716661
2929.262695 5.293256
2144.320312 4.383492
3842.564697 13.753717
895.989746 28.510912
60.235550 39.014324
3651.795410 91.384682
1654.941284 61.954681
6995.906738 30.498390
623.709106 9.198871
841.744507 1.218112
152.430252 5.842382
5506.348633 14.561178
4662.905762 25.123257
2160.338135 2.292792
715.600952 2.799086
1042.820801 1.866094
1198.420288 0.559741
1337.036011 9.573723
835.246826 19.546049
660.040588 35.002758
2003.572266 53.692688
14594.291016 25.141687
11443.900391 14.528101
1981.662964 7.772702
1051.242676 5.801959
164.613586 20.247004
1080.274658 34.461227
1975.278320 55.843731
11426.755859 74.130333
3656.686279 44.896927
532.173767 39.389099
4907.753906 27.725677
2126.524414 18.691200
1925.691406 12.167256
571.422363 12.968517
9416.636719 11.044011
4626.781250 13.505649
8549.712891 41.617588
2776.187256 15.333787
4331.835449 5.840846
585.447144 7.765065
675.452087 27.443897
1203.201416 23.698448
2303.350098 32.342850
46.777348 63.221870
9571.619141 30.067749
3658.231445 24.414120
2511.779785 28.719690
2324.635498 31.168186
3555.599121 21.875000
1658.498657 11.775914
1237.599243 7.341120
4520.238281 6.876228
1301.918213 87.955490
13365.956055 75.756821
1475.388672 57.326172
810.474487 37.839020
1446.029541 11.881565
2386.158691 25.057865
1778.277954 46.142952
11313.320312 72.768181
3784.017578 7.638055
2503.439941 3.795873
37.197197 3.342937
790.804443 5.506874
491.190430 18.940441
70.072151 30.792086
2459.576660 53.597610
2812.177246 93.730026
5729.742676 61.872391
6613.894043 26.988886
1476.538940 13.216670
243.162582 12.807549
147.752060 34.153782
164.194183 26.822199
172.569214 24.984177
10894.476562 26.668514
15798.671875 172.600067
15751.306641 126.457825
2978.022217 83.250542
1852.887695 51.807213
1652.511719 9.763528
2078.035156 12.154688
8110.054688 20.975096
6878.910645 43.892769
2158.927490 76.946930
839.100464 36.913521
1199.262451 16.624838
200.523087 10.158860
544.489258 53.917923
676.531616 55.814144
630.186401 63.185265
4190.845703 71.969154
9240.991211 83.602692
4051.699219 78.184326
379.708801 68.463074
998.725403 58.858856
879.961731 7.710381
4646.229004 15.512053
8881.522461 29.212198
6377.049805 55.348663
2155.650391 55.208538
152.425613 19.497433
2072.090088 4.113458
338.043182 2.775111
492.454529 0.992916
1962.133057 1.718923
2513.552979 2.256175
3827.153320 2.572906
2788.246338 90.146400
1295.638306 50.675179
980.802124 20.865948
1783.879150 5.206844
4979.622070 50.617645
3061.663574 62.435867
8804.416016 89.045364
6834.775391 121.126740
1195.773804 40.464680
1026.159912 55.371239
5163.848633 57.685204
50.489136 52.322617
2594.546875 3.914864
3198.867188 14.867226
6935.363281 33.242039
18695.298828 58.746323
18813.457031 40.504276
5031.772949 17.770332
6340.670410 4.525861
1029.053955 0.282794
3584.179199 8.338952
2293.933594 18.088720
2532.436035 33.048306
5217.649902 52.544453
8302.440430 28.974985
11510.562500 13.771812
2396.241455 5.568974
3132.583008 4.011096
162.767273 3.368982
1105.944824 3.410520
372.449799 6.098674
18422.406250 10.114573
4873.787109 81.874947
13997.412109 51.350403
5958.149902 25.677177
502.582733 9.673429
557.810608 38.300690
241.742340 46.868683
8381.441406 51.362190
4209.750977 50.562675
6789.242676 5.029447
4196.168945 10.069624
1726.908691 17.901510
2945.198486 27.867199
299.450592 0.339501
1452.227295 2.253234
2287.364990 10.147211
2478.897461 31.602219
4742.803223 55.480957
5340.014648 21.053783
95.497231 4.765902
823.057800 0.314402
503.919373 39.394760
201.641632 43.404510
1870.650024 53.047905
9001.078125 71.324532
12794.281250 51.564003
2236.799561 40.546577
8812.720703 37.225281
700.701477 37.638035
2905.964844 30.927010
998.633179 28.206102
1182.159302 25.416882
249.577042 16.698187
20169.660156 182.899292
1955.639893 129.013519
5674.275879 78.350945
805.434021 44.910233
1245.367554 37.832165
686.481079 42.468491
517.405396 50.142559
6945.508789 64.005569
8536.063477 1.775133
4667.534180 9.309801
9644.296875 21.282692
2768.449219 31.551537
1586.221191 26.611290
3462.772217 45.954491
3649.445801 63.899452
6574.613281 72.104240
1639.787720 32.803787
1037.083374 22.079281
40.707798 13.662771
587.425598 14.445564
654.565735 3.484363
607.904358 17.883318
29.081064 55.877819
2804.316650 123.154213
2830.061279 32.365181
7645.646484 9.085323
1953.961914 2.048990
3402.462646 0.856714
693.376709 9.273887
2693.054932 7.068535
15065.708008 12.776720
24336.753906 19.010639
2290.917969 331.745056
2073.507568 210.280792
2774.073242 104.455856
416.536804 36.899960
4724.435059 30.957335
406.005188 33.201839
3743.431885 34.724953
24904.578125 42.003769
6799.513672 58.024277
2806.996338 33.379757
3399.316895 24.669451
2448.480225 26.510460
981.805725 16.444334
3530.228516 8.636557
1527.328003 2.487637
9099.838867 0.998792
16438.794922 36.736538
219.947418 32.373169
4092.063477 28.395010
1547.128418 23.342587
1471.966431 38.645100
1487.256470 43.990242
149.221832 51.003365
10062.514648 56.896885
10321.283203 21.118465
2220.196045 28.406971
911.043274 32.847538
1880.697754 35.484066
645.412842 6.863585
2970.085693 19.494215
1599.411499 41.148190
4062.480469 68.741066
3796.971191 4.196910
5313.970215 1.992579
3512.276855 1.289856
1413.614380 1.983535
1828.021118 11.831594
2928.528320 21.410030
906.727356 34.370564
1960.802490 52.007278
3024.242188 46.853771
245.805756 21.483461
732.295349 8.442930
1059.980225 6.450288
1070.527710 68.230255
5850.014648 63.067280
6329.985352 48.327057
11550.324219 29.081640
11588.051758 41.907810
12149.407227 45.410152
2527.452393 54.065838
1938.495850 63.729099
3796.633545 72.240875
1753.862305 92.119469
3919.391113 138.255188
3050.077393 225.878021
12769.706055 9.904161
2901.520996 6.962516
3077.195557 30.883715
10.308489 55.772209
1143.231323 43.319820
1010.330078 36.269821
3513.641602 43.319515
8664.888672 45.948372
11478.453125 283.970337
14649.045898 223.987671
849.395752 146.189102
2193.820557 79.866005
228.523529 8.789605
3785.378418 11.984815
6190.179688 27.212414
1235.586060 54.646755
455.731171 5.394626
14642.107422 10.006328
758.440979 13.041886
726.301270 11.546560
813.214294 3.321497
0.429510 6.338769
5293.217285 9.148759
3191.736816 10.379360
4323.367676 49.879448
2796.757324 28.557497
220.828827 12.107850
1538.849487 3.979131
448.282715 1.702907
22.601936 2.358088
2762.050781 9.964851
1825.264404 25.359188
2085.344971 5.576138
3662.730469 5.810119
4160.572266 6.034098
23.725332 4.219929
504.582703 16.460812
1550.912354 18.254860
801.043274 27.575468
514.616882 44.307304
7795.429688 42.369160
4382.284180 33.667217
1669.577271 26.280838
2280.394287 20.030895
696.249878 5.935930
3087.129150 4.078035
5461.916992 5.282464
8387.136719 10.889904
4550.244141 81.761353
1228.337402 50.462105
1314.388794 26.645044
2009.368164 12.412085
1430.024902 42.349049
26.027903 54.340878
1390.598999 68.818352
14584.138672 85.161316
7112.494141 13.310738
3256.792725 15.672453
1596.957275 22.801502
521.835449 32.028671
2154.048828 30.921150
2213.076172 45.385620
17916.755859 46.538502
18917.769531 34.231323
775.812988 102.053917
3559.850830 48.762825
2889.517334 18.605206
1126.704956 16.145239
661.885193 2.733372
440.567688 3.017040
590.850647 30.043312
1392.657959 89.664711
34778.039062 0.705827
3303.700439 7.164815
1505.339600 14.597733
1261.750122 11.905972
3209.193359 19.899595
1133.905151 17.646572
1583.892700 26.936293
13704.654297 53.732521
8779.750000 135.887253
4961.477539 85.120201
7171.517090 50.661366
847.035583 30.378735
49.421494 34.003445
797.913391 26.301365
6896.583008 26.764635
3494.895996 35.120800
17060.007812 173.894135
232.515854 126.356934
6642.107422 83.613960
98.058090 52.374306
1954.312378 42.419773
1595.623535 57.406780
5694.601562 84.364990
4063.879150 128.981735
3688.970459 41.124634
3910.002930 23.768288
1997.479126 24.018126
1607.457397 32.044701
1929.822998 5.819574
1620.083130 5.679308
3843.504395 13.442918
20905.156250 28.134918
18113.972656 111.223846
4599.486328 71.648483
5084.970703 38.314640
1920.594238 16.090593
2145.208008 9.729181
61.615486 19.007721
1876.781250 32.246468
1362.898560 49.450897
17006.107422 30.807976
2298.004395 14.141585
9936.441406 5.734109
502.191223 4.844560
1130.715698 22.433868
2018.311279 52.772247
1931.895752 87.740372
1141.016846 122.318726
4061.828613 63.630486
3637.085938 24.366505
327.553192 3.461693
1671.283569 3.794564
1328.207764 40.835556
115.940506 29.764355
5611.123535 12.584098
5676.146973 0.810418
10001.192383 191.969727
2622.457031 116.600960
3126.619385 69.584351
546.289124 49.177662
1008.804871 76.817253
1358.126099 78.112251
2100.095215 116.279930
1554.536621 180.063065
6158.401367 111.545563
6754.851562 133.507599
2469.916504 128.139114
394.161438 101.703972
788.470215 30.006561
1882.163452 72.201851
694.950378 131.366318
2847.812012 199.686676
420.942932 80.798134
2982.193604 36.236977
99.179817 11.532730
1116.844727 9.252428
29.781963 4.341119
963.595459 8.523777
2423.682861 25.807011
1074.348755 67.555618
3453.371582 111.580933
6023.847656 50.261719
698.633667 18.283085
240.867798 6.517501
234.913132 25.100077
238.941498 16.005791
478.059753 15.204135
1207.696289 21.762262
8142.276367 149.465836
1620.427002 111.228058
471.779449 73.908432
205.766846 44.243393
55.090504 1.574705
523.658875 2.264677
6564.108398 1.673493
14357.173828 1.778058
171.464691 54.982346
615.902039 27.285368
474.305206 9.409460
100.317719 2.189175
494.476135 18.070423
56.619827 12.321070
5420.379395 10.598631
7407.906250 13.797379
3297.143799 15.750575
539.792297 23.660885
1764.917114 26.882254
220.956421 24.292202
693.939819 13.505704
389.949799 26.778673
1238.667236 44.556007
7419.898926 63.159466
1712.445801 2.551838
14830.526367 1.653367
1034.413574 2.447718
7013.187988 5.785772
567.950745 1.371679
386.559418 1.074531
1343.280518 2.267956
7305.631348 13.547827
9511.335938 63.061291
1739.774170 24.001762
1910.028076 5.244963
1217.119263 0.868887
1391.636230 23.557600
117.460350 14.380970
1837.756592 13.159676
469.361908 25.522739
5545.872070 41.230011
1364.864624 38.866554
306.420898 37.894489
1408.210938 33.018696
224.135498 36.307953
543.289062 35.097576
6746.579590 41.844181
4303.094727 50.555126
1044.265625 60.307384
2602.376953 65.037880
358.420654 58.228363
360.010071 45.881042
646.507935 14.383279
2331.321533 16.195971
6056.098145 14.439894
7748.594727 12.032304
2981.050537 68.384979
9426.471680 36.490906
3672.022949 17.775475
1694.856689 12.438004
277.958527 29.036581
1144.756226 33.412003
2396.260986 58.657005
1669.251587 109.354691
3045.559570 40.861450
1735.751953 35.700584
3260.994385 36.027985
630.676270 33.367416
1383.169922 0.561744
147.649124 5.754739
5910.602051 9.956615
2802.160156 11.146437
1319.122070 187.616394
3332.724365 103.672485
6152.769531 39.792381
369.333557 7.082502
1606.234131 83.346428
3586.035156 89.950974
13768.950195 91.994438
3473.761230 86.348869
9369.062500 44.596237
4932.924316 56.791828
2631.220215 66.528305
668.593445 75.140282
3434.724365 52.011482
43.082306 67.520805
1098.834229 101.640984
35183.800781 163.507614
37635.273438 20.632927
5098.607422 14.104242
6427.583984 26.206854
1376.018555 40.768162
5851.930664 39.989414
795.316833 34.770699
2368.644531 51.309910
1841.684082 76.265320
29584.003906 187.827240
14940.078125 162.355499
13749.031250 117.390709
3849.701172 70.602196
8.347937 3.774731
1384.317017 1.016745
5851.392578 1.742145
1730.411743 7.495480
18303.310547 19.042110
5404.948730 14.860636
3042.899658 11.485070
3008.335205 7.774330
227.675659 1.150661
780.501587 0.005846
573.458618 3.270959
2783.812500 15.002077
2330.409424 3.947545
7792.226074 0.065029
2410.010254 1.016835
2275.518311 2.104900
272.626740 54.390560
386.861511 64.901085
3840.819336 95.459518
11276.556641 137.077606
2549.202148 47.841789
13412.865234 64.998238
2464.684326 67.657356
2373.457275 59.750298
1455.618530 0.920632
221.797440 6.906980
1616.264771 17.540310
2072.735352 27.976971
1583.412354 156.964508
5312.088379 93.225403
693.324829 40.261677
315.399719 9.361376
535.373169 7.613859
1948.362915 9.988136
2592.123779 12.834779
8860.731445 16.062946
5511.956543 6.218121
363.108032 4.737082
717.383301 4.704430
925.848877 5.782605
524.501160 24.749046
9.791238 31.627890
11217.923828 39.113266
21412.359375 40.100590
2017.494385 62.487434
1103.864868 50.370007
1044.103882 35.200401
579.887390 25.253061
1185.274170 3.240924
719.734131 4.826374
2028.833374 18.327768
14372.987305 53.073410
2359.364746 18.208851
5620.581543 2.145711
259.894470 0.853705
1742.951660 3.145769
158.908188 37.544075
91.595695 51.346951
1029.786133 83.891808
9809.868164 122.788788
3285.658203 86.312119
4954.561523 80.621338
4832.190430 63.303471
5745.323242 44.430191
1401.604248 13.009348
2768.479736 11.056465
6065.752930 16.101234
12966.614258 28.076267
3146.120605 148.415970
515.759766 95.805084
3639.884766 52.900818
377.967316 25.534359
801.942139 24.187750
3200.885986 38.020443
8706.793945 47.619583
3094.729248 58.513695
568.093201 90.792656
1138.015625 36.342960
2513.597656 10.724344
1207.859131 10.847144
396.562592 27.696541
794.902222 18.531635
4087.770996 11.467449
6556.907227 5.629853
29822.720703 77.468597
13553.076172 68.069199
1755.669678 54.152580
3155.708984 39.787022
805.996216 0.028934
578.428162 0.128153
1776.052979 1.978180
3035.283691 8.705127
5719.779297 25.073795
4546.835938 10.199579
9922.487305 2.729394
256.021088 0.392741
1198.978882 14.789525
602.493652 26.213390
55.590729 48.230270
4212.433105 72.763161
285.855286 35.279102
3.283608 33.006950
1605.558350 24.507305
915.641846 15.799292
251.812256 19.734180
1245.410889 30.686403
6147.138672 34.638958
27730.699219 32.436592
5572.938965 30.917862
2191.803955 9.302444
586.315308 1.458378
74.487633 7.133384
1066.427734 13.533434
1142.874268 18.345892
975.649414 38.647942
1277.656616 70.690453
13967.239258 21.020029
15474.029297 27.306108
2154.523926 26.501677
1808.191162 19.387531
500.858917 0.128689
3755.488770 2.152965
17339.308594 11.046503
2114.635254 26.253773
3250.130859 35.646786
813.067444 22.856453
2358.089844 12.011457
1001.847290 3.964407
1288.720093 0.392854
1554.908569 0.723826
108.168930 2.107557
2513.502197 5.280286
43057.984375 14.655130
10447.316406 7.563093
4127.889648 3.094650
1034.944824 0.983176
5621.851074 19.614517
1370.893555 25.902035
382.460022 30.269325
1010.901184 31.426371
13549.480469 2.280850
2832.255859 4.131081
19406.855469 7.705777
1464.952393 13.085878
413.880371 4.354431
1297.082520 15.533998
1751.646729 40.284103
511.154510 80.681999
782.357788 17.852533
2072.330566 4.637114
1304.113037 0.724949
169.882004 0.866374
58.904945 15.596919
345.603271 18.884882
4171.070312 29.791588
8497.139648 54.386154
1551.295288 81.419800
6049.611328 44.207909
406.543427 24.169762
825.938782 16.626457
4.334283 9.019338
5328.937012 5.418018
15800.422852 8.233072
1605.446289 8.970992
961.011292 165.527649
697.209717 118.372055
1187.251099 67.461349
770.723511 28.611221
5.814995 24.839075
1209.016113 28.187105
7512.582520 30.474976
8786.401367 31.685036
7284.118164 4.295014
5736.908203 9.115877
3843.817383 14.867143
1841.793213 20.342600
2060.186768 0.016754
3592.587402 1.757132
1270.911743 7.953180
6584.201660 19.758047
402.771484 10.990138
5124.051758 5.104838
5553.186035 2.198569
296.004852 0.617348
1089.233887 14.398954
1247.007935 21.301071
18.570683 34.341057
1328.427002 52.179115
14927.774414 25.451223
386.860352 18.960732
8257.453125 14.746492
407.491974 12.804678
719.385193 17.903902
430.085907 29.131163
4464.656738 47.757622
6156.207031 77.446220
1280.499390 30.465843
4245.762695 11.650270
3022.191406 6.907768
1472.139893 10.461689
969.927185 3.927498
1286.304565 2.814827
204.890778 6.326892
6353.523438 10.414328
3961.205078 110.499565
11950.200195 74.409660
679.944458 39.732426
1193.059082 15.261832
2325.113281 246.721130
45.540623 265.618713
7450.317871 276.940430
3238.779297 272.327209
346.756866 284.753815
1056.800415 257.244598
94.978500 236.998413
15.264902 233.732971
56.671783 335.495300
1098.370483 178.633392
709.365601 105.691422
1321.025024 176.033539
13727.810547 1236.957764
6970.761719 965.141479
2935.021484 732.464966
1489.721924 526.091553
2972.249268 198.150665
445.518036 87.526176
1249.434814 28.190109
1220.258545 4.449558
2196.452148 941.836670
1898.644409 789.065247
4753.773926 578.639648
3006.474854 367.321442
576.315674 187.658142
2306.479248 131.403870
3529.023193 123.467514
984.239014 144.906158
3495.225098 938.418335
2965.550293 728.882812
1124.208008 501.516388
504.106842 311.084442
794.244324 386.267883
1097.648682 221.147797
1754.132324 127.708580
13303.706055 123.742760
2358.450439 1009.259399
3630.596924 925.083130
1141.278320 777.803406
394.502197 586.275208
489.893188 180.577881
1010.957520 154.684067
146.654312 120.837769
67.302391 83.923279
9575.933594 172.311737
1545.178833 190.972275
2160.178711 199.092926
4364.927246 195.705948
656.400146 44.110889
2589.460938 56.216972
5475.361328 72.298759
5302.498047 89.561127
6011.929199 34.771851
2684.085205 32.718334
1106.721558 33.282326
784.888428 36.724777
902.035095 124.716301
1910.858398 86.127319
616.562744 51.300949
16288.822266 41.113136
1247.730469 713.440063
4254.041992 468.155762
515.144470 286.356781
143.687469 180.146408
2050.409180 185.414917
98.249100 92.584312
1923.948608 48.993679
482.581360 56.552658
28750.570312 395.265930
1555.947876 426.517548
4385.354980 391.056427
959.836670 299.007874
495.928802 32.255524
363.979614 7.086726
1468.364624 1.258017
4727.484375 12.788668
724.197754 217.155441
247.259125 177.416763
940.475525 126.277855
1539.681763 74.392212
17.911388 74.053101
236.301285 127.307549
7701.775879 192.972046
3532.075195 260.845062
3122.942383 11.981898
64.117722 5.910210
1745.329102 14.546572
1056.149780 36.780903
221.087296 147.798508
74.845329 76.309479
1617.384399 34.071175
3036.745605 17.192612
13289.429688 1014.326904
3884.768555 736.299622
8572.681641 472.341187
665.857178 272.958588
482.427002 71.690987
238.594162 74.388741
1101.690552 102.070984
397.418030 149.253525
4324.656250 315.893250
1129.429932 229.833603
599.275085 152.849121
997.752075 97.929810
590.498901 261.758118
365.310913 182.797455
516.732788 143.992722
9789.762695 120.049637
4891.339355 1469.395874
3566.625732 1090.993774
2263.982666 714.858337
112.961922 429.454834
2041.335083 505.924255
2881.766602 357.820831
1795.960083 263.402191
405.937469 234.280441
13908.246094 851.814270
2213.319580 869.453857
1831.185059 804.978516
341.239319 670.966187
161.777634 79.383629
1279.659790 46.873123
2916.981934 26.877478
3134.449463 24.133863
576.252319 146.523926
13921.745117 151.188751
2212.028320 140.446609
450.600281 114.239861
405.274353 65.369598
433.502136 24.757242
1315.245972 4.277082
1500.346558 22.381397
18725.580078 354.534241
9221.865234 254.254044
1742.806519 175.621857
1567.595947 115.274223
326.980560 81.921715
598.321045 64.958382
2698.734375 78.233292
3705.535156 91.395325
7639.637207 487.757996
94.505241 394.185791
2760.376221 265.808533
230.737793 150.500626
1.253224 97.682487
55.378532 42.279655
3264.392822 6.923662
1043.410645 17.250021
5622.937988 323.940155
4158.573242 255.170441
1425.231567 202.142593
57.942337 152.676682
644.598938 55.870949
297.061035 50.989689
4129.680664 54.243847
321.013611 65.877632
233.319565 166.009369
72.319717 127.581589
713.215576 94.085815
1478.831665 69.881760
13.575792 20.863609
693.931946 36.492348
2183.749512 71.255760
2928.213135 121.137062
737.739990 6.600146
919.450073 13.423176
532.916748 17.931133
566.238098 18.162079
463.910645 66.975739
1149.405029 81.494896
374.175171 112.826645
713.972534 136.190628
7575.052246 337.373810
6870.677246 253.167511
2893.893555 159.816177
286.493988 91.542099
448.255524 151.924652
4358.635254 154.765900
2286.161621 140.131790
8628.691406 99.670662
4099.808105 294.361328
6057.179199 232.874268
1247.492676 179.755875
481.343964 153.672424
1294.112305 62.795013
204.888062 44.579578
4455.013184 31.189203
2445.858887 43.077827
5092.787598 68.273331
4037.467773 55.708321
716.097839 62.578457
810.382751 69.422432
3420.729004 60.962914
1776.406250 69.665955
1839.562866 96.592926
2464.667236 144.937439
127.928925 49.503929
4945.583496 50.579498
1075.495361 56.764183
3073.858398 59.823433
4.525325 158.693527
2374.760498 94.996727
4994.799805 82.223587
1393.940796 108.681366
6869.783691 516.083313
7825.350586 475.019531
137.046509 381.703796
3478.327148 263.980042
206.642365 24.967001
233.189301 20.916555
954.353027 18.462019
10255.555664 19.041222
7743.958496 74.910202
1437.981812 56.158215
3871.190918 41.160492
849.863464 31.136185
272.944275 39.312210
22.690718 30.627550
2150.175781 45.405956
5128.520020 75.470856
9622.535156 152.050598
1350.150391 138.305573
2143.233154 107.009323
1235.667603 68.853096
1150.728760 88.882271
491.361633 63.397461
497.389954 43.734871
2488.948975 30.623894
3829.121094 317.416260
2675.492920 247.241791
4525.833496 179.112701
1416.150513 125.665108
716.816650 88.855522
1486.114136 69.294159
2659.374268 76.998795
3515.897217 103.441902
565.797974 268.151459
1563.091309 239.666122
119.836227 189.764297
309.871338 133.397552
403.583435 134.320724
1490.617432 80.687958
947.029419 45.205036
9581.265625 31.149313
11066.266602 339.708435
3754.990234 312.083008
156.700195 261.717651
826.922729 198.404404
755.264282 28.144529
2584.538818 83.975403
174.836105 159.460434
5354.475098 240.537064
10086.026367 102.735710
1262.101074 44.831776
3029.187012 8.504836
44.334846 1.855989
1982.281006 219.889160
94.960335 160.866806
1702.277344 110.993378
5434.650879 61.055206
6707.255859 865.982605
17587.558594 667.455994
275.317505 468.286530
1623.345703 315.602478
504.440521 74.424278
6.240135 33.197918
61.541969 17.619696
4667.433594 31.013155
5694.676270 177.123047
1222.259521 185.131226
77.689346 167.445923
11.249977 125.807755
12.342999 28.050190
2539.915283 17.891951
9237.521484 16.068647
5741.733398 20.316610
12074.740234 204.162216
4882.576172 146.716232
908.188293 92.295860
1185.392334 51.727325
162.227966 26.096903
1723.883911 15.902408
3418.260254 43.366135
230.550583 91.803474
2535.412598 378.624878
140.778732 283.820007
4624.227539 175.186920
490.450439 81.767616
130.064194 132.253601
1057.918091 57.831329
3346.618652 12.216299
1569.639038 0.712043
8087.191406 559.742676
1006.184326 460.488098
862.815918 344.238800
3912.805176 230.333511
110.775642 49.016315
312.222076 26.136997
1990.343018 14.359815
5496.770020 10.548053
6610.304688 257.534546
912.171631 202.327271
869.843323 140.779800
994.551697 87.191971
540.657166 30.032200
1852.580688 12.473494
291.261414 7.279241
53.698360 8.183414
3198.381104 165.140121
365.092773 141.782181
10.068863 103.082657
964.833923 61.990021
134.377838 15.701086
197.916443 7.055188
1349.748169 5.723367
7051.393555 11.430880
4815.955078 73.878258
7230.554688 62.283791
880.272217 46.698982
153.866043 29.973961
626.775146 64.733330
188.058899 36.300983
306.793610 14.182960
2177.255859 1.924828
8151.856445 206.820831
207.499512 173.086578
932.262878 134.908875
1143.307983 97.921532
1196.280396 16.143753
135.257950 28.379738
5477.086914 45.932316
1104.009399 73.786713
2227.977539 43.099945
2422.718994 13.741158
136.575836 3.711789
52.195667 6.881268
273.986572 98.084488
76.658569 91.041573
1168.418457 82.600861
3437.231445 65.430618
635.205444 181.001175
363.869598 163.149841
2642.100586 135.950562
1171.450439 112.160675
863.515991 6.266132
583.922607 1.686205
5791.727539 7.859531
1698.974976 26.663864
4591.294922 21.206387
6158.886719 22.648851
484.581726 21.497459
401.305878 15.109918
906.463501 24.782974
579.847290 15.091497
5039.440430 62.759285
2005.780518 168.590668
6308.383301 386.530731
2652.165039 270.888580
660.077637 166.109787
1225.762817 80.084717
253.145294 162.047455
86.733215 92.788437
672.762390 41.634472
1720.962891 8.399967
9158.023438 642.126709
6242.995117 517.224792
1346.837158 379.036194
4931.114746 256.571899
240.855835 72.432159
63.502518 60.383820
1484.625000 50.291416
11447.246094 44.327953
723.162476 97.774506
1294.372314 97.140915
283.304810 92.475075
799.396606 83.850746
757.311646 12.300416
204.447815 25.396954
2539.525879 43.863140
4845.549316 67.460991
629.970398 43.302753
861.742065 19.497448
502.979492 7.129367
53.244995 5.508083
5.744548 7.365286
261.049347 11.724207
1413.106934 38.916683
4752.883301 104.722717
2283.683105 39.595688
12942.015625 9.170973
926.500000 4.872275
3603.747803 7.434234
971.502686 69.643837
597.892883 15.712462
3589.888672 0.318873
169.687576 25.693886
3968.983154 524.562195
1684.982178 402.177368
3313.824707 273.454803
21.075596 158.103928
481.397980 150.196030
352.098114 175.501205
2543.056396 212.513687
932.036865 232.796219
1151.100220 214.049332
855.660706 210.914886
3645.033203 181.742920
181.966965 153.777100
344.777252 70.845589
620.427124 59.170738
537.608093 39.295738
7246.822266 15.826077
4904.927734 258.175110
9047.252930 177.396103
2172.494873 117.001923
824.775574 84.607269
59.703865 40.322807
631.832764 91.087494
2316.119873 152.226242
8760.291992 212.887573
15216.323242 51.361351
14.590657 16.081278
307.607758 0.522547
46.149895 8.597437
1555.768066 293.846497
4143.051270 304.293915
334.275970 299.281891
2961.386719 248.691223
1393.639160 827.829224
17404.779297 623.830505
1498.158325 436.042419
517.000122 323.936127
1176.882324 223.000076
1000.250244 120.357254
654.874817 63.848255
791.117371 106.834618
19760.099609 531.709167
9007.913086 448.064606
642.239136 389.369019
575.111145 319.799438
2557.340820 350.717468
696.296875 345.790558
1490.105347 346.549988
12906.925781 332.900787
6041.281738 347.274170
931.759277 388.619843
2232.612793 389.183838
1917.531982 368.859558
397.760864 149.740082
1487.021118 121.687286
2.832334 145.020508
309.566711 242.681808
15174.835938 920.441650
6334.547363 608.749756
373.825165 374.853577
868.757446 227.867157
120.674644 367.947662
1491.278320 175.724121
61.831516 61.703289
8585.808594 40.036385
5296.679688 1543.486694
3401.715088 1257.601196
3195.307373 934.567810
2077.635742 626.772705
270.211670 384.521027
675.829468 267.168182
664.289917 192.824142
9434.184570 152.067657
5561.907715 734.774658
287.871704 745.160095
1800.849609 666.062805
4118.863281 530.264160
2778.964355 116.200531
112.859962 88.353195
1835.438110 77.656357
6649.641602 99.643211
9833.317383 133.470093
3586.049316 140.554047
190.211914 147.880585
85.926636 140.429596
2521.117676 60.067337
579.637329 66.608589
1587.293091 92.062309
2971.572754 121.721100
444.357056 316.561981
14609.619141 232.167175
355.181610 147.401123
1688.892944 86.001083
143.585098 160.761276
443.704346 83.096344
5236.515137 42.029099
12778.390625 53.018154
3691.128906 871.087402
843.336914 641.091919
477.008850 435.068909
53.873825 275.176880
100.856674 458.301727
5448.012207 367.969391
5277.708496 330.528534
6217.884766 332.336395
15256.482422 596.006104
1231.380859 682.329407
1241.860352 668.633728
4980.106934 576.347473
1112.498169 157.518539
202.300171 234.317841
1150.491089 299.294739
5418.229492 328.027130
4733.833008 163.774689
791.724609 111.988358
9448.505859 84.585777
2181.176758 100.268806
1076.358521 310.795959
679.886292 191.641464
2258.213623 89.211151
10859.221680 25.726660
12909.803711 983.414612
1393.946289 791.577515
8485.846680 604.937866
4116.437012 445.281982
17.695608 184.210510
1516.481812 140.851913
888.255798 136.060318
4054.586426 166.840500
6941.605469 192.344498
1987.996338 260.756744
44.557491 276.884277
1707.948242 241.996399
2699.848145 42.584389
178.806870 43.118530
1105.698486 41.564034
2604.028320 33.432674
1263.889893 95.878098
4661.530762 78.067284
2855.076660 59.104115
973.788208 46.600452
117.460236 93.354568
1447.415771 99.579018
16.626610 211.931946
2981.368164 407.888245
5081.271973 443.171173
452.928833 379.964111
1038.559326 282.489868
17.484787 171.008041
1046.820068 187.957565
2677.726562 147.531464
2340.315186 128.302536
2742.392090 149.447281
7242.332031 531.494995
13357.284180 406.911133
2207.100586 310.537567
3580.432861 240.797455
54.826122 97.580605
308.948334 40.043167
715.936523 8.775767
1115.264893 12.461051
3470.156738 750.234924
7163.736816 528.902283
4147.191406 333.715698
1593.703247 190.468018
117.265015 44.968906
1747.199219 52.489254
369.296173 66.846802
340.699188 84.445221
479.164825 45.514015
364.466675 46.857529
226.129486 45.788757
911.619873 43.880901
673.696167 3.661217
3953.061279 17.850267
1021.743469 59.996712
999.945557 137.674011
589.786987 110.122856
3526.233643 52.926643
138.223297 21.455248
1222.672119 6.509991
1379.084229 206.953827
2216.324219 173.881363
3096.191162 142.783569
7715.231934 91.551704
2727.139893 883.008362
8145.828125 660.394165
1252.458984 441.312286
4157.650879 285.958862
580.481934 270.041107
432.989258 200.916687
212.358963 220.623199
2189.415039 345.847778
26621.427734 641.941772
967.048096 577.159851
1854.206177 493.110229
784.583801 382.901001
2195.257324 299.330994
1108.295166 158.537262
507.128174 51.906139
1208.717041 3.212447
1082.716064 859.987000
5340.959473 746.801270
4829.048828 606.771240
1414.388184 453.673859
1338.583374 70.612854
503.402985 132.474533
822.750732 224.343491
12025.469727 350.094543
2375.156982 65.987236
154.390747 13.818598
1896.940674 7.316921
1136.617065 29.611031
1111.568359 317.452026
1640.739624 209.285767
49.954121 147.274323
2615.704346 118.525627
4820.316895 1375.167969
15975.455078 1076.392456
2981.859619 760.443665
1349.771484 497.754791
0.792415 140.472580
2797.838867 51.326031
2703.055176 4.979788
3908.320068 8.905492
3656.479980 472.723206
4137.394531 434.703247
1537.936035 357.133362
544.230164 251.406952
367.016083 95.912247
246.896454 63.874809
151.883911 44.868191
10454.849609 30.285156
11078.663086 406.589203
3064.482178 326.366547
1289.180664 232.779846
572.740356 151.577637
1268.734863 4.374351
167.844971 6.111477
2369.381836 41.811150
980.166931 92.594727
10407.375977 261.576050
781.742065 196.922760
111.095718 115.816994
2806.099121 44.050087
764.817749 199.477509
2994.559082 127.920380
4358.819824 64.964851
5002.042969 15.976067
3094.207520 818.694092
7792.105469 621.842529
3473.479980 436.787720
114.894005 295.921570
308.655945 267.932312
519.666321 204.792206
4565.739258 225.286194
428.898621 326.531830
593.803162 347.556549
308.811249 430.933807
30.139956 438.255005
1296.909424 368.167877
937.945862 196.744934
531.935547 179.054749
1917.173584 142.071014
1443.943848 88.851158
18694.681641 252.100021
1547.600098 231.040649
6260.755859 213.225754
6277.091309 203.940552
1211.308838 14.171864
1165.658936 1.099154
296.393524 41.754112
1259.151367 144.593903
3950.548828 257.367096
1279.191528 182.643936
3542.082275 118.397690
768.484497 59.762833
817.902588 174.729889
686.919312 117.088272
424.280579 76.570168
4812.001465 37.484375
3985.367432 926.044312
7664.029297 695.082275
826.975525 461.441925
1581.173340 282.552490
381.249207 104.843781
1164.345215 60.079590
1364.177246 57.958420
3452.648438 84.417244
1873.654053 278.893250
3880.237061 296.480804
658.472046 257.121765
1126.422485 181.194046
368.622803 56.998093
1554.343750 23.013723
173.447937 52.529491
4340.829590 143.051422
3748.178467 365.769409
2687.717285 307.236664
2574.865479 226.902985
1401.254761 134.998764
118.676147 59.720825
1930.122070 60.207520
957.933044 78.427200
450.954926 122.542587
1420.641357 171.019501
4189.791504 119.445404
395.474792 87.574844
1471.934692 69.323311
6.701180 78.033775
433.628540 72.563728
3288.368896 65.698524
2841.483154 59.406853
2536.333984 147.118408
3514.691406 119.044640
969.575989 97.462807
2340.738525 84.735046
54.318989 127.096893
2957.904541 203.353943
2194.821289 336.985687
3363.569336 523.696838
3360.580078 855.245911
3543.049072 498.458923
843.604248 250.082993
2355.957031 131.882202
641.597412 717.924683
2159.072998 324.430023
1569.660522 80.387459
888.925232 53.719872
11585.828125 2407.894775
9470.521484 2066.273193
3475.884277 1646.299805
3578.133789 1181.142578
908.162842 235.042191
3245.053955 223.788300
727.856750 235.723328
6116.989258 266.581451
1520.953247 455.981384
3674.749756 391.745392
4616.786621 325.715271
2605.798340 270.392609
817.699158 89.099533
2565.393311 91.688255
4224.276367 114.339172
3670.599121 130.786087
7878.275391 324.963776
1036.852905 272.418365
873.405396 193.970490
1721.353271 124.380997
883.061096 127.046173
93.825058 214.500458
8497.104492 297.601440
2414.817627 331.347809
5879.495117 294.791931
4526.979492 198.237747
4180.896973 113.141609
964.988770 84.808655
922.787476 460.968567
2655.007324 336.185181
3911.871582 222.742340
9519.019531 163.960770
17415.533203 1433.609375
11911.724609 1081.533203
8109.644043 798.747559
1272.432617 602.254028
3002.084473 309.679352
264.912689 152.486359
567.591736 71.554420
254.349594 94.561996
10490.049805 495.981934
1966.045532 579.893311
2337.790283 578.079102
4137.532715 475.458344
928.008484 88.120033
698.661377 90.505722
8192.500000 102.298012
7615.809082 108.310287
1797.183228 196.976761
8464.309570 176.357452
207.545090 139.423874
4839.885742 105.190086
831.563232 8.854788
20.754272 20.286098
4508.373047 38.296940
8321.777344 60.582802
13958.726562 1.799045
1896.651611 0.160843
319.089172 0.786943
6039.799805 3.144539
1127.744629 18.585171
31.996109 13.078252
271.507355 50.419746
4642.965820 137.776001
2744.569092 461.535980
655.199463 288.163055
49.251007 153.150864
1051.542847 64.202675
85.590607 255.057770
1984.139160 103.535797
252.810608 16.659466
159.561584 6.088391
11320.558594 1060.625000
3381.432373 888.657288
3547.818848 674.937866
2795.648438 453.569824
1629.841187 40.367783
103.603668 34.473740
1017.694336 48.953053
1227.658447 86.905617
1918.907471 366.809540
15.041015 238.080368
1922.372192 136.213547
373.311707 71.413109
1517.359741 127.075272
267.882843 83.049324
1183.240601 95.700516
4062.777344 132.543289
3846.355713 848.914001
292.472443 664.988342
2242.105469 443.990723
979.663330 250.125717
75.687729 338.501129
2857.075195 203.797913
1029.262695 99.838974
1760.045898 50.198299
19651.015625 768.394165
2460.680176 703.893494
828.841309 604.958252
1853.626465 478.903198
5446.500488 210.643250
2262.242432 285.706848
2625.884521 360.641418
6620.979492 431.835327
7807.881348 9.548808
4094.322266 23.461834
2944.570068 71.056793
1789.172607 137.291351
736.810059 207.749512
1556.973633 94.882553
2697.686523 37.471519
428.684204 67.485741
18854.355469 1271.745483
3958.738281 910.144897
7213.625488 602.169800
1887.273193 371.477020
3000.178223 447.263580
647.176941 325.731750
1618.342285 264.224518
4516.150879 239.585419
496.127441 873.181580
554.315857 886.241882
4588.066895 784.758423
69.250320 616.701782
1160.430542 122.339203
309.376129 87.457031
3955.540039 61.300293
1781.534180 51.650368
6621.172852 187.692688
4894.959473 188.723068
1969.271729 178.781906
3364.862793 155.583374
461.570770 10.771105
814.579346 15.945338
14.336947 23.257626
905.934875 31.011730
1181.938965 2.604687
234.154694 4.569539
1835.243408 6.216982
1078.815918 7.879216
893.311401 64.184898
1152.450928 76.781143
2202.436035 121.822578
8390.839844 176.140671
4487.462891 257.971954
2187.994385 215.270264
236.583313 151.532623
1597.114502 92.773880
481.189362 103.045441
202.240097 70.397980
110.858688 36.456280
12483.878906 10.795495
12506.893555 295.520691
1643.483154 230.643326
7928.629395 176.015945
367.753235 135.547073
1492.089111 2.293667
1191.629761 9.705832
2241.628174 31.486393
5205.926758 50.157078
4995.598145 245.772537
2289.783691 167.889526
3745.052490 85.796051
108.766891 26.152588
1313.319092 109.311676
2683.779785 63.556129
722.204102 20.505507
2112.234131 0.347952
6255.296875 342.763794
4067.252930 259.516632
237.441879 197.036118
41.479580 151.200302
677.404114 66.785011
2253.199707 41.778057
234.239960 28.652411
1319.401855 30.074518
2742.660400 78.277908
1884.577759 102.073151
3885.395752 107.485336
396.962921 93.022415
863.021545 37.820759
482.067200 41.649242
397.679840 47.829079
1572.390015 56.116348
5631.283203 43.090912
1473.363159 38.489120
4047.391113 36.279129
144.781174 36.100483
107.723389 96.839188
767.452515 29.951168
2833.311035 0.087197
3555.375000 27.261902
714.322266 260.299500
2879.278076 249.177155
947.130493 222.740433
502.290466 169.545898
330.087891 56.088608
1162.067261 118.648499
1679.792969 236.905090
4930.982422 391.813385
1431.818848 10.560980
2926.231201 25.747841
2388.220703 34.861755
2192.201904 37.556843
55.223782 86.497284
1591.525879 46.644211
1170.573975 20.126743
5393.671387 16.544001
3179.607422 680.042969
7600.206543 457.046234
4837.069336 274.368958
1106.289307 154.259857
192.989929 68.740097
1351.371582 81.582596
7883.164062 111.591164
17714.339844 157.375153
71.740280 27.253529
696.010315 43.584702
2163.700684 57.777153
79.089088 64.492317
537.978455 21.905533
108.294128 8.289707
3331.064209 7.710423
4812.228516 17.598034
12622.619141 286.027527
633.089966 197.181946
3761.500732 115.410263
554.778259 55.819180
253.367096 38.419113
17.123354 18.224327
1901.014526 3.729707
3381.806152 2.228637
9167.975586 188.290985
7502.119141 136.311905
100.318680 93.949181
1140.041748 62.565491
781.676758 54.243370
1041.582275 33.529716
272.576019 32.371208
1875.650146 40.192818
3581.610107 194.057022
1301.738281 182.768723
78.455833 144.228500
427.651855 95.055267
2523.229004 34.831928
316.314758 30.358917
658.257812 31.243357
6850.005371 33.323193
9945.582031 128.529053
1821.940430 102.139862
3132.559082 72.710999
350.312683 48.750092
527.646484 14.282767
44.789963 1.767090
5339.200195 48.317673
4533.532227 160.562943
1208.304932 154.426147
4246.263672 129.663620
1137.387695 100.381775
47.557213 57.323135
334.848389 221.377350
486.826935 249.393402
4753.297852 276.054565
3941.477783 272.852600
2075.919434 325.811462
14011.874023 294.997711
1322.490723 248.778320
2428.759521 218.639038
225.362396 38.671566
1264.947144 14.323430
25.218830 5.134685
3797.161133 34.252529
9177.936523 260.161041
18646.738281 161.983109
2005.109863 101.397179
378.517944 65.878525
149.932388 29.090342
360.180298 10.703908
186.836197 7.141833
3101.603271 12.108358
7622.972168 485.457886
5861.493652 325.119446
2770.077637 180.565460
809.221130 80.641151
417.783813 32.674026
90.611038 9.251286
2110.678467 4.692202
1435.070068 15.872082
5494.986328 125.464325
758.300964 125.349052
2091.923340 104.062523
133.397903 68.664185
735.410950 5.712373
3763.742920 26.079498
1705.170288 128.901657
615.066223 325.157837
3900.861328 280.400360
160.862289 169.106522
88.885078 92.908752
312.386383 36.774784
107.133461 168.852051
2095.729980 103.589645
3994.624268 66.488991
4100.119629 57.761253
431.187958 1009.245728
21373.628906 728.969238
612.894287 472.526550
6839.074219 284.395874
211.602493 60.210945
3354.856445 34.566780
3914.258789 21.414505
10724.000977 16.982309
792.481262 236.004272
1196.052368 199.665955
198.002197 149.872681
4106.344238 99.979240
382.152130 1.980731
213.353638 5.175879
5035.594727 10.189576
22117.884766 20.163536
20582.554688 33.788548
8813.558594 12.743635
3175.205811 2.281532
1815.752319 0.090000
340.198669 6.383575
361.136200 0.215650
2279.423340 8.232420
9663.579102 27.423477
5547.811035 127.508354
1623.195679 94.170883
2395.043457 58.195625
4480.547852 26.849430
1393.509521 6.587111
271.784790 8.601496
2726.881348 24.428997
614.395752 60.962112
11383.706055 190.866730
4155.314941 105.831604
224.749649 48.302853
85.226120 17.736618
387.121887 66.787209
2625.359375 20.622320
1096.260742 46.697662
11235.852539 125.328445
679.066528 824.060364
3438.211182 615.723145
842.163269 388.901550
537.032959 193.842194
328.929504 265.100677
168.477859 189.050690
5.742292 124.558884
412.189545 66.379410
13757.372070 780.499756
3071.514893 651.662842
1463.018188 501.208618
1979.957153 367.106384
129.885300 46.419292
934.421387 21.557495
495.767517 24.737160
3132.223633 40.094021
1226.555664 225.823303
646.645508 214.788300
3563.783691 165.215988
826.039612 100.033539
797.029907 144.015503
1528.318237 112.524857
432.098816 96.793388
2210.288574 103.838661
10119.869141 287.926361
1831.839722 256.489471
504.776154 221.088837
256.812866 182.491287
4208.037109 84.827293
2323.178467 76.415771
349.602905 68.297791
1990.746582 65.874725
3488.090820 98.907089
1934.882324 93.343445
1718.539795 91.638107
474.343170 89.885201
556.541260 36.786816
147.441925 27.699141
1624.369141 21.246590
639.354492 15.149134
1680.240723 99.300949
7096.983398 86.799133
376.495209 68.539970
494.360229 50.565693
1961.889404 89.858337
196.871277 111.388733
680.221008 141.710495
2617.754150 162.827194
693.547852 162.827194
2617.754150 141.710495
680.221008 111.388733
196.871277 89.858337
383.579285 153.242767
45.833687 62.435955
804.237915 82.166115
2009.283813 247.771301
37078.660156 698.789001
1861.846924 564.497803
3.524786 435.848328
1597.010132 294.084351
4750.479492 229.060730
3059.216797 265.016998
94.975449 318.752014
2741.706543 381.241974
262.461792 297.454590
7064.368652 254.167572
3984.745361 225.160187
1254.073120 215.691437
1079.540405 132.991486
1.680430 81.635468
2161.172607 40.976631
4086.825195 14.795437
20138.050781 863.627319
14618.171875 600.910400
641.155273 374.115082
2207.027832 220.178558
368.574097 128.214828
3269.662598 171.143890
4585.074219 199.465363
2096.441162 207.424011
3111.613525 1.594162
3584.973389 12.189326
424.338531 39.473324
66.417473 80.736023
28.290174 117.649185
602.668030 124.608414
4730.621094 113.257988
7104.229492 90.466660
10330.526367 157.407516
9702.462891 111.798859
1347.869263 93.865364
15.673437 101.196487
758.606262 43.703388
782.879639 39.497040
134.670273 18.809706
2214.141846 0.489345
14116.234375 246.097198
10419.288086 123.972260
2701.490479 57.062550
1325.812866 39.855968
1687.049072 38.040596
1548.140503 29.799753
521.163269 39.145390
5337.369141 77.002609
11871.902344 3.619361
2291.323486 19.980354
285.724091 39.008022
200.959702 45.457703
1263.265747 41.077477
242.283234 28.609343
1181.080078 21.187233
478.897278 14.828435
2005.332764 135.917099
174.058670 116.975517
1863.218384 89.101868
188.914658 61.652359
670.790405 16.523077
550.213684 34.208405
731.905334 53.917236
137.797073 70.967163
1513.026733 29.973942
1934.119507 14.036951
1064.908081 4.938804
221.266479 5.746585
484.378113 65.666412
937.952881 40.015472
237.611633 14.900142
3078.914062 5.801759
418.358826 175.665329
363.953918 130.973007
1345.034668 103.289169
81.267601 85.170654
340.425476 20.270054
2156.822510 13.123514
381.249054 14.132804
7353.796387 38.957710
763.041687 10.369259
3699.439697 2.227446
1670.041260 11.474593
1608.553711 20.889433
841.411499 87.725784
3493.572754 45.158360
286.027893 56.884514
1208.558594 128.567261
2230.939697 175.588440
74.885033 203.888977
6012.185547 198.176117
1895.459473 151.871399
1961.923706 94.754150
596.110535 88.774368
25.036283 116.365784
2405.156250 171.991287
1807.720093 81.549774
10069.628906 121.117363
3309.200928 133.589752
1377.309082 118.404709
711.316589 91.902298
842.466492 80.129051
4639.328125 95.971405
9647.666992 120.411385
4977.944824 268.703979
750.344543 249.747894
8680.441406 197.229248
1170.547119 135.749512
2150.854492 25.131050
2440.712646 1.260342
5145.486328 8.042685
2906.683594 43.619038
8605.096680 262.889221
6900.652832 205.044601
210.306717 138.576370
2978.426514 74.430145
578.415466 142.467758
1637.829590 158.920212
6998.037109 172.622314
863.709534 173.634216
3442.323242 165.087097
7001.964355 152.019836
2796.369873 138.323517
644.085388 133.937042
56.744530 21.116859
669.339050 4.847557
261.099365 0.015795
2736.385986 9.237877
7490.040039 396.149170
16115.746094 252.983383
5171.623047 135.499481
317.727417 59.702705
21.556335 24.528360
2291.898682 31.736134
2026.504028 47.171291
294.079163 71.439201
1094.839600 71.037415
3722.687988 46.982246
2329.477051 31.687328
483.359375 24.525949
710.101074 2.918890
1462.436768 1.529940
3985.203613 2.255368
6962.691406 6.312069
2336.919678 73.611664
3517.899658 43.705597
3872.097168 21.246387
2385.391357 8.325896
249.728577 18.945335
1229.940430 23.208523
3446.632812 38.907993
3484.046143 63.140636
9788.912109 19.778450
236.967606 25.920439
715.482971 26.688143
2064.367920 22.477684
171.692047 42.082417
260.047638 42.028904
287.967773 39.767807
1537.612427 36.367619
1948.239990 32.125175
3470.793945 33.582516
2614.620605 36.572147
4127.001953 39.914661
16.037003 37.986156
283.814331 30.596907
3089.303711 38.222176
1376.289795 52.729393
5328.327148 187.943192
2042.344727 151.879089
118.969795 106.043045
748.125061 64.384865
51.412952 42.397449
119.525436 27.545006
5626.281250 15.342434
10680.665039 7.070409
281.916504 81.273911
916.138062 79.506615
2118.496094 71.061241
283.642700 57.800514
204.148621 3.880954
308.086823 2.212533
8251.938477 15.964489
8366.873047 36.691551
7230.067871 176.724747
201.440460 125.446579
3099.544678 70.644714
2797.077393 27.013865
24.460323 21.184605
396.577972 0.460861
3843.959961 20.959654
5097.334473 87.944664
6666.076172 457.216064
1428.848389 304.894043
831.285767 175.288406
584.571289 79.745857
3763.183594 228.119888
1568.098389 114.920822
484.955994 54.596962
1348.309570 26.354963
6795.346191 1108.254639
15107.816406 907.913574
2708.176758 652.423767
962.199097 410.658112
110.897003 67.853912
1157.367676 25.733040
2539.885498 8.477626
5175.909668 12.287256
555.325623 315.557556
2406.869629 272.358185
1449.867798 205.519913
819.159851 131.645645
777.919617 110.268936
621.068054 36.100643
3478.161621 18.797689
71.458008 53.442162
9563.281250 749.891846
4565.562988 590.197693
766.441101 408.170227
686.091553 239.073669
535.728577 239.506958
1018.542297 187.467636
437.819519 176.123184
3523.086426 180.726654
259.743408 587.477966
7774.194336 552.945496
2429.680176 455.614502
964.916443 336.777191
59.701866 154.799149
2109.695557 122.455063
3187.047607 68.266251
1217.105347 18.717163
6306.281738 159.579483
2641.016846 137.708435
1020.969971 143.297470
128.933762 157.261063
1954.687866 32.594257
1292.390137 31.198418
2641.815674 64.135925
828.468689 152.580673
483.004517 47.419365
354.150208 28.606812
145.060913 34.881165
1785.692139 39.098930
467.852203 97.707390
3473.242920 54.655602
446.458130 25.893784
234.807922 9.497383
2625.622803 260.212891
2389.044189 246.040405
1068.370605 205.639633
5281.199219 151.464600
704.516846 5.126198
4177.214844 25.061413
1517.128174 62.839046
4065.971924 113.195892
2247.763428 28.962786
200.726227 15.969124
1412.671265 6.293459
464.718658 0.920715
86.353683 4.096152
781.269897 9.015063
3841.216064 59.603027
945.563843 171.737961
282.432281 320.424042
6895.927734 178.935791
2040.931152 85.315529
435.194885 30.236485
700.102661 256.898163
1228.923828 207.279144
1041.683716 160.082291
3914.464844 110.793640
5946.950195 580.612793
7536.686523 500.827118
5534.346680 405.527100
1644.616699 320.920532
16.507414 5.019318
216.527893 8.876270
2506.515137 27.714159
3060.342773 81.594460
16914.523438 122.469452
3445.905029 44.500706
1568.578369 10.956182
343.875061 4.013369
2011.175415 112.200951
818.159790 135.743500
1624.069336 162.702271
4227.552246 179.798447
2058.411865 70.672791
2847.150879 86.668030
86.355652 93.365921
547.467163 98.921394
121.151360 59.899742
1014.997986 14.554441
4547.025391 3.864497
1505.418335 50.643517
17083.355469 457.340393
2348.447510 316.428741
1212.148315 206.927536
63.910088 124.321114
445.333160 81.101562
400.204102 30.861429
3285.813965 4.000598
7391.784180 4.641244
759.407104 624.589233
1053.649902 448.437042
1604.763916 286.334259
1738.399170 162.926819
39.473282 229.770996
710.392395 177.459442
8056.904785 186.905792
15.033305 236.397400
13872.507812 583.800720
988.536377 554.024475
134.643951 459.890381
3806.642334 336.003845
2401.625488 131.244766
4230.435059 51.195564
6479.259766 10.080247
764.814758 13.346062
13106.605469 570.922546
9518.398438 477.766907
3065.462891 361.134918
413.944397 239.594696
192.993942 31.401300
3322.060303 10.534084
4945.134277 23.318073
4866.464844 68.930275
4604.926758 366.854980
10376.069336 263.563477
2912.751953 164.759018
289.860565 84.360252
497.603790 155.083771
121.760635 82.546532
424.693665 36.210098
1910.665771 14.657374
811.311462 654.056702
1961.450439 530.891479
2078.767578 388.854279
918.668274 258.040436
741.592163 137.263916
18.717764 165.670883
5010.690430 180.426666
6499.745605 180.038849
8423.267578 6.960293
231.567993 28.268465
1390.519775 61.225468
2866.855957 100.059906
215.364044 54.505970
998.649048 16.430470
3488.312012 0.816303
5447.954102 30.040386
233.172913 377.777252
2208.878906 255.207947
1436.768188 165.746094
65.570801 103.011703
1706.075439 84.540176
1063.755371 125.323242
9109.739258 186.504211
5326.936035 270.359619
2925.679199 75.191170
3430.664551 44.311115
1707.230469 42.209419
1675.256714 57.615345
360.218201 254.628708
235.724594 195.251526
2128.047852 151.043030
5401.143555 111.474762
3050.142090 907.708679
6579.557129 711.971924
7481.270508 511.708588
184.328339 354.665955
875.549011 236.641800
2091.699219 184.598434
1505.427979 160.128799
3877.224121 174.941971
15017.957031 360.007629
4332.085449 358.367218
728.539124 338.202118
2716.444092 294.598724
346.703644 187.785172
1950.951538 198.644135
5633.359863 211.817535
1058.975464 212.919525
600.986877 290.112396
2933.486572 258.178223
744.474915 219.863708
206.065460 193.382141
128.825928 46.347172
1459.780518 45.068378
3443.360107 97.422432
3923.437256 222.961899
4432.750000 192.078720
1676.020996 129.786987
5114.030762 96.634277
271.195404 70.144691
215.776764 166.547775
609.704590 135.234848
4353.671387 111.607758
7039.769043 73.295341
15065.030273 940.704346
10284.593750 677.334106
8145.328125 426.493530
1149.766479 252.338440
907.279602 59.049969
2679.306641 64.745796
1844.024414 69.826042
9132.884766 90.916855
34961.398438 44.177761
2274.965332 18.251657
2936.319824 24.173166
516.881897 43.641262
3083.765625 78.124519
231.236984 60.113533
1467.596924 47.976257
5085.895508 52.426376
10478.798828 110.062187
11014.199219 101.658768
1922.220459 98.448647
155.072678 92.054596
1191.403931 156.067200
392.615356 123.888550
1451.610107 114.908295
5447.257812 124.184067
1316.510864 407.338013
3041.276611 352.998535
1741.190674 281.974976
391.154541 211.389648
465.318787 89.145416
335.381500 35.645458
276.991028 22.349735
4253.098145 45.102448
7233.922852 362.740662
5012.087402 329.456329
955.933960 260.191895
219.891785 171.671890
103.870171 184.810486
501.512817 120.262970
5322.485840 91.270012
2614.986816 102.653664
2445.332031 596.329590
259.142090 498.175568
2778.764160 386.209839
86.950668 277.069946
1541.523682 287.719360
944.370361 269.916138
1919.114258 217.984604
3392.427246 151.602829
274.082092 128.217957
5931.718750 166.046021
2427.426270 218.788757
1913.875488 266.644653
745.267639 241.271011
9873.214844 173.174103
942.134277 254.085449
6322.118164 532.103027
18257.789062 1028.865967
5859.394043 767.434814
1437.100830 563.341614
342.877716 387.241730
3556.260986 755.996887
231.229614 522.915588
150.076004 354.216858
5300.877441 218.471085
3484.027344 1982.044922
13864.125977 1780.808838
14385.451172 1441.105957
972.249146 1071.765625
10.623727 73.568878
289.992279 23.386810
787.771912 10.508828
1441.861938 39.855312
1517.318359 180.999496
5029.177734 200.420654
1586.253662 186.210648
21.350300 137.573013
71.371429 45.925972
2211.277832 22.434311
370.544006 8.250501
4064.638184 0.848243
2494.930908 281.657745
5559.241699 213.329758
3210.042480 142.598053
137.964432 84.916626
683.533569 30.774439
281.214294 7.987114
158.397736 6.601514
507.647705 31.053513
882.937561 127.754250
70.032196 114.739746
441.355743 93.620697
47.076084 63.387329
464.660217 47.279232
332.684204 65.905151
2755.007080 97.559013
1739.635254 138.008240
54.696651 40.078102
7689.564453 37.592918
367.856934 37.627510
991.110962 39.590122
430.172516 35.843529
510.899323 22.910334
3265.717773 11.209064
4606.226562 4.392333
7428.628906 175.011566
282.045746 123.233887
2444.120117 81.081398
623.051392 53.100304
1058.145508 37.394699
730.426819 72.319099
1645.008179 124.889442
6979.255371 191.944870
11966.744141 43.203270
6.125155 18.875507
771.909485 11.753382
311.454254 18.078682
660.704712 281.517578
24.650723 230.198975
6118.694336 168.607513
14611.375000 106.282845
29148.476562 836.464233
1482.374512 629.057739
1012.623230 456.770233
683.061279 345.667908
833.584045 129.258423
706.505737 29.815748
8123.357910 2.711511
1323.802856 76.936447
3574.020996 356.483643
8127.153320 357.723022
97.461784 327.383911
306.667419 245.220886
1906.682373 75.824928
262.940186 82.663132
1591.347412 117.593552
6150.377441 188.232483
1972.414429 365.946655
4188.411133 236.856445
4813.214355 146.296143
3077.159180 95.118584
363.745361 106.118538
134.403900 77.942665
242.852356 59.030640
2309.514893 47.404140
1577.340454 374.446045
5494.370605 296.024109
3461.661377 215.707886
1484.236694 150.582550
2160.557617 46.707207
181.649734 66.644066
4599.803223 127.000557
8657.848633 240.104950
3430.882080 89.241798
246.451172 53.286026
985.548706 45.097839
136.128937 44.406929
1780.673340 94.852493
710.033875 38.783791
1078.773315 6.539149
2613.176514 1.836763
7302.500000 465.213531
177.286011 371.125427
5700.430664 267.947876
1772.609741 172.579071
1145.886475 3.538254
527.143677 7.597100
829.701599 34.604404
2881.427979 86.201965
13014.338867 205.210449
1933.869751 123.851723
263.277557 61.275894
801.165955 21.256155
1693.209229 29.156015
1571.842773 35.881092
525.949036 117.561119
671.571838 268.473633
2066.448486 805.978149
2374.893066 513.260071
495.745605 269.607086
0.456628 105.400757
599.999512 487.713165
466.821259 277.003906
1236.743652 101.322250
2117.218750 5.638931
7263.894043 1792.116943
4208.129883 1397.215088
2308.472900 1031.094116
939.726196 731.268005
1071.508667 388.653503
900.666321 271.514618
1403.603027 262.654114
399.785614 330.604248
4580.831543 741.191162
187.900177 821.617554
551.799927 752.848816
1880.632935 578.171021
623.410522 122.003014
661.629578 54.221130
1583.665039 68.408020
2099.543701 154.430786
8971.661133 785.079590
4570.570801 630.801086
6095.250000 444.193970
2980.778809 261.640778
889.269226 156.380295
93.403969 88.942932
284.110657 48.934242
1184.077148 69.353912
1902.802368 487.180511
2193.699463 378.346741
4744.732910 296.364624
94.392044 226.806458
1086.568726 89.150505
203.106049 77.218964
345.447845 77.295670
609.742859 85.188286
2032.207764 281.408478
1827.263428 223.913040
5128.766113 165.095612
884.976746 118.091133
361.414551 12.021647
789.454834 5.230296
2562.046143 0.444949
11701.221680 4.594623
3960.101807 220.703125
1399.237549 127.639229
506.032654 61.573330
1195.068481 26.362812
410.527710 84.752594
663.894531 57.171661
31.389400 41.232563
13435.751953 39.070595
990.373779 110.967354
510.810455 131.781250
552.899902 132.810593
1684.037231 114.189987
243.274841 4.403844
216.094894 15.684677
404.252838 41.550419
11010.408203 74.082840
2079.458252 49.564114
2102.423584 38.743488
1175.602539 23.003660
1842.706055 8.721281
749.813599 86.340858
2481.327637 51.741852
172.963287 17.693657
2888.529785 8.582335
935.576965 291.335754
12879.897461 200.918137
1192.742798 145.283371
98.246849 113.698837
852.314331 47.426960
2136.690430 45.800350
2986.200195 62.734360
2891.680176 110.478134
5629.161133 3.940604
1263.135132 15.757612
3453.574463 36.576321
198.952148 48.400192
269.020111 155.600327
89.028145 168.240753
3986.343994 197.506989
2598.489014 226.836761
402.706299 156.868881
447.838135 178.337753
4725.079590 175.963348
2563.742676 162.213898
190.947098 181.661102
1253.044434 149.976913
3906.672119 99.169907
3447.107178 42.892124
4484.184570 333.922821
3864.674316 269.051086
3682.800049 224.190399
759.041382 200.253220
184.985687 23.565067
4.620487 40.396324
103.574783 110.691704
27.099751 243.584808
19481.531250 18.134232
3956.569824 18.579372
936.848206 29.485477
189.968811 29.356817
1638.861206 117.758972
141.134201 60.817482
6208.269531 28.506237
734.809937 23.596373
5522.803711 910.308044
7067.939453 636.036072
3824.282959 393.017944
178.876633 220.398834
3947.414062 235.010895
1791.618164 205.834229
4988.779297 189.784470
1845.235596 182.056946
376.244995 471.209686
615.577209 414.368958
2413.393066 345.388885
2545.214844 282.018982
2528.056152 347.921539
2670.609619 181.237885
3128.773682 142.894241
14039.524414 268.833618
7103.987793 1301.220581
3251.511230 1078.928101
2721.999023 837.778564
1413.213379 584.378662
2337.774414 706.733887
2378.322510 471.647797
2575.538818 332.783569
487.689697 272.112213
34052.953125 1705.088501
942.311218 1601.594971
8654.946289 1347.052734
7677.066895 1019.382629
2208.895264 151.247986
2071.386230 100.309097
815.591919 56.249340
2712.672852 31.365496
4508.152832 203.274368
14521.659180 218.838745
1055.599976 217.566025
977.738220 194.060989
112.414009 4.927817
473.786346 1.217834
3143.005371 11.330399
1589.857056 44.845299
1150.868652 36.809326
1813.268066 19.655037
2413.279541 14.521373
1042.484131 11.070557
1125.518188 137.581299
1341.661255 169.510071
250.716370 262.756897
7059.621094 391.335693
606.905090 213.376129
248.453888 222.178070
3851.160889 198.797684
1705.202393 158.584396
711.239075 282.013672
736.888428 165.626831
1073.391113 86.433418
1233.660400 39.852512
16340.863281 1139.476440
5358.746582 918.094788
2802.837646 669.901367
2237.890869 449.318665
2256.710693 51.097832
171.008972 65.145447
1862.712280 83.764412
5744.303711 106.308777
5.180362 60.392323
9212.358398 45.189217
572.341797 39.549774
358.769531 42.143929
505.707520 136.882935
1418.528809 126.281288
2367.397217 122.941216
20065.734375 107.566086
4301.339355 376.956299
2134.060547 318.323730
2402.239258 239.957718
1821.170166 173.594009
162.317230 92.565361
1356.626953 35.371922
2591.118896 18.497183
9067.975586 72.964355
279.721802 262.966339
7942.145020 223.259781
65.755981 194.531403
262.135773 152.700592
74.886322 141.349442
219.038391 200.228668
972.328125 289.156616
1981.689819 373.092468
1966.064575 108.976227
2959.500977 132.953247
7315.960449 130.480652
3954.501953 123.437164
544.689819 122.559021
2900.354248 117.948181
2056.584961 108.842041
3891.822510 94.006790
9983.692383 286.022522
2778.009521 219.400909
6371.899414 165.113708
3910.408203 134.045746
1875.108398 11.647841
2136.909668 16.506973
5202.047852 49.112537
2371.327148 126.109665
4129.126953 592.643799
4149.617188 325.187714
1943.071777 139.896011
44.835041 43.368782
166.829041 277.705780
517.316711 199.233612
1345.657349 129.254639
38.989113 67.682732
5300.498535 559.026733
5281.807129 524.410950
5071.995605 452.332367
4738.910156 364.503845
291.977875 6.759991
280.506653 7.692567
1527.130493 12.513958
2036.767700 29.922169
12138.630859 46.703011
2416.489014 16.969063
972.138977 5.672463
2327.993652 5.100999
167.556366 10.942478
158.628265 19.265314
546.832031 56.579178
295.246033 102.562820
651.502075 156.646622
1230.068604 132.876907
124.566010 85.816833
854.886719 37.271423
1384.257080 78.703049
404.691833 38.875423
715.324951 13.573370
6699.764648 5.869387
3023.413574 584.577271
2361.371826 410.456543
689.164856 256.134827
1250.972900 145.885727
804.018799 180.202240
477.301025 79.176689
3378.511475 47.924438
342.081329 79.606949
9519.525391 669.901855
2283.605713 613.691223
1086.127686 490.624390
174.451935 331.033661
1449.987183 143.246414
561.110718 70.209473
12485.119141 25.094580
4249.866699 12.191651
2189.609375 405.624847
2264.322998 377.587524
3985.202148 315.432098
549.469116 231.199493
581.805237 16.228476
2014.454468 6.901080
6803.580078 2.007227
287.222076 2.989818
5862.686035 76.316681
1882.352051 60.298439
1243.793213 43.869709
690.492493 28.833797
144.545181 25.374220
2522.457275 39.022354
225.526337 47.697216
1631.465942 49.277630
14169.083984 5.472640
3559.991211 0.287984
55.634712 2.090810
4431.083008 11.407154
81.952316 22.918400
529.681274 0.524459
753.932556 17.459349
1856.753174 82.516449
3643.921875 218.556931
2566.760986 165.616302
264.102844 116.307770
268.212677 66.766533
342.301971 26.984421
584.140442 31.308525
1799.863037 67.079170
2896.151367 147.108658
1966.494995 310.865875
2216.258057 180.869949
982.651245 94.537674
1429.616455 46.754356
333.480133 148.542389
1590.148926 82.153908
3235.641357 50.469749
7654.779297 35.497650
881.460815 802.278687
2353.370117 636.305420
4552.846680 440.759827
620.345032 268.227570
243.064667 177.053680
554.355225 152.868805
14522.695312 130.657822
3024.324707 111.883560
3977.534424 199.487701
431.552185 213.987274
524.164856 213.182190
1081.145630 199.113663
49.014320 24.813183
245.114044 16.290979
3593.966064 17.079082
626.509705 32.539600
9158.772461 39.720066
4505.493652 39.048569
5345.520996 39.092701
1796.815552 34.363644
29.316727 9.645708
1453.855469 24.636017
704.903320 48.924030
3639.582275 77.455910
466.296143 0.322799
1507.870605 1.764692
85.087563 2.448503
576.286865 3.626323
2.739947 5.958849
1447.717285 6.093734
2140.839844 42.129387
11839.622070 123.219269
1038.378540 225.920654
1662.358154 136.275116
1836.800293 72.620483
192.237793 30.007996
82.726662 136.805008
785.761902 73.786667
1112.065430 40.118687
5316.541992 29.876917
3777.957275 624.761475
1377.324951 505.204712
4470.598633 364.483521
2017.704102 235.071198
44724.824219 44724.824219
44724.824219 44724.824219
0.000000 0.000000
0.000000 0.000000
0.000000 0.000000
0.000000 0.000000
0.000000 0.000000
0.000000 0.000000
