1361.954102 256.217316
8628.386719 317.469696
1021.647949 372.157166
3176.271240 405.439392
9935.972656 119.074417
3091.166016 133.739105
2408.855469 160.388626
3221.182861 201.480637
652.193176 249.835037
1499.112671 325.482910
3643.330322 426.861908
392.298431 534.886414
3287.600586 624.249268
2331.138428 426.827911
378.670715 286.699860
1126.655640 228.850189
629.474487 32.804428
259.849152 24.624235
1614.087769 51.227612
4645.409180 99.086235
22284.251953 156.718674
2377.839844 152.350693
1872.796631 118.920761
880.350525 70.996468
1470.010132 215.234726
1695.513550 294.479218
5897.961914 410.097504
3968.454834 528.626526
8876.602539 225.293213
4538.512695 210.567383
1195.811035 190.626175
2235.202148 184.366684
1783.853516 175.109116
878.903870 179.417450
35.401443 228.252045
14094.799805 326.632019
5014.936035 392.541687
276.011108 310.937286
408.505585 248.376556
26.286016 201.929901
350.582092 58.399574
19.137878 47.794994
2654.247070 33.896530
423.095398 19.283239
2147.212891 59.926544
2362.512451 64.511719
4972.414062 66.287338
721.919312 64.519966
118.430161 39.200012
3546.189209 41.201118
988.901611 40.665928
4273.070801 38.736931
356.574615 16.459600
4794.312988 20.999769
2594.019043 27.661545
1458.100342 34.369698
501.485291 123.521667
1665.178711 168.408310
8901.526367 224.243530
9164.532227 258.497772
6855.047363 357.469391
2745.486572 266.004333
1717.448730 174.759796
728.137695 121.656219
50.556747 76.178726
838.360718 75.951698
2536.636230 95.436523
3930.841553 145.354385
16510.726562 59.912716
3137.985596 61.499157
5711.717773 72.962700
1890.361694 78.870537
1615.862427 2.821025
1508.787231 1.080518
899.984375 14.240480
7572.916016 41.488029
3943.135254 68.454735
1583.315063 51.484470
322.534973 33.321507
22.013363 15.540384
1688.361816 92.358978
772.133362 120.476143
1691.544434 141.365509
11569.883789 153.232574
131.965347 0.151465
2520.049805 9.334674
2143.167480 31.102777
1699.845093 60.756081
1011.291260 64.207619
2422.295654 75.585556
1.509481 129.866364
4812.491699 194.405609
1641.084229 389.872314
4565.913574 312.002686
1703.331909 205.686264
344.037109 111.489471
377.654785 14.769214
229.562820 34.239727
725.163574 55.830563
5057.514160 71.625740
2084.057373 18.703648
3076.931641 10.136695
5178.770508 3.284274
1565.309570 3.818562
1625.153564 267.456146
471.218781 331.177368
3859.286133 445.870331
3878.195312 557.177612
1977.736206 439.997009
6850.379883 412.078064
2097.953125 342.119720
2510.101074 277.669159
1646.150879 215.435883
7767.368652 244.208893
6457.946289 316.407318
5635.339844 439.506042
4691.531738 299.991272
1873.945068 245.828506
898.013550 221.441498
635.782227 212.076477
509.131561 8.452497
3356.536621 9.049881
6564.041016 21.587725
32.948517 48.953396
8559.326172 65.480690
2504.749268 42.323681
2906.046387 26.344284
805.321899 15.179056
1339.801270 10.110364
146.648514 22.146650
50.630650 45.431534
2951.464355 74.495888
39421.582031 173.625000
6581.390625 104.985336
1161.729980 49.418186
130.802948 17.307316
1772.110107 95.658897
83.106384 97.326195
2397.442139 126.394279
5298.778320 170.895004
3177.989502 138.563644
6608.134277 152.374420
4186.823730 141.988983
2070.185791 116.531181
239.621643 34.900436
960.946899 41.603455
654.404053 53.406296
2188.247559 70.400879
73.930244 176.664948
298.465820 110.887276
1052.920532 63.336552
440.733459 39.363228
3.027565 11.417135
792.720581 7.412532
191.520630 5.551621
1503.741211 5.499032
4476.412598 43.368561
1935.393677 35.454483
1621.356812 26.267191
214.728592 17.824060
86.974289 33.417339
2127.323975 40.872765
257.702454 49.867500
13782.433594 66.890976
5425.632812 7.989271
4163.654785 1.882149
3628.124512 9.806744
2057.971191 22.697838
1014.350891 96.700623
1473.860840 83.546089
3647.551758 88.262817
577.140808 102.538033
12119.818359 194.492538
6554.822754 188.990295
3684.502686 162.495850
1424.678223 126.637253
1186.196899 85.014839
155.710663 96.435005
5937.508789 120.560486
3447.705078 141.820557
2237.902588 133.800186
153.412735 132.191483
1668.396606 113.631897
343.764740 92.844795
873.612061 30.707745
7483.494141 27.126860
591.500732 23.474243
92.796242 26.046103
2227.371582 143.330994
4048.791016 88.362396
942.659973 52.819324
896.292297 36.372742
58.546627 113.919823
742.489990 149.822449
1566.093628 178.253632
4386.196289 198.776855
7570.469238 17.196800
1097.078979 17.894646
104.541687 39.389332
1844.440918 74.516663
2155.231445 107.706703
2571.291016 91.842758
6704.397949 106.682899
17285.619141 155.538345
1635.658691 207.352036
709.785767 192.904175
2231.890137 171.084091
3859.841553 139.643204
3188.328369 1.440386
896.054749 0.723540
8781.501953 1.424848
9992.543945 2.806709
4835.697754 25.489916
9955.598633 17.769693
6372.803711 10.169397
1472.551514 4.476937
409.460541 71.932587
2880.887695 65.365189
755.351440 63.009136
4354.337402 68.312782
5454.425293 57.062889
12624.297852 67.376579
6876.562500 75.394249
120.637405 76.805710
1290.674927 78.093658
2048.335449 89.650230
2384.355469 105.991348
199.645538 117.540207
1853.211670 117.540207
199.645538 105.991348
2384.355469 89.650230
2048.335449 78.093658
117.439522 87.755379
1811.467773 119.928909
2940.366943 169.726349
41.214130 231.126709
24147.736328 72.880516
4645.465820 64.877541
1310.521362 64.858253
187.398178 71.265335
4543.403809 39.083839
1909.902832 21.781332
5414.193848 26.021986
918.179871 54.038651
8578.869141 175.479721
378.247681 143.145203
939.047119 107.287399
1319.922974 70.486778
66.136490 86.092941
168.783096 139.546494
1278.470215 196.987671
1447.987549 245.866364
4921.916992 27.650728
8714.287109 18.736996
63.581650 23.891865
227.620987 46.135834
296.376373 87.516113
631.090820 99.069031
3609.962891 152.942551
646.302063 220.651642
4072.452637 347.588135
993.294495 291.129181
2421.987305 207.038498
2880.728271 128.401474
763.093384 6.386129
641.292358 4.927276
832.105103 12.026608
5365.764160 32.354530
7934.117188 13.102041
734.473206 9.221887
401.178650 9.965707
453.170135 9.469061
2695.857178 10.132239
2413.261475 9.455719
4223.877930 13.813309
11861.099609 18.885517
2138.303711 49.990036
1836.933716 43.019085
590.601074 30.421057
3422.045654 17.769970
213.012177 76.982979
317.906830 101.375008
595.072449 144.654099
3170.913330 194.121246
1030.381104 95.886726
1381.137207 92.585350
1303.399170 82.544868
234.869720 73.403999
2523.733643 25.856106
1240.900879 23.687641
4541.743652 43.481918
3016.219238 78.412308
12725.005859 162.280701
5089.012207 128.462540
10843.917969 87.568359
2824.956055 49.637051
2865.242920 2.744219
860.667725 2.451726
824.786621 9.687479
3098.075684 19.902578
2275.858398 34.647060
3055.312744 32.484097
2823.566406 22.949770
2527.963135 10.942907
1257.114868 19.876205
6964.771973 23.646793
5983.075195 35.998974
6588.196289 54.182491
10566.608398 17.162687
752.317932 23.514315
1322.189209 24.969902
1558.146362 22.177601
902.938232 1.210274
886.816650 6.381032
3029.335938 16.213697
2830.347168 29.726194
10837.789062 11.660404
10338.543945 5.859030
6592.693848 1.999214
3938.109863 0.153713
516.517273 16.548630
2320.442139 10.559808
2615.435303 11.077330
2271.105713 16.413244
6828.682617 67.428658
598.599243 57.965855
118.374908 43.751080
869.201904 28.557589
294.647552 17.376015
555.171387 26.306034
1943.599121 29.744215
1842.542480 27.396700
6520.569336 23.285364
3602.479492 8.712785
221.351166 3.280223
1251.504028 7.585154
1019.620483 60.891304
5312.565430 69.169678
1273.362427 84.173767
11516.317383 100.204369
1377.731934 37.177937
1005.176331 51.473637
549.189636 57.922070
1127.017456 58.956482
775.210815 12.217491
1200.487549 27.319937
631.471802 49.430927
3799.521729 79.443634
40004.781250 27.583235
15822.128906 7.600040
9602.725586 0.460890
2022.651001 2.993270
1386.618652 56.872509
1815.675293 96.316772
643.043823 159.207336
759.373047 240.324829
10587.987305 181.515228
7479.438477 107.407219
4803.003906 60.710972
4292.773926 44.180511
388.334991 61.524639
2680.680176 41.615448
464.686157 41.681580
941.089417 53.115852
12152.138672 238.135361
1652.087524 207.202560
2178.645020 156.646393
96.862427 102.760658
471.231812 9.889404
903.937866 9.024014
3670.412354 7.498811
995.989258 5.640729
10164.452148 6.512032
5918.627930 8.002053
2635.010742 9.239877
2610.480469 9.942327
679.280457 6.142181
236.367004 8.268305
1295.377075 15.555361
8534.513672 28.420267
1311.889648 38.416645
1375.519409 24.441166
165.205429 14.415943
2006.185425 8.340916
13.898952 39.111488
306.925354 69.738815
3273.277344 98.433701
2798.015137 128.417969
1818.268311 72.295258
1582.359131 19.600286
6756.488770 1.080161
294.917480 11.964175
335.906952 43.236374
978.999023 27.423666
3163.284668 30.438150
9021.014648 48.750572
874.498474 224.202728
2150.753662 178.477905
19.879566 125.981949
197.066757 77.777275
79.263588 123.078735
762.176086 131.457123
250.803482 153.062210
4932.308105 184.284760
10742.263672 53.507782
4473.808105 87.963554
881.360352 111.365776
177.371445 120.471771
1948.998169 23.618399
790.724670 14.300857
9943.745117 19.775852
3398.119629 31.086569
16527.697266 214.639893
687.098694 163.964508
1141.158447 104.804237
893.598022 54.289043
261.963745 52.392574
931.745239 78.882195
6786.005859 106.516876
3946.111084 130.092728
1773.656616 31.061436
3839.691406 21.277733
606.211060 21.270319
558.412842 32.037148
80.999268 251.848022
479.167480 294.717957
9373.515625 369.692108
3048.246826 435.668365
17245.261719 373.379456
7701.391113 358.101501
1022.729858 308.050873
1052.566406 260.535553
2837.045654 130.762299
2755.103027 159.299713
4510.179199 192.058167
7840.465820 236.675018
1708.300415 330.224152
1115.477417 204.180649
396.736664 133.041321
419.554596 115.011993
2227.757568 301.194519
1589.312256 300.149506
5680.830078 290.916168
896.210327 277.473206
17567.187500 127.497467
17044.179688 193.061768
5063.892578 249.743591
948.205322 286.340790
631.232605 195.600189
910.503723 300.168457
3518.590820 426.655426
216.205582 538.219238
22017.472656 492.894562
2781.229736 324.196075
486.228607 198.959702
1000.724121 153.836945
3577.940186 220.539062
1399.120850 229.782318
1521.893799 276.102051
2947.744629 338.132599
1871.760010 474.503448
1219.613892 409.016479
619.471191 327.442566
1656.964844 256.514648
1735.132080 201.254120
118.751556 188.570084
2538.561035 197.883789
6625.345703 238.220154
207.053345 154.777161
677.419678 186.490723
78.870407 211.307373
118.369865 215.006149
673.203125 90.256302
6608.355469 89.206963
603.218506 82.657829
2869.621826 81.319878
5874.027344 139.464447
4343.108398 99.360390
84.941772 83.700668
1013.979553 85.155365
46.514565 120.333298
357.427216 148.971848
4683.284668 182.913330
430.581116 208.295792
10533.217773 111.206848
1065.869629 109.775833
1254.955200 104.792755
1791.855713 105.710915
2014.746582 140.083679
2180.015625 192.403748
1044.964966 264.326813
11283.841797 328.938721
6421.930664 287.539246
3933.417480 221.836044
1828.193481 160.231018
1355.706543 128.067490
3463.176270 223.973984
1170.463135 192.057083
5489.711914 187.546814
23680.414062 234.554962
4181.137207 183.727142
8194.928711 212.354446
2223.941650 243.355911
749.456665 248.586609
111.096954 240.392273
585.950928 281.448364
745.130249 317.344604
15439.239258 328.444946
19734.113281 144.628906
6370.593750 170.872665
2335.242188 188.365524
128.892151 208.615570
2486.379883 116.763138
183.135376 133.825684
2709.060791 188.151993
4277.437500 256.429810
5097.537109 407.648193
10391.275391 321.093903
12356.936523 225.081406
2915.460449 149.269043
45.379471 82.016655
888.201660 61.855034
1942.355957 49.135281
325.304260 64.385773
5005.119629 21.501425
7203.878906 40.947781
2966.201660 70.789528
151.200989 87.891647
745.411621 99.464790
2579.182129 110.753632
715.911072 121.439728
35.017208 125.782898
7484.686035 54.711506
11402.190430 70.907425
1549.384155 81.959427
1351.919556 90.298187
492.118317 122.831604
729.295105 182.851959
1238.063843 299.809357
518.081177 477.874329
7076.046387 218.612854
2033.114746 139.535400
2295.204590 106.197556
1087.239502 101.698540
385.604736 31.507809
2497.829590 16.860912
3126.510742 19.730927
12716.171875 39.906540
1981.275391 292.008484
1287.746216 204.642639
2236.729980 125.681480
879.193604 66.920517
518.955750 40.613491
108.326355 13.109018
1313.517822 10.572373
2897.345947 21.218641
13130.364258 385.671326
9042.615234 297.474670
1275.927002 193.526489
1412.121704 101.823151
205.858292 36.243656
1003.426208 42.962231
1129.053467 50.920471
2462.597168 61.320107
440.425873 22.669430
4147.590820 20.311491
3494.335449 23.613293
1245.424194 29.658894
129.810852 24.727684
2172.565186 48.744026
5725.679199 71.057083
6618.962402 91.159622
105.628876 58.479462
61.617718 18.453304
785.171997 0.861963
104.109772 5.493865
308.529663 186.680649
5621.510742 212.244461
4850.179688 268.043610
6486.302734 317.246704
11765.705078 322.330872
4335.877441 311.370392
752.934021 261.147675
1146.608398 207.645157
345.486450 232.711456
234.446014 328.802887
544.330750 458.789368
2080.199463 622.052917
9446.936523 288.030090
6946.077148 183.138977
1050.712769 148.465179
381.143799 170.116165
634.537415 87.543404
1709.179199 37.391808
1895.899170 13.633781
307.222229 20.179050
3969.215820 393.437622
4017.530518 322.228394
281.244568 239.579437
758.382446 157.780411
1361.270020 109.815094
4373.387695 166.320465
7101.042969 209.111176
3919.617188 236.864395
2429.084473 38.912647
1324.976685 4.648395
252.245148 10.961265
259.449402 51.698494
396.690338 259.711121
128.687988 266.400482
1801.238647 317.320557
458.631287 378.905579
10980.261719 546.967529
5671.900879 492.865875
199.384369 400.607788
385.453674 310.052368
1127.838501 41.350189
3379.168701 47.275581
8183.770996 67.512718
917.964233 103.430054
1562.974854 75.172867
1715.912231 60.192799
549.591797 50.891933
2492.695801 44.236851
1720.537842 9.967575
344.395721 5.173096
4452.455078 16.968327
4127.137695 37.949955
14557.086914 69.552261
9679.852539 69.686745
1547.896606 53.657665
548.848755 29.512920
35.866467 58.065517
422.409607 80.600174
1580.492676 115.843124
8436.005859 155.081879
10648.900391 27.244793
1984.637207 37.731422
463.549347 43.884350
406.057434 48.113880
5944.000488 91.998047
2346.014893 122.566498
9.381656 179.770355
830.031616 235.571640
5353.343262 250.773071
3362.607666 208.729843
1448.904175 150.135986
1750.126709 103.241219
2769.204834 191.135330
346.160034 198.384613
10532.934570 227.630310
15420.786133 307.926636
5959.089844 119.492462
6727.579102 109.800789
3207.731201 141.090027
1129.768677 175.089996
473.144745 164.203918
1716.646606 146.532852
1587.504272 123.746773
7748.984375 92.508911
13842.431641 210.665390
22484.363281 211.434937
18822.068359 198.741974
2066.613281 181.324402
256.445984 36.157303
1870.835449 82.315361
5293.149414 144.810364
1403.424927 219.539566
600.857544 108.596436
2572.938477 44.319241
1694.383179 11.876863
1123.025024 10.796895
234.095764 37.708580
1146.479736 31.230534
4576.057617 66.549995
1079.246216 115.543961
1383.450073 283.463959
2145.150391 251.292175
1395.123169 176.347839
712.626953 92.786484
283.875854 92.537514
745.072510 109.258987
253.553802 147.757874
1806.750854 212.706604
18563.931641 10.509843
7567.705078 33.439499
693.316772 62.072762
26.723799 81.516968
105.619087 30.628305
259.331604 37.285942
3066.479980 82.409775
1531.254150 173.191467
2848.640869 215.789612
3803.823242 138.895752
1101.698486 85.447487
733.689270 49.520416
691.884399 15.339833
991.899353 18.426847
763.465637 31.861773
6678.363281 58.469406
6897.651855 120.082375
3245.818359 72.825684
2893.023193 40.035049
1322.572510 21.832403
124.061462 78.099564
1673.309082 69.552132
1941.086548 67.263016
12029.874023 71.529305
7660.791016 155.558731
3845.047607 134.011307
473.527069 111.856567
2123.233154 92.518639
451.213562 285.475952
704.464417 510.003723
5132.068359 774.106567
748.867249 1012.699951
1125.492188 431.805359
1833.745850 256.712524
3238.331543 151.540039
93.273766 157.176880
116.179169 281.149536
40.399620 227.782822
5269.577148 254.018143
4941.976074 361.846497
16492.281250 991.022278
1041.285645 780.989502
1214.942871 576.611389
479.563446 403.018097
2115.750488 57.302856
91.918060 47.265957
2167.821777 36.744221
1506.620483 28.582932
6033.115234 69.628128
2100.366211 70.098724
3840.710449 68.815323
249.873978 64.729851
497.976440 61.289421
2005.064697 35.946381
2863.493164 28.801086
19573.287109 38.169384
2266.432617 106.373642
3900.473633 126.327286
1359.410889 121.416687
1639.172241 95.161514
298.927155 221.177368
4.075877 241.855652
1853.644775 277.676910
28413.367188 305.062103
12121.125000 221.145294
10209.700195 244.891022
2223.944824 239.563950
3575.088379 224.100372
3864.409180 305.954193
8378.029297 370.132812
959.511841 468.777588
10172.873047 559.675476
7408.352539 736.392029
10666.082031 567.872192
2817.606445 410.408295
700.672119 315.167725
1834.013916 175.801804
3337.548096 156.680496
6087.259766 135.513901
7381.286133 143.087036
4671.556152 132.184891
4655.723145 121.808044
4089.564941 145.239929
623.838562 171.350632
966.990112 51.923111
609.810547 42.962547
8735.913086 44.123001
4731.457031 53.338058
8156.293457 53.742474
10062.167969 71.298080
13171.791992 74.842392
5995.166504 65.725594
1656.458740 36.925091
894.911133 55.911953
3621.052734 78.131638
1364.763916 101.854515
205.557892 19.427910
1980.015503 11.595876
6299.899902 13.163361
476.944031 22.238594
210.071198 57.937477
873.583801 133.565231
764.242371 232.337265
5424.924805 332.209869
3325.553711 205.105804
1618.323608 109.405067
33.639305 43.662228
151.324142 24.892574
147.787537 68.845802
49.128601 48.522934
2521.250977 70.639481
209.666931 127.550179
6181.879395 353.087341
805.417053 287.057892
3806.297363 206.025253
139.518417 126.604088
982.323242 10.470705
1750.937866 33.829102
920.639771 57.819675
4400.768555 70.998695
1514.939331 66.368378
2281.712891 35.877586
265.920837 9.954089
717.980896 0.335904
1072.814575 171.511566
4225.141602 207.423065
3470.554443 282.702972
3818.703857 372.454346
3784.641357 212.647186
4320.479004 218.236923
2083.598389 200.663742
801.458374 176.039551
1499.750610 133.496414
774.530151 112.561455
1779.130615 113.815575
4235.701172 142.593414
1866.252319 315.960510
2273.776855 262.973907
2631.020508 213.343185
1044.964844 169.098602
105.789398 213.753677
4294.063965 269.690857
5192.361816 302.971710
10447.248047 310.009216
9075.988281 50.914143
498.248352 55.622032
908.105591 90.251480
511.720123 148.050903
1350.298462 175.451309
1063.907471 207.811081
2010.078857 263.905121
1295.283691 312.848022
9734.008789 543.187256
8325.991211 411.496246
6725.943359 282.044159
1973.868896 196.884491
478.660187 283.060425
506.168701 279.427826
73.446091 302.788971
446.241241 360.117554
11884.673828 163.923782
2885.142090 223.653870
50.810703 271.140564
1302.119263 288.624207
456.442200 47.907475
944.708923 35.535820
913.288635 34.108631
1641.763184 48.793072
5395.806152 165.035110
2408.862549 125.314964
1088.404297 92.724823
2014.874390 67.276337
1861.247681 22.854486
2780.162598 23.666561
1196.092773 22.719732
10268.548828 20.399393
11941.390625 6.017776
4138.974121 10.870913
445.628540 15.925004
1118.632324 20.169380
861.571899 96.856651
791.652771 119.933296
2652.384766 164.662399
21036.667969 224.267273
13090.465820 90.338715
6926.613281 91.719177
3573.534668 91.955017
346.492218 90.977417
2081.929688 12.971425
2025.735107 6.935955
690.289185 11.174942
7689.915039 19.922304
178.106720 153.399277
2465.426514 113.670631
1883.597412 69.969505
2113.940918 34.069775
2463.883057 24.752247
1567.587891 39.043259
1098.246338 69.444992
2918.122803 103.293808
525.553223 67.079575
1907.438965 62.616852
2574.972900 46.689442
1564.870483 29.757381
103.503860 37.358917
3163.308594 48.949902
3009.463379 64.916702
2014.260620 77.557304
2571.549316 143.715485
1394.872559 99.955238
533.915161 61.598114
103.071365 39.754799
21.099421 25.123783
2583.356201 17.848547
5990.318359 9.447238
5065.288574 7.193526
8608.565430 0.986795
3780.169189 7.066673
1407.637817 17.731373
1290.902222 25.362667
1740.926636 66.541420
32.443981 83.070671
1591.737061 96.635178
1199.006836 104.434227
8202.064453 14.636913
6226.535156 22.494843
661.230286 34.547398
1403.078735 49.695343
2440.090332 46.856747
103.286415 29.800694
5750.889648 16.519838
4656.402344 19.095961
2468.576660 130.870972
4060.941406 95.563095
190.449753 74.579018
53.744942 61.053497
1359.499512 101.699265
53.047710 116.751633
2188.945312 137.047028
1463.657104 175.558151
1032.385376 3.996514
2596.797852 13.171074
3154.236816 45.009720
74.332916 78.602898
1476.325806 30.780947
356.057465 8.064487
421.169312 6.788049
263.846954 12.201372
1294.369385 366.903503
768.285156 280.211060
4838.677246 176.809418
583.940979 87.385086
1182.222656 62.699497
1919.452026 76.497849
941.613953 86.822830
10405.272461 100.188332
3787.958008 9.746469
5039.089844 6.050843
767.778931 20.431440
875.345703 42.613220
1405.019165 18.547661
939.157654 17.981709
569.857056 29.931791
11550.299805 46.069210
11700.311523 150.570587
4107.357422 114.015373
5118.982910 71.858932
2739.711914 37.028664
1771.039307 23.798246
386.777252 29.250641
1642.139038 34.109474
1237.188965 34.032143
1158.334961 57.965317
1103.989502 43.893097
6844.804199 30.415081
816.494263 23.186089
300.376984 48.453583
1818.746338 53.629139
1100.965576 69.644066
13665.754883 95.623856
793.727600 20.398228
185.034332 34.592739
105.177956 44.896996
838.556030 48.178688
2158.534912 12.968318
5844.456543 26.365555
3137.353027 52.329315
3035.118164 85.870766
1927.264404 57.359707
5316.319824 38.924835
4681.304199 22.914730
1402.341309 12.802883
1898.740234 31.806396
961.367920 34.631256
609.149170 46.827793
1069.592407 81.713737
29438.095703 78.802284
6318.397461 39.870735
470.816833 27.687115
1148.197998 28.931664
4249.906738 170.336136
4277.677246 164.107544
920.801331 169.651550
9172.004883 180.470398
516.242065 134.355850
117.730927 173.300079
5296.224121 188.403992
3200.848389 183.021957
800.075562 0.340913
401.671143 8.574336
2262.557861 32.809502
206.282516 69.511993
25578.810547 255.225052
12235.645508 150.611115
2654.847900 67.015747
656.448425 17.010424
629.126587 14.808605
126.974785 26.455997
1684.267090 64.482086
3066.474365 108.472649
1860.281006 221.866608
1318.670898 166.680634
344.497040 97.845940
2165.216064 40.467136
699.689087 0.594831
2516.280762 3.305327
201.293060 16.420218
2868.355957 39.961105
3259.068359 13.601200
90.883293 10.934696
558.865967 8.262931
688.462952 3.974430
244.881821 40.443573
7009.225586 85.165436
3644.348145 143.582031
19211.980469 219.292587
2068.577637 126.965797
257.459229 44.540215
1118.570557 8.365500
1216.885254 11.456331
809.328491 35.497852
2618.585938 4.960449
1040.767090 3.620576
4614.763672 13.195638
6483.630371 379.947479
2675.546143 307.758606
3039.306152 204.712097
2247.234863 104.982430
4611.548340 21.403870
8562.748047 10.725503
20875.878906 4.515416
30802.263672 2.171636
1373.790649 60.297447
195.132217 58.109951
567.887024 48.744396
4121.281738 35.173965
904.949890 10.925926
1868.851196 16.034302
1446.946167 18.163700
5354.386230 16.328978
11233.761719 31.969160
24224.890625 17.346710
8722.579102 8.289867
2730.286377 6.838415
2217.907715 7.521276
1777.926025 12.346051
1281.588867 22.308769
7206.585449 34.143059
18662.777344 29.496258
800.229004 22.907890
4901.183594 15.067364
2708.651855 8.917963
31.547190 17.942825
133.664734 39.501057
3298.947021 56.823936
4031.761475 63.214798
7266.900391 45.157764
4101.000000 18.818634
361.090942 2.499314
1572.906128 2.743631
2486.685059 119.471054
865.915771 148.755783
3836.548584 207.873413
1842.542603 276.237579
5049.667969 213.676315
3801.987549 191.101654
4430.938965 156.095322
1115.081299 125.572929
417.581604 54.021862
1097.191650 46.761745
1346.796387 66.108803
1214.741577 97.994904
1263.862183 163.445770
2236.605713 160.638977
1859.262939 129.891754
383.435547 87.007828
424.335907 53.687325
111.376831 62.777439
4937.398926 88.580795
319.156982 132.156570
8331.077148 6.402920
8462.660156 25.097412
1555.286743 42.413609
766.854553 50.727783
1801.778198 78.701424
135.069244 81.386162
641.132446 101.627884
7382.854004 142.202621
1000.116150 215.490692
3015.352051 158.895203
1395.860229 117.163864
73.811607 90.792198
388.709747 78.697891
3826.831055 77.319824
2291.158936 69.344963
4421.959473 55.442333
7948.811523 79.553574
6025.836426 75.870781
1338.840942 74.564262
466.359924 76.377899
179.769577 8.593771
1943.451538 12.301546
9.682468 21.794197
569.780151 34.554192
14206.979492 9.960430
3807.239258 12.671050
2856.418457 12.202581
761.204102 9.698691
1150.728760 125.665108
1416.150513 179.112701
4525.833496 247.241791
2675.492920 317.416260
12107.216797 30.623894
2488.948975 43.734871
497.389954 63.397461
491.361633 88.882271
41.332668 109.541130
3504.346924 125.148270
185.825211 179.829132
562.759827 289.152161
1059.978760 460.571259
2361.084961 289.584229
1583.072021 180.295288
401.708923 125.449478
571.196777 108.556870
1640.626221 114.174477
7463.316406 122.658348
2270.363770 136.533890
9916.116211 108.077019
3803.732422 100.040497
68.036247 99.832207
937.715881 103.666992
1333.424805 88.710098
107.544525 57.494003
5561.616211 58.146866
931.239502 69.636612
4361.328613 521.483276
2631.255127 417.525085
3916.361328 285.513428
2256.502441 166.478546
2030.231445 43.698910
1789.611816 75.799866
2165.818359 109.730377
11743.994141 137.907074
9680.896484 17.140560
4135.412109 7.840638
1322.605347 7.970488
2501.871338 19.928139
265.046783 36.955601
515.657898 30.145609
3009.758789 27.704735
22737.556641 24.705139
1143.387695 145.369781
3228.432617 115.698624
67.170242 81.627861
579.165894 53.643913
403.999298 17.414230
525.049255 22.094090
4458.605469 31.206776
1995.456543 31.811474
9999.344727 242.799850
6547.228516 162.933807
6468.307617 86.003662
3630.728027 35.274818
1756.788086 43.778538
229.747986 54.882008
160.717636 59.677891
659.627686 65.062943
14475.285156 12.935743
1787.968018 0.290981
277.699768 7.429881
639.933960 25.638733
78.802589 28.653133
68.824799 17.788790
1529.470215 10.582782
1954.048706 6.936069
8050.473633 49.475323
197.372528 54.074505
641.084656 50.648075
865.649597 40.913765
1241.531128 19.156004
1391.614624 35.344151
194.613800 55.244621
766.952026 74.349220
2993.123047 22.335526
5629.278320 13.101629
1125.240601 8.183399
2196.727295 9.808136
1239.519287 19.374660
472.279144 15.648933
5309.275879 12.572285
7978.763672 8.711092
8029.777344 111.050980
1867.774292 77.829926
1345.388672 48.256569
225.520767 28.735209
704.765259 26.165466
2928.843018 33.790371
3940.177002 30.555182
3029.794189 21.545490
10863.276367 31.502829
8433.006836 7.102430
5374.893555 1.808997
2349.561035 11.835357
1100.998901 123.669113
7096.819336 120.721985
378.301331 115.515121
5288.092773 122.743698
7657.849609 50.640694
10346.360352 61.107201
994.252625 87.803413
1169.657593 112.762573
7.865309 98.189232
200.394073 78.184471
1898.970825 52.850224
419.045593 38.697796
2196.533203 12.890152
696.126099 42.023842
1659.050415 76.602692
1625.503052 98.707916
1236.874268 131.660614
4040.318359 134.223862
4916.990723 147.798065
1692.129883 169.692139
9603.854492 78.495216
5813.410645 109.262428
2301.336426 128.305984
1041.623535 133.351196
377.375946 6.136899
4163.955566 13.722622
15640.294922 39.191387
19625.390625 80.188248
16448.730469 91.661926
3719.208252 60.364044
1790.925049 33.723129
290.983795 14.272535
2824.667969 58.668724
1126.029053 46.845394
3446.700195 39.002602
34591.460938 34.963551
14953.398438 64.795807
10947.459961 77.076508
11321.962891 78.822975
5747.947266 71.140152
3082.458496 10.570173
2724.849365 6.261938
5456.647461 15.603988
17316.859375 26.563631
10689.456055 202.211899
25181.513672 150.180786
7669.787598 88.854591
1196.090698 38.180080
500.528168 2.096727
502.639557 2.226717
7880.295898 3.461783
4477.984863 7.452856
2159.587891 25.097517
3740.459229 13.024693
2486.272461 5.857170
704.339722 2.847193
2279.627441 5.090868
1603.622070 2.894836
5409.780273 2.536148
12308.893555 3.254334
3871.003418 49.085682
7507.587891 34.543831
6567.430664 20.780504
766.850586 10.706102
388.859497 16.604591
1992.560547 25.904808
2102.167236 42.384686
4621.576172 68.491219
6239.570801 12.186148
5293.156250 4.537964
4222.959961 5.672363
714.285278 10.460745
250.637955 56.083305
396.071228 52.803463
190.050629 44.386272
1746.191528 31.685165
2733.294678 45.009720
1734.026367 49.028980
4210.032227 52.503105
1653.071777 55.331219
534.717651 30.606411
689.993530 49.832802
1383.008789 86.465347
2450.399902 133.099670
3944.060547 56.085182
2033.784912 46.232933
608.564697 35.764709
1833.525757 28.101633
1267.255127 5.177309
1375.679321 2.198792
1948.914917 4.514367
6318.587402 12.684821
485.361084 30.412998
140.954803 24.701231
15.142873 18.324848
873.605591 11.341290
273.353729 9.817587
3849.290039 35.760807
5054.828125 76.339279
1054.576782 120.831474
7564.218750 29.948362
458.374481 18.995684
1246.919189 7.521391
239.019531 1.816162
1128.587036 39.577137
2434.554688 91.385437
3745.168945 156.928772
18813.699219 218.584076
24505.740234 112.867752
6380.616699 62.000683
3747.902588 25.242950
1623.606201 15.835277
266.153412 85.152748
1199.676270 88.711639
2150.197021 146.753418
973.961792 236.202179
399.015656 275.751282
4536.056641 256.179382
5027.624512 200.642014
2494.646240 131.833862
132.977798 5.210381
2339.502930 20.378496
7411.572266 51.404030
1861.446289 93.178726
6428.187012 19.334885
458.170593 14.200280
102.992355 8.508348
558.665894 3.510530
263.872986 83.631660
657.436401 112.643097
991.793457 176.190125
8696.906250 259.788330
27281.103516 195.309937
6568.043457 158.534454
1042.822754 119.771164
42.913712 89.731277
417.579895 139.764481
371.519012 133.159088
377.602142 159.650116
4217.299805 220.048676
5771.680176 171.322479
626.768311 181.929276
1784.335938 180.564240
1151.913940 162.590851
1501.764282 59.432335
1015.160950 56.874424
6887.581055 46.942238
4465.993164 27.610300
3254.379395 163.754272
2793.856934 120.237030
1332.385864 84.306908
1075.502930 64.971527
25.607420 62.072491
2093.905029 94.163971
5173.067871 121.718063
3496.056641 152.523483
1397.332031 72.122398
2764.740234 19.299339
2943.780518 8.210361
1587.239990 28.560125
379.820343 58.919369
627.159973 35.524513
1837.362549 16.100115
2628.337402 4.246931
1763.040405 87.349953
8416.161133 96.194092
4971.087402 93.972870
462.701691 80.380852
2149.287354 12.550289
1396.102295 28.796413
718.209656 52.995674
5470.827148 84.336098
4228.517578 19.851412
3532.940186 5.365624
473.503418 0.569987
173.681061 3.322441
424.400970 15.786002
455.863800 46.737450
4682.104492 86.120102
611.309387 130.327972
4795.025391 174.513229
863.248352 83.574776
488.854218 24.578728
758.463745 4.116992
1491.007324 114.262589
1029.568970 83.893242
62.761738 64.154823
11084.365234 50.723537
1722.237427 198.406921
4860.736816 206.584137
1733.982544 187.872604
1138.991089 152.449799
395.414246 6.987368
115.598785 15.475648
1816.113647 25.190136
2705.707764 37.744164
772.678406 174.314194
2145.758057 91.015991
1087.505249 33.913216
538.586243 8.606982
622.305054 121.946884
1206.294678 141.392151
52.448380 160.777313
9513.365234 178.375717
886.699829 21.450432
221.072357 47.263763
616.745667 75.528015
1932.192871 100.715744
780.026733 26.206253
2913.754639 51.019646
1938.165527 92.007339
4848.199707 140.946762
429.626221 259.542358
3523.953857 154.293747
1761.702637 73.074913
2087.586182 30.233177
1595.753906 53.856049
111.516434 59.609898
1643.779419 77.104507
3335.114014 90.899048
2280.807373 202.283173
711.423401 162.681534
1176.903564 112.264832
825.005432 71.485886
735.016357 221.346069
248.558182 271.493500
4350.494141 350.267853
9456.426758 451.826874
881.763184 122.437057
820.390381 137.895447
2242.506348 163.788651
99.465652 190.024216
780.410645 19.619179
1594.940186 25.056459
3464.921143 65.009155
21755.371094 134.204086
2690.028320 222.408752
4030.790039 156.457275
202.828522 94.686111
358.833862 45.690163
67.687531 4.609019
10.963019 23.718624
7324.838867 59.415348
3475.026123 103.525154
4635.344727 95.091118
11290.809570 57.924362
7607.444336 25.616432
2595.577393 5.825430
811.882202 75.202408
673.009277 58.359848
735.065674 64.199226
10400.826172 85.272202
931.792603 226.804443
10046.875977 203.200027
6727.207031 160.961807
1000.972107 113.079529
860.437744 73.477676
1885.740234 97.502930
2270.957520 114.349403
631.322998 120.403999
6903.253906 14.861695
12005.033203 16.656330
4208.030762 28.023487
2944.351562 48.280983
46.065197 24.486507
2039.655151 27.666903
747.897705 38.920834
5456.765625 53.426418
2852.499268 214.844955
3694.850098 141.070389
19.483120 78.178215
1431.648926 38.851826
1940.693604 56.854618
3770.176514 81.090302
1266.217773 96.504211
330.496735 107.474823
9488.231445 26.480801
1168.158203 2.367381
4463.743164 5.162931
849.693542 27.716757
337.351471 262.189240
31.147909 252.648193
274.134308 259.988068
11063.960938 262.872375
5783.774414 395.947388
394.231689 390.900421
2057.260010 349.375763
184.005737 297.914246
3004.406738 161.530319
503.398285 193.029968
900.072510 233.410049
4890.327148 286.098785
18405.371094 177.302933
12300.994141 137.000214
7839.692383 126.474739
6677.324219 137.753281
840.050964 129.019562
717.822876 147.317795
2587.984863 178.923660
13290.291016 214.311493
1631.964966 168.541595
94.320198 154.592880
547.999756 138.461029
2211.419189 127.315910
1690.986206 5.988909
332.411377 13.850384
693.567566 25.171005
5940.233398 50.150253
10951.694336 102.301308
8052.423828 38.256031
3567.819580 6.675368
3847.572754 0.444247
1496.882324 111.988235
484.193970 72.834236
9928.607422 65.995232
11163.840820 69.058670
5660.952148 396.684662
6872.765625 367.676849
521.498901 286.651093
1624.215332 189.396805
5205.607422 23.277088
1748.687378 47.566772
5331.751953 75.929901
23872.400391 108.714165
2596.956543 150.763351
2518.671143 71.722534
2471.044434 24.373631
1283.626831 11.259308
506.104431 105.632210
3431.541016 98.329292
106.278564 79.034309
648.620056 52.581108
6608.476562 94.139420
9008.540039 92.474945
2854.229492 96.166199
1623.258789 102.754807
2550.989014 164.311142
4016.847656 212.550629
1051.988159 272.784821
3356.498047 331.858154
4576.127930 113.292496
268.216309 112.090973
1282.416016 117.757454
699.088684 133.414734
153.070007 35.387806
457.133331 52.159336
267.622284 97.883575
920.318420 171.801575
11.877844 111.202789
483.808716 78.192696
67.481934 55.204685
655.702393 39.536320
1436.414429 116.331558
3185.281738 114.452278
4118.395508 141.045990
144.574280 194.685806
875.677002 301.205505
57.829723 241.282776
973.928955 186.508499
1167.946045 142.599762
7.171678 228.515808
1540.983643 247.072052
611.767456 237.569778
4212.625000 197.735214
3376.592773 118.669220
8511.361328 134.575134
903.530823 159.860245
522.243774 194.395706
890.678162 387.877655
3816.419189 523.190674
13368.123047 668.501953
12275.443359 816.058472
8619.754883 527.849609
106.463844 342.787720
559.367981 263.936157
821.011108 288.930115
937.478210 385.772797
156.086639 329.270874
1330.407715 338.622925
1152.526855 396.469604
25269.955078 617.547729
20375.996094 640.661255
380.099243 589.702148
244.719025 488.363556
3.509968 32.408691
453.058685 43.615578
423.992920 65.862740
1164.564453 107.860077
1065.322876 35.185555
5414.754883 14.776291
874.320984 14.862719
277.697510 23.334835
1663.252930 7.455926
1364.918945 3.382495
15.751089 13.519566
2865.103516 32.246658
20.957363 114.274918
1695.198730 89.042427
2100.697998 56.904793
2585.345215 26.831898
2101.105957 13.015421
3217.794922 8.048428
1940.651001 6.517805
3081.147461 12.559928
2287.614502 34.300972
6673.843750 25.744511
3043.501221 21.302143
2081.381104 17.746819
253.077087 37.629925
51.215218 41.621597
520.230286 45.741894
3877.562988 54.132450
7369.545410 8.073678
2294.884277 10.279075
7353.815430 19.758909
1434.076050 30.301077
1691.780151 28.587801
58.740444 16.082100
6762.945801 8.080760
1688.771118 3.002663
5909.625488 120.477226
2593.884277 98.787338
2372.722656 72.147240
885.934143 47.411884
3302.793457 76.571396
666.364441 124.107681
2440.168701 172.236832
7554.381836 216.305374
205.117676 33.585472
3565.311523 9.906945
2151.319580 11.843965
1010.164368 36.427753
189.364136 191.776001
4479.872559 224.898163
3313.155518 278.457520
1482.881592 320.382446
1535.655640 438.608551
4331.095703 358.536743
705.246094 268.101715
917.609009 204.988907
1066.215942 51.682034
1088.585083 51.492863
807.674255 59.408798
3709.019531 92.813843
1174.403931 121.780350
68.596596 68.917160
1021.577393 50.150425
535.312927 49.748119
956.648804 18.403790
3610.664062 18.046415
2142.885010 20.030783
1657.901001 24.246548
1481.848145 120.244537
3953.981934 77.957710
3506.211670 44.756397
1014.020386 25.503420
1127.142578 76.023331
878.079285 56.963604
478.280090 44.729256
1455.748291 37.328747
18752.402344 155.472565
4295.585938 148.010025
3366.112549 127.570831
1589.694824 101.120850
631.677673 72.138412
2671.826172 127.397675
506.554779 192.273590
4764.647461 270.743225
1980.381714 144.590927
4468.232910 54.309116
2379.186768 19.350271
5178.927246 31.182655
1374.268677 25.540730
1241.615479 5.915655
2172.625000 6.821951
6628.691406 24.629049
13772.051758 228.987213
6174.416992 178.638611
5331.424805 119.988708
1101.220215 65.458885
223.723541 14.204400
978.753235 37.513195
582.365540 66.989532
2054.381348 96.272430
5731.659180 83.648148
2322.668945 42.488941
4097.444336 14.085972
506.304199 4.636825
231.086166 139.441757
501.146912 205.013855
1850.297241 288.229279
3508.834473 364.008392
9544.434570 309.096375
7566.216797 215.871033
959.756287 143.468384
243.980865 115.321800
2957.000977 272.674286
282.615234 293.766113
7671.488770 330.791016
2175.312012 346.287476
16418.054688 575.252075
3819.579590 489.558746
1394.216675 381.779022
116.343666 300.145752
595.934814 302.609924
1346.781738 349.666534
3132.834717 438.279755
516.567688 586.396606
1142.178833 61.095734
890.247070 111.636887
690.794739 192.106766
52.478394 258.817169
107.836067 41.491745
1392.909912 67.561066
802.013489 168.363831
1655.468994 336.798828
782.608704 435.074646
2176.723145 290.221771
2008.148193 168.695328
355.918396 80.751373
28.998363 12.803201
2026.376831 1.646617
505.009918 5.494384
905.968018 28.625256
4228.041992 281.017578
2882.732422 178.193726
246.694214 95.935852
538.257568 41.902363
624.523376 49.260197
248.571274 31.977703
1111.853760 20.946730
1494.000977 15.574671
1142.404785 126.060944
4036.468506 115.365356
504.663513 95.451248
620.145935 71.622307
2940.493408 9.940939
3947.917969 17.182816
520.302307 29.397465
1106.451904 36.681019
1036.687500 131.284515
1248.491455 89.380547
1506.083374 46.922737
1066.995483 18.419270
360.445129 54.086376
322.161072 57.418129
3998.612793 61.970478
4862.481934 71.636108
8956.383789 14.934347
1294.966797 22.997467
38.223129 36.029125
636.957275 47.459625
2027.685425 5.266909
1746.576172 17.422871
927.367432 39.491047
1987.173462 69.965469
10124.602539 10.633457
4025.827393 3.472451
3420.259033 0.659175
3202.344482 0.768191
1482.689209 23.487484
1024.663208 18.864014
4265.284180 16.887709
4252.805664 14.234571
7302.383301 193.039093
2460.794434 131.084030
416.221008 76.047874
357.891266 39.934231
2259.997070 48.169437
503.329407 59.991028
2793.428223 62.087044
2757.982422 63.122173
2924.853760 19.971663
3213.249512 0.733355
1900.072510 6.327129
3360.366699 26.917591
70.152855 162.134430
743.437500 161.687286
4381.091309 161.757156
5818.407227 165.608154
134.030045 66.084572
1395.746460 103.374321
1396.419189 135.968002
1573.331177 155.628891
455.042847 80.066406
210.397156 73.535919
3295.678467 69.377457
7898.023438 58.386578
4651.305664 196.439041
11869.573242 168.599380
4640.345215 130.724121
1795.850098 98.416969
163.916718 80.734398
1718.705566 111.714966
291.986115 139.514099
7046.784180 178.031555
2442.312988 43.004082
3083.168457 3.253141
1174.139404 9.524745
459.082886 42.732224
997.068115 112.094131
807.615051 104.285576
4253.741211 118.384445
1600.996582 131.734253
677.110596 434.694092
3727.871094 350.851074
1023.912537 247.151733
312.828064 159.893509
35.800747 256.149414
11705.606445 331.711121
750.299622 407.625244
6865.195801 465.276733
182.050903 103.689995
1496.255615 119.767372
1578.075806 148.923889
528.093750 193.778671
3443.410889 322.567444
155.477020 416.146210
438.683960 547.121826
10562.296875 706.837891
21316.263672 519.748657
10943.592773 370.555420
5198.104004 288.983612
535.685913 276.168427
4409.477051 429.621643
313.435486 371.853668
177.632126 370.010315
6681.130859 431.071716
22161.949219 601.231384
1778.083008 608.047180
8328.801758 578.865234
930.744873 511.429108
1466.123535 60.053413
1778.931519 47.305317
6992.818359 35.253101
7594.843262 29.523586
2870.291504 118.380081
95.003372 98.062271
3154.422119 82.870461
1450.422852 71.325455
403.054596 19.669966
934.753967 18.509115
3999.431641 13.426896
3279.021484 9.382288
7933.439941 36.095955
10385.927734 20.219826
8721.625000 14.940335
1514.287842 16.875969
4181.856445 249.793442
681.065674 298.016724
6693.839355 352.124786
191.036499 415.266937
77.197586 53.902176
6679.866699 86.548294
3640.168457 141.415894
1359.504883 198.765228
346.328857 119.106415
528.281250 87.375397
1938.795410 107.838882
5569.491699 162.154129
1507.672607 498.238098
312.798706 425.299438
1777.706909 316.138000
672.232178 202.599884
521.708191 12.566744
1425.437866 18.405024
343.882874 20.999327
2464.044189 19.983780
3885.903564 4.319148
2353.694824 0.509660
503.665466 1.027147
357.870667 5.763732
3096.791260 120.915009
113.000412 129.868607
1110.739990 155.816605
4153.686035 187.192566
2884.434082 112.547775
679.333496 134.448776
767.917236 137.025482
744.921631 127.501610
4127.306641 62.003334
263.060089 62.440407
4160.858887 65.051544
14760.122070 81.711578
9708.380859 204.985687
2580.380371 125.158981
1379.495483 79.897041
3161.863037 63.818192
856.774109 148.247284
247.432861 162.764938
1170.351440 189.701950
4934.271973 230.513626
5321.412598 26.061001
3957.328125 68.491035
9471.482422 108.426376
1856.939941 134.231186
1607.456543 67.308708
2216.636719 38.704895
981.047241 21.179358
12771.121094 12.022556
2845.878418 212.577606
2815.600098 190.122787
2847.469727 151.037506
423.742035 106.649818
541.329407 47.762196
8277.560547 101.734558
4033.093750 168.083221
12869.829102 219.673950
1770.524780 320.062286
319.562683 194.776428
575.092834 89.698395
187.421234 37.858704
108.434174 98.505302
184.528046 82.090721
0.688529 78.171730
5469.242676 84.008080
7730.286133 126.909142
11666.917969 143.161224
7319.044922 140.151459
2199.364014 121.675034
311.295807 8.622610
524.271484 10.791750
318.334198 8.533356
4442.106934 3.356567
6691.565918 46.022350
2814.373291 22.674170
2568.171387 8.974416
1133.151001 5.843441
456.135071 62.388618
752.489136 92.798370
1993.230469 140.078629
733.942139 197.383957
106.516403 5.462544
1282.956055 18.411034
2395.687988 32.488361
887.415344 45.198723
1040.502930 26.726763
1555.392822 74.024765
752.711243 149.633972
11294.279297 226.627350
2721.716309 185.640762
378.721985 125.165108
254.775192 62.931324
198.550934 23.830153
318.127197 120.516266
595.736694 134.172348
1153.804199 182.901138
3140.100098 267.683350
5763.365234 157.254791
1636.854126 145.177109
686.782043 137.549591
1469.989502 127.134293
1294.755981 40.775772
5913.781250 21.987276
1174.512329 22.316479
2492.605957 46.724556
1706.602295 157.594910
2690.063477 129.670517
3556.571289 100.552643
2597.171875 69.662949
164.093048 2.071607
206.570587 0.071018
2148.407715 1.289668
19244.732422 5.807424
28569.925781 29.066837
3031.692383 21.150896
769.246094 13.414921
153.234619 6.771244
1345.448975 29.439081
403.337433 50.154446
1428.871948 70.740601
671.139038 85.054565
13857.570312 3.262510
12141.027344 2.399426
16198.655273 5.001112
3067.617188 13.680411
261.076935 8.243351
767.825256 19.724842
713.751465 46.206802
716.084900 89.518173
733.388428 113.687180
2284.492188 61.485458
896.672607 27.268887
144.315063 10.386031
648.910461 8.121948
297.236542 28.250654
450.718781 50.858173
2386.562256 71.896156
2404.017578 129.204285
3227.149170 63.300262
1438.613647 18.081417
114.779327 1.038469
278.294434 140.797394
2465.840088 116.757950
5142.237305 116.749741
1461.291870 127.976021
3985.369629 276.969849
826.841736 276.752472
2197.362793 240.898407
1431.104492 187.664169
162.298782 88.754097
125.340134 102.474243
5284.466797 122.725052
15949.120117 149.355682
14051.898438 81.810013
3065.224365 74.317841
1483.711792 74.658150
409.695251 79.846992
504.171448 15.826759
156.378922 9.534122
1033.778809 5.296033
3527.605713 7.636934
1926.988037 60.366577
9403.047852 41.735626
1674.113403 29.656855
720.396973 22.089916
498.982483 22.462320
147.042557 35.977989
749.473511 55.435783
2327.232422 80.902245
10175.902344 6.863250
1421.142578 2.666614
4810.716309 5.831777
539.172058 12.848078
459.711823 27.958912
1026.221558 62.250671
658.580811 108.070328
4390.508789 161.605469
3217.192139 135.279236
7073.853516 65.184494
2214.613525 23.077021
984.904480 12.204030
199.852158 107.317833
158.430939 83.767960
554.559448 78.268547
934.862793 85.540352
8441.427734 247.525726
6048.061523 229.903809
691.444336 192.405914
993.634766 146.857269
2171.168457 285.013397
1363.136230 330.772095
3029.311035 375.643494
11749.946289 405.987427
1746.461792 250.353836
4263.891602 238.177704
0.648542 236.094330
1940.943848 251.229935
1357.873657 254.560028
3006.155273 219.166763
477.347900 257.879395
8322.192383 442.784363
11224.355469 907.457397
9637.104492 590.350464
1619.646851 409.886230
4193.007324 315.558563
783.355835 44.988453
2254.981689 5.597811
673.942322 2.635828
153.986572 24.388287
10731.270508 637.002197
12598.380859 460.562744
850.619995 280.163361
8368.070312 135.433609
1300.165405 176.775833
601.361572 232.331604
4493.040527 293.397217
1250.116943 357.713257
1085.156616 571.154724
6905.026855 348.450409
2570.735352 204.734665
1454.096191 154.849670
260.357941 195.674866
632.213867 167.004730
1787.157227 193.953552
8937.957031 275.560364
1360.771606 920.099854
10595.550781 668.943909
282.998901 447.856842
199.566177 287.355377
185.497284 112.993576
1186.087280 82.291008
1098.108643 58.473320
1322.057983 38.726025
2751.407959 235.558807
1301.740112 222.956955
9626.073242 190.976761
2351.615234 150.927322
1492.488525 39.504745
659.678223 50.628094
5300.465332 71.789070
2191.550781 98.590179
3058.968262 53.445335
140.571289 48.251949
707.741943 42.436504
1254.728882 38.060291
689.262207 128.780136
829.263672 132.951874
1161.977295 124.132797
5291.218750 139.462189
11220.742188 457.461365
1808.606567 245.094894
2116.386719 137.769333
166.166565 116.027275
2699.238770 93.167137
891.171143 61.534462
2151.685059 63.682617
2337.692871 100.977150
12099.288086 287.375702
4576.128906 253.274368
14943.468750 204.360977
716.301208 146.389481
589.282227 1.172133
1625.862061 3.717345
13.817482 17.152287
837.568115 37.479713
2970.342285 207.149094
3147.586182 127.563095
3410.251465 60.396362
1800.885986 17.826359
534.171021 109.285278
295.089874 149.583054
5533.698730 214.761261
5542.360840 297.631714
74.025055 23.250359
798.363098 43.474968
3391.918945 66.493889
825.153870 86.068130
515.402893 65.746315
177.934998 63.554707
929.975342 66.343315
831.082153 85.683777
13434.145508 724.586426
5098.150879 425.927032
3328.755859 210.719238
1204.394775 99.730331
445.965302 32.335869
478.809418 60.813183
1218.726562 109.546402
961.643799 179.335541
1912.568115 107.881439
520.144409 55.355843
1730.592651 27.869726
294.252258 21.388226
450.453491 228.451111
128.641266 274.144592
3645.148438 306.389526
10273.857422 324.406372
9858.657227 927.079651
658.250305 569.846252
1105.206909 323.626648
723.169006 221.776276
185.795837 305.719269
384.808319 286.103638
114.189919 303.213196
3481.489258 350.606598
14834.491211 809.424011
1310.804932 642.404175
6817.789551 487.288330
512.605347 371.528442
1704.512939 41.200356
3947.980713 29.233181
3325.146240 33.397591
4621.653320 52.180359
11947.378906 184.471313
1984.167236 146.374710
108.691010 105.144623
2271.075684 67.937218
2890.751465 6.976449
149.246109 3.308802
3528.778320 14.323016
4578.134277 60.449829
13158.925781 291.943298
5468.929199 148.506409
2647.087891 61.226009
4510.968750 21.282066
2207.012695 52.170586
254.429962 80.264389
1454.870361 130.057648
5899.486328 167.882385
19206.640625 370.298157
754.184509 267.809875
608.493958 154.997833
3064.592285 75.123901
1205.702881 42.083080
1039.788208 24.054237
1988.646484 25.324030
4663.887207 67.147369
697.626953 276.666992
298.349060 171.466553
2574.660645 105.604820
371.441193 67.660393
17.465965 27.946730
240.187408 24.721912
3763.589600 28.273026
3440.362549 38.880798
2033.148804 120.907951
713.359924 87.365074
1184.993042 58.863266
1363.222412 38.920219
101.758224 35.128422
163.489471 54.759407
3576.293457 93.651527
2253.401855 146.303162
4713.058594 6.662754
1156.497437 17.835804
1132.515137 25.869118
565.482422 29.120386
383.372131 66.565971
308.953583 93.451584
976.405029 143.807770
203.397354 186.986252
9577.151367 309.112671
1614.064453 236.927567
1509.705322 150.346542
144.721558 85.532715
332.299377 129.595947
771.156372 145.679443
251.956879 140.878067
4145.125000 107.129517
5299.122559 265.230835
750.596863 190.410110
354.803925 135.562378
968.962158 117.830910
894.713745 53.827324
735.696594 43.344955
2937.132324 40.356850
16351.607422 58.367554
8246.295898 102.317749
2095.933594 75.369011
1638.445435 65.590187
776.894836 61.420422
1705.536499 130.897461
416.220428 141.725937
4043.623047 163.688812
3634.787598 210.738800
7810.753418 17.577194
129.193542 39.739136
1777.528076 79.261681
4314.495117 112.831436
595.359863 95.634689
2455.594482 81.821724
5209.649902 115.211906
562.467346 177.587982
5516.212891 471.136566
6429.110840 377.943817
1382.160278 264.468506
1800.479492 161.120056
162.581604 7.452883
253.867767 4.837554
245.467926 5.329233
3247.944580 9.555268
3715.781982 79.499924
12934.416016 51.776985
9629.296875 29.302237
319.312927 14.795016
5148.668457 41.228603
1397.031128 48.013584
747.991699 78.266243
2818.645508 120.160530
438.758209 126.610382
6172.172852 114.193954
1446.569214 87.596878
805.224731 58.088737
117.439522 71.265335
187.398178 64.858253
1310.521362 64.877541
4645.465820 72.880516
16686.896484 231.126709
41.214130 169.726349
2940.366943 119.928909
1811.467773 87.755379
1320.912476 85.279716
834.810181 103.756325
551.168518 139.006073
3475.644775 187.231552
8262.484375 187.231552
3475.644775 139.006073
551.168518 103.756325
834.810181 85.279716
1340.954102 58.074226
823.473755 39.740311
5352.268555 36.995934
9237.335938 45.256760
38254.679688 367.407166
2190.520264 268.509216
1089.951050 173.162003
2083.501465 100.883377
4930.478516 104.631508
943.695740 169.199982
606.931152 249.515869
4238.932617 342.210052
427.461456 18.933878
1152.396851 2.394939
4379.819336 17.855839
520.501038 54.104710
495.004730 111.808464
879.869690 121.012558
126.095802 121.725060
6708.402344 107.432007
7238.124512 724.061340
7026.574219 454.378723
1329.828857 246.067429
5027.201172 137.246399
380.538574 12.403576
1360.941528 4.771505
831.487305 17.360033
24.375006 53.719013
1557.537109 96.588982
2351.273193 73.924004
690.577881 52.907173
647.749878 31.271778
2128.883545 9.313253
1277.474731 3.064216
11207.660156 2.654567
6082.952637 8.031916
11226.803711 189.794540
1183.391235 121.479813
686.163818 64.425743
2425.429932 27.433149
306.795837 41.778488
209.925415 67.080971
1684.670166 115.569099
12730.845703 183.596313
11821.239258 184.529846
11482.827148 114.816681
4764.818848 65.788696
159.007080 41.174648
340.618713 32.053623
484.850067 12.087931
1061.934570 9.137073
840.835449 30.787525
9061.278320 428.877625
2027.711914 275.499420
1052.693970 153.693619
5255.980469 74.866684
265.434448 5.565411
693.645142 0.811802
3650.467041 0.062477
5873.208984 2.149640
8943.915039 167.091248
2208.984375 106.138336
2272.080811 54.427109
1027.920410 21.112024
1816.001221 12.720325
620.681580 14.184271
591.945312 19.179138
197.406540 24.805889
2682.099121 88.185669
580.638245 60.457874
444.527374 35.397846
469.682129 18.959351
695.339844 2.260526
777.661316 4.481385
907.940552 11.459064
2587.846924 23.740627
1701.841919 58.820175
5.087612 33.785210
2947.211670 15.608297
3407.080078 5.447332
698.661072 22.300743
371.839417 12.725725
779.781616 4.557905
1836.751099 1.414555
18155.964844 168.895081
3730.344727 110.523834
418.528412 65.110664
341.717346 37.195438
275.866913 31.552366
1627.518188 40.216671
2451.486084 54.120369
1818.488159 79.147560
1549.227295 6.269742
6273.147461 1.859449
1606.082642 10.166560
424.781372 21.925579
986.567078 81.627945
3131.046875 84.475487
4839.605469 80.099449
11924.197266 63.536427
1054.595459 126.724007
3854.378174 107.892273
965.503296 89.864662
210.206604 81.015358
253.758270 4.100533
500.079193 13.185557
4330.301758 32.252991
2669.491211 62.539864
6241.991211 23.911520
4363.507812 9.457062
2498.203125 3.043067
3.307269 1.506140
356.903076 34.686459
938.027832 87.752831
1433.061523 186.231812
8533.533203 329.933105
14713.112305 273.411102
241.823334 140.013794
4027.598633 57.739803
768.597046 24.312424
665.301697 61.892349
1505.938965 33.099174
717.710938 20.917892
7736.848145 20.437113
14253.119141 539.374084
6306.758789 379.651154
823.231384 231.271179
4896.151855 123.589394
157.515839 37.337494
1172.173340 32.937817
4489.004883 29.200710
2610.518066 27.843353
6762.850586 52.773712
1669.561523 48.386192
87.393883 44.760201
671.295593 41.299492
295.386322 9.223211
285.463135 21.339134
721.461060 38.195896
557.999451 58.290932
4861.652832 26.795341
11012.397461 11.469945
2990.325684 3.468508
2191.425781 2.945425
1036.362915 39.031731
1568.525146 54.441345
468.397125 88.663345
1038.149414 161.160294
225.144226 38.730370
3346.861816 2.769797
4764.012695 6.201934
265.550323 23.831738
842.889343 15.966322
1169.295044 4.180990
2312.180664 27.137684
3692.447021 83.502472
4167.466309 401.372131
7432.569824 268.297607
494.755859 150.837585
786.054199 64.713188
1165.728882 145.752258
1093.395752 176.000381
77.100403 220.721832
3959.616943 250.137604
2691.738037 208.060181
11665.550781 204.061081
4529.844727 174.590164
2271.097656 147.104675
1957.841553 37.953045
2239.810791 38.321125
1443.912109 31.921679
2476.655762 20.361740
4652.624023 284.845551
4075.920654 171.094894
736.125610 87.821373
2648.210693 47.069801
543.597473 81.772400
738.516296 141.864975
1223.531616 212.919998
1744.589111 282.557434
2253.508789 14.136658
6368.606934 5.891833
1801.452393 14.031254
31.055195 38.878258
77.642906 283.524902
825.621704 347.944855
816.308777 385.548645
1362.487183 367.238251
6000.466797 670.055908
11859.387695 465.296967
251.945953 310.729095
1600.741943 253.257263
1297.062500 152.454788
2091.772705 132.719009
1015.670166 151.156326
272.714539 249.695770
5671.485840 473.491608
544.007629 310.836792
2244.678955 224.049286
682.416199 181.605743
1955.382446 328.466003
1332.101562 317.293243
1108.658936 337.321167
9264.267578 356.611176
3738.710449 427.547913
2684.047852 463.912781
9279.624023 435.863953
914.585205 376.561096
400.722229 180.681244
25.638985 239.766418
235.520233 344.050049
623.479248 526.158325
13714.820312 621.608643
8425.739258 342.698578
567.840454 196.790161
1971.340332 157.594330
569.229797 180.035385
2195.978516 123.805283
2525.752441 121.162407
8801.400391 192.795654
268.671570 1075.088989
335.327789 743.853943
657.111267 475.805573
3546.539062 291.465698
1322.655029 226.943695
534.135925 190.630035
1386.510864 190.192093
5698.234863 200.649078
8529.323242 651.813232
830.769287 565.076172
7742.136719 437.235748
155.615997 312.802002
613.787903 87.979134
468.062134 74.967789
2230.406006 98.804947
6816.477539 156.832642
579.536011 198.524109
9713.559570 189.161331
3333.247803 163.475266
466.878143 124.405319
843.532837 83.643074
1285.176636 103.418846
902.100708 149.088287
5735.830566 210.928894
10368.005859 185.100754
2853.187256 150.137253
2239.602295 115.853889
4686.451172 90.239662
3798.664062 121.533447
1357.191162 127.682869
2238.383545 141.666855
1005.830505 194.681122
1702.581787 553.702454
5200.070801 315.418427
1464.744751 176.984818
3121.679688 126.152023
730.809082 313.294067
2971.980957 286.598450
14784.660156 309.500519
5067.896484 344.556335
13426.229492 662.593872
13050.192383 625.759216
13806.679688 521.767212
434.131042 400.407104
3229.965088 277.754120
904.902649 319.432312
1229.298828 362.068115
2654.950684 395.716583
182.576767 126.648270
21529.253906 164.492630
14286.571289 203.029602
2502.611328 239.846008
260.575409 164.717163
5967.851074 139.173218
1107.514526 104.176865
4601.022949 89.734138
8418.232422 806.509094
4634.958496 502.776489
7693.538574 298.599030
1958.547485 200.382629
535.088440 115.877182
122.266228 90.107010
2688.871582 104.668877
2022.533203 143.091324
1888.734497 222.540253
3570.904053 251.861969
2091.128662 229.288376
882.315308 172.510651
61.914993 88.910156
1971.980103 81.963280
181.450958 69.893990
4996.776367 55.752388
6574.667480 52.341667
3452.653320 67.833870
1259.949097 81.011902
296.611786 88.656891
123.000656 116.602303
1616.906494 222.975723
107.668312 409.833344
102.593147 647.913330
1276.708496 375.771729
234.272705 242.782227
1627.391235 143.911057
660.967285 95.025475
118.119682 81.185181
2673.299316 64.132927
3851.177979 77.920067
1133.849243 134.498489
15925.541016 551.603516
3867.187744 364.197876
4527.371094 220.986603
2737.323975 129.721512
1808.116455 19.238989
58.976631 2.564078
88.605782 4.389083
177.409668 31.162710
2537.550293 606.733582
9917.591797 369.851807
3165.765869 184.120667
2537.021484 71.089294
450.588623 43.886185
2729.645508 48.955723
925.772034 62.608345
962.819214 82.210274
56.547226 39.213734
2144.008057 44.868370
392.876343 46.670956
2952.659424 44.902348
183.712601 16.984737
2714.714111 42.983707
2178.355469 98.394096
1964.492188 194.119186
7786.647949 60.261791
197.752396 13.654585
311.458313 1.059898
22.973553 5.056178
3411.099609 163.552429
2626.366699 179.707535
556.086121 186.078461
11217.504883 166.481705
10680.398438 638.499878
8030.000977 435.463562
3879.065918 269.235962
4492.884766 180.337326
218.389618 253.918350
578.404297 304.150421
931.837769 418.014526
1427.588623 613.341248
17383.833984 502.738159
5317.174316 349.963013
9299.064453 271.829712
5145.535645 245.067825
2197.344727 117.989265
216.897446 41.290318
101.238968 3.589805
2626.929688 13.393441
351.526306 831.558899
2712.784424 611.384460
3741.346924 403.521118
568.339172 236.847885
462.969604 159.329742
1465.648682 216.668091
872.493408 304.750458
16260.406250 434.784363
1503.980835 15.444584
6214.853516 17.331053
8.378723 59.436707
958.700623 110.733940
449.723816 225.302979
542.267090 212.451599
123.603188 226.499359
138.596573 262.668213
18970.029297 1011.937561
11317.358398 707.014648
4611.021973 454.415649
1890.416016 295.235931
2951.771729 39.718513
1590.545898 12.285600
39.709343 16.316700
359.854980 61.807037
805.116699 304.463104
1642.561768 220.547882
1940.176880 147.990295
329.190033 87.227547
3062.194336 19.676512
338.760742 11.733507
1138.185913 8.952321
1150.851562 2.963645
15173.239258 321.618744
1631.720825 215.071503
943.782471 116.716202
3132.998535 50.319206
1779.685547 18.138540
1147.270020 47.347172
2348.551758 100.895935
2373.775146 171.404755
8696.659180 81.601990
1508.243652 48.658096
1535.993408 24.662010
31.088879 12.494710
1224.269043 98.875214
2767.945557 99.783020
17183.218750 84.827560
11795.686523 66.680382
3402.876465 597.767578
20260.093750 351.746887
615.818237 184.385437
4491.420410 110.767609
390.588867 212.234711
832.195007 219.558609
1311.924561 302.284576
4831.302734 439.205139
2935.808594 362.584412
1712.252686 365.349152
2275.641846 327.166992
519.737610 262.463806
125.360512 188.440216
276.739716 145.946426
4.407925 107.190384
220.830292 69.554413
5327.205078 330.398315
23211.566406 319.696808
7415.079102 283.527130
2665.257324 235.913757
490.941284 18.427986
587.180603 43.151218
433.678680 112.480347
801.696411 251.196136
133.856094 147.833145
1171.444458 52.035839
1938.653687 16.664602
708.058289 11.768941
675.337952 41.840263
3438.523682 36.862228
2048.473877 29.618368
530.943176 9.721781
11792.136719 742.934692
848.470093 459.203644
669.955688 225.711426
1237.617798 89.494873
4539.257812 68.724770
332.082581 76.614166
3318.878418 107.207336
5240.173828 148.619308
2648.509277 154.863358
5117.287109 140.621170
2169.456055 113.321335
2002.572144 84.347572
508.196533 16.647821
1487.580078 52.801228
457.753876 144.242645
2714.210938 270.522766
10787.676758 384.696930
3620.487305 250.289673
1092.407227 128.392487
673.895447 44.091423
107.239754 42.547340
555.433960 50.305382
2484.951904 76.335732
906.041870 124.177933
4602.900391 189.076599
2319.327393 122.135162
1307.499512 76.192970
114.249672 50.741871
1436.615112 61.712791
60.262562 53.041111
1272.760986 53.391949
1022.377075 60.216869
2973.839844 223.067383
5466.426758 171.290604
2365.946777 121.509003
679.933228 83.796257
46.851696 336.179199
18.859694 528.517822
835.530762 733.468994
4858.507812 979.070740
958.372803 503.713776
4400.614258 192.200378
1899.432861 96.136864
520.266479 170.907990
379.330536 304.282623
80.288864 151.381653
819.613403 118.331711
2118.358887 261.311920
10233.962891 1983.372437
19675.085938 1395.463135
607.010254 911.269287
3141.464111 553.357605
105.722374 135.249268
1766.996338 118.805557
292.624390 131.848526
5489.970215 169.356476
1592.064819 393.479797
1728.119629 323.255188
4443.620605 247.417389
58.677685 180.548203
1073.984131 61.868259
1466.376587 73.052795
2976.583740 94.974960
585.416870 104.052589
1998.875732 260.172974
513.068848 205.430603
1383.628418 135.658875
84.792755 81.724487
786.420532 206.582672
1451.355347 289.191620
4753.104492 378.667725
203.498627 431.483246
5978.329590 253.003418
8637.679688 218.143860
4225.114258 177.219879
189.078293 166.367798
334.236969 367.103210
336.949310 382.279602
4131.389648 374.153442
8969.242188 387.699493
4886.748047 1164.545288
21235.271484 719.313232
5708.448242 452.625427
12.304885 361.344727
501.751862 192.118103
1831.462402 97.538589
2916.633301 87.652206
1674.488525 174.745346
1277.149780 450.117126
548.705200 466.023132
4581.603516 424.471375
407.904480 321.006317
708.133179 61.380493
2072.840576 51.858070
771.014038 58.324528
996.360901 64.900269
382.840698 211.519409
2462.723877 190.300964
2533.738281 143.968811
7711.781250 94.471771
2514.912598 29.267336
906.723999 42.635296
6472.121094 63.086891
5129.492188 90.907486
16339.062500 11.541941
3815.569092 8.721829
2012.703857 12.915888
19.629606 20.086735
820.586243 49.783524
362.455017 102.984558
145.048279 180.543503
624.019470 304.621521
8640.523438 292.634888
10519.755859 110.448990
5653.935547 25.499142
1413.366455 16.749514
2302.190430 77.116280
2739.049805 25.761892
1088.622559 17.179523
649.352051 68.985611
2592.159180 795.548523
1959.049927 534.492737
2885.886719 320.976349
559.725220 171.195511
555.001831 23.991875
158.138519 35.148342
140.389374 58.508385
530.635620 105.710373
1088.375366 191.744232
2213.694336 95.930786
1041.433838 41.991486
406.613342 22.943363
1280.930176 117.936752
834.420837 160.112000
465.734985 224.033188
2434.297363 292.776337
70.824196 506.844025
1284.581055 332.674133
5108.714844 195.454742
333.837677 123.268608
795.227051 168.835434
2524.882324 126.853958
3855.578857 105.911392
32.990864 110.965797
925.315796 738.881836
1921.842041 539.913147
2266.684570 366.563843
199.578766 243.454788
1168.592529 299.821899
2697.529541 345.423889
1055.052734 410.292755
4595.670410 492.846283
10003.035156 47.596165
4634.571289 122.360092
1925.177734 198.820343
4498.424316 257.043060
909.349426 143.610092
1025.169678 124.451141
961.184326 136.996796
2646.380371 229.645721
16853.208984 833.375488
5142.579102 496.480713
15844.625000 286.747040
1350.084717 185.795807
673.491150 315.563232
464.378693 273.565186
289.947571 279.150513
5676.204102 304.121307
2009.015137 708.219482
3192.823242 653.046448
3543.756348 539.410583
231.189438 411.959412
940.557129 69.283295
906.534546 48.017532
1608.752808 47.979630
3813.798828 64.901047
19907.119141 269.468903
1800.818481 223.648926
2927.388672 166.544113
2350.676025 111.122498
1329.130127 22.700577
78.278488 22.067036
246.312180 25.096275
8820.357422 31.723392
7855.274414 11.030235
655.331787 18.917761
333.036713 23.750414
305.061554 24.396175
383.307373 82.135681
34.783382 126.014229
2318.430664 196.737579
1352.391479 271.677917
6382.901855 196.506958
6913.145508 151.375168
3238.790527 105.095650
894.061401 76.574844
386.092041 34.493202
138.554413 19.460796
5841.264648 5.523427
11783.096680 0.522989
2092.270264 287.689148
2302.599609 182.041153
2530.003906 103.178024
21.021870 57.385986
705.700195 12.837918
848.519348 44.489067
1711.439087 81.690720
2702.903076 110.103340
8858.244141 137.729004
4472.626465 75.917969
13849.401367 25.702665
8091.469727 3.403836
1487.124023 53.266090
130.575363 41.417702
2201.711182 22.517729
1833.107178 19.835758
2558.735840 258.292877
448.872894 141.433273
1662.601562 78.306160
752.138733 58.129768
1169.866089 45.340424
1045.769897 26.026745
2066.619629 17.644518
1223.088379 20.228529
793.136719 67.743965
1223.735840 84.415985
3528.890625 84.188980
3338.065430 68.338776
497.244568 74.657341
70.550117 80.767372
73.357697 82.970406
631.093994 86.710800
4241.322754 17.111038
7868.702637 24.914761
626.347046 42.460735
602.856934 61.297974
683.707520 44.740391
1556.107544 8.592200
4968.859375 8.295382
149.554016 58.430824
1078.218384 227.959763
4192.057129 183.830093
897.532898 142.151001
912.892212 94.732040
557.882874 95.143784
1422.246460 138.146912
175.797180 245.326782
3102.541504 401.843323
2754.048584 43.633926
2741.325928 80.142601
4536.494629 98.599022
59.339485 94.716110
444.778412 20.797386
134.460175 5.612262
5267.532715 0.008444
8285.806641 13.223418
2386.105957 564.659912
379.051361 335.743378
1807.108398 162.565857
801.751709 63.107582
471.099731 84.381371
298.320129 97.632538
12338.904297 128.862701
6585.813965 176.100891
5261.467773 25.870832
542.925171 50.519939
244.657043 70.352509
2323.619873 79.565704
2.544409 7.753202
224.663589 10.318116
578.685547 27.481604
255.169189 55.977242
28095.419922 218.425644
1885.938110 137.725098
9314.898438 69.930420
114.765335 26.016155
980.645569 17.902758
779.835022 9.114732
1334.013184 3.082347
3770.065918 10.194775
1753.013794 100.911880
221.520020 59.431828
2336.431641 36.253483
40.276634 25.434746
1220.702271 38.707718
134.247803 38.832272
218.766022 51.217258
488.111450 68.262711
1664.560547 118.152435
4093.675537 102.381577
1630.104858 77.555214
241.436890 53.167454
282.921692 15.898575
83.311172 33.599567
951.619934 53.349792
9185.448242 66.748886
1416.694458 136.233856
2161.176514 79.779572
4046.301270 34.650726
53.870403 13.111341
1603.513306 7.450097
2272.002930 28.968697
922.350037 104.267868
106.269974 234.056412
8292.362305 107.050117
8596.350586 70.410507
2599.647949 44.094223
3611.578125 19.935268
754.316284 202.848083
1366.094727 210.878571
734.452820 229.437515
14210.623047 229.637787
2557.942383 351.283844
13194.669922 329.667786
1826.071289 276.369141
2266.970947 225.563843
117.241341 1.913223
1457.497314 0.845291
849.619263 15.584235
2319.212402 70.612610
21624.398438 279.987579
11333.284180 131.093857
405.565918 46.324631
1698.031372 11.858752
1020.851685 8.294147
254.974060 26.994350
1364.866943 45.616852
969.526184 63.744881
4795.276855 370.221100
1907.008911 194.273529
1922.866333 69.475471
1150.457520 12.407953
613.476440 9.354721
730.045898 6.457541
4857.264160 16.438751
2411.072510 36.151161
958.617554 87.124825
153.599945 68.626907
2978.457520 45.918251
19.965706 24.083719
511.511566 25.113195
454.732513 79.646095
427.994904 206.117004
6439.567383 429.016785
282.381989 140.183975
1051.051025 35.116882
377.820953 3.159894
1847.579834 5.433187
246.997467 38.812943
1195.111084 13.651539
7431.783691 5.886970
13838.636719 18.780348
7821.832031 803.986572
1787.233154 503.360596
2130.487549 260.039093
5019.822754 108.986435
166.191818 25.740585
415.044830 15.258932
3292.319092 10.413383
7757.519531 9.386727
14518.292969 123.303810
12836.428711 98.034348
5456.164062 69.226669
3985.090576 43.821381
1723.899658 7.561895
1087.042969 9.575121
4495.436035 16.436752
16233.691406 31.430283
18240.396484 6.463795
11043.333984 2.409277
1596.488037 3.852692
1157.891357 6.246184
3947.736328 1.630957
3765.882324 4.496763
1513.982666 18.612953
1886.448853 46.189568
35947.277344 51.747181
17102.128906 29.876608
8369.020508 15.373669
6245.536133 6.087211
2603.559326 10.857095
4740.767578 20.684906
1490.947021 41.859341
629.403320 87.625595
1349.815063 81.599709
1790.729248 26.240990
440.695679 4.874301
388.694397 4.283718
200.838562 58.489441
1090.701294 82.510727
1062.175537 154.313644
1043.264526 274.777496
460.718750 428.259644
3526.361572 268.217804
1658.794922 150.328339
624.916138 80.728218
200.351486 96.237007
3137.526367 74.050926
2908.042480 48.815147
59.422405 15.846052
9290.531250 605.024597
448.629028 413.369751
2839.684082 248.636688
2413.202637 144.430069
455.150818 23.994537
1707.415039 36.363300
46.258957 62.807274
2565.195801 88.653618
833.862366 106.147713
1753.936157 88.440102
3079.656738 59.014797
2191.496582 32.998516
411.193054 91.471275
791.226807 107.541214
2948.240723 140.689804
1077.423950 179.799835
1790.236816 355.633789
720.935364 251.248779
700.684509 161.722412
219.286469 106.754875
497.402985 93.335854
1058.560059 74.132584
1880.190796 66.011467
4207.274414 73.061714
781.147095 108.271423
6385.344727 121.798920
3477.745605 124.673370
625.092041 113.604301
145.303131 17.004120
1545.380981 14.478951
1733.356689 10.958523
2325.970215 5.697395
4646.796387 63.396816
2912.825684 46.543930
6540.105469 31.439484
6939.097168 21.664368
716.816650 133.397552
309.871338 189.764297
119.836227 239.666122
1563.091309 268.151459
4268.700195 103.441902
3515.897217 76.998795
2659.374268 69.294159
1486.114136 88.855522
525.427551 94.122940
292.492004 106.772446
3917.423096 219.195862
3522.759521 452.084595
8864.875977 615.455078
61.218452 399.867249
3047.911865 249.060272
400.426086 148.186462
279.204529 209.939926
562.410767 229.003326
711.067566 274.699066
1030.663208 339.200867
2437.688232 319.556458
5680.824707 279.248962
717.634338 242.887177
3011.225098 216.876038
618.003845 68.107948
1526.633301 56.754070
737.887939 51.558136
1414.028320 54.022690
11548.555664 722.767944
1108.191772 451.981476
3882.706787 239.154037
1852.743164 115.975365
531.537964 142.235428
1602.761475 187.877762
5327.197754 216.916306
4567.123047 222.269684
1534.739624 4.065798
9195.811523 17.771814
2133.187500 47.572140
71.112465 91.590469
1742.689941 82.306824
522.427185 89.418716
4185.646484 83.603889
6450.572754 69.606293
2566.058350 166.733124
9343.063477 107.955498
1236.707031 76.034477
1399.162598 71.971107
364.735687 31.273483
2856.907227 35.763165
2979.364746 22.414673
1749.581787 8.637401
18052.292969 231.461853
1354.266602 102.647636
8112.588379 33.799873
1584.298950 20.022776
3234.517578 55.739197
2276.510010 48.300335
327.455261 56.204948
5880.310547 92.826096
3128.150879 1.766534
793.772949 20.664913
1590.999878 45.856453
931.464722 58.929554
372.421814 25.737150
512.781372 14.181483
324.328186 9.548828
1173.806641 6.625139
4236.126465 132.227173
2307.244141 110.260796
1502.372803 78.525169
2423.400146 47.771038
794.760376 31.041815
1542.712036 54.394291
3804.386230 79.362022
1595.869019 101.153137
4079.382080 19.895607
2595.864502 8.610830
266.125793 6.166409
556.454529 13.925238
638.816406 32.947281
564.296631 17.999048
162.129700 2.931458
99.710617 3.629450
217.220764 141.263947
948.392395 85.056953
1426.668579 55.201859
1508.577148 42.652802
204.588806 41.509354
173.819016 30.474730
5888.333984 25.392025
6692.053223 42.867546
1844.457397 1.943426
363.702057 8.024689
8287.965820 27.731026
1872.002808 42.229809
678.516235 111.179016
299.539246 78.187622
1657.744385 93.307907
1837.400757 171.522537
7621.786133 113.425110
767.420654 150.707916
5145.588867 171.083405
92.054077 154.165100
523.854736 105.341484
626.638306 83.449829
3986.863037 100.468475
2365.111816 148.011002
5685.886719 137.290421
5349.587402 181.464996
192.095490 183.639557
4065.695068 149.278641
3303.765625 112.570038
523.726929 109.781448
7328.384766 129.644897
5994.179199 161.898499
1522.089478 184.414795
5590.668457 185.015427
4985.112305 165.333572
304.745911 135.603546
147.601440 0.861538
6208.850098 11.968641
1410.644287 45.790077
3705.365967 100.734474
10326.206055 207.560120
713.202087 121.550735
2584.503174 55.020668
3469.713379 14.540850
983.258057 89.683205
3348.465088 99.507820
8323.686523 117.053818
1854.401367 127.021942
7854.856445 218.556610
15672.800781 180.673004
265.655060 134.867294
1223.728882 100.741135
3825.281494 3.675748
6661.646484 3.812485
2758.484375 9.549753
321.263519 28.031059
782.607422 272.553650
22604.996094 147.800140
15492.737305 60.878265
1827.657959 17.004147
111.956268 11.798714
4556.999512 20.602016
6529.791992 36.895741
5702.952637 60.250122
4592.104004 27.774729
6584.895508 16.487757
2054.367676 10.608726
1293.037354 8.981838
2465.907227 1.686297
481.710999 0.936828
2617.917969 1.524989
3777.166016 4.430204
3749.567871 33.109871
3454.294922 19.491989
5626.593750 9.696411
927.830444 4.145454
557.816101 28.182491
1715.116211 44.968407
277.441589 65.990425
5616.650879 87.790176
3616.178223 19.642553
3242.850830 13.511746
5265.577637 12.610687
4751.269531 17.334488
122.116600 51.950985
122.919304 41.697723
123.544167 37.812862
5306.371582 39.241524
4598.530273 61.141296
4524.011230 73.163414
2069.782227 73.902008
3554.873535 64.890907
320.963776 38.924442
526.441406 55.655735
1801.099854 75.018829
205.736160 95.375069
2785.849854 129.720596
2695.918945 76.827431
1102.658081 42.898777
3363.732178 31.790770
1853.919189 10.361070
356.694977 4.489791
5646.195312 1.973954
9816.244141 1.766300
1540.744873 102.948418
7964.752930 72.503723
105.901917 43.818287
906.212402 22.689447
1501.657227 8.014879
773.592896 26.148216
4640.634277 50.752930
10420.348633 82.257599
15515.097656 93.803864
4508.403320 40.530613
3992.073242 9.084336
1761.469849 0.078029
588.451782 15.495485
8.676577 40.548599
200.322052 90.307060
595.845764 188.826050
19000.011719 235.156418
7385.511719 89.822868
523.016724 19.891121
45.795761 4.377223
1123.881104 77.980179
183.449387 65.613831
757.886841 73.921608
881.526733 91.400833
587.276123 803.521851
6106.554688 531.607544
1539.758545 296.754272
838.211243 144.954391
344.959351 2.372752
1899.722900 3.095999
1319.393921 16.639826
4174.653320 43.388119
6537.286621 189.644409
115.168312 114.305473
323.966125 54.891739
291.428894 18.002569
1204.769775 48.261177
1151.514282 68.523590
1370.401855 113.739471
901.611267 187.328079
16624.906250 502.824799
4532.246094 293.147949
944.304321 143.368057
1962.916748 65.984993
1097.377319 135.856796
904.654236 154.353714
766.241211 208.395386
6788.628906 254.823441
878.853333 569.064209
2555.721191 449.421051
203.144592 302.425201
1471.575928 185.386429
504.786865 107.727112
1221.055420 77.826416
1987.152588 37.686401
2876.877441 5.741270
1016.376709 197.970657
2016.724731 155.620163
901.711670 133.598587
2308.884766 122.935287
134.998032 78.652046
1201.407593 87.864944
812.340576 122.069519
4211.604492 209.491669
1938.591919 25.647963
7044.428223 8.795341
70.246819 33.953541
3247.451172 63.859241
367.463867 64.646973
109.210030 28.022635
1114.851440 8.701982
609.825012 1.296605
4579.256836 258.852112
1157.219971 231.305756
2716.375488 178.939636
2288.625244 118.055893
853.686707 15.757610
8.933521 41.011421
2683.279785 84.296753
7393.400391 142.404770
4034.021484 10.373980
2677.912598 1.349782
1147.418945 0.410130
834.113586 4.317170
1303.057739 14.129549
1108.502563 50.718857
243.442780 125.668930
4115.505371 258.448608
8537.166992 197.303238
87.333321 70.536591
7927.816895 12.195124
2132.699219 0.281512
1259.697998 155.197571
45.431068 121.621536
1262.977905 91.026627
3213.303955 56.030273
7272.959961 496.753967
6370.473145 397.187561
3120.920898 291.689240
5405.356934 208.360428
126.252846 16.081230
416.058716 26.363459
2901.584961 51.632542
1028.564453 109.206444
2995.860840 83.612007
1547.085571 24.836681
3224.361572 5.851947
215.166214 8.383100
176.427216 147.511749
1247.835205 166.982834
123.143158 190.009247
3349.880859 206.829010
2954.773438 70.207764
6813.359375 100.559677
1344.725830 120.701431
698.300781 133.822968
531.611572 17.586599
1758.631104 20.913979
3345.651855 56.785576
6529.449219 149.053375
3295.225586 357.764099
144.828964 187.732880
3803.443359 84.891212
1468.506836 35.582802
120.779648 20.919621
1342.729126 12.929821
198.796814 19.416689
483.826111 47.143799
8967.821289 397.278259
3026.982178 240.052948
1607.043213 121.388794
4174.805664 51.600231
1268.261719 211.086716
1949.797974 230.063339
4268.979980 293.499207
1200.287964 387.858032
8974.930664 401.517212
2643.619141 345.239105
1913.060059 285.172760
754.561157 234.341629
195.507797 23.588129
2356.285889 12.116289
11952.987305 32.842285
5218.800293 85.385445
357.005646 520.539246
13926.640625 335.850861
60.871010 180.880280
4409.372070 76.445770
2225.866699 4.319095
2337.064941 24.055120
2187.817383 65.051804
11244.483398 131.438278
4214.853516 242.832993
12688.128906 124.186699
8746.878906 45.514793
4283.552246 8.423892
274.331940 65.061287
141.580338 49.279774
882.307373 46.470135
476.543182 52.378048
3007.228027 523.606750
7007.383789 355.347504
390.286072 209.326431
2656.275635 112.455864
1590.497681 143.440475
167.403168 165.452759
2685.591553 181.485580
732.519165 187.256836
1800.605347 33.213543
2944.669922 61.221409
9475.643555 90.376251
591.391541 118.080803
90.460556 27.044853
29.278696 14.856406
1138.490967 18.113060
1198.034912 64.868736
483.298676 255.533173
6211.368164 134.021637
740.243713 68.918182
278.984253 41.584503
1768.522705 113.972443
736.237732 154.281219
3254.622314 215.338501
9420.636719 297.581604
5748.945801 30.179802
925.150269 35.150963
5711.563965 57.666363
16.352674 84.565536
688.944092 237.932709
763.972839 221.061264
3792.451660 207.988602
10014.733398 195.141724
2253.631104 658.972656
2440.752441 501.890808
3998.264160 366.650757
860.573547 279.404755
745.766663 197.714203
1633.524902 202.514786
2185.062988 233.146088
4816.869141 291.249451
17870.250000 354.085510
5865.878906 293.209717
3771.791016 246.122437
2867.354980 213.687485
231.847183 156.492706
2376.265381 180.321075
4022.331543 219.780777
1835.236084 252.273743
1556.794434 315.221619
1003.845215 265.566620
1731.154541 207.038376
1045.823608 165.138031
1253.101196 6.229499
2157.265381 29.250027
1804.049316 109.324303
4819.355469 264.548553
1947.824097 108.597610
10337.015625 43.784985
4848.083008 19.552959
29.303673 9.303827
1162.653198 85.012314
903.780029 74.168159
5790.611328 64.842720
2024.590576 35.478939
7091.806152 737.788147
2986.076660 500.794708
4463.648926 283.925598
2925.031006 143.173920
578.281738 64.049843
369.945251 93.432907
3110.467285 119.578339
3707.322998 149.573608
22436.109375 84.648575
7349.643066 31.927076
3417.927002 18.189137
496.577515 34.458385
343.006714 90.582832
127.069160 66.681168
596.547241 59.044949
6902.317871 73.102348
1353.555298 115.470680
10935.254883 130.437881
7424.797852 132.526245
2228.066895 117.152267
431.773499 168.759384
19.609230 176.614349
1173.508545 195.074371
9267.317383 231.057571
14202.166992 261.564789
1803.809082 208.207138
4098.042969 178.879257
4713.359863 168.317490
2975.677246 24.075027
2891.761719 30.092251
290.197296 69.851799
1149.604004 133.549469
2451.629883 314.843262
2278.631104 216.802490
4806.008789 124.833275
916.557617 56.688324
1742.982788 107.168938
298.690063 122.854706
1195.459473 162.149155
9541.180664 213.621872
13339.696289 570.163269
1856.582520 384.143616
1066.390869 230.138199
2781.273682 137.040894
2635.642822 308.303101
2651.942871 279.405365
1310.852417 233.824402
647.533447 182.691254
7230.572266 203.827545
7214.387695 252.657471
1738.228760 292.456970
1100.443359 312.975067
1391.913574 343.315338
2725.140869 398.246124
5033.958008 579.689331
872.354187 957.938599
981.812439 639.975891
8525.470703 414.720093
3006.274902 341.502899
3923.428711 333.554382
3717.446289 432.219757
237.523331 318.612000
4835.627930 268.160583
8006.636230 237.591690
11247.996094 1707.358643
24861.617188 1377.193970
886.337402 989.595154
5323.973145 654.525330
1147.115723 20.024698
3482.263184 15.284069
1181.022339 45.354027
781.009399 108.794510
1584.945190 139.574158
518.441040 114.564697
6799.595703 83.579247
2897.523438 48.197224
88.770584 4.960482
43.321327 2.621652
8559.506836 9.367004
7392.831055 17.285400
2811.839111 285.468903
6913.483398 183.815994
1395.768799 92.128532
2387.157715 31.249287
67.112816 5.443932
914.044189 0.138708
943.420410 12.173933
373.081573 45.579620
3877.990479 78.868477
701.384766 56.051884
1720.085693 37.464050
1632.989868 20.072527
55.079521 54.291962
336.969360 66.909653
2913.754150 93.703781
2972.608398 130.204376
812.831970 43.428856
736.537842 49.861206
2428.840332 52.814941
2166.103271 52.231194
185.962585 19.693073
1348.086182 10.563906
1384.238037 3.788447
46.347076 0.696035
7541.167969 157.339127
1995.225586 106.495522
1206.499023 63.803261
79.172775 35.464005
207.530930 91.625786
371.386871 142.286987
998.765686 209.907349
2594.399170 292.953949
7091.499023 17.660801
4988.168945 8.450158
1591.752197 24.004143
346.484955 53.193138
324.507294 217.720825
1103.426025 222.909439
3550.969238 213.356995
3569.500977 198.990082
3531.525879 687.454346
1969.734131 454.510071
2961.815674 295.597351
285.108398 226.437073
978.461304 50.350105
149.495300 8.667676
54.974110 35.685654
5506.689453 159.187729
3295.717041 244.303802
21459.031250 199.133728
3945.471191 164.566162
5840.516113 113.966713
2457.887451 47.938938
1997.135986 52.318008
1428.107788 80.651711
11659.492188 142.666336
853.714478 285.115021
549.561646 175.929474
24.213240 102.947784
3211.048096 63.240978
336.766510 68.298424
1215.104004 50.131062
2109.145020 37.291336
2177.965332 27.758539
5983.877441 264.317444
534.492798 204.582184
2737.222900 144.904999
1874.264160 98.346695
1150.857178 90.833954
340.995483 144.815933
5012.821289 236.616959
3307.037598 375.246918
5011.944824 80.902313
4481.640137 35.662914
154.219498 35.386253
3363.095459 57.128704
282.037048 30.186424
2194.587891 3.664826
625.630981 2.813696
3323.928467 27.520201
16688.806641 410.358429
109.140694 288.017151
7896.753418 174.107452
108.931099 86.213455
3009.967285 9.895000
418.091461 36.015949
1016.553101 82.570503
607.354004 153.771973
117.289574 104.605095
5894.424805 40.999588
4021.698242 8.295782
1216.569458 0.171730
934.651489 75.454308
94.012947 160.299667
1526.281616 306.885010
1736.236572 516.364624
1192.942749 423.074493
3348.445557 216.161652
823.282104 93.729599
255.274719 50.947182
341.673096 266.864349
325.975037 178.996048
1552.782104 99.096031
1592.285522 84.931190
15832.963867 1191.190674
6196.260742 796.753601
762.474731 522.325500
1640.600830 364.082611
2538.326172 292.037842
155.891693 281.980377
220.068634 359.108185
678.468445 491.845367
177.393860 523.340698
3015.978271 532.139404
210.822525 472.430084
1080.591675 373.136536
175.276764 26.154854
1014.265015 77.009888
761.438843 204.692993
1735.891602 373.410461
8550.182617 821.302673
2368.174316 522.439636
1223.061523 257.635864
410.374329 83.560646
1706.671265 31.902958
322.635834 10.185492
3168.743164 19.487343
625.720581 83.074661
596.051331 473.701294
3962.456787 285.982666
2985.496094 155.183670
2199.656494 76.535187
63.476120 53.477116
163.812363 39.650379
130.474243 41.166595
19.791731 53.779705
6115.707031 283.991516
1455.333496 213.861603
2106.864746 143.550735
353.371033 87.778351
223.197723 7.364542
596.199768 10.708867
3830.673828 11.866124
10412.287109 20.918755
1277.818726 152.837845
259.512573 69.231194
904.995972 21.182644
890.452393 5.748552
275.040222 64.624504
919.827576 51.959568
640.647827 46.891445
7580.350586 51.938721
8298.047852 79.884499
1522.013184 86.902107
3188.460205 87.039589
474.981140 78.529030
324.968201 15.140881
906.972229 41.361156
897.329773 78.287888
6526.554688 116.806839
4811.163574 35.112965
9619.069336 19.209957
2839.266846 7.091985
1340.115356 4.096407
166.584167 33.730503
167.225159 18.833733
3777.157471 2.569432
652.001831 7.196583
2908.561768 255.360260
5963.507812 139.285995
1634.963989 72.511650
895.102417 45.420170
239.270309 76.217422
673.415283 70.386360
4106.287598 80.391647
2597.125732 120.496979
553.861694 4.265847
1767.992676 28.151958
4116.522461 59.156937
412.618469 76.773598
245.506683 179.611313
1672.105957 187.664963
360.303589 215.767090
2768.579590 247.850769
535.531799 173.682144
5129.156250 204.239822
3528.926270 206.223083
168.661560 191.118637
81.230347 120.431488
1843.309937 98.650192
1721.828369 61.804325
937.260132 20.193289
647.257690 322.599579
15679.686523 233.222931
1206.545776 169.745377
2574.846436 137.140717
384.637970 61.367340
1941.595337 91.411713
750.382202 178.427231
2360.011719 331.103027
6729.805664 4.991885
6701.043945 16.312567
1735.891602 41.568413
454.311401 54.978092
2809.791260 59.093441
40.899105 54.627010
1392.154907 74.947784
877.563721 115.980789
7571.603027 687.010986
1273.229980 439.800934
761.624268 237.433151
125.509377 111.697418
4693.412109 251.313995
1929.441772 270.867340
4727.047363 295.488281
1973.133545 328.118195
582.350464 293.733704
3143.748779 253.045227
428.935425 235.709595
1120.018677 237.676270
217.467712 262.946411
335.265442 276.239532
5462.802734 392.375122
944.408936 648.965332
11437.546875 954.759949
1662.635132 639.804688
3880.874756 435.526855
1298.960083 317.732758
2161.279053 434.540527
4540.993164 335.779907
5711.860352 339.860718
1433.944092 399.614197
9655.368164 1580.690796
3938.035645 1319.278809
19321.478516 979.032227
4492.933105 658.297058
163.713257 101.283447
1409.393921 53.958935
176.442139 28.636248
463.156372 29.924511
2777.622070 250.773926
5643.750000 240.836670
841.564026 208.518127
1859.481934 157.984528
106.407791 13.669941
432.501801 12.916910
3993.958008 21.176634
8277.995117 47.414261
4477.182129 19.748020
3287.918701 8.931172
5429.812500 10.466977
2572.067627 13.899008
2036.935059 227.726562
205.043396 276.772552
969.944885 385.600952
1415.008301 537.834778
7398.635254 146.120163
214.981354 189.264526
5241.389648 215.004150
2675.029785 219.229019
619.509338 126.489922
1277.478027 91.984360
921.081970 84.599350
92.844917 94.949570
7660.541016 1010.794678
52.128788 693.616882
3185.546875 413.308960
1295.938110 223.054932
744.620117 39.230659
853.004944 50.796886
2107.576660 69.394363
7257.436035 94.729095
3500.114014 25.158184
5450.863281 23.525126
623.262817 26.852577
2068.459229 32.096684
1655.929199 124.733215
856.101746 143.306900
5364.230469 156.350952
14035.101562 147.835724
6633.902832 278.151825
609.680420 214.124496
4134.221680 154.957489
345.010376 123.702209
127.504501 57.586117
331.807526 38.446598
6356.313477 61.931416
718.115723 148.844604
5938.195312 251.196564
11010.877930 178.756363
4709.907227 131.876816
1724.829590 93.315460
88.945114 183.737000
504.287109 220.506683
1751.032715 291.198029
613.486694 368.554077
4662.353027 132.884827
2712.081543 178.086029
11408.413086 189.255280
25.696424 181.187103
174.765472 69.101959
252.413025 64.402023
1993.165283 64.473969
5032.306641 63.477573
4856.911133 362.250732
5479.171387 251.927628
3232.635010 155.987000
149.956665 94.864044
21.367826 48.436928
260.187012 96.202148
1203.346069 158.408966
1577.775269 261.768127
2665.047119 353.712372
3755.662354 137.466934
1819.318115 31.637329
270.155945 16.153954
407.206390 160.409912
120.700722 120.777374
1015.090454 79.237953
2497.887695 36.858845
2876.844727 428.630585
1814.555054 351.234741
7147.136719 271.768585
4724.974609 207.586914
1926.277832 10.001126
1131.444580 6.572551
533.248047 8.305984
237.510818 22.175823
4486.565918 1.993919
2558.795410 1.046309
570.874207 6.758951
3029.983398 11.023859
569.572144 39.735943
580.344849 65.938560
406.506531 110.787369
1126.907471 167.402985
1461.259888 43.935692
963.458923 35.855431
1570.568481 31.078981
491.723816 30.385122
114.241241 25.659391
749.488159 45.906864
4883.838379 58.625679
7393.170410 76.982948
833.257141 443.590851
1645.935791 216.266769
851.799500 72.916023
1389.792725 20.258963
3063.748047 86.593948
164.892792 82.348351
416.970154 124.929161
2677.405762 207.383499
2939.848389 485.476959
2492.740967 354.239471
14211.465820 232.272186
2410.362061 138.613739
148.253006 46.832203
4604.298340 17.147530
16412.966797 18.362434
4993.691895 41.741985
5583.341797 419.748322
5664.419434 320.323730
786.907410 209.452209
1417.758911 112.562904
821.916870 1.386078
1938.492432 0.189870
2611.047119 1.947049
9442.748047 6.178883
7997.068359 76.537506
2483.847900 47.624092
2719.251953 23.565954
4184.323242 8.236938
1144.657959 50.136368
1030.236328 62.622490
855.888916 68.520012
2465.515625 68.849037
10191.145508 0.212536
1590.322510 3.435122
4329.784180 15.606678
1320.332275 32.956242
679.503418 2.948426
185.008057 11.111017
2065.444092 52.766830
2083.582031 139.689743
228.501953 154.713791
177.850327 80.742058
197.354080 37.596428
883.590332 13.729869
476.200256 17.913883
47.879204 39.394444
527.957825 87.730179
6142.780273 180.180969
963.579956 202.784653
452.406799 88.141273
2752.707520 30.079617
292.415100 12.820545
252.138687 88.396599
1878.150391 71.440796
1613.578003 77.816879
1696.381714 91.171700
888.654236 570.914612
6533.428711 418.276703
79.389908 265.050110
2084.388428 149.944763
134.778580 135.692261
47.030159 136.503464
2417.710449 139.481110
3257.620850 139.848740
24582.011719 213.708008
4494.433105 187.733398
2321.174561 161.399567
351.087280 143.038757
3419.882812 18.940718
3514.868164 10.296620
1400.812866 15.728598
6064.268555 36.159489
9528.412109 60.599724
9990.188477 58.093155
4122.517090 49.673065
941.566040 34.871536
666.825317 26.100853
117.386124 43.437943
738.010193 68.273788
1942.228516 97.045685
1234.110596 1.170447
2890.057861 3.565647
1796.222168 8.675775
1240.717285 15.504507
1170.981934 22.530394
438.573578 58.192490
7867.023926 122.009605
5576.718262 225.258331
359.086792 156.924744
1188.792969 59.370975
562.373535 13.930922
1897.271118 6.530208
557.531494 69.537041
1130.508667 51.661949
1008.708069 60.958611
8251.827148 83.672173
12303.402344 514.843628
439.251221 377.394470
3327.195068 237.990982
1142.252686 130.195770
40004.781250 40004.781250
40004.781250 40004.781250
0.000000 0.000000
0.000000 0.000000
0.000000 0.000000
0.000000 0.000000
0.000000 0.000000
0.000000 0.000000
