923.852112 43.403141
3295.744873 42.280857
5074.915039 65.637703
19639.605469 114.269455
2754.980225 179.380249
1612.873291 134.132599
3974.174805 94.847626
268.869843 63.154400
1832.720093 217.048965
631.817810 138.578400
5944.150391 96.982658
2247.279785 75.828102
11676.814453 1107.747925
494.938660 850.512512
11855.407227 580.043396
3293.529297 360.282898
1233.536377 100.532524
550.999268 43.650398
2155.626709 11.215797
4170.044922 4.834849
4860.543457 362.598846
9414.538086 319.975311
12378.834961 252.750122
6321.389648 174.489395
1023.284424 41.217743
1346.619873 7.445199
2.099051 29.250019
9552.923828 88.586693
27180.669922 663.967041
1172.328857 488.991333
1412.629517 300.293457
3013.376953 141.326981
334.987305 269.010590
1656.312744 139.354111
2203.218994 63.231163
2791.719971 31.253248
12285.529297 948.208862
265.479462 834.776794
3274.144531 651.912415
1775.319702 448.432190
434.870026 86.626976
1171.778076 63.727634
624.716125 44.158051
517.390259 31.634989
961.584717 80.799728
8586.378906 103.433502
12590.890625 112.332642
3630.303223 105.404892
1240.875366 12.298820
5852.534668 11.201070
4238.857910 13.331924
16973.457031 20.717308
2674.206299 33.236862
11455.130859 23.955442
4362.237305 18.304554
3180.702881 14.794203
3.103130 45.575672
1951.630981 42.083447
2384.907715 63.037827
27034.136719 87.332771
298.897949 402.148529
13284.697266 298.042145
492.850464 182.802963
3.043902 91.891083
1192.509644 87.218979
2296.278076 47.130852
246.068726 18.800177
6995.378906 2.890780
8496.869141 354.599182
1481.968750 286.365906
16745.275391 210.264557
18059.939453 141.530090
787.118591 55.722092
3062.183594 24.084440
4560.489746 7.219857
5056.310059 1.269816
4315.859375 223.000885
1242.392578 198.069550
2322.379883 153.076447
655.292236 101.297493
1045.977051 23.207327
150.178970 30.222630
84.177284 38.319942
3306.246338 55.865051
1558.453735 58.152763
13050.999023 23.136738
2565.304199 11.320986
2472.087891 14.905826
1314.661865 92.120377
3930.278076 38.892982
2488.493164 23.308632
13304.763672 28.232838
6230.100586 540.146729
19466.037109 449.841858
1782.046143 320.085266
2772.047363 190.138306
1219.169556 22.007326
2377.199707 24.033381
23.154398 33.422520
2398.425537 51.036766
954.413696 146.006165
9306.696289 92.910904
1364.315186 53.031143
6327.435547 30.146824
490.697998 53.931801
1055.674927 26.284204
1396.341675 65.608383
1603.869507 143.818192
12022.674805 696.435974
10840.151367 528.600098
1929.571289 332.835266
5168.873047 161.044159
788.938171 278.967590
1047.044556 143.420197
2712.888184 62.458466
9335.014648 28.935135
12520.645508 971.050659
5757.532715 855.302612
4784.478516 670.193542
2894.172607 463.377930
4062.778076 121.733376
869.144104 89.106384
1101.634399 64.694725
6743.934570 49.805286
20444.275391 239.243698
13231.426758 225.147537
69.421890 196.243271
2948.088135 159.340698
343.964722 50.910843
2261.872070 17.837387
591.887207 5.180906
6434.947754 1.267045
49296.250000 381.917694
5124.464844 302.929504
1346.844727 204.026459
3007.103516 113.866753
914.763977 45.836964
286.063690 14.290244
4983.117188 7.450323
1988.908325 29.055653
4046.298096 162.488068
11900.375000 153.099030
1937.892212 128.245590
8499.770508 89.014320
1629.819824 73.545952
304.435089 42.695251
2146.490479 25.439362
2632.583008 14.180220
12211.430664 326.960327
650.423340 269.053314
3146.217285 194.453140
1156.238525 124.741989
1218.882568 4.686872
3587.470703 1.374409
290.361694 0.126854
8879.432617 0.081887
908.535767 24.589638
1575.676514 21.953205
6516.871582 16.495119
1096.519287 10.098575
354.978455 3.526422
2094.909668 1.658749
1654.394531 0.419721
12312.233398 3.372667
907.339966 41.004349
5446.716797 21.489868
3192.753906 10.197636
2515.267334 5.472093
1829.074219 86.492912
610.366699 58.509155
1598.769531 43.936844
7182.475586 51.586334
34437.246094 81.746674
26777.601562 106.946167
1060.279297 119.757874
7464.500977 111.639389
2205.637695 37.263195
2419.629883 23.464382
8105.786133 28.896072
9905.573242 46.925949
17506.003906 131.028854
6594.085938 126.081566
4919.738281 101.640045
2086.671875 67.230705
358.905731 90.273666
98.832878 77.464539
1681.184082 64.591141
26094.273438 48.232796
21115.378906 149.385284
3147.534912 142.536072
4026.629883 125.552620
2428.460205 106.401123
1355.988159 6.624769
3822.607910 21.201824
1529.142578 36.018806
3954.633789 49.847538
2850.579590 142.362839
9156.404297 70.259598
8434.758789 21.482002
1913.079102 2.428414
2192.800537 151.201996
1170.858887 91.745102
1211.310181 45.998344
556.655396 21.843924
2479.891602 326.413147
903.481750 308.278198
11255.220703 269.080658
4939.181641 213.870361
45.522423 20.003862
303.804535 10.230844
9592.514648 4.568075
2766.319580 2.105976
7665.112305 63.148582
22583.396484 58.447353
2306.444580 47.321060
453.087616 33.235207
363.476105 31.984871
1337.281128 24.313269
197.345383 19.938475
1365.668457 24.097719
23174.921875 47.235386
19401.132812 42.333687
6700.904785 40.698994
3148.498047 38.008965
261.963745 32.037148
558.412842 21.270319
606.211060 21.277733
3839.691406 31.061436
5963.793457 130.092728
3946.111084 106.516876
6786.005859 78.882195
931.745239 52.392574
543.597473 38.878258
31.055195 14.031254
1801.452393 5.891833
6368.606934 14.136658
13102.530273 282.557434
1744.589111 212.919998
1223.531616 141.864975
738.516296 81.772400
1263.635498 141.541046
1153.346069 86.813080
5989.856934 48.404957
939.950073 23.918312
7595.838867 325.738098
3056.427734 316.311493
3496.867920 271.977814
2289.913330 207.732040
2297.988281 1.631910
1219.005493 13.434052
100.100388 33.871315
361.852966 64.935989
30972.339844 148.173798
5535.264648 73.980301
2464.301758 24.658443
4115.999512 2.613366
5545.448730 126.059242
2276.942871 50.855099
6711.084961 23.896910
2950.415527 28.909300
26363.933594 560.446960
2752.025391 503.761353
6791.571289 386.448120
1500.189697 246.746399
2010.373535 23.843613
1219.882935 12.998321
6659.828613 7.228592
9500.758789 6.033054
15624.000000 161.933624
2308.935547 117.099396
6137.589844 75.009781
2343.375732 43.452301
2286.375488 43.017231
38.030384 22.741306
377.409912 10.928232
11707.820312 5.530886
27667.365234 134.858093
19867.410156 124.309113
5940.926270 100.413925
7980.765137 70.655975
459.851868 10.609686
627.530579 7.142745
6909.562012 14.523185
2494.113770 33.626297
362.343140 196.387360
12155.798828 124.218102
2841.194092 65.972389
845.962524 28.518723
170.440842 78.206192
284.790985 32.819283
664.507019 10.121443
6136.083008 1.851039
611.928589 390.292114
9785.798828 328.374878
16923.699219 239.817947
1768.778076 149.820435
590.886169 21.670918
1219.367554 8.616076
926.085083 3.879687
4267.486328 4.705068
5686.844727 106.358955
1324.565918 92.355362
7384.290527 68.908691
8.974614 43.066158
98.430656 7.203547
1650.269653 0.721611
449.180969 0.888097
13248.837891 6.262462
4513.440430 88.367752
2416.344727 65.985764
694.989563 41.913170
1840.128906 21.229990
984.189575 25.423388
614.907593 14.350105
424.313904 9.339232
6788.619629 9.140307
16221.783203 111.925339
8592.484375 91.425034
8325.853516 66.614922
2109.750732 43.285446
145.921646 25.443295
1200.637207 11.665023
2357.609375 6.555383
3172.913574 5.099140
4904.070312 129.516922
1173.205200 111.603775
151.968216 81.637283
2958.883057 49.972702
974.788513 11.796296
2615.086426 19.140146
80.824005 23.638546
8219.080078 25.161068
5539.614258 11.582087
7514.106445 2.563567
2479.039062 0.167616
457.663452 4.204590
1735.264526 6.861861
2300.614502 4.155478
1546.509766 9.265577
13815.035156 20.195505
2078.257812 54.710178
163.236313 44.334129
1836.078857 30.557985
2610.714355 16.697699
319.715515 32.339073
973.535889 17.793604
1286.707031 10.290059
5152.583008 9.719078
46701.304688 154.994446
25533.113281 121.231155
4784.742676 85.674057
3847.960449 54.988129
4138.985352 62.651505
1286.002686 22.083220
1320.542114 5.752878
10237.057617 11.119811
5287.812500 437.665833
5253.355469 335.314087
5604.323730 225.900101
1907.183350 131.107880
1005.575073 95.494385
158.390350 49.599018
1297.216064 24.977551
5455.808594 17.886887
8148.942383 265.380463
8581.596680 257.773315
7600.394043 216.900620
426.837494 156.476364
237.438049 2.343299
6495.869141 1.562406
7804.224121 1.471404
21191.867188 1.335718
7965.798828 16.653250
5927.287109 12.808399
1557.339233 8.294454
1715.129883 4.547057
821.861938 7.063010
2710.363281 12.435656
3967.378906 18.276070
947.196045 23.691410
10920.417969 5.336726
9750.730469 2.102846
7512.782715 1.315630
3995.652588 3.098611
981.642639 10.053379
222.238968 1.084134
612.234863 0.325404
8142.068848 2.544733
31019.474609 250.494781
2945.103027 168.490540
8743.599609 91.950813
1213.058228 37.876041
1969.181519 76.010689
998.235107 42.439476
2310.731689 21.085543
1128.989258 11.727276
262.397186 228.160477
3083.689453 204.684418
3003.488037 165.175476
2605.996582 119.121078
3154.959961 36.516834
1690.169556 22.923042
384.258270 20.405113
1786.007446 37.345058
13057.852539 49.265976
9104.797852 51.120506
392.040955 53.986057
353.938568 49.427685
862.815796 85.852196
1807.782959 52.203129
2906.044434 35.981483
5608.148438 29.788334
22393.472656 226.220673
7689.999512 222.108490
472.885956 186.592484
4593.401855 134.948334
3125.211914 6.680110
2546.520020 11.651066
4369.560059 24.042469
2337.922607 46.502216
7580.501953 46.502216
2337.922607 24.042469
4369.560059 11.651066
2546.520020 6.680110
3551.743164 89.485909
1997.533203 57.942051
821.374207 77.958702
6965.274902 137.569733
100148.234375 355.848206
1617.659912 321.258331
2206.393066 250.299835
3255.718262 162.694427
5724.617188 149.082199
1246.561279 93.175034
618.379944 64.739944
6656.069336 47.580025
13750.580078 682.873291
3407.649170 551.009644
6781.810547 391.340790
3176.937988 248.700592
423.177856 113.143730
1541.324707 97.390083
4197.960449 89.984253
195.074783 107.919785
14674.114258 38.207783
8994.369141 65.322540
9200.173828 98.522926
2643.730957 116.888443
1431.747925 121.109619
69.234482 67.095413
642.823608 55.592907
1167.034546 75.876656
50070.792969 782.153503
265.742401 593.022034
1130.871338 394.833069
4380.233398 230.235825
5711.163574 143.024231
2613.860352 73.005478
3241.039307 48.905495
238.534195 57.027256
5485.588867 770.940552
693.120361 619.556396
1386.138306 436.620209
908.383179 267.348450
1323.166016 149.803375
1061.932861 77.017715
9339.729492 34.681099
4603.027344 26.202591
4515.828125 413.194122
3707.919434 387.255554
2162.381592 325.129242
562.994873 239.309555
319.404938 129.914047
467.372559 93.428177
125.035110 58.593155
10565.374023 35.129681
3283.903564 154.569763
4365.832031 167.911041
3005.677002 170.594711
1.907434 157.794785
1225.296875 28.279518
874.463989 24.946293
2448.785889 30.002613
1214.013916 52.279766
29935.378906 97.542946
1305.717041 61.901890
6854.343262 42.950424
4.725193 33.972626
1560.086914 46.329498
797.943665 19.457239
5831.494629 31.450895
9062.567383 60.734257
4297.940430 608.440491
1041.219116 448.634064
8981.427734 274.102783
1605.404541 131.167694
2974.576904 264.134094
413.632080 170.940155
7731.961914 98.059326
13.303442 56.929924
5154.186035 438.473907
10817.200195 454.302063
7926.608887 425.740479
714.878723 356.794403
92.695999 88.516014
4779.070801 121.529266
1453.843872 153.460938
5727.671875 193.995743
16232.472656 23.563297
18781.917969 1.263241
5421.022949 15.890044
4093.859619 50.670952
3776.714355 142.495071
658.569275 65.388245
13197.364258 40.299946
4079.658936 38.251724
3786.112549 811.466431
38835.691406 677.098450
10415.487305 481.319550
3795.979004 286.733185
560.893005 126.559402
2217.664551 89.986252
1618.308350 50.147812
1015.804321 19.029657
28311.992188 118.027115
372.119171 139.534973
6464.089844 152.505722
1344.356445 149.044083
3294.409912 32.507660
475.634857 48.276756
2078.250732 62.902725
6959.100586 76.813095
5124.681152 27.938442
15741.528320 12.040876
7975.658691 9.470499
293.789673 17.964436
306.264130 155.145950
2303.246094 67.888069
5674.278320 17.808590
1708.483154 10.474435
5394.766113 716.165161
1165.983765 576.800293
185.239563 421.314728
132.015015 275.436920
1922.780151 130.494232
786.954407 79.056633
6353.454102 50.710857
7745.192383 37.212933
15754.847656 426.813934
6389.155273 378.287384
7812.380371 296.549713
2226.303223 206.604126
57.155697 86.110176
128.412399 47.213829
2090.719971 31.917610
1058.481934 28.242893
48900.953125 307.297119
11700.898438 284.305267
2576.991211 223.942749
1784.909424 149.706314
2689.244385 0.174637
670.618896 0.421261
3606.311768 2.009193
4630.742188 6.959051
3401.651367 23.215878
2371.444336 10.556807
2478.441650 3.455779
697.131836 0.731510
167.923187 4.589925
121.089111 0.253275
4732.899414 1.915612
5161.897461 9.108699
2891.153076 183.195541
697.078491 114.426155
3847.531982 57.493954
301.421814 21.281475
1017.927612 54.146713
600.810791 29.027637
305.692871 43.605362
2543.470459 89.248627
34812.589844 286.108032
467.671814 247.784470
4456.541992 184.525848
1640.571167 112.374542
1236.230957 159.465073
590.839661 74.968422
135.865921 35.857269
2738.515381 34.375607
2039.389404 977.160767
4613.212402 749.101257
2689.079834 507.556915
1639.390869 303.010712
425.686462 229.842621
1084.471924 148.744522
121.611580 91.778694
1507.926025 52.451454
5842.548340 517.335144
4328.904297 501.638245
742.363159 430.658539
6424.949219 330.368408
364.222717 8.666626
1472.893677 25.581671
1321.147095 41.979931
1900.816162 60.246159
3023.299561 143.439056
9198.642578 63.213242
3359.911133 14.560150
1557.827148 0.005562
1339.816406 152.026901
479.331512 96.397255
1638.898560 84.389084
749.405823 106.383499
41988.394531 568.456360
7757.362305 485.964539
1553.665039 369.758301
429.972076 248.975708
2129.592041 58.603294
1737.777466 24.195749
620.368164 5.615813
12995.401367 0.091576
8237.263672 363.374817
1519.966553 280.634979
852.548889 191.103241
5052.766113 114.010315
1695.808594 61.572952
944.548828 25.349550
3607.256104 6.397327
9057.471680 1.684360
16459.597656 204.208618
1109.479736 194.889160
8448.038086 159.887329
1191.422852 110.449127
875.533630 0.470928
735.504639 4.258826
1026.932861 17.432905
380.621368 43.478077
23216.091797 149.532944
1916.261353 80.750343
337.431580 32.967228
5959.559570 7.967599
2791.983643 59.341797
2120.924805 11.934993
4642.559082 10.730120
8438.647461 33.258141
14598.019531 539.930664
6287.079102 442.565521
2610.285400 301.653992
691.299927 161.301025
171.769318 176.997513
28.355419 109.187660
9392.931641 54.175350
2806.560303 24.670448
20659.714844 445.094666
7951.329590 387.388489
2382.043457 319.966278
457.799866 248.757874
1021.264832 137.769211
211.546783 129.759247
9.789670 121.749222
5150.570312 119.972763
1409.187256 42.004360
40456.781250 82.172577
35778.902344 116.878288
2942.680664 135.823639
977.535950 28.737137
49.352955 6.965515
1116.130127 0.248593
10525.625000 4.097618
7614.263672 484.887756
5462.403320 325.498566
6195.549805 182.179550
56.114578 82.261253
2646.985352 96.375153
306.866577 27.210091
5039.310547 1.860421
6328.451172 5.972271
21472.361328 457.421356
2475.318359 420.686218
9327.861328 325.524994
470.760132 204.638489
993.843506 29.668354
253.414322 6.872398
415.548889 0.169044
1365.231201 10.501106
53033.792969 262.875275
116.899445 193.293945
5573.479980 125.263062
1425.366699 69.217422
1287.755127 177.181076
704.629639 91.824287
2843.378418 32.976120
2731.686523 4.063880
6780.569824 499.751129
11497.561523 459.116455
2111.342041 379.588074
757.040161 278.805420
1128.134888 47.673523
6.710820 29.323423
1229.383301 19.792593
2585.288086 16.165207
18142.648438 177.529892
152.869553 150.037674
4255.757324 112.999039
347.486450 76.419586
90.758034 77.203804
789.652588 64.317062
655.772705 62.751125
6756.595215 70.895866
13615.493164 153.569870
3672.432129 142.890732
128.780792 123.005234
2204.842285 98.789261
4625.194824 60.104187
3620.552246 18.275110
3883.644043 51.593681
6433.611328 133.414749
11233.617188 1121.211182
153.532562 789.132324
8650.138672 460.006622
2212.815674 205.513062
116.549896 476.334412
464.395569 291.277802
373.634827 173.142014
4218.181152 94.773476
18124.546875 1640.562012
306.473267 1410.406006
18042.339844 1080.560669
4243.299805 746.380127
1172.428955 60.012234
534.715149 39.169022
5735.557129 21.730320
748.115356 11.511684
7814.350098 98.711502
6690.264648 99.768303
17487.062500 93.416016
2005.378296 79.461029
1507.819336 21.466518
1686.578369 11.439111
2713.711914 9.997836
7853.280273 18.826576
4622.683105 20.926226
6696.469238 33.887333
3112.695312 38.708401
452.546814 33.190994
3830.977783 74.956238
1374.167969 82.399162
897.546204 108.772873
808.475220 164.540894
40190.011719 23.283617
24100.128906 32.127193
1207.050415 53.230877
9534.908203 68.903145
3855.875244 203.094803
1306.523193 123.243782
2737.333008 123.614578
19943.939453 157.800049
24588.212891 1108.773438
25042.062500 917.833374
3846.644043 647.798462
5730.090820 386.129761
1842.914307 182.238525
764.831909 133.128479
5141.010254 78.221748
19926.324219 31.960220
14886.902344 352.227173
1931.358154 304.236603
12460.234375 260.880829
6461.565918 222.677643
376.312622 43.949890
1561.331787 24.637880
10926.743164 8.529099
20209.101562 3.599607
34183.671875 20.476528
3066.730469 40.248936
38120.406250 54.737064
2634.468506 56.211586
750.004456 13.864914
5808.144531 10.428010
3358.395020 12.361887
12740.318359 20.207346
18724.201172 103.432587
7235.765625 70.385956
11453.971680 42.790146
3279.917236 24.011133
507.005310 41.753700
335.205780 6.243940
443.352997 2.550723
2743.601318 18.293234
8384.513672 587.053284
10975.601562 425.238953
854.973511 258.255310
4.066791 124.467255
1910.543945 149.073837
784.052307 80.018913
598.879028 39.674068
3720.148193 15.891010
772.693420 639.157532
99.030586 534.409424
8041.148438 393.384674
4385.795410 255.843323
142.117004 18.747780
188.467407 15.937665
321.801025 21.034698
3651.061279 29.313124
371.430359 167.698914
10684.267578 117.925156
2239.194580 70.231239
2286.792480 35.827847
599.952271 35.429283
4597.783203 13.333874
5748.302734 27.489311
8586.654297 71.338646
2033.383545 416.943665
5245.184082 305.417664
2336.767822 191.337234
788.800537 96.471954
275.542847 196.700470
1626.453735 111.904900
6221.322266 66.634415
458.367493 46.945225
9794.770508 623.173401
7742.524414 571.436584
156.014725 457.538574
5064.931641 319.655029
2359.740723 72.824554
627.329468 91.284149
0.875872 103.445900
3394.829590 121.215782
7623.762207 35.480816
4188.830566 10.085681
1035.299805 18.328239
6813.554688 45.196213
271.715515 104.099815
612.048401 75.005684
2251.173828 78.998009
9134.912109 93.656326
6716.132324 674.307861
11119.566406 511.395996
2638.765869 333.314972
859.846558 188.988846
252.890411 139.221329
709.434631 78.639793
1122.322266 43.618256
2807.169922 43.338383
151.180695 401.755646
7086.836914 351.574524
775.409607 286.508789
6065.800293 212.614166
341.344818 160.677780
2639.192139 109.151642
941.719849 64.368835
3237.708008 31.685484
4996.772949 238.261612
5297.910156 254.158325
6592.389648 243.463470
277.922852 209.266861
306.857483 16.528736
779.735840 18.752859
4725.913574 19.638947
6961.896973 20.692169
3666.229248 12.266433
1350.221191 8.667291
24.036499 9.463845
1695.353516 12.894770
897.221069 44.371876
518.338684 20.719374
5592.188477 12.199525
1367.653809 25.078775
3507.277344 183.808273
18291.843750 146.901337
1794.186523 110.794502
6129.551758 76.015450
159.344910 70.072342
4345.349609 37.506458
5036.215332 20.228127
9277.611328 11.485860
848.394470 242.448074
25912.029297 221.103149
284.339844 174.322083
3257.585205 118.608810
243.857590 7.225284
4365.787109 0.102729
13284.080078 6.003776
12102.405273 24.845711
1250.197388 84.283058
10684.251953 65.814148
9305.174805 44.885063
1566.839844 23.866440
1277.329224 29.709196
2504.087646 13.475291
4761.985840 14.926904
9613.162109 18.942995
31810.355469 292.534180
5783.003418 229.278000
3636.913574 147.705399
5399.129883 75.135155
584.610779 34.872307
1452.928711 29.518496
904.595337 20.539667
1139.459717 10.674238
1380.404663 23.545218
13932.578125 27.751234
44.053120 32.444969
1690.046509 35.540359
104.297516 4.817036
80.733452 15.772288
2711.634766 27.958937
4234.854492 38.911163
11740.934570 53.072224
17505.783203 25.198118
340.955414 6.376218
1814.765991 0.082493
221.103882 86.028885
2604.026123 68.288391
5959.947266 48.299580
9847.737305 25.826094
3804.646484 195.893188
4060.235107 166.004013
5354.021484 133.398407
2944.573975 106.319763
900.730042 16.903667
2735.747559 16.350237
15199.269531 8.931906
3751.824707 11.005748
9108.630859 64.912064
21829.453125 15.194825
8640.019531 0.367002
312.040192 7.458327
941.802612 74.452126
3275.594482 38.632584
1424.228760 26.161137
1622.776855 24.778587
37296.781250 282.101624
5895.172852 262.044464
11245.453125 205.314713
347.462646 134.706787
2610.091797 3.351586
4858.128418 3.888893
4240.155762 4.128595
33186.394531 7.781347
1707.629639 42.808411
1449.070190 19.157627
1413.250000 6.431020
2875.628906 2.818949
579.448975 49.086365
819.712158 26.531168
636.296326 12.148954
1297.952637 7.382051
8069.447266 121.950607
43130.171875 116.394180
54.325180 99.826080
4670.574219 75.515976
1045.031616 3.463456
244.332382 4.795090
759.418884 9.019738
2058.672363 12.585015
9113.487305 72.694878
2458.610596 48.473259
5351.937500 25.273338
959.375549 9.536296
251.477264 13.665081
2261.041748 3.957134
1069.206543 1.071656
2237.937988 7.046844
306.250885 99.451309
683.794006 73.103096
2578.217285 48.862465
1045.040771 28.820942
480.227600 50.604969
674.775696 18.546083
192.013184 2.525775
10173.710938 0.678353
1464.647583 188.835144
18762.996094 174.530426
376.162720 139.864868
1325.141235 94.420609
3027.239746 44.777645
7597.552734 28.250286
5387.198242 13.001370
2768.234131 3.119746
35246.855469 194.121613
1028.737793 141.050751
163.844254 96.486816
4110.095215 65.446960
4475.361816 49.001419
716.074646 41.094479
4175.930176 44.126335
6716.546387 66.528625
37064.667969 5.552583
593.842651 25.642536
9001.848633 45.727238
2559.444824 53.855782
1986.264038 88.924156
1925.765625 48.538063
1478.208008 28.084887
167.715591 15.642187
49808.566406 440.323120
13524.249023 360.292511
604.986511 256.285095
4208.664062 159.171539
3417.945801 45.864277
184.979935 11.972815
319.190735 3.507652
996.879211 9.896609
8765.942383 295.966461
4852.129883 254.005264
1561.509033 183.430557
2613.222900 106.847717
1082.713867 39.007122
2503.119629 27.520735
356.594971 18.860273
5573.946777 14.204010
4343.365234 100.282158
1544.453247 85.527382
1504.712891 68.841179
2132.620117 52.904007
1163.189819 14.370038
204.026932 5.376471
6447.495117 2.749461
22171.474609 4.903157
1579.630371 427.993652
2990.571533 264.182953
2106.997559 130.329330
55.959000 48.796558
1794.503174 78.441162
227.237259 27.765116
3105.490234 9.324541
437.739655 8.784006
37388.449219 362.625214
5372.751953 333.246368
23576.146484 256.450653
3540.493896 161.072464
639.659973 1.016950
252.267487 0.872786
1151.662842 1.533829
5746.203125 2.697640
2284.779541 3.680552
816.349792 3.603979
5963.002930 2.888557
1574.655029 1.845004
497.618347 11.402291
1341.788086 12.480126
1636.362671 11.425769
15880.805664 9.644686
34578.199219 4.659352
20729.021484 3.049234
5723.185547 4.760701
1552.156982 8.288239
700.083679 3.800958
1120.381836 2.809134
1733.264893 1.828690
5984.258789 2.168308
21631.011719 53.586697
17143.324219 31.000645
6021.505859 14.927591
5495.250000 6.655090
4160.225098 3.809798
1273.207397 6.211881
2882.662598 12.001528
817.828247 18.406771
1014.592468 115.806641
3916.571533 70.975502
3959.887207 33.549164
5829.706543 11.115959
182.690125 30.361916
647.191833 18.576012
16584.865234 25.523138
13782.612305 51.199646
19062.884766 366.154510
4953.363281 243.499496
1491.497070 139.149429
646.446045 67.936577
4308.534668 87.190384
989.127380 28.745026
8.859591 4.667537
3181.495605 3.734980
15708.504883 396.171692
9079.201172 360.527954
4797.101074 278.371857
1402.692871 177.099350
949.222046 18.415831
554.566589 7.050945
3467.118896 8.651068
1944.004272 24.323385
5065.802246 147.476166
11263.054688 109.021507
392.686401 72.053596
1006.555054 40.849724
812.862305 147.357239
2349.344727 80.557617
1749.757446 41.014099
259.049927 25.865347
8182.207031 388.513153
2226.082520 373.951874
1832.226807 316.060181
617.546936 232.533051
1402.417236 67.617020
1701.983398 68.067299
1229.856201 62.164745
6664.835938 55.382362
15695.058594 16.384172
9018.810547 25.975609
1801.290894 42.286785
2551.536621 58.260101
1066.156128 12.894216
558.969482 4.714345
2288.166016 0.910758
8731.524414 0.702992
16095.523438 64.142349
2602.480957 54.201736
3062.581299 40.071499
117.122704 25.262344
59.703865 8.597437
46.149895 0.522547
307.607758 16.081278
14.590657 51.361351
9163.535156 212.887573
8760.291992 152.226242
2316.119873 91.087494
631.832764 40.322807
782.668335 250.383072
2286.374512 157.935226
295.184113 88.152855
12102.976562 38.814175
1643.075439 826.880493
867.125977 690.292786
841.121277 526.545044
4093.003174 373.411987
1438.802734 49.780441
1605.824951 41.922466
360.094910 40.214928
764.742432 48.302048
23706.078125 119.750244
18967.996094 95.421844
3947.489014 76.067429
1713.953369 61.249245
5634.113281 141.337692
1097.548096 95.567207
3464.768555 78.904984
3080.278076 78.331100
23267.484375 347.980286
2163.826416 343.245483
6095.596191 290.472961
385.280151 213.253204
5250.804688 8.126474
3963.235596 7.081618
369.493073 13.699862
4163.732910 26.209255
37589.242188 40.297806
3835.110596 34.534718
4255.397461 25.549980
3879.882324 15.475818
6573.154785 32.261745
157.297104 37.328880
1229.330933 50.870094
6594.013672 64.576294
16779.429688 70.832458
1679.029785 66.570587
420.232727 53.136524
4701.392090 38.823093
3883.449951 36.611023
102.290482 25.494682
976.174316 32.522652
1304.196167 42.305611
35934.789062 193.864716
15912.495117 171.680695
15241.628906 123.935051
7655.110840 72.215912
4477.627441 7.202379
771.934814 11.081463
4374.786133 11.215946
269.279144 7.598460
20638.265625 81.725761
169.476669 43.246250
2466.167480 16.726223
4941.012695 6.190011
98.966225 24.792301
673.986206 15.610800
725.000549 8.825665
140.541916 6.403754
5941.417969 21.208368
2339.863525 30.674702
507.710419 34.965027
2034.147705 32.492287
1199.081055 6.762943
3337.614502 1.973263
271.707672 2.355637
6631.545410 8.509014
7697.541992 48.066788
2857.757812 37.162960
1929.307861 25.881201
1153.712769 15.281908
1441.487549 25.946651
342.070068 24.214142
3565.977295 25.697680
1396.125122 23.296429
6882.650391 110.672920
5217.072266 88.692810
506.287048 60.640255
444.999847 37.661049
1365.330566 13.345167
4860.822266 24.132847
1215.364746 29.160427
4281.329102 25.352028
18071.298828 34.039486
9217.933594 15.312464
14892.858398 4.031651
2964.436523 4.224930
1385.708496 52.072453
2104.858398 58.930984
17705.269531 50.780392
25056.742188 35.237423
4834.030762 127.070587
32700.796875 66.974907
8441.994141 38.219860
176.778656 38.807247
1607.862427 86.767952
5933.679199 79.017212
308.863831 58.200985
835.852112 36.877514
8935.527344 2.557995
27495.005859 20.186430
21150.291016 49.055061
4240.440918 75.379723
468.741760 32.035603
4821.139160 31.966267
3403.060791 32.781879
17427.330078 41.929081
5536.978516 71.326218
18635.355469 43.197845
5666.494629 31.507736
2526.263672 30.464800
1184.546265 54.296284
1756.113281 22.866743
2112.954834 5.447541
7349.456055 0.266208
29381.794922 261.364136
1658.445679 215.266907
5068.499023 157.167740
236.753113 100.336060
1698.575195 45.435669
1596.516479 27.794828
1151.090820 19.894707
2745.516846 24.200766
40811.132812 57.876183
12551.257812 72.632835
14936.808594 75.403870
4770.800781 64.504669
3578.434570 30.332304
2030.709473 17.330597
4970.629883 14.030486
1094.479492 14.419559
67453.546875 141.342682
39665.703125 121.749527
3511.129395 89.366936
1156.513672 55.639652
1194.330811 3.977265
1042.510132 4.260624
7539.059082 3.234221
7198.613770 1.610385
63.668095 0.762648
19671.546875 0.005948
769.504639 0.820149
1412.936890 2.525229
121.817787 9.497523
426.827820 9.903220
728.981628 10.543356
4357.152832 11.154588
32062.378906 5.588110
9919.945312 7.401226
13749.695312 8.610147
2550.649902 9.196711
4022.236328 14.392008
2300.810303 4.514756
3107.492432 0.551903
8401.480469 1.268135
6477.825684 99.662315
7633.485840 78.332520
3685.696289 53.604912
1139.595947 31.082623
333.763000 49.405846
33.592262 48.988091
2818.270264 46.033329
1343.797119 44.641617
984.939026 5.632590
2004.059814 17.199312
19213.066406 31.888226
197.927628 43.812893
568.092773 25.594215
757.307190 7.331564
1714.628418 1.922407
4825.242676 5.880828
607.879333 207.810242
603.875854 160.688538
1805.052246 107.063385
806.277954 59.408173
389.817780 50.403172
810.851318 31.063663
749.405090 18.881424
8168.298828 12.679443
6069.940430 129.410416
989.122131 121.344162
813.809631 101.318520
586.989136 75.413841
1059.184082 18.679867
5080.459961 6.769194
259.551666 5.582989
18948.169922 13.262939
1835.727051 188.751160
8500.743164 136.474548
184.841812 85.084183
2425.589355 44.442692
82.368416 16.275927
332.398590 0.784913
243.370285 6.101988
3361.487061 22.744587
2545.418213 447.443298
5689.469727 303.346924
5343.218262 167.283066
2090.428223 68.639145
1068.966309 119.577271
867.199036 40.393570
1564.183105 7.313461
3849.191406 9.308935
24687.394531 620.961060
13218.678711 529.985413
2007.428955 391.748077
6459.176270 243.358749
1399.153320 61.194199
2157.927246 32.644562
548.109436 21.619209
10892.200195 24.530746
2029.371094 308.352844
4627.800293 246.668961
808.078369 175.059082
469.628479 109.691002
233.571167 60.250393
851.566223 12.472134
705.438721 4.482020
3529.311523 22.289433
38951.750000 581.907593
3671.294189 450.238190
1954.154663 295.657410
1567.563477 156.905914
2440.813232 150.491913
635.494812 69.398148
3888.568848 24.113293
2189.891602 20.179163
16137.837891 379.187103
6431.030273 376.693176
1072.791870 329.648254
2862.853516 246.566788
2425.042480 76.282509
861.144653 70.521301
1308.836060 69.688103
11804.640625 66.636597
493.914734 116.476547
5112.314453 119.069763
904.776855 107.163055
1867.445923 89.842285
6.372884 13.514791
225.610947 15.872892
6679.057129 18.345112
17738.310547 15.278547
2237.726562 248.499557
1388.885620 153.064896
18310.458984 73.673813
892.105774 27.689360
275.424500 69.013687
2118.787842 50.961933
5159.267090 33.112701
1153.911133 19.844994
23929.070312 52.486698
2128.713379 71.869987
22748.804688 82.527611
1764.337402 81.175400
2516.557129 7.554996
2655.652344 3.587095
4971.801270 0.573546
3370.032471 1.909179
1523.488037 69.491310
6270.016602 42.026535
760.910522 23.184299
210.102295 12.897121
392.722534 24.301483
1219.634155 8.356823
1612.042358 3.809535
9777.095703 4.695484
1052.755615 316.258636
1492.157104 222.186890
2132.140137 130.873627
2068.008545 62.877003
275.282074 58.705765
329.032013 42.173126
724.758850 38.417130
1707.851074 43.890980
958.187988 93.408432
6675.991211 108.475243
17385.992188 103.344223
114.870110 82.915176
14.810007 46.793594
1478.357788 40.358437
25.548346 34.287971
10327.095703 24.266317
6500.330078 138.858490
3515.311523 112.670227
1641.626465 83.135681
2742.648926 59.991310
97.503098 8.814783
1006.381958 18.787306
2235.638916 33.435375
1866.783691 55.827686
484.033722 31.416481
2432.928711 8.964869
3116.730957 0.505740
3242.219971 2.028198
375.005981 83.746628
1001.371216 38.824577
3236.191406 15.197737
5353.033691 4.594670
2620.592041 474.203247
7969.739258 377.051605
1584.579590 262.063599
2446.917725 158.613602
1586.956421 23.401007
3120.152588 7.620242
6232.486328 10.785101
2952.369873 25.704348
1787.456665 213.093719
277.649414 169.354935
4755.716797 113.424301
188.899261 60.526131
155.135559 73.281578
531.660217 33.336262
1304.605591 19.880384
15321.605469 38.308891
13273.062500 466.167267
3874.477051 344.248962
3594.141113 230.458969
4615.412109 138.774445
744.707397 165.111282
1017.841553 80.769341
3468.607422 28.763546
600.719299 4.164202
6306.565430 582.165344
9903.327148 515.870728
5781.523926 404.761658
409.071869 278.600525
581.448547 32.687271
311.015961 8.702201
6327.180664 2.167132
3873.250000 7.413176
40852.257812 295.254425
12314.189453 225.313904
6070.435059 147.129501
1859.528809 79.267815
549.842163 79.800621
603.371216 39.415905
1281.941284 24.323603
1663.857788 25.798056
24495.498047 310.411285
7948.960449 280.753937
5696.372070 218.503326
233.822281 144.159882
2801.406982 24.559425
5689.606934 26.444685
4180.984863 30.770975
15405.120117 39.745003
6055.941895 9.622948
9964.701172 12.034725
2550.067871 17.403057
4142.194336 22.045305
127.473488 47.321487
2331.373291 39.485142
4838.002441 36.288055
8136.268555 27.830235
15007.375977 247.328171
3391.842041 186.966370
2212.697998 122.060028
1728.758301 72.877174
379.672791 8.006138
1232.177734 14.778342
3245.352783 20.100660
11027.080078 26.636688
682.386536 37.832237
13396.223633 12.798851
5418.602539 1.311484
2756.641602 1.645129
473.735657 100.263443
4501.192871 101.308701
192.876755 122.636856
383.240417 157.332443
14704.559570 212.041489
115.701172 184.726608
666.305786 150.829712
2341.613525 119.179703
3333.982422 122.164543
325.213196 70.439659
2241.535889 42.542767
968.339966 36.987633
22425.187500 441.026031
10833.090820 372.856842
9843.018555 284.902649
7225.415527 196.286957
1041.683105 110.613647
1206.879883 67.566315
3687.773926 41.346016
2072.170898 40.227764
2241.334229 187.023010
1465.557373 195.622604
188.053009 185.905548
580.579346 155.067932
3492.784668 18.448467
4139.334961 13.774621
7330.389648 8.379193
322.632202 3.039441
36091.281250 218.841705
8968.501953 135.248581
7199.306152 69.867172
2841.984863 32.695343
1516.922363 54.728222
2783.143311 30.415178
1822.132568 36.484577
13498.055664 65.019829
29972.548828 132.209503
26950.183594 153.653488
746.558228 139.495590
2200.719238 98.883690
7977.936035 66.881004
2750.621338 33.541695
5103.959473 18.021870
4962.813477 12.609676
4852.272461 270.689972
13901.071289 239.458710
2431.661621 182.854736
10017.398438 119.570030
964.556396 76.612091
704.260559 81.944511
1768.103394 80.321037
6956.340820 76.692703
11471.830078 10.156988
23735.208984 21.697489
390.876526 41.639572
424.187744 62.243382
755.985840 32.689972
3044.692627 20.407475
3223.132568 26.488100
9538.644531 47.877090
10183.141602 324.730927
2664.362793 226.137268
10434.589844 135.880981
96.945549 69.831810
2277.043213 114.774170
418.358856 52.227066
881.733093 13.778134
1500.857788 0.844637
3654.509766 429.005341
1446.619629 369.816284
3406.783936 286.575562
6621.627441 196.391998
1220.799683 150.783478
1904.631104 77.873535
6910.952637 43.599365
13198.119141 38.521603
3456.340820 513.837585
4208.730957 469.553406
1019.276917 374.249512
2508.125488 257.092255
1816.392578 104.451096
370.318115 126.648361
3310.082031 148.061264
7411.441406 167.391296
14521.065430 17.441786
8924.496094 33.438480
15061.062500 56.451496
2073.865967 81.015923
969.121643 153.878113
3429.836914 121.026314
9263.603516 115.019188
2554.408691 128.436172
12947.178711 1119.427490
5991.656250 762.056152
1608.049927 454.618622
4618.658691 252.254578
230.292404 341.182739
3241.710693 195.096741
2483.947021 105.646469
2372.960449 80.779022
56199.523438 757.781494
36384.265625 750.047852
2751.394531 661.708557
1746.540283 511.883606
1884.267090 69.123131
316.168640 34.468376
1656.413452 11.458641
2353.825195 3.161363
10020.181641 282.051208
2332.712402 227.889145
2750.791504 168.854187
1112.211670 114.369308
2776.229248 74.558144
6392.775879 32.540359
2027.119385 8.424194
7004.421875 0.324790
11026.350586 213.545197
9415.115234 210.452530
3939.542969 178.408249
183.879669 127.847214
1121.521729 13.468658
96.252563 9.667171
1959.279663 6.027106
10894.766602 2.222469
4922.411133 75.307671
18157.037109 53.092640
335.367981 33.498985
3144.246826 20.389845
1105.629028 4.970871
657.520020 5.009553
374.834015 3.997778
401.618103 5.286668
19964.603516 10.208656
301.640381 2.056832
14836.380859 0.586144
1865.890869 2.823405
2508.713135 33.255226
875.873657 28.469704
4607.548828 28.087103
10287.515625 29.314545
4252.188965 49.821396
4848.021484 54.518520
4352.926758 50.757034
973.209290 41.960716
1089.309692 4.980073
127.645088 1.987968
3172.850586 9.267292
748.597961 28.179466
8015.173828 163.241669
9157.112305 101.417534
3536.952881 52.130978
1634.615112 20.415808
612.626709 121.949036
3037.648682 76.569138
6447.285645 72.799706
41174.343750 93.807442
352.921204 484.953033
4332.035645 425.025940
642.054321 322.468842
1949.843384 210.302505
293.170776 91.260139
3990.254395 65.635368
13401.563477 37.820503
12115.976562 10.312541
11362.366211 379.109131
13031.943359 276.089233
7443.638184 186.802353
7063.881348 126.579277
851.920776 14.990297
211.962677 5.305999
4626.363770 2.287526
4246.707031 1.318986
30557.550781 140.178040
5055.766113 107.057785
10259.564453 68.689247
1408.916870 35.989067
582.681702 21.194866
1229.424683 24.537582
2539.112793 31.998940
6710.189453 41.066113
21694.554688 14.021109
560.774109 19.873102
964.409546 21.959423
3011.504883 21.339344
967.774292 60.865490
4108.384766 29.484585
4837.373047 11.557668
11368.083008 6.961987
2675.197266 373.842133
2321.850098 278.880188
6929.599609 185.753769
8347.951172 111.492455
1737.795654 115.212517
143.150940 72.514236
931.183533 39.817009
2686.255859 17.482174
463.606689 241.650772
34339.929688 236.749908
5043.181641 207.625183
1275.646362 163.326981
7.588023 9.920884
3651.097900 1.925705
508.054993 0.660398
1873.902466 5.713222
3661.821045 143.667725
4858.851074 98.512703
1029.183350 57.540821
2024.181396 27.594028
2779.807617 43.962898
37.770466 27.776293
1603.679321 39.306324
2220.531250 78.186737
13072.748047 422.824097
2981.708984 291.742126
138.624664 176.128601
45.305912 92.195641
271.690796 97.871933
654.709412 66.356560
5492.427246 83.633308
17285.136719 117.133911
13654.087891 734.758301
8478.176758 570.214172
1980.480225 372.549591
2620.887939 201.795120
704.257507 128.168945
1121.814575 54.183338
468.985779 10.607666
6023.655762 15.122234
9544.904297 630.460999
7507.209961 479.831238
13967.958008 340.892944
3278.563477 223.751862
2950.040527 347.565125
1670.787598 171.055984
7943.608887 54.963360
3794.488770 3.809030
10806.406250 1000.803833
7696.901367 929.928955
9852.494141 770.905579
1544.004272 561.096069
307.916809 111.521729
2273.459229 62.050270
2606.232178 35.933273
11990.682617 20.034117
24715.134766 473.090149
4743.549805 402.021759
1821.551880 297.460632
1035.977417 192.438080
371.319946 37.731094
57.760178 20.946226
56.026123 12.113295
148.867950 11.005197
2813.246338 94.922501
25825.167969 92.589760
3761.817627 79.492722
1330.626587 59.197117
965.221130 11.291798
1012.740234 6.148616
1632.179443 9.626190
12271.759766 14.678605
2419.730713 113.679947
491.232117 90.580254
875.036865 58.718849
222.469543 29.462849
65.542320 17.561293
1219.226929 11.772824
3473.836914 8.011821
11071.047852 6.522692
14131.744141 84.926544
7360.520020 62.559341
2019.375488 42.124382
2117.197754 27.060856
1134.217651 19.925789
463.241791 11.086977
5440.298340 8.158264
977.459534 12.710644
7526.169922 80.289841
801.548096 64.268791
19889.380859 47.975201
3864.504395 32.764492
2289.679688 40.032730
2500.513672 29.376068
5717.208008 30.939644
5969.168945 31.147060
35681.625000 214.975769
104.001976 178.467010
44.930923 123.698395
606.264648 72.346207
787.533936 12.247309
218.043640 19.863558
1099.906982 21.204407
3497.760742 16.111023
469.243622 60.804050
21536.785156 28.469681
2343.936279 9.057079
2127.323730 5.476318
1070.824829 57.336418
1226.614990 57.755508
2030.531250 58.085854
7328.415527 67.110611
1089.093872 27.939796
12859.853516 26.436064
5985.563965 37.404358
1051.282593 50.341423
1392.135986 58.869320
137.179962 47.652283
1224.212402 49.854645
1869.901733 55.734955
20238.892578 144.620041
6970.747070 142.036316
11175.455078 117.852234
2225.230713 85.155807
1184.634399 16.556402
1000.405273 11.934946
341.760864 5.677642
3690.012207 4.838049
6577.380371 196.139252
3331.764648 111.167419
1726.023560 53.430847
2587.812012 25.618462
2320.206787 100.744583
6370.489746 59.052231
4391.352539 48.290756
10226.500000 62.801941
3971.706543 301.385254
14274.361328 284.462280
187.913651 234.198761
3621.396729 165.543564
10.690418 21.963863
9510.824219 17.931713
3948.316406 41.959824
40617.531250 90.776367
5437.772461 336.525238
50.819363 225.296539
9296.658203 127.648819
628.584106 58.061775
311.043610 205.037170
6677.196289 100.518150
20785.128906 57.857967
7110.723633 63.943840
17148.517578 1285.495117
18354.332031 982.209351
6714.838867 661.266785
2191.460205 391.135742
139.811264 413.257812
292.134552 253.911530
5579.404785 143.981125
13100.712891 100.136612
6085.832031 830.369629
21186.000000 818.617798
7385.190430 733.110596
10104.683594 586.931458
605.538025 135.508957
1485.757446 103.974030
1456.908203 68.748405
6648.692871 37.271141
18548.785156 139.870499
4003.274414 157.378189
5483.791016 164.038528
107.777245 156.761139
724.363892 12.976042
1080.511353 20.424995
1262.711914 24.864315
5477.296875 23.437511
8772.102539 34.547134
12316.080078 20.151155
14726.128906 10.048916
1635.705688 7.959035
441.473083 37.454971
4404.661621 40.131298
8624.551758 47.359890
4920.969238 74.638306
1708.677246 207.043732
12951.315430 108.992775
17076.896484 55.428463
72.286194 37.907444
357.143433 227.067230
598.376953 123.431801
1427.303711 64.683426
106.478912 41.294422
28377.498047 653.992310
5396.644531 617.950134
3637.685059 510.421875
589.301392 366.249573
2653.111816 19.111450
1508.543945 20.624565
1023.271973 20.707434
4125.356445 21.345421
26899.101562 15.997660
2907.617920 11.843451
175.488373 12.487276
1544.228027 15.833152
3054.063965 24.032103
3878.927490 15.524733
4746.935547 25.736221
4881.548828 50.919872
5621.655273 131.162674
6427.910645 110.054306
897.656189 80.195786
291.540314 48.324902
949.684082 111.731995
556.336731 80.537827
3861.788086 53.991241
1325.152832 30.074375
10815.931641 320.889343
2421.907471 268.755829
2970.738770 207.788345
1692.863281 153.328140
8.326843 35.572243
964.909302 33.444893
4001.442139 30.264111
3127.949219 41.355526
397.914032 27.352003
27220.898438 8.551087
13752.525391 13.903806
1734.566162 27.753847
815.066650 84.432648
278.236938 58.155579
3427.666016 49.846046
3568.615234 54.359558
5048.789551 190.870911
23021.589844 190.496796
4345.162109 164.880630
2346.645996 124.331619
470.104065 32.119125
8002.656738 16.986826
2865.658203 26.201733
32200.640625 45.257675
2001.968994 397.637695
3409.359863 291.486694
1134.791138 177.138947
2756.168457 85.106293
14.843824 61.264778
1079.279175 37.325943
1587.829590 27.080082
197.188965 24.540508
5295.244141 200.775772
16400.402344 182.521133
21741.328125 144.275177
3011.509277 99.406982
83.238304 39.792038
206.310852 44.799961
1312.839355 43.970505
1898.873169 38.063690
2232.068115 2.660982
2013.435303 9.023435
3935.657227 18.925755
5057.013184 30.226688
316.056702 2.692854
3216.753662 1.452486
2653.736084 9.537742
5941.461914 30.411161
2692.278076 178.023361
2715.005371 103.135361
2205.788818 47.861824
30.905455 15.924141
1000.324768 74.190918
727.899536 15.317009
3489.991211 0.687972
9573.929688 11.397644
19334.490234 602.922729
6004.480957 490.049866
3848.682617 336.105560
1547.666260 185.660065
3648.779785 98.133080
2826.364258 39.056885
1958.240356 10.322721
4478.512207 9.429960
8723.821289 540.093689
1827.627808 431.532074
7396.000977 305.840271
7305.276855 189.028931
383.320679 149.409027
7640.687500 86.281822
2503.541504 39.848877
31958.601562 12.399356
4961.525391 323.395813
11087.497070 320.087402
3338.618896 282.014496
134.983917 219.753418
1194.309204 14.641040
51.338318 5.544390
4908.375000 1.387430
1514.088013 0.324502
6204.560059 62.010830
12869.111328 56.700294
230.809631 44.046532
733.537476 28.454477
296.468903 1.645080
2087.545898 5.783515
1786.474609 12.569010
8.042385 20.947149
14615.717773 30.321640
13172.918945 16.682501
18210.972656 6.571442
8605.511719 1.549161
858.832520 47.320366
1127.448364 27.167507
920.402954 12.706996
1030.565308 2.157511
384.405212 268.580688
621.129639 199.818054
363.063965 132.373520
290.772125 80.497612
87.440445 10.649993
350.861420 0.934014
1704.804321 0.936466
245.350143 4.303854
162.891815 233.042923
8700.071289 162.252426
4572.357910 92.050354
7.117160 39.477489
43.943779 63.847633
4263.708984 42.760948
4378.703125 41.543777
22762.496094 59.328827
1019.550903 172.345795
2048.648926 159.996277
4529.493652 133.487183
234.353424 97.906921
291.658966 73.056709
660.309143 41.113041
399.544250 23.710173
8557.988281 20.060215
7670.889648 212.767029
12938.027344 195.168625
2930.411621 159.814926
4404.316406 115.525467
1519.600952 65.252899
364.008881 54.013397
6183.848633 38.543224
5659.828613 22.652090
9253.093750 49.410561
13535.634766 59.738251
2786.913574 67.413628
1351.268311 69.813667
16.969620 4.075570
234.938629 2.215317
3048.193848 3.462660
175.482193 9.065251
5438.625977 59.070114
6326.114746 36.975685
6478.382812 20.067238
1520.894775 9.481392
441.245209 32.789093
873.537109 9.873888
2922.978027 2.389473
8409.266602 5.228264
14382.818359 327.167725
1115.062256 240.296326
2686.181885 150.928757
2316.446045 78.917419
240.297470 91.007698
60.794937 54.236877
4094.844971 36.912224
51.979458 39.102516
21519.900391 207.760849
14985.816406 206.604279
71.797562 181.281235
1100.071167 138.215698
736.757690 816.083801
1308.739868 989.153809
8698.231445 1104.262695
29081.564453 1117.874634
10856.335938 492.330505
911.457581 486.466675
1324.009644 531.615540
5291.684570 646.915100
2263.896484 888.137146
4649.446777 996.203430
390.973877 1253.681519
22688.003906 1576.619873
2930.073730 1979.886597
4443.258789 1608.604736
4636.847656 1240.029785
3080.333984 975.026184
1724.496094 122.826485
912.697144 81.094162
2791.128662 177.350174
1124.933960 336.057098
1796.939697 724.018433
184.886261 703.174377
3135.694824 533.147217
17882.988281 300.705383
4235.930664 601.970032
2703.141846 738.527954
10348.541016 1082.969849
2366.384033 1478.398804
6104.771973 1164.204590
5508.859375 1139.722656
1712.633423 941.690186
32.959648 704.713989
1332.353149 790.707642
2261.408447 586.446594
4889.601074 596.781006
14692.869141 880.008545
18717.246094 1131.962646
1205.976318 1228.005737
1466.440918 1221.793213
1023.443420 1054.400269
1639.372559 243.594635
1970.660278 219.233612
754.847778 155.496353
4011.050537 78.495544
9804.898438 75.880470
2280.515137 111.125862
3725.597656 168.028839
3572.604980 221.517059
611.556641 112.957726
2063.563477 126.085777
10216.252930 121.646744
18180.431641 102.066666
18447.156250 18.697954
6638.397461 32.089043
3699.288086 56.589371
4.179636 86.718826
2480.176270 389.730896
755.287842 515.317078
6807.130371 680.313660
17106.259766 771.911072
502.530273 1206.576172
6768.258789 919.390076
2351.218750 608.879761
630.521790 410.008087
1175.567993 267.501495
1261.015381 173.228333
7969.260742 227.439911
3138.111328 442.302002
72711.812500 329.723358
28013.246094 466.265045
11407.913086 503.749695
5974.233398 416.051697
5327.094727 50.485497
5183.276367 2.348666
1323.691040 22.160336
6344.681152 114.309059
1977.432739 167.225449
1077.239380 198.535980
16.783443 187.456253
4112.469727 128.268387
516.517334 228.035187
2424.550781 359.161133
7834.189453 448.618103
10177.715820 464.988983
2934.092041 36.423992
3658.697021 7.516492
725.041870 24.648670
918.054321 103.010544
1682.803345 231.034454
2729.266113 242.669800
1410.316406 416.263519
4211.615723 625.766418
5670.779785 1327.682373
25251.367188 1128.582031
10013.632812 778.594238
1352.345947 430.622650
1779.762939 19.794119
2529.448730 93.562698
133.552872 181.723969
4008.795410 232.586395
6796.746094 236.151947
141.623856 153.925659
1174.404297 59.226547
535.468567 4.741428
2777.560791 775.002441
90.995232 913.533936
2231.951172 1285.812012
11140.286133 1657.424316
8697.251953 1944.580322
6033.940430 1790.690674
2224.622070 1384.583496
785.848083 965.821960
5872.382812 911.671936
1255.850098 742.794922
1294.105591 812.027039
9389.360352 1181.113037
28318.486328 928.276611
4172.432617 1135.728882
1123.557617 1234.243408
2849.869385 1136.537354
1435.840332 41.560322
585.692383 20.337162
1406.763062 39.878998
34075.699219 115.893784
6429.757812 53.402138
1995.457153 68.892441
1405.434082 81.653809
3466.271484 71.060455
334.937897 74.649689
97.174744 52.579521
1924.635620 91.577667
3195.154785 185.613266
12264.460938 409.715637
22796.837891 331.439117
853.409241 238.356812
3862.954590 144.733429
466.084686 289.686157
2513.186523 300.002686
5640.779297 383.398682
7371.492676 489.579346
3066.705078 525.630127
3704.924561 532.399658
5623.323242 460.131775
917.675537 357.426910
580.532532 195.591431
44.017357 159.087021
5791.596680 148.819901
6464.114258 186.033417
30964.515625 428.584473
6332.409180 347.404388
269.395721 288.176483
167.970520 240.237335
3218.935547 34.231747
2190.498535 23.467113
1099.764160 17.751040
2738.888672 16.317682
3376.772217 105.491920
1131.733887 89.945862
181.661133 69.965614
2069.453125 50.229084
28.703175 83.132751
5003.922852 91.509514
3094.068848 118.168213
1279.908569 176.991989
1579.356079 0.036944
3570.516113 15.801118
1337.533691 47.477341
978.640503 72.301559
3528.787109 297.781464
1710.524902 317.967255
3061.895264 339.288361
410.298279 336.199829
22161.371094 523.130554
26525.804688 444.880463
3868.333008 361.478546
93.438057 307.921326
3258.092041 295.043213
495.554199 331.655640
1132.086548 390.703217
775.198730 426.833435
44819.464844 445.749390
7422.507812 425.614197
3104.474609 364.634949
1193.889282 308.458435
2835.831299 161.549164
811.914856 120.246307
26090.261719 71.841003
9444.629883 64.632652
27102.871094 227.046066
1121.243530 162.384811
1549.157104 156.636414
990.550415 169.745865
4725.293945 257.089966
4320.532715 351.462097
33.165565 467.151001
4639.661133 572.210083
13582.154297 167.912735
8612.045898 169.472290
7986.605469 175.607239
3890.056641 199.718048
3167.435059 375.955383
7541.382812 295.074097
4575.717285 328.241241
2814.601074 475.256897
86.738655 650.450867
8329.505859 680.889832
2248.340576 635.097046
2638.872070 515.194397
164.697449 9.250504
2955.712158 3.720458
3007.905029 0.902839
5637.463867 2.794913
2525.073730 34.934471
5615.958496 28.006121
2837.450684 21.756998
2649.456543 15.570163
40.427582 207.228134
1055.179932 190.419647
6165.706543 186.237396
6755.026367 198.987976
8461.428711 206.463196
10576.833984 224.809891
137.198471 232.678192
676.892029 225.200211
80.999268 260.535553
1052.566406 308.050873
1022.729858 358.101501
7701.391113 373.379456
532.872131 435.668365
3048.246826 369.692108
9373.515625 294.717957
479.167480 251.848022
77.642906 253.257263
1600.741943 310.729095
251.945953 465.296967
11859.387695 670.055908
746.189453 367.238251
1362.487183 385.548645
816.308777 347.944855
825.621704 283.524902
2329.152100 207.016541
1221.508545 99.757637
6998.777832 72.023148
6821.806641 151.870544
7541.831055 393.163849
1220.776855 425.928314
4994.423828 412.605591
1822.488159 331.388855
4212.755371 183.383301
395.874176 373.043945
2863.538574 581.231567
3350.896484 726.628967
7801.267578 236.536331
2094.355713 152.053864
7569.914551 79.271675
890.994629 78.892952
1819.892700 363.883972
2916.577393 334.262268
1052.305664 446.918182
21426.751953 626.477295
16470.507812 1068.191895
9919.767578 992.077576
6595.951172 785.818298
431.888397 539.038574
997.978394 35.121967
5125.833984 0.557233
3034.342529 29.421124
5489.894531 120.599831
21796.001953 104.725937
3831.124512 148.290512
86.187347 147.655304
3478.301758 99.636505
2408.888184 25.813662
2660.964600 14.878024
24494.503906 24.557751
2160.998291 42.680557
27833.517578 138.788895
30994.791016 131.962830
10732.908203 99.903603
1004.836304 58.190598
303.227997 153.905487
1184.878052 248.652313
1239.752441 437.235748
5058.350586 624.593140
10830.010742 546.366394
6255.970703 478.388580
12734.126953 331.110229
2742.681885 193.305695
647.395203 138.853851
1464.397095 71.948601
4677.107422 113.412666
4176.501465 237.868835
4849.117188 549.773743
219.186142 542.628296
25.020960 443.017975
2293.798828 285.172272
683.014954 22.165592
242.125748 3.216852
3607.661621 21.624279
5299.588867 59.061832
8333.910156 183.429245
1470.282959 183.143906
1925.253418 139.823303
128.969315 75.586288
104.316277 46.387917
312.460510 42.975254
984.030273 92.179779
8644.679688 170.624603
9.037872 157.015579
5055.082520 178.860291
343.546326 151.122040
3593.875977 93.909615
155.647034 2.428216
369.253998 4.140765
1258.042480 33.088726
8227.694336 82.986763
6616.038574 36.350418
3644.354980 45.013107
1788.671143 38.425526
445.148254 19.468803
422.943359 83.598869
1414.353271 37.009747
1460.052856 26.050014
9657.131836 49.640011
8481.822266 214.262146
6957.742188 228.292908
231.657074 204.200348
1923.450562 148.400452
2554.815186 51.874168
2195.507568 81.353218
5502.505859 88.772873
5702.247559 73.808533
3524.307373 81.480362
1110.624756 25.774244
480.934448 3.715174
1175.985718 17.856489
294.450195 165.615540
547.292419 185.592087
5085.479492 238.441284
2771.615967 294.428650
8557.107422 203.453415
570.288879 231.135208
4569.306641 216.415955
1037.366089 183.225006
889.189575 18.595787
5323.441895 42.319916
617.348999 102.764282
116.906708 198.197571
10816.306641 19.300365
13975.590820 17.443449
5312.097168 19.237217
2719.012695 16.937782
326.032837 201.544220
644.542969 252.355347
6652.947754 403.798523
11218.599609 632.848022
739.160278 539.086304
7992.909180 432.053680
2706.756104 326.334473
447.135559 237.993561
376.936096 252.695251
2642.386475 179.560516
3254.185547 154.896835
1872.693481 165.352295
7952.245117 657.652588
10817.347656 607.099731
4686.080078 499.535645
2481.903320 368.442566
2219.911865 46.454407
659.216248 31.907362
4967.940918 18.353119
4555.455566 8.709644
4363.817383 45.025776
577.303711 56.914791
2138.406006 61.649254
2745.215332 57.653942
129.295990 13.126216
16.398441 27.683641
3502.208984 53.537968
3892.773438 88.112869
17341.707031 58.784081
1673.565796 34.088013
1396.518799 17.456194
2569.301270 10.060972
3870.911621 72.570465
81.421989 120.110550
768.689087 196.443848
3474.336426 310.643341
16099.832031 84.624146
17956.517578 31.443846
9115.618164 23.469337
5377.000000 41.220757
736.459595 164.583679
7523.964355 111.220116
1821.353149 109.339279
8979.511719 150.027771
23538.857422 625.163696
10041.264648 524.467590
3337.061523 394.904358
2612.015137 265.398407
2087.086426 351.115356
1529.589478 402.873260
2066.982422 486.801544
4030.459229 569.067688
2451.543213 246.191895
5226.724609 308.405090
910.105713 332.421600
1695.334717 335.640350
7630.490234 121.871475
979.237244 89.434784
213.891586 78.906128
5842.400879 88.353569
12656.859375 433.597961
24729.542969 347.877655
3757.637939 257.029114
480.429077 178.418198
3551.743164 162.694427
3255.718262 250.299835
2206.393066 321.258331
1617.659912 355.848206
46067.382812 137.569733
6965.274902 77.958702
821.374207 57.942051
1997.533203 89.485909
11221.486328 815.133606
423.612030 954.844604
3308.641602 1144.547363
12718.500000 1258.559814
19647.189453 1258.559814
12718.500000 1144.547363
3308.641602 954.844604
423.612030 815.133606
97.268051 594.321289
1290.597778 511.870300
1955.042236 490.508789
9957.320312 606.094666
107111.828125 810.865417
10630.383789 719.141846
3459.725098 692.783997
2102.795410 663.198608
2798.666504 908.874451
282.011383 958.660278
884.447327 929.355164
25998.113281 827.767395
369.533630 389.174438
1482.372437 507.024872
2790.034424 650.637817
501.915161 795.802429
1791.049316 684.589111
758.220825 956.473389
1937.508545 1277.208984
1593.521729 1521.296997
8929.672852 1579.454712
11428.868164 1129.944580
1831.908936 757.548828
2953.481689 595.632080
1127.992310 752.122437
346.170532 695.135498
5987.249512 818.984680
2799.304199 1025.792358
24474.832031 1771.298096
1692.964722 1644.365234
4554.479980 1345.527832
3265.162354 999.303284
2411.674561 760.635010
921.029907 594.632446
3744.716797 546.229248
3030.570801 658.273071
8589.969727 633.256592
398.785217 861.912415
6853.767578 977.852173
1468.457153 927.945740
361.989227 409.842010
749.426025 382.634094
11240.481445 293.277008
9354.948242 214.805344
16385.253906 263.793945
7658.100098 206.323792
163.799332 258.827087
98.510162 353.879578
1526.732422 326.088257
1089.127319 486.728760
675.836487 631.929749
4208.835938 680.916687
11198.027344 495.746063
9113.988281 371.279297
11214.506836 259.550537
647.392883 236.238403
2195.846924 453.018890
1174.830566 530.599121
6864.666016 735.957520
6254.521973 958.099426
28445.248047 1172.692993
380.059082 1024.940063
21.430738 778.441040
3099.062988 550.454224
1982.233887 864.575806
19145.207031 623.944214
16133.839844 519.726257
292.503723 657.701477
15671.068359 577.893188
2636.407715 866.019531
5694.359375 1067.025513
1299.276367 1060.396118
5449.457031 558.036133
3735.988770 838.208923
3886.583008 1055.862305
5475.399414 1087.404785
1343.856689 569.998047
13084.947266 428.912659
15069.941406 322.990723
5082.255859 358.813721
432.792175 500.306641
1311.398804 411.649231
2973.851562 513.336304
385.597626 745.953430
11037.149414 1294.540649
8093.604492 1243.499023
544.362366 1035.097656
355.409668 744.996399
1086.276367 313.356293
415.566650 194.715454
3406.175049 124.457001
5064.588867 174.339005
2816.249512 79.081703
1708.618774 220.099014
5661.733887 348.831299
576.658752 384.618256
1543.169312 168.710754
795.941528 247.595718
12949.190430 335.422760
6446.163086 383.086426
13369.306641 222.661438
7701.466797 198.353622
16385.742188 155.463196
789.102295 136.254364
1242.738037 417.470032
2270.219482 456.628418
1092.767944 754.743896
1796.823608 1299.812744
3242.155762 669.094116
2841.756836 683.361450
4023.586914 645.872498
646.127197 528.952454
726.577271 118.242279
6152.584473 62.394661
3810.076172 46.157215
681.130798 92.819733
15120.903320 428.471191
8166.878906 338.444458
5578.163574 261.650696
2617.906250 188.963501
1551.468018 161.877045
780.456421 75.837044
4587.189941 43.997818
133.073380 54.647263
14945.354492 888.230225
15400.187500 712.549561
2097.399658 503.051483
3295.705566 308.189392
1316.168823 82.520950
83.081856 111.358841
1321.246216 144.773376
343.961243 178.784897
1034.006226 15.688781
2508.705566 23.177504
1797.814209 38.636345
260.866577 58.604366
935.831055 52.499298
4986.464355 114.267342
5716.484863 179.719727
2706.949219 237.710709
8991.099609 153.833008
2906.474854 64.543915
4394.573242 14.773030
287.852081 13.278681
6364.454102 569.933777
2162.946777 690.737488
4480.027344 871.935852
43246.027344 975.681274
10820.130859 1180.283569
8368.037109 1038.673096
1245.659912 798.712952
3203.994629 607.196899
360.392242 770.461426
2287.767090 851.641357
18.079891 1161.603882
379.792542 1680.091064
27131.449219 967.668884
2297.868652 957.338074
390.783264 919.560608
6428.214844 833.157410
109.594482 413.633728
2743.344971 201.781525
514.602844 65.818619
6487.610840 59.473045
332.907410 872.065247
6669.949219 854.401917
4740.770996 779.683472
1276.493774 626.255737
3468.175049 267.713074
1724.200562 431.722443
2985.865967 560.395264
18797.363281 630.502930
4835.011230 153.872726
3900.626953 47.438568
2346.654541 33.289738
4818.101562 117.219368
872.598877 806.633179
542.536438 831.029175
805.593323 995.975037
2227.152100 1166.791626
1714.928467 1870.992920
7906.090332 1673.958984
10058.458008 1325.462769
4091.047363 988.126465
2311.521240 163.084198
157.963364 113.863754
1742.710938 170.654480
15985.708984 318.113220
22688.349609 380.853729
339.551849 421.825012
236.573669 382.938629
14.657135 276.812286
247.506912 66.728218
2937.161133 24.701698
1144.164429 48.172134
5823.243164 113.272079
21790.625000 290.010895
9951.391602 311.593750
2103.482178 258.804352
224.646210 159.973724
878.589417 82.677048
6888.611328 185.974533
1539.769897 359.989838
14.297916 521.246704
13841.579102 315.231384
8177.437988 276.440918
1500.943359 176.738922
1280.515869 88.288055
882.920288 361.141479
2497.917969 364.128540
13091.925781 490.811279
1101.060913 656.414368
9144.101562 950.328735
22424.449219 894.139893
2575.125977 712.461914
1279.864624 498.442291
291.421997 682.858582
2310.941406 552.723328
6823.706055 570.951721
65.063385 832.256348
685.966614 397.470062
4415.930176 593.015564
8044.475586 767.249268
418.170258 796.157410
1713.410522 456.967773
2322.693115 502.677277
11613.546875 466.162903
6291.053711 341.676941
20995.117188 409.085266
12235.193359 344.569824
5280.723145 330.023804
5514.348633 378.968597
3437.233887 61.626183
646.428711 167.837952
1542.953613 399.298035
1825.038574 690.270020
11933.551758 393.430511
403.688538 311.439880
1022.239319 192.895615
170.898041 86.343689
666.471130 172.809296
1373.146851 119.106140
740.421753 204.651688
2176.776855 343.395203
37490.312500 938.473450
3220.633057 876.076355
5910.454102 653.112122
1779.692017 376.552032
4191.557617 214.755981
726.565430 196.504608
5204.994141 332.464844
3466.190430 598.625916
12047.882812 235.804840
7840.243164 370.225220
927.532593 398.345459
490.301910 319.196533
1363.258789 204.366776
990.192139 122.230316
1604.984497 174.028473
3913.888672 411.828766
1081.008789 424.076294
6636.165039 408.899353
8837.867188 393.969666
777.808472 321.606506
978.051575 37.179249
2584.143066 45.035030
2633.794678 83.678635
94.848236 167.550537
12809.335938 112.179459
5350.628418 66.112045
2740.762207 48.319687
103.797607 41.187546
1328.661499 204.691971
288.388489 215.647430
13937.708008 220.240768
4445.857910 224.340149
3209.618164 143.372803
10692.064453 145.676941
1352.250854 162.796448
2217.241455 185.557526
6055.694336 808.803650
1600.506836 1360.108154
6338.554199 2092.874268
20131.574219 2750.167725
8624.356445 1615.436035
2383.859863 1191.137817
3839.617432 788.395569
2020.932373 613.899902
573.600952 1190.195190
2030.089844 759.224731
4482.323242 713.788696
5266.706543 1083.810181
10421.475586 2858.024658
1129.619385 2757.717285
2412.394043 2401.000244
7479.040527 1819.173828
2596.468506 206.300568
4115.760254 174.159790
178.824646 132.885620
11591.042969 92.898949
21818.394531 176.723175
7950.796387 201.848282
14875.272461 219.165192
6377.254395 221.900238
640.538757 135.789352
11108.066406 73.069656
1339.307251 79.481621
3100.321045 135.933258
21415.859375 349.603149
7407.100098 391.594116
483.423279 348.595856
8.189131 245.270218
2281.350342 571.353821
7420.994141 782.197937
8111.207031 952.478271
7539.798340 974.438477
19422.820312 695.619629
27822.050781 566.222900
2331.274902 447.459290
382.259766 439.242126
2840.971924 1174.322754
5206.906250 1166.772827
28728.257812 1305.066162
12866.564453 1519.342041
19335.224609 2199.313477
34973.027344 1954.353516
535.417969 1637.860352
448.110779 1346.825684
1892.199341 666.764587
70.788345 511.272949
9953.221680 399.661499
69.258690 432.313080
20907.699219 450.919556
229.529617 575.287048
17251.898438 710.370728
611.124023 752.214111
3163.198486 138.903778
917.399841 161.339676
3429.629150 194.205994
535.102051 215.426773
36216.929688 153.958740
10153.227539 164.311768
3863.641602 152.726196
3721.425781 138.038223
3499.380371 57.141171
1035.939697 119.398834
18929.380859 198.797165
899.518005 276.578918
27940.375000 2.832493
411.274414 0.000745
2769.243652 3.584029
1234.065674 19.706305
3945.839355 151.236176
2127.373291 315.658752
2501.660400 599.935669
8855.896484 907.058838
10830.744141 681.487671
202.654495 498.260864
4165.313965 293.520447
1877.195435 152.165924
423.422882 286.322998
235.642639 135.883087
4364.065918 194.427460
5019.675293 416.395386
7913.497070 1163.486938
7147.662109 1130.181274
18511.025391 915.781982
4078.136719 589.576904
540.269409 17.113956
1115.563110 81.757019
3861.899902 156.527847
5735.816406 193.123672
9317.558594 316.106140
1397.532715 199.932800
4695.888672 79.638168
3319.621094 10.455575
127.019081 435.255066
423.901978 517.950134
362.754150 791.577148
17848.867188 1112.519043
2927.223633 1073.196777
113.669884 1042.137695
2090.520508 830.554199
203.985794 572.618591
248.395020 656.093384
6374.726562 428.974487
911.517578 308.326843
8626.508789 372.127838
12070.917969 830.982666
1258.321167 931.505859
1546.689453 965.129822
1722.821411 867.125549
2650.275146 615.530212
2776.326416 834.189331
6777.959473 936.379578
28198.386719 895.182861
6431.853516 214.133881
6774.096191 135.092255
3825.947021 184.272171
9648.287109 365.547028
494.564453 580.890198
284.680420 642.161499
7454.814941 811.048401
1163.771851 965.310974
6288.282715 1849.800781
398.136414 1487.333252
8457.519531 1056.427368
3516.700195 719.212952
2452.344238 899.340759
1538.502930 800.123596
4047.908691 862.441956
9731.162109 1073.846436
2121.291260 832.831421
6955.391602 1076.278198
4686.402832 1156.851685
733.247437 1065.246948
340.425964 241.391190
1683.021729 182.501678
1829.376709 132.105682
10124.338867 135.706238
2219.104980 292.972382
6031.441406 265.974030
6279.979492 272.228149
1082.315308 272.951843
511.503815 41.128345
7638.990723 55.977722
1277.036865 66.411797
5909.936035 67.166862
719.750427 18.018000
4270.283691 18.199213
820.045288 20.415361
737.603027 28.004297
39.286777 278.548401
6718.660645 347.136230
6588.542480 489.895172
3877.631592 658.270081
11257.754883 397.906006
9691.565430 391.895203
1061.525146 344.417053
753.277405 289.520966
4210.912109 88.117836
705.186646 49.318165
1139.312012 37.686001
12258.915039 51.896423
3621.375977 332.128296
24907.371094 284.458527
1742.376831 218.912903
538.787415 148.566040
703.172363 59.539951
2861.852783 118.325607
72.410103 219.423050
3475.305176 307.325012
19465.585938 299.829681
4253.709961 244.652496
7588.721191 151.335312
3016.658203 74.200981
1323.367432 166.768082
2805.736328 138.570816
3121.419922 153.766449
11038.828125 200.707123
23648.955078 433.203461
12944.709961 389.972961
1841.402832 316.397522
2982.628662 233.013153
260.960968 94.762054
1008.998535 52.262466
245.958649 20.004648
13278.939453 22.664604
2124.475342 18.084049
2117.930420 63.082352
5379.510742 105.061951
8002.030273 117.866821
124.535919 135.394516
2343.607910 179.524231
2958.516846 236.398285
1570.985718 282.464294
2078.043457 115.371216
3811.866211 121.756889
2644.348145 116.737961
5449.094727 115.972275
1448.967529 207.336548
2017.272461 110.209717
11581.737305 48.035027
5328.041016 66.482147
574.105164 327.064087
7026.387695 325.315063
1166.303955 324.309692
1324.603760 287.996918
26.588867 196.266296
1959.384399 288.249603
201.795792 415.118347
4250.023926 563.504700
17951.599609 11.807386
1652.262085 35.715618
10702.583984 79.899460
2000.352417 131.685547
1473.413330 116.078163
3795.936035 64.189407
2427.500488 46.500809
3580.752930 39.765076
18510.156250 838.781128
21857.433594 635.623596
9683.116211 412.697357
5639.927246 229.881012
117.534767 162.970398
2796.841309 186.902939
6757.947266 212.913605
1577.228638 256.720215
2740.185059 0.746924
11.837274 22.484856
7895.862305 73.252945
1980.840576 125.644646
529.649414 72.829910
1675.630737 92.234871
961.447693 124.301033
5539.697266 144.648743
18923.519531 405.879028
9411.264648 286.414856
6730.245117 170.205948
625.687012 94.441940
692.257263 67.307442
3169.467773 82.032074
800.089905 101.437515
1884.648560 105.847122
4498.181641 230.367432
9713.705078 177.661209
6170.932129 117.958809
1774.715576 77.071785
851.481995 121.565277
1040.082275 127.855186
252.978531 197.345184
9384.202148 303.329712
4970.755371 186.988571
5753.574707 229.406769
261.915558 216.113617
238.554352 165.259155
653.421509 78.898918
2936.148193 78.856186
12080.005859 117.556839
6030.662109 194.028900
9512.015625 129.337265
5421.967773 130.834763
460.127686 122.565292
1776.199585 100.868065
154.151642 117.865921
3507.595215 81.374847
920.484314 103.204163
1927.539062 219.206055
6555.840332 200.304108
5967.958496 179.548584
7965.246582 179.624176
2609.750000 161.343628
417.634064 427.700134
985.051453 503.183289
2258.835693 577.511230
6817.536133 601.555420
5407.141602 339.610352
14038.358398 374.812012
5254.759766 377.648499
1785.323486 385.500397
474.369812 20.706671
2354.143799 7.870955
2218.803467 56.191212
6238.760254 172.391449
19694.085938 405.089417
27817.443359 275.800385
14704.200195 166.032425
836.120728 78.416519
1292.213989 65.011139
1538.479126 81.056061
914.271667 177.405533
4273.076660 294.347412
13230.010742 629.442932
5589.913086 506.597076
6679.500977 324.084717
644.692444 154.735733
945.657654 17.703194
243.084961 10.577712
10962.705078 47.765648
9332.958984 121.405998
17523.882812 67.204842
4422.988770 90.474037
2572.562500 84.454361
3115.101807 52.261734
977.785706 50.093475
1849.698364 155.000916
9742.423828 370.963806
7505.370117 653.988464
3924.835205 401.713837
1113.963745 270.458435
385.295959 145.819260
563.521362 57.886799
6581.299316 136.900757
7662.573730 39.586311
6012.498047 20.840691
4267.333984 38.569458
42076.984375 976.344849
21248.544922 824.780640
10323.532227 581.329895
3125.056152 328.003906
8843.464844 54.346092
3550.317383 17.536007
6137.204102 2.779811
24716.015625 4.923107
3585.821533 215.956039
6075.400879 205.042267
783.105530 164.628433
1992.049805 108.268143
344.937012 40.151566
2994.204102 64.861137
6764.596680 68.676842
10246.857422 50.139961
6969.133301 87.534256
14397.328125 31.563778
4734.295410 4.871169
2271.131836 12.397932
1428.594482 7.812403
2211.512695 34.775734
30.521866 86.781868
12977.169922 134.120972
955.280701 174.635284
1242.989258 134.612915
3942.754883 73.631500
2814.816406 22.767290
533.927124 32.632710
1247.493530 98.404755
800.918518 156.224075
968.583496 173.829132
18336.917969 211.800125
21905.279297 111.090240
6322.799316 28.703642
246.943192 0.641951
1167.303223 273.399475
3754.820801 388.227295
361.568573 650.741394
2490.259033 913.399902
695.990112 1081.029175
3512.144043 924.463074
493.994537 638.429199
1351.647949 374.049805
165.053406 258.917511
1146.611328 167.527069
541.614624 193.606354
2397.810059 295.947754
45203.464844 660.271545
8613.359375 712.912598
21.559624 622.139709
327.178131 439.009247
5052.211914 117.255325
768.806030 110.193146
1091.238281 204.740585
5857.101562 376.917999
2244.428955 167.561859
441.310059 247.899963
6512.456543 251.868530
4715.156250 188.448990
929.116333 403.219940
2254.236816 316.849945
3113.914062 273.490143
537.105347 337.287964
29482.335938 429.114746
1588.398071 432.334961
316.223328 464.409119
815.313049 462.907959
5746.955078 234.871994
2099.576904 269.822876
4577.612305 259.949738
10017.517578 203.508942
1790.544922 222.689926
5573.068359 168.768082
137.751709 153.950943
1184.877197 183.741119
1070.053467 27.282684
908.551880 32.607021
811.994751 67.494148
8610.023438 115.782959
1128.702637 86.759323
7400.331543 97.328110
2643.330811 80.381653
1262.479492 49.349739
1555.768066 323.936127
517.000122 436.042419
1498.158325 623.830505
17404.779297 827.829224
6534.172852 248.691223
2961.386719 299.281891
334.275970 304.293915
4143.051270 293.846497
249.652420 493.437225
1379.326172 390.947144
8873.694336 462.925537
7295.645020 780.361206
21000.082031 1092.246948
3907.326172 927.260559
524.169983 803.450806
2719.593262 657.720215
4344.304688 230.540985
278.848969 280.547546
1942.832031 332.302368
14387.573242 378.097076
10705.464844 124.174286
4369.674805 130.814941
4951.064941 152.963989
6510.404785 187.078674
121.415962 316.767303
1234.630859 250.256256
0.073018 229.401443
8382.490234 220.276978
23356.492188 1245.877563
5633.503906 991.766357
5904.422363 704.882751
371.063416 466.002289
3483.419189 165.425720
8026.746094 242.635727
7331.360352 307.853363
10873.064453 349.277374
7970.323730 36.633080
3143.458984 23.099033
623.643921 42.290638
5417.961914 93.158569
3749.384521 123.229073
2114.906494 116.215958
1741.166016 100.800430
18342.449219 73.671928
32412.378906 255.879593
14798.189453 206.195587
5231.979492 161.542694
1446.881714 134.376404
6085.082031 117.669312
744.290527 123.918289
392.657806 108.707672
14457.739258 72.623581
60142.710938 459.318726
25235.300781 291.641998
360.119690 172.054123
551.930359 120.490753
1990.874023 103.813164
538.965698 116.573318
1113.232056 136.546890
9255.249023 178.226486
23731.658203 25.809940
11509.536133 27.579504
859.968872 54.117035
539.539429 83.849014
505.655518 76.287552
1446.761230 57.697567
701.441406 43.382256
50.215988 31.839636
986.158447 121.612396
4638.098145 126.248863
4622.701660 116.524803
737.835083 97.602005
2658.996338 65.681793
172.894287 111.599762
3103.498047 160.045654
3719.813232 196.717133
450.890747 74.510445
3316.851074 46.271564
2357.671875 30.376196
309.829041 36.171234
92.123459 85.734894
716.177368 58.660507
10017.973633 37.264694
279.579590 25.465809
9792.907227 264.802429
2819.524414 212.667526
637.227783 161.798904
618.388794 119.279892
4065.846191 87.654785
2271.556152 86.223091
11590.514648 62.146854
8255.403320 41.690670
8967.583984 44.418434
4069.407959 10.785400
6152.582031 24.455465
1708.862061 60.748436
1554.500732 283.639069
7189.948242 269.146790
7086.497070 315.778351
16594.988281 420.371155
5234.497070 314.355560
1585.991089 355.606232
17200.785156 362.089447
5969.324219 328.881897
756.554749 249.991852
310.745178 197.764130
5435.619629 143.241577
10366.423828 125.664764
18078.052734 47.969173
25567.642578 127.661438
10896.158203 213.070709
5601.902344 260.254028
226.756516 284.394196
166.302567 337.159271
11452.273438 450.518494
21300.228516 564.265747
2498.488281 415.061523
4951.393555 431.381775
16947.453125 379.272827
13616.268555 309.615967
5700.380859 44.789391
7712.748535 31.376083
4615.879883 96.411079
5050.565430 227.022842
6717.922852 272.272003
3148.509033 252.037201
4557.853516 195.332031
2156.613770 113.759918
1173.548706 201.910919
4776.625977 183.040253
1943.176636 150.523468
7502.754883 111.816772
28085.730469 104.002937
12937.144531 146.917313
512.184204 182.174179
3989.048340 201.900162
1630.315308 34.056664
7719.731934 38.270882
7412.867676 71.822327
1927.855713 96.074821
34440.640625 565.200378
27585.236328 407.525543
4924.932617 230.872528
1288.119873 95.663475
570.083130 8.463006
687.199341 5.587115
5078.144531 5.454874
3127.260742 13.546768
1000.381470 67.452339
13240.371094 37.857635
355.959320 20.438255
2083.630127 12.385801
4263.966309 2.813530
485.298645 8.078491
16156.472656 13.809430
10058.800781 18.149000
25604.353516 107.561295
11187.182617 59.789051
5397.364258 23.550848
1790.081665 5.348504
1317.394775 51.715775
1161.096680 46.589794
4705.431641 88.997070
7137.289062 185.290634
5662.302734 31.765015
8305.827148 62.590523
217.390396 82.001495
1925.576782 74.233627
673.220642 154.021835
3428.355469 177.515656
465.259705 163.916595
1490.943359 115.631134
12556.613281 86.919418
3309.328369 66.692329
5666.406250 75.279633
1929.957153 111.037888
9.349478 85.240128
2725.427979 117.701408
828.329529 240.614105
887.455078 409.264221
5413.021973 273.689270
5655.361328 278.817871
2267.142578 221.543854
430.153259 136.587997
711.591980 41.453953
361.145966 16.173420
10585.224609 13.509632
9332.501953 41.188110
1133.977783 41.777920
5432.094727 68.817848
323.396667 81.158195
1201.245728 69.600288
2334.988525 7.070148
2981.191406 86.266510
2852.683838 234.412079
19543.410156 387.688690
3740.298828 208.901367
6909.320312 176.960907
3680.628418 96.010681
5297.768555 19.638945
476.327118 61.805397
1879.371826 191.324600
273.105896 423.196381
5821.188477 653.202454
5204.038086 560.162170
10688.868164 428.877258
293.324554 238.362885
3440.686279 86.540955
1969.088379 310.545654
2034.620850 241.369995
718.420166 417.134094
3822.074707 730.777100
1537.834961 1147.544556
17184.285156 1162.849243
3479.693848 940.313232
897.552917 594.118164
464.402344 13.356167
1112.588379 15.621282
2743.241455 114.754112
16589.847656 274.818665
8746.892578 188.152573
1178.424805 220.781601
351.434570 178.262970
651.297913 87.913559
2029.489014 281.713196
3248.337402 262.221893
1022.678772 437.578857
125.523911 736.319885
9866.779297 841.448425
3743.575684 840.823425
828.082397 692.302979
2125.876465 463.266418
17.817738 564.238831
1142.761353 451.853394
7989.019531 447.838715
2779.540283 579.610718
3366.590576 558.813416
16219.633789 697.252747
310.880585 755.073975
661.696777 696.669373
1487.822388 275.677032
617.982849 265.856506
11417.000000 193.996826
6419.743652 90.191666
27417.695312 287.572113
6782.105957 210.687973
2607.731934 199.971573
108.407867 237.900894
614.521545 148.098862
36.535652 188.271255
4008.964844 273.520081
1065.315308 415.784546
29750.656250 165.031677
789.187195 122.146866
444.405090 118.427185
4020.507812 129.521271
6217.878906 164.926865
1855.377441 104.812103
2341.667969 49.804298
12580.969727 13.415309
20192.113281 197.529480
6088.501953 228.253769
6457.523438 235.485764
3339.015625 212.986984
1693.283203 24.366123
2155.501221 80.146843
8614.059570 162.823151
3267.721680 251.678635
3706.248291 63.412785
1049.138916 35.468540
335.100861 11.543685
2313.038574 3.410168
1840.402954 47.144367
432.926331 103.572342
3281.101562 202.050751
3695.705811 327.662201
5868.532227 435.786591
5080.991699 255.039490
9335.133789 119.199997
572.908081 48.873367
516.682617 347.536469
1193.751953 266.837646
4459.112305 208.103577
12088.454102 161.191284
15668.928711 547.382263
24761.722656 573.761475
11133.251953 530.729187
526.055359 443.921326
1716.154663 57.831009
2057.677979 67.182571
88.974495 66.971375
73.083725 84.331223
18890.394531 307.012238
9415.835938 141.273178
604.796997 58.285149
726.690613 43.580742
568.710022 270.341095
704.196045 350.187988
1683.786377 437.966858
16006.859375 504.260590
8057.640137 83.367500
8622.733398 131.091812
259.284088 170.680511
2105.341309 212.160095
32.361309 141.258362
605.161133 164.620972
7392.992188 248.371704
7042.578125 375.557068
16597.623047 650.247437
7056.294434 465.566223
75.019958 301.728699
626.300476 187.880554
2352.042969 182.082062
2992.932861 200.981812
1568.094604 248.624908
3040.550293 272.613861
2188.180664 693.731323
861.803589 550.302856
2061.786621 374.261658
3059.604248 237.552582
2625.888672 620.525146
3704.825439 714.328247
9141.050781 980.576660
2240.178223 1335.881104
4561.612793 723.960815
753.576843 808.220520
1606.464478 776.315552
3230.212158 675.958740
586.590210 154.199738
4258.861816 84.434647
4844.258301 150.006638
5473.923828 348.138794
21050.394531 553.548889
41043.867188 534.193970
4352.486328 448.559753
191.488724 302.477783
492.239136 12.221764
3155.216064 33.497967
4358.450195 135.315308
5271.375977 278.707092
2376.181641 330.990814
16038.017578 276.791534
510.572021 177.713165
1552.422485 72.305481
1211.719482 302.671997
103.286194 199.070633
2614.591797 184.768356
5479.956055 246.901566
19299.048828 711.023010
878.181641 713.209717
5261.937012 621.192017
392.192719 464.019531
7091.159180 263.329712
427.470703 335.379395
1610.254028 356.393494
1748.861450 325.386108
9150.054688 38.734943
1240.507690 33.249268
64.680031 78.481064
3492.013672 165.331024
201.006119 96.876068
1121.789551 84.460892
333.146973 114.886002
3747.604492 169.254639
3805.956543 596.299255
1242.105713 446.522156
491.347717 290.509216
22.192905 166.276596
4044.675781 164.335876
1486.122437 215.225174
11442.238281 235.401077
11504.584961 244.046844
5187.555664 55.938740
5190.438965 2.144263
4387.852539 21.633430
8846.520508 89.184265
1035.779541 733.018372
620.728638 758.459473
3737.494385 825.263062
9185.767578 838.827942
7536.932129 1349.163574
13718.533203 1226.769897
13322.150391 1010.815308
44.526554 818.608032
1524.654297 635.483337
2032.851685 617.311584
1844.266846 652.626831
1339.880737 777.181824
5399.929688 538.528503
7836.782227 573.739258
1701.488281 627.724365
3011.906250 651.135925
285.344604 464.611908
4783.153809 530.727844
1403.552979 584.979553
3711.058594 610.421875
8370.269531 463.276611
2478.310059 414.269043
594.457031 393.155090
249.699860 411.835388
2907.069824 11.749964
1191.896484 17.203695
3652.132812 51.965755
24076.628906 132.191772
4872.621094 224.126846
10452.518555 117.504593
432.901306 54.653976
1605.167847 23.695606
3313.756836 303.575958
263.260376 268.972900
6503.520508 285.799530
10076.750977 280.298767
22546.759766 1060.364624
36451.035156 913.085205
16984.083984 670.712891
898.731628 441.341736
1203.909424 170.079208
2574.597168 163.666199
1953.507812 161.799942
12494.598633 219.259003
62135.164062 173.594696
26548.802734 95.557724
5414.608398 105.325699
4785.930664 146.917206
3025.583008 309.797791
3701.298340 320.350861
5758.787598 267.170227
12906.672852 169.997696
6840.454590 227.908676
9879.771484 185.543472
630.913330 198.958435
392.167633 254.465881
722.910950 454.843903
616.378479 574.724976
4482.971680 783.206299
10045.707031 993.155396
8569.936523 618.693726
9992.349609 608.055725
10436.217773 530.466919
612.711426 453.132568
1511.571045 167.308670
855.855713 142.509872
2735.545410 241.943893
2084.934326 459.634827
5518.239746 339.286835
4615.008301 370.033752
9348.083984 345.778564
437.538757 261.051666
1726.231934 510.838898
201.212997 380.928253
6078.813477 354.741669
6982.848633 476.660248
2596.814453 759.227783
2839.261230 776.848755
3100.078369 756.331787
1572.416016 660.405579
534.424438 739.287537
1.492638 811.512878
4261.765625 741.242188
15914.969727 549.528931
5800.024902 284.809601
3854.147461 292.823914
7281.116211 397.335327
5496.153320 572.077637
1879.387329 1156.568848
4139.411133 1430.955322
2645.007568 1862.558716
23338.533203 2350.113281
6697.038086 1925.887939
10979.210938 1551.183838
13121.044922 1247.584473
3529.883301 1096.868164
4496.641113 1311.978149
3327.745850 1112.190918
1471.125366 1120.055298
3081.109375 1264.705566
1780.903320 2078.941406
13627.803711 2184.143311
15185.083984 2014.360352
9797.590820 1665.108154
85.322922 140.195755
941.497803 106.350166
328.833893 142.985092
4454.216309 276.654480
730.818787 101.196350
5014.303223 151.716858
5061.649902 192.719116
303.104858 185.829437
779.104614 69.466415
444.431885 35.907673
8547.730469 32.945591
908.787598 62.915756
2624.186523 238.292679
18507.535156 213.908173
5491.094727 173.333740
1239.540405 120.861755
179.966736 50.250206
1552.191528 17.044493
7757.651855 12.299843
322.438324 43.428524
3809.663330 125.457855
2623.005859 132.136566
7310.107910 122.838120
89.725220 92.288132
157.533707 81.710907
2132.888916 96.845985
1052.089966 117.462036
6146.652832 147.653229
15310.296875 7.322064
15061.075195 20.343603
7142.152832 43.126938
444.873688 64.970703
749.902039 84.019547
858.370239 61.004013
268.932922 36.360268
2139.469238 13.646245
1024.380127 231.319092
1806.073730 185.146790
3817.256104 142.138626
549.924622 109.035980
949.190735 215.571625
1165.464478 337.194214
337.892914 463.499390
17227.552734 570.080627
23675.693359 129.944504
2659.187500 80.168137
1666.564819 75.843094
2163.028076 122.805817
2214.558838 684.168091
312.990234 751.743408
3378.028076 846.680481
16069.742188 896.877197
26217.978516 1277.860229
10568.172852 1077.818359
703.450928 859.215576
3074.781982 712.981201
872.834656 202.714783
38.752480 133.507965
2360.915039 153.952499
18500.955078 296.691193
18489.812500 390.635803
2411.779053 381.171600
198.403107 360.801880
5625.726074 296.872498
1629.589478 25.355749
1429.092285 22.978489
5749.845703 31.908318
9239.123047 52.038971
11453.423828 244.389587
9733.993164 158.453674
7954.257324 88.856209
12009.626953 44.939453
1067.221924 177.379593
3329.298828 140.700806
2757.802734 118.994453
2093.497314 101.369667
1164.121338 390.566162
8623.036133 362.155396
15100.196289 302.148804
824.045654 233.877441
256.052765 251.444183
1658.633301 335.146912
1731.205566 472.457886
3024.051758 683.966309
603.786865 273.828827
281.449127 174.101868
1649.333252 161.025162
814.236450 195.096222
3280.405762 101.188110
891.372192 41.582947
2186.367676 29.824129
547.428833 63.251186
1261.104736 521.563354
364.846161 433.014221
6500.758789 318.478973
4050.316406 199.845078
52.557930 35.092533
526.650940 98.361710
137.645111 177.410049
3734.964111 244.201324
8542.797852 257.866577
12114.555664 147.613617
4201.913086 57.289890
4273.884766 16.648247
193.803162 404.094238
1453.078369 611.230347
1937.416016 853.896179
8606.025391 1021.537109
1343.917603 1145.798950
149.072708 799.805420
793.340454 493.552490
197.582962 347.276154
2701.261719 926.992676
2099.695557 923.635498
8471.816406 1014.293213
6508.517090 1064.713745
5303.821289 2130.166992
2471.740234 1875.256348
401.821411 1477.288086
1992.318604 1117.299927
1238.076904 871.816223
26.594946 875.582214
2572.829834 1167.956299
1422.807861 1717.049805
29350.902344 622.218140
11637.228516 938.801392
1179.451660 1079.934570
1326.756470 1011.509705
2383.469482 320.006805
6616.446777 250.864502
228.526718 404.172699
3543.239258 809.981628
20512.765625 903.075867
13491.728516 801.004517
12671.327148 678.598877
4205.171875 501.104309
2414.600342 143.632339
478.384674 43.711609
2270.020020 0.232918
3479.243652 62.093979
8654.612305 462.858765
3015.947266 384.586792
1147.005127 323.338257
647.632568 246.158966
270.840027 117.521805
669.918457 83.998825
150.158035 58.934231
4502.806641 43.735893
15957.995117 217.223907
6602.143066 211.768356
12909.426758 189.064026
5500.015625 154.975418
934.294983 45.304016
6.679197 67.993248
16056.922852 94.993721
4319.400391 103.066551
1281.949829 346.048920
154.421265 230.655090
1167.947021 122.672852
308.282166 57.669788
4062.854248 152.554382
781.115479 133.893738
382.283661 148.034119
8505.990234 199.005951
4062.977051 106.062927
1510.070190 157.963150
9495.175781 185.900848
352.316589 179.439606
1084.411499 5.392708
717.489807 30.669113
1154.768799 90.393951
3467.943115 173.957550
26388.167969 29.920000
8035.427734 28.733532
3701.455322 20.382536
4815.081055 7.655449
1488.595215 138.371078
2167.830811 90.013657
2090.335205 48.741829
12060.719727 30.396189
2916.470215 404.661499
7272.209961 319.185608
8094.094727 246.762817
1034.908936 188.861465
464.578888 129.421875
1641.652466 136.954910
8122.798828 139.242523
1394.864380 163.882080
6087.431152 20.971428
1845.805054 13.894855
6413.813477 51.055538
6397.279785 98.850433
1537.031250 412.770966
1337.090942 440.956451
999.690796 472.497833
4299.763184 494.952942
5681.777344 255.797867
5750.827148 315.621674
10324.677734 359.593018
4340.152344 388.657898
642.933899 306.238068
277.083649 284.505341
47.833794 242.069016
19294.158203 174.751129
249.934021 475.255798
5864.341309 419.706116
210.432281 363.760193
2467.845215 326.573639
47.268547 198.888916
1221.011108 259.692657
494.721741 343.253571
516.220032 472.484406
29722.185547 84.070549
23655.197266 46.886600
3916.308350 78.498955
1623.820312 138.461136
667.791687 417.126740
3313.531006 434.819702
2686.128906 448.515137
4591.423828 410.863220
8030.630371 1189.228760
16826.552734 907.822693
6287.232910 639.153137
141.569244 469.387085
230.411072 729.332031
2033.643433 928.062012
12385.071289 1155.780884
15616.901367 1316.765137
11416.200195 625.406372
2851.734375 627.950195
9.919583 605.178528
1672.029541 621.613953
4788.449707 1116.161011
2962.756592 1171.173584
8432.581055 1469.169800
3843.949707 1959.781006
11381.847656 1807.638184
5132.566406 1665.665649
8771.063477 1468.917480
306.144440 1252.347412
1351.159180 1536.468628
3972.743652 1261.799194
8924.570312 1168.739868
1417.208374 1295.153687
8054.914551 1898.031250
5104.827637 2072.687500
26590.177734 2066.703125
8200.981445 1857.293945
718.022156 254.867584
1398.176270 220.851471
15448.020508 165.334686
105.717026 118.973946
10441.378906 262.754791
37252.984375 234.951111
4612.743164 240.634094
2029.232910 256.733795
1644.106079 69.399284
1713.659424 46.476151
12147.885742 23.390614
2059.068359 21.151720
11905.149414 81.690453
2920.736328 67.441727
4107.096680 72.191711
1954.370850 77.722733
1171.855591 601.890320
1263.065308 773.124023
1005.704346 1009.451904
3156.826172 1243.512939
12420.208008 420.691040
4493.645996 461.505310
9524.257812 483.507782
993.705200 514.730957
41.361767 492.870300
3233.185547 348.001099
1248.721558 365.353699
953.851501 505.832703
33142.546875 1395.447876
3876.351074 1308.835938
5704.732910 1075.225342
78.314789 766.635620
4609.310059 46.602798
376.445770 70.826958
14769.563477 77.717476
6203.246094 64.195198
5863.068359 42.829227
10930.455078 14.088654
2942.123047 5.034765
1155.708252 19.076073
1422.392700 334.746063
2924.488281 351.960999
6720.205078 439.530304
3722.741699 542.852722
2536.487793 495.093414
3287.827637 532.603516
4958.984863 482.454163
481.052643 393.549713
253.581558 303.045227
4286.062012 235.123444
7065.804688 184.611237
88.526398 217.455002
2695.293945 445.119202
3413.833496 361.369568
3212.470703 344.921295
587.986572 340.022156
954.710632 319.699738
4266.563477 435.946381
429.399017 601.563110
3474.686279 761.491882
1891.688477 169.694458
53.115734 226.631577
17613.517578 250.255585
5007.941406 266.814331
117.083359 193.217712
8110.331055 131.145737
13472.787109 75.368256
2124.165527 35.146805
21130.144531 336.710114
13439.665039 328.740845
5866.690918 299.277679
1256.765747 252.036148
2383.995361 182.142334
1647.208374 330.394592
6695.650879 499.192322
16279.765625 606.977783
13029.347656 960.786499
13866.859375 606.782104
989.955078 303.913483
2000.055542 154.148788
3595.847412 335.440430
4264.074219 236.360733
959.624146 216.519089
5244.695801 261.648438
10546.021484 529.289001
1297.901123 616.260254
2878.795410 591.853149
1297.609375 477.071350
363.192108 37.901142
1198.552490 52.895512
3006.883789 42.949165
467.507629 18.738750
3545.609375 111.117195
11253.402344 32.866486
6069.740723 0.951937
5625.837891 11.069816
765.802185 82.917641
1443.573853 204.779022
2088.282227 427.735199
8449.514648 666.447144
40.768459 209.994171
592.643127 217.439545
627.099304 154.611557
192.924835 82.471077
1575.884277 115.465515
6025.164062 172.176544
333.073639 361.512726
5952.952148 598.252075
30314.484375 642.174805
6717.526855 562.358826
1076.584961 390.048218
1815.593018 207.872864
1618.927124 396.625641
1317.262695 323.155579
254.230499 453.645966
2977.554688 761.066772
33194.917969 701.271240
30191.652344 803.466064
5147.802734 761.720825
278.174591 589.554321
976.761963 232.989166
1280.923462 120.575089
7632.749023 67.715073
28311.958984 115.694763
67.871078 350.384186
2293.780762 386.414856
2482.684814 394.758453
8391.088867 340.906830
383.879639 26.659073
398.698242 7.531885
666.588806 0.593227
5201.758789 12.639623
4558.583984 48.952271
15586.324219 55.591545
768.135315 56.663643
2651.465576 46.265163
1527.290771 72.463448
3282.625977 139.009766
6314.872070 201.472565
1590.966064 234.521912
65.330864 35.385563
12042.744141 18.933331
1545.729858 10.024722
5702.102051 25.836550
311.101624 32.632515
188.369720 36.454514
2860.903564 118.381630
4037.221191 267.363312
11168.648438 301.700043
639.201111 242.284775
1248.826660 167.721680
996.662292 87.940262
765.233704 6.817551
1823.035889 45.372108
2119.892822 102.477173
5157.364746 164.118011
3668.103516 307.938843
4228.995605 169.277084
3942.141357 61.815079
1220.283691 7.234002
1253.675781 400.169617
1687.042358 358.574432
147.834885 386.714844
2347.786621 424.332214
6077.271484 948.900391
7857.661133 888.322998
1490.337158 722.837585
6647.709473 533.611816
916.448792 359.724640
3405.092285 342.915222
13129.239258 353.811768
7374.932617 408.821228
22489.808594 254.590790
247.048264 307.716064
427.808594 355.407593
1066.345947 372.338654
911.763062 67.097229
553.634216 49.817081
798.328064 27.836102
6970.218750 21.968885
1105.575195 104.506157
14498.239258 71.190849
1272.314697 65.173851
194.281799 69.902924
334.222443 31.981174
1484.473877 74.953880
347.709656 147.138077
805.936829 234.530823
3571.099121 1.971427
2510.306396 8.207970
857.104370 11.899744
2001.098877 15.498202
540.042358 91.881699
3831.304688 144.856400
4519.965820 256.947998
3959.639160 414.145111
551.950684 339.211304
2108.228760 231.539810
2890.236328 147.372604
1021.340698 96.469910
111.190536 377.859131
440.335144 304.852112
1048.880005 267.461884
4868.758789 260.257935
5187.161133 712.898438
5866.944336 672.884155
7492.383301 586.839783
856.467407 478.988312
107111.828125 107111.828125
107111.828125 107111.828125
0.000000 0.000000
0.000000 0.000000
0.000000 0.000000
0.000000 0.000000
0.000000 0.000000
0.000000 0.000000
