1313.991089 134.173340
4925.384277 213.530182
4013.711426 292.361053
16453.462891 351.857880
33291.914062 64.919823
6966.495605 40.744759
7254.334961 41.129230
3833.132080 72.821518
479.966675 17.326479
493.536255 78.208748
849.726257 247.203049
1499.085449 552.449280
21317.958984 408.569275
6241.940918 191.734848
23099.570312 75.158127
1818.316772 22.718979
127.276878 64.242554
175.011932 77.086372
3747.898926 121.973312
1278.847290 191.126007
31169.121094 406.466949
2286.449951 274.815277
18744.027344 164.015610
16297.118164 91.880096
3262.096680 83.580826
1704.458374 191.888824
11649.651367 329.271790
3369.622559 492.835419
18177.539062 238.671539
9645.257812 78.544815
784.236084 6.327826
5372.963867 14.993874
1151.605103 3.021177
94.345970 17.748869
1086.922241 96.159523
14885.565430 245.206360
42660.218750 582.078125
5137.818848 340.495636
2860.343262 159.913773
1748.976318 48.933830
4063.763184 67.735382
2728.102295 51.299557
508.954895 40.304993
3857.043701 32.172161
27675.814453 194.584808
17508.050781 163.957825
13013.532227 126.744804
729.987244 92.864288
221.798431 48.457539
1326.892212 70.036713
8607.295898 98.207123
1918.857178 126.017807
823.516724 47.354603
15748.592773 39.760193
2055.361084 35.197922
3676.864746 37.024662
948.651001 50.707615
403.614166 80.128906
2189.913574 119.256134
8445.924805 192.499008
1044.885986 134.220993
14863.158203 34.330559
1296.129883 5.218529
418.890472 20.950485
775.130737 5.671564
689.524170 9.926105
7753.274414 54.578453
4042.838379 138.341339
36178.800781 196.741882
15199.132812 134.179382
14418.961914 78.502510
15021.826172 32.676929
2184.587402 18.870979
1383.660522 23.227757
1929.783936 39.457115
16130.618164 69.709442
8318.980469 166.016296
8632.395508 100.956314
8387.624023 54.017639
1560.417603 27.725006
1036.231079 131.569595
435.740570 192.505280
3574.373047 273.546417
9502.831055 355.852509
21706.949219 57.298931
16294.875000 66.308876
2039.584106 77.488503
1104.265991 95.638519
3857.752441 4.092652
3265.895996 27.711432
2561.858398 73.164658
17141.027344 155.565613
18934.125000 336.611633
31796.804688 156.247635
3199.141357 47.222775
4598.511230 4.102032
191.056671 150.131744
56.958858 202.896973
3225.873047 272.137878
3834.500977 349.540222
10452.935547 124.394440
10734.445312 102.415428
1815.276855 100.306564
677.067261 116.162048
525.184326 94.426064
4088.234863 202.493652
610.491028 319.743927
2063.353027 450.317688
38906.195312 318.686829
9773.926758 106.612755
2750.355469 8.156247
2326.126709 16.315357
630.177185 12.122248
1139.374268 17.775410
1929.354004 86.220726
6636.392090 222.416534
17197.234375 583.304443
11623.768555 357.292694
7228.964844 181.065247
13.870665 66.072678
1456.250977 109.889801
4420.844238 111.370079
584.837402 128.709930
24284.087891 160.889465
51066.386719 235.866302
6854.342285 190.215088
3645.064941 151.414459
1276.472046 123.751602
1361.659424 9.260122
71.927330 24.632751
2738.368652 68.038673
1945.357422 153.863647
2761.865479 186.407166
3602.362305 86.693855
6771.838379 32.528938
21743.398438 11.164629
630.959961 25.111551
243.842804 77.760841
1210.646484 133.813461
11781.566406 172.232513
38201.566406 147.819946
16590.769531 74.179337
9821.703125 18.001568
10370.389648 0.342554
594.177124 1.121841
1427.778809 3.894023
789.327759 31.808582
2728.255615 97.371429
13819.150391 154.887009
2143.247070 79.865952
9121.626953 35.645935
79.274117 12.203403
1937.377563 11.044064
3596.912354 9.958897
3406.998291 12.922702
5892.533691 20.128275
13672.459961 56.174671
8439.952148 39.724476
6309.130371 25.945986
975.755249 16.292860
2633.598145 13.673042
2.073206 35.956741
2188.730469 72.898453
452.784973 116.278381
2837.952881 1.521084
3464.108643 4.502855
1385.789185 5.031123
455.442413 5.621268
1804.972900 36.182701
50.884922 77.020485
705.943359 117.447899
61.700260 136.546066
62601.519531 118.801743
27927.660156 72.619461
1029.777832 31.834694
2966.201660 17.420753
1377.134644 39.963970
2608.423828 56.317856
40.318886 59.122639
3834.123047 48.124432
20180.023438 113.924019
6553.847168 57.453781
9235.772461 25.822197
37.586060 23.671751
418.846527 33.090847
2783.968750 14.589016
5701.349121 2.883771
12824.434570 8.675344
34474.476562 77.734116
676.787964 64.878105
3044.924805 57.776203
287.397339 48.591385
2498.069092 68.700615
1732.713623 99.877373
3786.223145 154.566528
113.448059 233.129013
7459.759277 0.255546
1694.393921 9.841032
24477.306641 30.123211
2015.021729 49.327576
1461.814819 2.798997
2070.765625 14.973463
256.235107 61.341328
3759.077637 129.324997
3561.110352 272.672333
10943.716797 181.820267
18716.302734 94.940453
2122.821533 30.778095
2071.642822 12.882392
3553.408936 12.386744
4639.027832 16.459656
13041.654297 26.022957
41456.320312 68.408066
45116.382812 45.982174
1580.310669 28.835047
2480.460449 18.035301
1633.367554 16.927717
1316.593262 41.181999
2206.389404 75.534729
4384.298828 108.262421
20380.921875 40.043022
13253.671875 28.587761
1100.652100 15.380473
6007.166992 8.925481
377.375946 14.272535
290.983795 33.723129
1790.925049 60.364044
3719.208252 91.661926
3470.429443 80.188248
19625.390625 39.191387
15640.294922 13.722622
4163.955566 6.136899
147.601440 14.540850
3469.713379 55.020668
2584.503174 121.550735
713.202087 207.560120
14921.958008 100.734474
3705.365967 45.790077
1410.644287 11.968641
6208.850098 0.861538
2616.507324 17.421528
702.244629 2.318301
2171.973633 3.716077
9001.578125 25.955410
6072.408203 271.189575
7107.534180 179.520081
9340.961914 103.373108
6032.782227 49.787956
2364.697021 139.767624
295.073486 220.412613
1400.891235 318.821533
3014.817139 421.083557
6882.549805 17.513504
7668.472656 17.582214
2709.418213 40.042564
7127.498047 80.404175
384.188782 3.743328
4446.121094 20.717278
1600.537231 46.284016
13429.695312 90.996506
689.199585 390.632812
14075.165039 193.370895
22997.675781 64.312096
2799.729492 8.659221
371.161987 40.920887
154.654419 61.985851
6.115611 103.127441
11670.568359 162.221436
21088.048828 77.942497
6153.804199 54.385521
1111.420898 41.029606
4235.672363 35.768803
3176.028564 28.730026
3167.046631 22.339836
7531.169434 26.023090
10686.699219 42.277607
11222.020508 169.466995
38308.992188 116.918716
738.995117 74.416161
8268.288086 45.371357
3959.624023 44.341976
1515.769043 104.635681
4088.885010 188.031815
1570.221680 283.895508
20254.207031 49.838856
48864.953125 13.772846
5978.622559 0.557427
1087.457275 10.143085
2655.574463 12.447365
2518.234863 19.210541
881.997803 52.479809
3546.537354 120.310944
50314.347656 270.435425
11268.376953 153.774582
13746.954102 73.610092
3384.003174 29.025518
1011.402893 20.440866
232.472931 20.521730
4172.804688 26.481428
7513.637695 39.685623
14782.593750 119.181984
21512.871094 77.456459
11141.931641 46.185604
1134.875366 27.857115
1256.735474 6.688967
1176.022095 17.878750
1817.301636 35.195004
11105.368164 56.941280
4966.266602 46.396248
6201.556641 23.530502
209.829453 8.691286
1690.071289 3.197935
911.619812 29.027800
28.797005 36.961353
465.010895 53.057396
491.365997 77.513260
36050.445312 77.451141
14651.717773 52.406281
13668.275391 36.220242
1438.474854 28.709396
501.285522 3.025514
247.031479 0.841567
1586.869629 3.909604
1939.083984 17.396652
7930.064453 95.776199
7322.420898 52.719723
5465.477539 24.435936
8150.855469 9.596660
1627.734619 42.362629
917.025146 46.319824
6598.060059 53.727730
10072.930664 65.929298
2215.264648 12.352591
2415.517822 21.043884
2452.427246 30.994547
5217.554199 38.218918
274.277039 14.556597
2444.737061 24.475739
10391.839844 32.188675
10679.650391 35.212311
8823.441406 43.185898
461.776611 23.001972
466.313354 10.182374
2497.455566 7.987637
2411.948730 18.945820
1919.109497 36.946735
969.375122 69.701401
5954.072266 115.390152
80546.062500 52.481758
18706.933594 30.183191
1478.930420 17.605474
1122.677246 13.496534
57.349548 36.828465
193.092194 107.225914
821.534729 218.631531
4418.684570 365.323608
19402.101562 145.071747
39152.847656 56.224285
19976.087891 11.142657
121.611580 5.451475
359.541321 2.503220
3386.539062 0.999071
2387.358643 10.630404
3846.897217 32.738419
23331.712891 266.766174
7556.689941 157.940323
29373.654297 73.301262
4154.673340 22.927097
62.062267 17.625597
660.249329 17.684538
10908.572266 18.473215
543.927795 20.885197
16593.406250 25.214874
4329.709961 20.873470
2990.459961 18.638723
1042.198730 17.837206
689.744385 17.193027
1312.885376 27.182186
1754.627075 37.470940
1474.937256 45.710949
48095.015625 2.203116
8758.118164 2.055255
6285.485840 4.269167
5049.135742 9.289766
6776.711914 19.164738
1023.411621 44.620972
390.204498 100.984375
659.691284 195.216675
8352.825195 39.184616
1869.769897 10.246353
8224.247070 5.235166
135.494583 9.371439
177.254425 2.511293
642.025085 18.208441
4330.298828 54.427776
7534.475586 109.440376
6217.854004 174.945129
6204.037598 97.951324
285.294495 41.148705
5238.794922 9.399738
1580.834229 43.688030
642.504089 86.533752
3054.619141 135.209824
2185.484863 166.194321
10775.951172 84.342148
36776.222656 61.832924
6347.143555 35.466412
2547.697266 25.368185
117.019608 13.604139
2093.848877 8.760681
438.118256 1.916275
1260.491577 1.852284
44928.128906 169.939346
6932.488770 92.367729
5941.729004 42.582031
2563.456055 20.422375
1184.546265 100.336060
236.753113 157.167740
5068.499023 215.266907
1658.445679 261.364136
20554.992188 0.266208
7349.456055 5.447541
2112.954834 22.866743
1756.113281 54.296284
5700.380859 113.759918
2156.613770 195.332031
4557.853516 252.037201
3148.509033 272.272003
40290.742188 227.022842
5050.565430 96.411079
4615.879883 31.376083
7712.748535 44.789391
3437.691406 11.545774
369.099121 22.347424
1199.730957 84.850693
12702.476562 224.533524
26073.794922 251.716766
7957.339844 125.422157
7717.096191 58.419540
2239.169189 25.916010
6671.219238 127.788231
202.707245 169.859299
2901.279541 224.443146
12753.308594 257.280518
14563.439453 199.614380
16502.667969 184.983429
5658.569336 148.314255
9243.291016 121.138840
148.444305 72.008087
635.039551 179.817596
1625.187256 347.653992
1472.921875 581.818726
36492.644531 241.963135
5589.335449 78.924881
4111.055664 10.172904
11410.494141 14.320952
1768.241699 5.216940
287.175171 56.240654
218.401840 167.369263
6199.508789 345.951324
8721.251953 448.495117
3874.951416 225.016953
11553.597656 79.783348
5116.858398 10.637894
1372.041016 12.799078
223.750031 18.871508
4255.958008 56.605431
8157.182617 112.080536
11763.378906 380.810852
10017.538086 254.500336
8128.651855 135.797714
592.212280 50.949883
2448.021729 23.018902
197.565247 21.704937
573.156982 41.810257
9406.800781 75.412521
15498.921875 147.021545
4621.366699 119.101830
3287.575195 81.830780
4602.363770 45.744102
1982.834961 52.998302
2035.214233 117.491547
605.796082 198.466949
1590.141846 275.692474
3741.688721 33.094360
5523.633789 14.938001
26041.753906 6.181715
2491.218506 16.062830
463.277283 34.102333
626.489868 90.007080
13559.042969 180.588913
7120.472168 323.967743
50955.382812 230.207947
10053.322266 77.583954
5995.349609 9.153582
508.376404 3.424553
2017.265381 60.252926
3056.687256 36.337093
10978.107422 49.410957
13440.023438 82.305954
13766.841797 486.413605
21943.384766 374.481964
2682.471924 244.585449
3277.157227 131.677750
2134.038330 246.113770
1019.759033 324.451477
5274.987305 402.139587
18421.980469 455.501373
61026.398438 47.990135
112149.031250 88.313972
6351.556641 130.943527
7222.822266 181.238434
2739.017090 4.731877
2324.973145 8.563649
5131.370117 43.229515
8550.745117 141.949783
87165.523438 455.404663
28202.400391 221.301636
1900.453369 82.717056
2336.834717 22.251377
3634.599121 31.599394
824.777100 6.275767
444.403381 7.253971
2928.040771 22.824001
36066.390625 218.129303
6287.431152 197.003815
433.246338 145.427261
600.793518 82.812729
1104.657837 72.426949
691.679688 88.866913
3006.594971 105.509781
13239.359375 119.249649
4822.690918 12.430389
28986.947266 26.150530
7095.547852 41.567307
977.826294 56.905815
699.153076 32.302532
262.691406 139.240326
1140.828369 316.491577
8010.093262 540.203857
9421.118164 250.898926
2896.129150 120.710419
1636.083740 33.727535
1522.867676 0.060212
478.276886 99.647102
376.183289 114.316254
937.960327 160.281738
5383.156738 245.040787
8336.681641 368.388428
10988.190430 242.330292
18207.414062 157.622253
1059.570068 112.665413
3971.038330 0.500019
201.411102 2.089952
2507.227295 12.460340
1641.024780 43.768192
33158.875000 245.459305
26219.466797 123.484604
11511.023438 45.609741
1870.102783 9.954618
860.013550 10.178624
532.427979 22.940052
915.014709 43.790314
5967.701172 67.861656
12820.077148 5.535531
2212.598145 6.318420
1361.224121 5.760144
291.247192 5.639203
1573.228760 46.155193
1116.238037 89.961029
749.342346 164.156296
199.371658 266.536346
7276.995117 54.061543
1738.509277 25.166039
3375.600586 18.128296
1518.777344 24.928951
1558.257812 51.614796
3986.310791 111.368942
496.373016 162.274811
17921.281250 195.338470
27690.992188 215.840836
6835.806152 90.979202
23716.490234 18.381310
6497.948730 10.343552
4654.801758 29.643066
1873.655029 121.470474
232.502106 303.823059
302.342102 577.815247
3879.727783 291.775696
19287.863281 130.847763
9336.539062 41.443295
2928.787842 8.297503
381.185760 55.457249
1794.696533 24.943356
1261.879150 25.825850
1089.825195 70.108734
3527.991211 503.794556
13572.780273 340.335388
6579.054199 207.910095
7461.846680 114.540909
569.514038 155.976364
2307.676270 217.376434
2509.586670 310.398071
7220.659668 427.852905
14874.408203 33.365532
10320.769531 51.071976
4461.532227 82.508652
102.822639 115.916344
2311.387695 37.380981
94.285095 95.728607
1672.902100 177.760010
680.395996 280.550476
52137.746094 363.539978
5017.951660 178.746140
16954.406250 60.912113
788.575256 18.413200
3614.156250 18.733427
2614.548340 39.185558
1895.760498 98.437286
7102.625488 198.027054
10094.548828 199.710281
13240.099609 119.182426
1280.972656 62.926346
2879.540771 28.947582
1006.730164 17.973097
1000.871948 11.665771
325.925385 14.808385
2922.288086 27.551487
14452.250000 251.487701
2950.251709 161.955292
5226.703613 88.150818
8886.382812 40.681423
936.291382 76.258018
1198.539307 146.655228
4140.568848 238.856339
5332.466309 337.051025
1455.381470 31.878696
20020.115234 14.198667
855.085571 13.959576
11333.477539 32.971230
5731.277832 9.415609
1406.334961 34.091888
11537.677734 70.152122
13529.087891 135.340179
39857.500000 318.007812
19462.087891 136.906036
9412.575195 33.638767
4714.826660 0.693806
4540.429199 15.733013
620.791931 39.078884
7199.412109 123.703911
13815.901367 249.892883
13621.582031 258.278900
13939.373047 193.958313
1509.308838 118.313828
136.484619 49.693588
735.457092 118.845161
3921.300293 114.021973
4531.265625 105.558640
7198.058594 86.223091
133408.515625 180.504364
89666.757812 168.119873
15550.962891 146.942749
338.754150 128.717575
5113.057617 38.394089
4551.686035 107.277893
1617.706421 240.877762
385.928345 441.715759
43556.246094 123.371063
2453.198730 46.624954
4519.546387 16.158051
601.488525 13.747068
3105.822510 6.596130
764.087524 9.827836
1563.890381 22.271034
1757.827637 52.201027
40666.277344 455.433685
5125.420410 249.666885
4495.795410 103.239761
230.235962 28.275009
5562.986328 10.789642
77.384697 49.619263
405.869568 116.590927
3921.471924 200.405731
7012.163574 93.155159
4058.952637 50.186966
6204.178223 17.788464
13844.357422 1.995081
2372.288330 7.676240
1158.632812 38.204556
128.619431 106.660736
1776.605103 204.202713
14412.761719 291.254456
12976.135742 171.429169
9240.828125 76.863243
612.498901 20.373707
810.223206 44.175392
283.270813 59.618469
2321.508301 89.977425
2577.747803 136.255920
43641.339844 112.427002
2072.685059 73.433304
2311.226318 50.434254
2636.419922 41.305756
3514.517090 77.732658
23.294344 98.180389
7956.119629 125.431587
4566.812988 155.524338
22441.121094 133.798615
19558.320312 98.044518
4702.895996 75.294273
809.076904 68.824448
1783.001709 248.586319
567.357361 458.744781
17986.339844 730.462891
34.889580 1070.264282
28738.777344 224.181213
3449.460938 38.401138
6009.035645 9.217930
612.143372 93.183815
2993.947754 20.689312
431.655792 11.446423
332.568817 131.971802
510.472046 423.017120
64397.375000 1042.515503
1009.439026 618.390259
3578.861816 316.635437
3947.628418 124.089760
1665.132446 89.991638
3906.648193 80.505234
1588.434326 94.911743
11437.715820 127.731323
23595.193359 283.499207
6320.104980 231.596954
3716.594238 174.203934
10056.763672 123.344391
94.884987 12.015252
1820.306885 25.359045
6056.068848 39.116203
12471.082031 42.134197
3358.591309 101.714272
3854.989014 66.510307
2958.629883 31.841908
1987.649658 12.045180
1581.658813 204.654434
345.356750 317.540253
12794.972656 412.496246
7926.433594 450.743774
77412.820312 61.956047
48964.230469 55.891502
4839.806152 65.453415
2548.955322 113.508598
13312.132812 78.117508
3055.091553 124.055214
22625.695312 187.962738
29068.554688 316.048431
62321.613281 489.128723
31720.744141 200.405212
1285.291138 63.693932
559.730103 43.870266
2473.693359 21.470978
1526.118286 1.345728
6678.876465 51.010323
11464.660156 163.685959
40809.957031 276.572479
7027.134766 236.999329
9761.380859 171.793320
2498.889160 90.099182
2616.848389 6.342816
1101.107788 8.696715
1555.215576 20.333015
2706.805176 28.048616
88049.242188 133.141464
10155.722656 101.600067
36066.906250 58.995213
493.854919 23.244671
1171.970215 37.368885
2323.484375 63.091045
10845.909180 100.426025
656.971802 145.008743
25837.332031 26.562635
29080.052734 17.597355
6616.128418 16.739725
4736.883789 22.801535
3364.725098 63.859173
2386.675049 140.136337
742.718445 264.210999
1851.066528 444.631042
51996.093750 180.699921
17283.343750 63.415100
8856.475586 17.707600
3813.527100 23.098782
2602.963867 15.669028
1200.235596 23.272589
2095.853516 82.373680
466.044342 207.153931
22366.394531 424.953827
8929.581055 246.280853
1872.188477 122.188072
5097.931641 48.388367
191.286377 98.523849
35.960876 117.830803
3614.821777 153.426743
11370.435547 209.665863
290.855164 155.372284
5855.458496 112.787590
333.025421 93.432320
4750.110840 90.480011
1574.681763 63.091019
1004.690613 155.662918
535.828796 271.190216
20755.804688 395.573334
12850.090820 169.313675
11073.962891 61.014687
4102.455566 5.837800
713.558960 8.694915
1301.701904 19.322491
115.358543 4.447013
2596.751709 15.402423
2719.294922 66.890106
46.961914 441.237488
20776.259766 265.448730
2738.755371 137.100143
942.777954 59.362339
179.424896 217.131805
1429.200195 271.367920
1603.441162 341.576111
15857.629883 408.837402
13545.186523 62.620979
3438.141113 111.254105
5053.465332 149.785187
10296.131836 180.578552
2178.628418 28.376844
371.351532 77.915359
2899.687012 173.148605
12679.750000 339.177856
14451.233398 276.995789
48023.933594 103.555588
14523.779297 22.783539
3400.957275 7.376829
1113.858032 20.904961
2872.430420 46.222630
903.281189 116.547218
992.368286 208.261948
2244.264893 347.890991
465.136658 241.846985
1430.334351 133.488159
7580.391113 52.221863
186.302856 24.893641
655.460205 4.440406
213.766205 1.545165
8061.771484 15.170418
10073.246094 244.003387
8173.604492 181.999283
22300.580078 118.091042
2743.536621 63.486404
431.580505 26.210985
4696.039551 31.247625
8995.355469 40.060947
15148.853516 50.701035
2104.306152 19.637869
68.030304 22.375809
252.156479 23.853868
2860.276367 24.455219
511.766144 32.922413
602.399170 92.142944
2056.753174 169.464310
12675.872070 244.926651
39205.691406 82.715111
26025.435547 40.365440
3508.561035 10.186527
1342.419678 4.961226
1880.233887 14.462134
2.199647 9.010872
287.062714 13.345720
5807.302246 36.428082
32479.587891 193.120117
45739.792969 112.858459
3518.492676 58.461063
4833.761719 28.587990
1860.663086 48.907078
2257.317627 88.609680
152.078537 126.357483
11488.380859 152.794815
10824.753906 50.135197
21109.718750 21.449993
21158.757812 9.370464
2375.739258 19.344547
1959.812866 1.979546
4277.729980 2.992214
3408.599121 14.846219
12941.901367 56.191933
4226.468262 125.243225
25175.261719 47.623497
4199.278809 11.718765
1099.389038 2.540178
2091.458008 24.245270
2657.109863 8.579529
224.182251 0.868547
1745.966431 0.686249
4585.097656 65.753159
15680.746094 69.357590
2888.396484 61.158379
2715.547363 44.003822
1121.266235 48.031193
2984.152344 60.961651
2724.390625 76.910873
733.872070 97.121521
13961.060547 0.323844
12878.380859 7.175337
6780.189453 20.669168
6549.511719 35.080261
449.665436 14.104826
883.427307 3.714225
2802.458496 21.130268
1647.161377 72.460922
1217.883423 122.494377
2366.065674 92.494476
4890.609375 66.202286
2482.769043 38.861103
248.577118 43.625286
1615.648438 108.522652
223.126007 223.021164
12460.003906 357.928436
11854.833008 34.431694
30677.441406 43.876328
4374.936035 37.457466
5209.296875 27.913349
3419.960449 1.669026
2097.945312 0.279179
4976.275391 4.747068
3657.713135 27.991297
11595.507812 246.817352
9615.082031 125.053658
3823.224365 47.319435
1913.088013 11.850194
2520.922119 26.968056
3271.698242 44.870075
3252.422607 79.016083
647.843567 122.589294
474.413849 8.216177
3585.346680 17.356726
3980.564209 21.723877
910.498108 22.271078
1416.483276 2.294075
1311.145508 14.896765
746.427612 35.169781
1371.928101 60.400051
13369.067383 96.560837
55303.039062 51.017883
1723.185669 17.913528
2326.245117 1.914305
755.301147 2.793050
4970.287109 7.859985
2485.729004 19.323742
1304.372559 41.719311
43486.941406 28.151165
11458.835938 8.329433
5603.635254 0.773718
2153.294922 0.354075
1896.169067 3.924042
38.015350 23.004078
1214.684570 54.882839
7309.652832 92.009018
3402.794434 52.994686
2251.392334 30.705915
2452.384277 11.399933
237.995941 0.713971
303.413635 4.455976
601.536194 15.547152
9065.502930 31.483517
11141.069336 51.205048
16246.532227 118.682198
22470.181641 61.894920
4448.302246 22.165426
1260.662598 4.176044
230.626740 7.825047
3925.561035 44.171707
1405.495361 117.372940
16810.046875 219.833328
37464.250000 47.490185
3793.519775 24.743393
6677.882812 9.626293
8436.379883 0.891539
4729.047852 80.148514
1675.754150 119.389725
5284.949219 159.283356
3347.458008 174.543289
1846.554199 143.075317
12573.516602 114.546555
15449.902344 80.261894
2345.984619 64.653473
5121.171387 17.498724
181.740524 29.106911
2509.701172 72.152885
2408.514160 163.943863
61626.960938 201.874207
6828.478516 100.320732
6440.465820 45.888618
4316.237793 23.004089
328.251831 15.332426
620.162292 33.739525
238.169830 56.906563
418.771790 93.253799
3624.418945 184.019867
16658.566406 81.037262
7186.584961 22.852385
6844.779297 6.376176
1363.095093 46.315910
1111.954102 53.591805
3695.124756 69.472397
6096.758301 91.411690
4641.026855 81.696686
2882.371338 67.543373
2027.480591 55.528259
2443.324707 47.608852
288.026733 58.923183
101.894539 147.810257
2737.566650 310.657745
10479.723633 543.539307
14881.196289 78.067413
6965.555176 24.151262
2513.795898 11.656114
1874.114014 21.618404
3631.104248 15.392464
11080.373047 11.167839
4156.716797 21.833366
6406.739258 59.318485
45553.226562 399.492188
1565.803467 227.095963
43779.960938 105.810783
73.722321 40.548100
1585.243774 3.901341
2692.387451 1.982657
3881.776611 1.316155
24761.167969 1.443477
13910.338867 27.404308
7195.345703 20.652807
17198.027344 13.536591
1648.132202 7.698870
3997.979736 11.861526
1465.431396 15.038795
1138.924316 21.383753
168.976746 30.289923
130122.296875 1.925647
42903.464844 5.627727
4569.297852 8.750495
4803.649902 10.459064
4192.847656 8.528214
2016.617676 23.698103
619.944946 49.432621
4368.799316 83.264633
38945.449219 14.920213
3663.886230 6.021172
21658.541016 2.121222
24260.437500 2.363383
1023.997925 51.282837
88.309341 71.206696
2480.828369 107.013611
4539.530762 161.589050
11257.351562 65.296967
5519.180664 42.706917
5430.399414 37.098759
7911.988770 40.989594
330.081146 52.743919
987.351196 142.984451
364.168335 276.711945
9231.851562 440.862549
26974.734375 124.824890
8549.312500 43.705235
3270.116455 5.151044
589.748596 7.736791
372.435638 8.497971
300.106903 1.738688
431.668518 7.942028
4526.112793 33.741837
12190.940430 395.785370
5471.595215 231.880676
8223.348633 108.929993
1756.811646 38.073181
2659.665039 25.446953
177.037399 59.980080
676.084900 107.756020
4806.458008 156.894669
5877.211426 66.982468
22080.085938 38.757488
2356.154785 17.571808
1923.702393 11.257364
852.512573 12.061906
322.978241 19.440733
117.351425 39.985279
2373.876465 74.283379
11634.471680 252.437744
1921.760986 146.958679
4149.159180 68.386429
537.047485 24.967365
1363.029663 46.496132
321.271088 43.657932
793.906006 47.467300
9031.893555 54.787064
12494.434570 53.901924
23904.923828 62.326988
123.039612 61.569878
3050.389404 54.303093
851.508728 1.775272
408.756042 1.864337
22.034401 5.857075
6596.561523 13.991501
10297.540039 54.630394
10252.680664 33.445126
14091.386719 16.787863
4598.741211 6.348622
2150.854492 74.430145
2978.426514 138.576370
210.306717 205.044601
6900.652832 262.889221
3183.061035 43.619038
2906.683594 8.042685
5145.486328 1.260342
2440.712646 25.131050
2078.535645 0.707027
131.139252 38.781876
4243.912109 163.112045
5189.324707 380.728088
3683.403564 343.832855
15178.972656 192.588882
3006.565430 89.547913
2476.274658 24.438358
1095.178467 154.059708
1035.176147 189.580429
1464.132812 247.808533
6942.979980 315.889069
5576.022461 210.139740
5266.683594 181.423462
10515.951172 157.121002
3182.428467 144.922546
781.664246 16.424187
414.801361 20.246126
2677.800781 20.173792
5565.224121 28.367901
5494.035156 274.818787
23711.746094 137.537888
19210.523438 51.838844
3384.133545 18.618862
2801.113770 80.160225
363.106598 102.226776
11533.438477 112.151154
11812.621094 107.648857
14525.018555 6.545697
2050.463135 12.026951
727.585571 27.955050
8427.099609 52.678680
1462.341675 69.738060
2415.612305 82.245148
4051.047363 84.138580
712.644531 80.109512
37517.179688 62.326286
522.918701 39.080864
6764.050293 36.805798
3220.334717 50.868008
6055.381836 22.538395
474.041382 20.203655
2388.266113 6.826243
5121.198242 1.648352
66412.460938 88.020729
15201.272461 25.729118
18524.148438 5.054770
1470.839355 11.939549
730.682739 9.960327
651.622559 12.162136
348.894928 33.897491
11460.515625 78.508224
1747.307129 0.345470
4423.908203 7.955847
563.131775 15.448991
14858.750000 15.033297
338.363464 5.392267
1174.035889 2.943403
2915.862305 3.225542
1647.288330 2.832078
27600.785156 68.191856
1039.572266 50.410732
6326.382324 30.265694
9917.552734 14.187288
3572.625732 22.936693
245.066574 42.378956
4039.192383 62.672657
4081.852051 79.814072
14249.025391 8.887839
10443.289062 1.304870
4068.708984 0.740473
168.355896 8.194744
562.075012 10.191117
2559.791016 4.223328
8504.240234 2.999537
16922.839844 17.390936
48.814072 53.050522
6235.397461 26.378059
3565.377197 16.340130
972.052673 13.780018
58.524776 31.797047
4786.529785 17.784136
831.100708 11.804332
1185.665649 23.394604
17665.863281 6.223027
15481.718750 21.611607
20931.865234 36.797260
1374.363281 40.841515
119.057297 17.843992
2608.075439 26.180002
3258.572266 80.823242
3812.918457 177.850677
13005.796875 33.915333
25410.826172 50.388710
5304.961914 52.682533
4873.876953 36.051720
5981.871094 54.851517
82.092751 39.747177
722.615295 50.470524
1639.446655 75.319702
14194.245117 142.627518
7783.422363 153.301300
21838.644531 131.863312
4031.209717 91.646698
886.509521 31.459215
1193.410034 65.244278
11668.887695 118.049698
19198.791016 174.365341
2862.388672 45.571667
10129.552734 38.958321
2134.929443 27.787586
5660.892578 21.231022
261.833649 19.530281
3003.492432 40.961716
10817.216797 84.614990
5731.443848 149.576355
18155.160156 149.576355
5731.443848 84.614990
10817.216797 40.961716
3003.492432 19.530281
430.697388 51.581036
1881.154297 66.854446
8900.433594 84.475449
11933.215820 94.033768
297255.250000 151.795074
32551.414062 109.930756
7623.017578 71.838898
2884.805176 51.046211
14371.709961 1.900227
2916.983887 7.223408
3142.831055 16.731640
6414.250000 37.314629
44780.003906 97.682739
34811.843750 42.126736
7123.955566 11.006633
1745.458252 0.722963
4547.898438 2.458394
469.278931 5.926753
78.230736 13.218476
4176.594727 22.825020
25308.912109 8.297631
31350.128906 6.636610
3304.622559 4.461197
1460.519165 2.501022
1577.049927 2.824712
1323.162842 3.108576
7246.331543 2.400000
17012.591797 1.166801
18933.082031 1.181371
3801.557373 0.304454
17140.464844 0.630396
8141.411133 1.749628
1262.530884 4.556806
718.144043 14.839650
1167.892334 31.889212
7759.025879 54.906105
9567.775391 23.419533
27448.617188 9.498653
8006.927246 2.079036
3064.597900 0.494024
1387.905762 46.203362
2131.724365 48.179668
800.677429 52.332603
12.011435 54.325630
39933.207031 49.332214
13801.275391 53.917152
17986.667969 52.213642
1149.274414 48.185322
900.291138 7.314922
278.210999 27.605150
1044.926514 60.890041
4475.252930 107.509254
17914.851562 81.609329
125.538773 34.862968
7339.134766 8.132915
1923.330322 0.081609
643.051758 28.572563
23.767925 26.598734
4296.988770 31.463417
6057.415039 44.508457
25084.687500 118.457077
8758.303711 83.307045
1081.421387 55.692375
365.251984 37.734692
7309.378418 47.251175
8030.918945 77.871178
6082.032715 123.634628
14614.201172 182.450394
4511.247559 88.287491
12055.021484 50.125160
9672.909180 31.984713
5590.535156 31.752043
900.481750 71.247032
0.469448 135.970749
730.347107 246.536530
2792.288086 408.994965
15024.809570 163.953186
2706.260986 72.080109
3009.375000 36.422234
4530.894531 39.524651
4547.103027 8.557716
1006.414673 36.623711
3833.280029 98.480423
1300.431885 195.629944
37735.402344 458.459534
15402.451172 250.580902
13826.767578 102.089882
7888.144043 24.673645
153.499252 78.258713
2298.238281 102.636894
4972.297363 149.690277
7146.970703 218.877899
15859.643555 213.268463
4963.362305 142.730515
530.029297 96.859291
535.879089 76.015656
199.870102 28.307884
310.035614 86.648605
1456.004272 182.652939
939.751099 320.696350
17605.103516 271.453705
29.726255 119.086899
7529.961914 33.016315
10135.721680 7.354080
593.736450 6.288733
321.098206 36.862736
4523.085449 86.389282
9205.898438 133.362213
44350.824219 343.022186
14947.853516 209.265656
5759.734863 90.908173
248.094070 19.934755
2409.998779 64.350761
822.390625 47.273766
6156.568359 23.601404
2099.194824 6.227173
2351.595215 104.895584
588.640747 81.349495
16522.875000 72.615044
292.862396 70.732361
112.741043 21.157991
17.722227 38.045895
786.206970 92.951073
590.305481 196.835327
60497.851562 9.300693
16723.203125 0.918031
9707.208984 10.790316
2064.176025 18.093971
4978.414551 29.700928
622.066223 13.378685
331.346344 5.433901
2901.540039 2.527323
27430.943359 150.074280
847.784302 124.977768
19377.123047 90.421951
3623.271973 56.216454
3764.519043 20.493206
1499.273315 50.472813
4822.964844 95.476753
11207.195312 147.588776
2060.548340 5.906794
15255.423828 1.589834
813.605469 1.151230
1261.883667 5.722555
580.247131 36.334728
1049.432617 82.098686
1091.868164 165.295288
4011.906738 291.349030
2028.241943 90.969650
8818.098633 31.769878
9342.035156 11.468311
1633.223267 15.065250
117.416183 40.095116
1063.292725 34.282333
3066.226074 26.455956
8923.062500 14.722339
28253.832031 209.298981
7618.501953 143.881271
16301.707031 88.437119
4191.032227 54.492512
2412.781494 8.852279
1344.868896 7.594299
741.583740 18.458218
936.938232 51.954285
16373.610352 22.414783
12934.768555 8.212446
7222.972656 8.315299
69.519043 10.543509
759.160767 79.202644
226.584000 117.072525
136.889877 159.755905
17151.304688 194.556885
1923.922119 14.109646
6346.423828 25.142956
4230.368164 36.517857
805.009644 52.700264
1125.277832 7.342082
350.944092 36.659897
2846.262207 107.730911
4734.418945 232.168747
34515.011719 207.790009
6443.277344 95.386353
4227.020020 32.667793
3154.475342 6.749108
613.426941 15.532715
1996.946045 41.422161
120.879677 77.840645
5619.650391 127.893013
6773.528809 144.939270
8204.750000 62.698391
16664.033203 16.170345
1235.265381 3.789330
3726.543945 29.046173
1711.598267 108.755890
5074.729980 242.221878
12417.138672 407.977234
1321.583740 178.060913
6564.848633 93.590675
3340.929199 33.112598
2187.521484 6.981880
4040.663818 26.582983
498.679749 37.516392
957.882629 88.119659
2374.200928 182.983444
19825.253906 404.154480
15557.925781 244.101913
11411.062500 125.622299
444.428040 54.458523
6862.239746 58.641762
2169.278320 94.501663
493.453766 154.360718
7403.461914 239.749176
33028.539062 165.823868
42914.085938 92.789017
24200.308594 53.922916
3735.408691 44.499222
4312.482422 1.042076
3645.303955 8.075147
1276.403687 25.275908
13385.074219 56.807327
69688.562500 240.264099
696.032654 128.361481
6484.412598 50.136024
26.247890 10.715185
6139.470703 89.505524
254.185364 105.642998
6255.981445 116.808739
1188.422241 117.464363
5936.257812 34.270058
34513.261719 47.142925
6563.809082 59.535103
487.342499 73.398453
122.921165 1.093539
1699.349487 3.670775
338.577362 27.781147
3791.347412 89.487259
27546.232422 85.739471
1097.995605 33.287579
2224.394043 11.790893
11.373860 4.788892
2744.684814 97.764381
618.740540 125.782127
3532.850342 167.167786
23709.804688 215.924545
8972.224609 31.886770
9376.708008 47.929565
726.062500 64.919754
153.921585 79.967102
1706.384155 87.608963
466.348816 128.281891
1809.767944 164.352768
1707.643799 191.274307
9022.727539 161.451843
356.558105 91.243912
1755.412598 54.973534
1029.419312 57.218315
1756.757446 25.821501
171.505341 49.445290
4623.818359 106.701775
8711.295898 196.497284
50202.726562 214.355438
41278.191406 128.435593
16174.488281 67.339729
8007.195312 32.746101
375.634369 36.213211
355.541077 66.762894
2752.645752 104.889549
2341.479492 133.938187
7207.309570 171.617996
9324.167969 111.173203
9101.943359 57.839031
953.140808 30.585743
1890.377808 37.379959
149.817871 90.641716
635.065735 190.260605
24413.257812 332.531586
73136.164062 53.959579
34578.113281 22.704052
8422.361328 13.768904
1943.784180 17.053457
2637.412598 14.096368
228.058640 33.472206
1107.955322 38.258472
3554.226074 21.686457
41619.183594 249.340256
22010.603516 129.391281
3008.973145 42.272415
6991.322266 7.286728
5201.425781 16.033918
1671.994019 20.333200
1747.448975 28.339314
14074.630859 51.467293
8991.012695 79.262779
58676.683594 31.538029
2062.888184 12.055752
7592.870605 11.148007
3941.996826 59.619019
3809.052979 58.182556
904.302490 62.732258
1641.240845 70.101135
4132.344238 51.706528
18819.101562 64.974777
8505.369141 68.802696
8982.854492 65.081825
1153.535889 37.708332
2486.269775 88.840050
44.691708 169.243454
10510.944336 275.035095
585.926758 94.826012
2029.159912 38.900253
13199.839844 13.218539
2424.353760 13.333580
128.189133 16.774050
2667.100098 44.673668
2408.310303 108.921059
4320.153809 202.717239
608.680115 265.043610
13680.860352 159.198364
15129.781250 76.958481
1299.946533 27.862118
300.924011 10.691139
561.780151 32.435112
2804.807861 71.303024
2556.650635 130.675415
2357.349121 304.156586
3700.474121 158.422302
3229.893555 59.987335
6369.589844 14.539673
204.957581 210.045731
1440.862671 210.253540
1117.131958 194.196732
7878.926758 163.019226
11497.613281 106.868843
3072.554199 140.439667
15046.543945 171.186569
1757.880127 195.729004
875.630005 110.946907
1979.535522 271.357422
1336.458130 578.343994
3326.546387 1037.642456
34440.574219 204.776184
65.970100 69.063560
1651.539429 31.705547
9349.954102 45.917999
9187.767578 26.971100
771.393616 26.372374
1827.529785 76.225006
2171.777588 152.766083
37268.031250 873.300049
29645.566406 572.614746
3795.877441 299.519806
10925.506836 111.764580
2034.200684 18.062630
1839.088257 40.836895
1280.447754 97.279358
13910.443359 181.192688
4237.749512 138.485352
15278.377930 91.001801
5630.254883 51.947613
1695.284302 24.872841
2810.761230 9.348265
66.869675 8.939054
4598.530762 16.097906
157.635361 31.053213
16140.581055 209.694382
7254.117188 127.165199
4417.366699 62.502815
2700.419434 24.233147
2100.906006 3.175342
1014.246094 11.263646
3943.337402 32.289497
7431.825195 66.350441
18371.906250 28.868505
9047.558594 16.358425
2248.867676 8.721798
4874.356934 3.822670
2110.385254 25.501665
1472.234253 38.130035
144.345734 61.146679
1299.177002 87.654381
33602.152344 28.665756
3023.060059 30.676311
14268.291016 27.762051
327.852478 23.759756
31.903107 11.722113
972.077515 10.668801
373.259338 7.398346
4936.917480 4.158294
29099.726562 52.355412
22303.796875 31.077477
5910.385742 17.704594
204.122498 12.523022
656.509766 70.529976
745.072632 129.074829
784.244629 206.642303
11116.582031 293.776978
9257.161133 10.586145
17490.351562 0.585919
1259.804321 8.790862
3143.143066 31.598305
4359.680176 50.594143
60.401184 81.084229
1842.679810 111.159927
14490.723633 153.853653
1271.126343 271.898651
7221.895508 123.275108
192.412643 44.197155
1644.944214 29.092613
287.513489 15.805157
407.952209 34.781967
3579.216797 117.951416
8252.896484 268.553101
25931.964844 141.419357
11325.099609 98.065094
8729.464844 66.442726
5555.435059 35.465050
7622.774414 43.154800
2936.802246 47.196297
3413.787354 72.351486
17824.523438 122.757187
23043.681641 170.749023
8538.414062 116.583977
19692.626953 78.565460
1307.950195 54.514893
1241.302124 15.530073
2686.094971 18.463104
10138.288086 18.701069
5050.671387 14.760701
11711.173828 55.434448
1889.251953 35.860062
1124.281128 21.069601
4155.083008 14.761805
166.867050 26.191936
2235.411621 76.886024
1093.213135 170.599609
3725.104736 305.465912
35687.390625 61.200321
2214.696533 19.895081
10467.882812 5.018145
5055.122070 6.434168
465.862640 17.248478
426.228271 11.716104
1533.381592 24.050529
997.730591 56.088947
17239.416016 229.910675
32875.257812 150.697952
3496.302002 85.747284
518.357178 41.231857
177.904114 40.886452
1068.973633 77.799400
1598.768311 131.878830
2488.479492 200.138306
46840.773438 44.382072
17644.943359 18.424961
2654.774902 11.498866
1681.920410 19.411510
1868.058838 121.360229
500.493652 253.054825
5558.404785 424.944977
1835.695923 620.371277
3044.992432 107.834389
6111.069824 24.061499
11.277610 2.388611
3863.278076 36.605839
359.339386 16.974850
1267.209717 45.579838
2812.612061 108.917839
926.100525 240.064636
32676.447266 414.958313
10293.570312 180.093750
1377.583130 53.713181
2384.978271 12.338482
1575.162842 6.597588
559.386719 89.651329
109.527496 267.716522
3092.366699 500.446106
7083.726074 309.213470
24905.562500 207.422501
4172.411621 101.437691
3478.839600 20.632601
829.768066 25.695789
2796.221924 74.776581
267.180817 188.361328
3811.318604 353.275726
9622.143555 672.814697
12532.647461 397.626465
5259.395508 183.086853
3511.063477 57.739895
2522.999023 37.934464
117.491295 47.148216
585.411804 90.808266
3196.865234 185.189774
6561.404297 289.977081
12529.937500 164.911255
3989.141602 89.128647
3798.020752 51.244324
1609.006348 25.795732
82.702682 26.982990
39.945789 39.053314
2568.364990 60.028992
2592.508301 154.633667
15460.053711 106.750214
3160.528076 65.821510
2906.262207 38.218651
558.714844 8.138292
1084.511963 12.796571
8947.379883 18.442739
5833.660645 33.897465
1720.182129 54.409306
4452.086914 16.193764
2913.398926 1.250907
1188.449341 2.175409
234.753754 4.167281
1899.283447 5.516529
2254.046387 18.421980
572.448608 42.514053
11901.681641 36.855305
3457.992676 28.346741
9311.652344 19.676908
2445.364258 10.570553
620.984070 44.021614
1534.782593 69.684593
2232.776855 100.730667
6052.719727 130.258682
55164.050781 40.883980
8466.540039 29.123856
17870.398438 23.966604
6632.721680 28.372036
1595.217651 8.683733
2109.058594 3.063894
694.679688 2.665097
9496.453125 25.372347
7367.860352 105.501953
4488.755859 44.351936
4368.033691 17.497053
2026.690552 11.201403
1064.308716 29.442484
1939.278809 24.177845
2532.714355 37.359280
5011.192383 74.170143
3453.343750 7.110446
52824.304688 24.581470
3489.554443 38.178810
3623.258789 38.642315
166.631836 77.594978
2403.672363 105.508957
4847.722656 144.266937
3100.206055 176.493164
10603.712891 72.843712
11804.214844 78.898705
2627.125977 73.338638
1055.955566 68.485153
892.396057 42.785049
1004.473389 34.703644
94.896866 17.403378
3622.397461 1.731625
85427.812500 142.689392
8822.375000 85.687386
3275.786621 54.138535
890.637329 44.632244
5416.929199 23.936737
1439.031616 77.680862
2679.743408 182.858368
2689.554932 327.930267
3387.995850 2.695318
6504.982910 2.457688
1930.348633 5.887882
2003.421509 7.990410
1705.896973 18.716125
429.997253 55.125961
9755.274414 95.441025
1165.336548 137.837677
33353.429688 236.470963
264.353668 108.869026
3759.632080 28.203341
3416.786621 2.440594
1236.833008 82.210884
790.522522 164.324707
8262.052734 269.694611
17035.357422 386.706879
38011.839844 79.482956
6690.527344 25.680164
5253.850098 9.685590
32.822266 29.506363
5830.216309 34.171257
517.506714 161.410294
2363.272217 413.182983
12710.896484 794.170715
52340.519531 464.260925
6197.708008 206.861542
7574.856445 61.068451
1143.995239 6.065858
351.998535 36.534286
643.003662 45.926296
1138.833740 126.580963
5734.430664 246.854553
35018.632812 845.810425
76798.664062 574.747498
4454.445312 314.900208
12912.553711 125.192566
1345.756226 40.925617
250.871155 11.148246
7417.391602 0.124521
17782.771484 7.690817
3496.608398 202.228714
5188.063477 174.385406
4116.643555 132.361969
303.352295 84.397926
52.073860 14.426610
1446.302734 11.533421
412.128174 14.457397
813.496582 28.458818
49726.996094 0.234490
14620.522461 4.459554
15470.624023 11.976694
138.917358 15.936056
952.211304 100.830048
379.321075 205.245880
1332.768799 362.528931
4144.166504 537.991882
10317.020508 27.619808
8516.091797 33.748966
17945.117188 38.692974
5845.694336 52.441574
6.752165 6.144617
122.716576 3.913162
387.121033 29.103722
516.149536 88.539062
21636.666016 558.556641
15086.580078 326.145447
1928.831909 150.523712
179.148056 47.770576
2193.610596 58.245453
1165.951416 67.555893
2239.318115 81.601341
10447.337891 97.410187
10562.772461 47.513596
439.606537 49.704456
3820.824707 51.563381
2730.124268 53.640720
2299.324951 37.023186
1345.567017 70.169098
13361.365234 98.712234
4042.854248 114.648834
877.343872 88.507210
13561.945312 41.314285
10601.341797 13.797169
220.222214 13.803465
206.352875 5.326855
589.411743 4.921759
2589.055664 40.960190
7332.333008 122.503906
13140.403320 139.026886
11192.125977 87.796028
14764.279297 53.004955
4371.831543 25.401947
192.830093 70.382164
4230.610840 124.907135
2052.599609 205.009888
6294.417969 280.694611
30925.353516 60.900284
81090.835938 69.108955
7449.007812 59.891926
1036.630615 52.453205
912.959778 68.330032
4900.600098 80.696083
13659.306641 95.454849
13361.790039 111.838173
7655.819336 227.457947
33786.148438 148.027191
2153.383545 92.583054
949.661499 68.087433
846.151062 64.419731
835.930298 117.795036
3548.926270 191.966949
29471.746094 301.759674
35830.074219 123.559875
11535.865234 30.327181
7593.051758 4.385660
1097.010620 23.568453
4660.434082 22.572723
1500.351562 8.155973
3037.224365 1.075804
1704.235718 6.451872
51847.472656 211.805450
14648.294922 141.017426
20211.800781 84.198242
920.549561 45.956352
2408.374268 35.147583
18.627224 25.190321
647.114258 16.643162
160.187851 12.453388
56537.656250 23.742542
3120.211426 35.323971
1243.568970 42.331482
8648.654297 42.052177
2272.738281 50.304726
1054.117554 111.563599
3578.218018 198.469513
1348.991699 296.728271
3338.535889 25.074543
5823.922852 8.479768
1618.324585 5.229715
262.864319 16.882612
293.232422 30.317616
1570.101440 60.191452
112.453247 114.594467
2073.964844 210.555557
2774.038086 338.098511
12318.686523 160.403915
8361.837891 58.931698
12.114429 23.818848
2875.592041 6.597648
67.385986 54.391098
6617.726074 152.671097
206.429657 294.203033
190.690216 272.554596
34926.261719 146.779297
22715.425781 56.826828
2752.299316 8.664015
748.864136 18.347809
9.781252 6.589909
6082.829102 18.360731
22461.656250 51.798218
30182.642578 311.106934
6203.390625 212.688736
2610.598145 123.393295
1031.538452 56.885078
1959.964722 2.957389
817.746399 3.136336
2234.202637 5.720932
86.166779 12.191401
1185.886963 46.622883
7613.606445 26.538666
3529.641357 12.764904
5632.277344 5.524847
3511.572998 44.142071
1079.479004 56.440155
2747.881348 66.895424
151.050476 75.135628
104225.484375 4.564163
36485.824219 8.350081
19346.455078 17.977131
4163.673828 30.760284
1073.905273 11.495919
153.665298 37.469646
382.369324 97.681648
2102.948975 194.151794
122.099518 90.283928
4753.629883 44.938801
6742.356445 20.286627
721.449890 8.893969
52.946350 51.465584
1540.963623 81.665665
3758.293457 140.471207
5238.899414 234.050232
431.561371 119.469063
6561.844727 64.692459
3976.383789 41.954693
1720.960938 39.596741
2036.527100 15.552145
2871.422363 47.398209
3561.117432 84.830360
10877.458984 117.165619
2060.299561 172.996460
2592.329346 91.159576
6792.415039 30.658829
3707.110352 5.689159
380.079773 20.966682
470.028076 24.053917
4789.630371 36.594643
6159.756348 57.408260
29103.109375 147.740875
6389.976562 96.703209
153.455765 55.793541
2124.877686 30.511292
3703.124023 12.296261
999.251221 2.606573
371.397369 0.915339
8922.847656 6.546827
9731.129883 58.321125
19202.673828 54.104931
6753.289551 42.901470
6956.827637 27.349554
1855.280273 20.520954
3834.539795 42.114861
2202.649902 72.200294
2010.225342 105.332550
29045.734375 4.020619
13168.621094 1.795793
539.570679 2.990419
519.950073 8.287100
1886.009155 29.023277
39.490917 73.634682
686.015015 150.286041
1958.077637 261.906494
8477.345703 89.592857
3523.818848 29.905809
3042.647949 6.342322
367.677612 7.891101
1342.198120 6.103004
212.155792 23.097521
943.228516 48.997292
3745.594971 76.504906
19644.500000 203.766571
29263.429688 116.658592
1718.023804 47.735756
3.452328 10.845312
5479.676758 202.950317
4001.055664 205.089676
11847.850586 178.935455
15587.092773 131.844528
95.275543 74.939575
10850.285156 100.748444
5914.997070 137.532669
53.846786 176.317123
541.752258 265.079315
2869.844482 371.606415
3214.729492 500.724609
6054.136230 593.989319
8201.286133 257.082825
19185.361328 252.901703
10583.301758 225.343735
2946.691162 217.391663
147.125214 141.398819
1237.154541 188.529785
5615.901855 243.330933
270.505341 285.549927
2340.818604 149.995682
1492.503174 132.796341
25804.845703 116.914253
5967.489258 116.676735
2829.764893 231.396667
749.915100 252.055679
2174.876221 310.072052
1221.010376 367.380707
39660.164062 458.364380
4550.603516 418.905334
2366.053467 340.987854
5299.793457 265.706390
554.411987 196.218140
4417.982910 193.864273
193.551102 261.920746
1619.539795 378.825439
5223.395996 301.142670
780.509460 331.515625
6764.597656 309.635986
67.548508 250.036011
1858.507324 17.629295
1717.450806 5.713352
3230.961914 1.071265
11745.241211 11.129513
41425.726562 59.588844
29416.638672 46.374477
14313.546875 38.142807
3082.167236 29.427273
1537.050171 31.893585
1354.854126 53.437164
12249.899414 72.878853
39613.535156 87.647202
3180.837646 13.193772
22579.822266 1.514641
945.656250 1.536288
791.390198 12.867048
658.073669 81.351562
2236.917480 101.049873
3657.544434 128.879288
8570.616211 144.823959
12648.181641 154.050201
1152.985352 137.767136
563.787598 107.533775
1884.379150 83.732010
240.034012 66.871178
397.099457 111.454376
2779.376221 195.405212
597.399780 289.954010
34559.480469 176.836380
12528.701172 149.541229
22871.675781 106.395683
7220.634766 69.957382
1606.453613 14.889465
2638.683838 15.425583
359.960419 47.029118
11538.259766 100.886772
26053.468750 130.264999
1825.940186 110.965698
828.942627 78.107124
2604.577148 40.693638
325.302185 54.093090
1041.878296 104.789200
926.727417 146.786102
5832.797852 170.125305
12136.075195 91.940536
13032.697266 32.980122
4846.897461 4.442550
11.041205 14.237259
1397.238159 83.416931
5453.403809 123.637299
6359.786621 187.256073
15297.167969 244.463287
56248.062500 159.030426
34270.476562 143.856323
1224.265747 109.482841
1204.835693 81.267601
4141.091797 42.696259
1776.406494 96.213127
4530.089844 159.714005
11869.852539 215.770386
16158.511719 199.711151
7023.847656 108.335709
4388.181641 42.570698
2.409210 20.189337
1032.423340 222.251633
1137.225220 234.242142
1810.264404 276.116241
22048.740234 311.295380
36011.281250 457.235046
9700.371094 416.873535
1129.152100 337.005371
1282.866455 259.992950
135.857437 224.904083
2686.192627 231.506119
7155.861816 317.520386
47507.835938 458.579773
36117.878906 345.916992
8315.959961 369.364655
225.973236 341.505005
7437.182129 277.851746
3945.248047 48.479164
6841.341797 60.795914
33244.773438 102.390976
41428.902344 166.501724
13469.382812 158.797470
3647.127686 125.096077
5820.235840 90.918533
10861.808594 61.898262
479.121490 37.145737
209.902054 51.670143
7079.116699 101.211502
21694.597656 168.389679
34449.890625 144.097595
24751.638672 129.396820
17086.816406 95.448761
6133.231934 57.259495
617.398987 134.917450
2526.040039 131.507050
809.995239 115.756744
11549.705078 90.658051
29389.480469 64.272598
20518.837891 86.854141
5424.021484 108.853439
3654.872559 126.327499
200.997772 51.819511
897.797729 58.035965
3259.914551 83.042725
8696.352539 117.999962
35453.332031 76.434021
4346.870117 83.650734
618.299377 76.773918
4825.875000 61.883205
3980.563232 2.725014
2996.211426 1.183640
6441.021484 1.231883
22306.791016 2.314378
5289.090820 10.530128
4867.922363 10.529784
5855.612793 8.589359
844.634338 5.552291
249.477081 28.755327
529.151245 36.543755
16777.853516 44.395470
10939.837891 49.366112
11334.160156 18.544016
2446.856201 19.436975
3358.146484 20.465996
1148.819580 23.223400
2426.414062 78.309593
291.627136 74.718239
2075.846436 50.768616
2578.900146 20.670523
83974.273438 3.132627
7499.833008 5.785345
3399.129395 29.260319
791.862854 59.420044
3626.503662 49.911480
2264.706055 40.263325
3150.477783 30.402405
12239.991211 22.852844
14328.975586 31.825415
11064.829102 45.728397
1295.305298 54.451561
310.891724 55.643955
1507.578735 8.242670
7029.588867 13.055880
17322.234375 33.286343
12909.369141 69.390701
25576.275391 8.101147
2111.452148 11.064684
703.856445 13.415468
9633.516602 11.259039
1449.028198 35.327389
2003.709961 58.360054
2506.255859 91.864830
2986.913574 118.471085
510.832886 143.014099
22831.117188 105.232933
322.095032 63.488266
2949.653320 36.405258
1241.877808 99.465012
2270.480957 119.170265
5326.337891 144.688110
4257.399414 167.271271
18462.144531 48.558113
7788.122070 66.900223
22156.726562 78.880775
170.702606 87.538216
390.093842 10.154731
8244.536133 3.109615
9491.625000 3.278335
30597.349609 10.764743
64964.578125 47.056557
13271.462891 42.354843
325.381042 33.469341
69.883003 21.623259
503.575470 41.803440
3104.314697 42.087132
1575.842773 35.520130
2295.465820 23.956438
14422.783203 18.040749
36364.121094 21.286440
4360.634277 27.862072
5869.932617 35.912323
2824.667969 71.140152
5747.947266 78.822975
11321.962891 77.076508
10947.459961 64.795807
2701.393066 34.963551
34591.460938 39.002602
3446.700195 46.845394
1126.029053 58.668724
983.258057 100.741135
1223.728882 134.867294
265.655060 180.673004
15672.800781 218.556610
8321.388672 127.021942
1854.401367 117.053818
8323.686523 99.507820
3348.465088 89.683205
1534.102295 33.091862
6904.699707 43.070236
17677.591797 85.451294
34626.542969 153.100220
626.666992 71.417648
12230.523438 73.725655
4890.962402 64.652000
3816.322754 46.260777
669.477539 77.836983
997.044067 129.465729
1951.400757 176.966339
9132.044922 201.036224
23811.863281 142.513824
5331.444336 88.150505
8550.019531 50.072460
7343.678711 46.147709
10.741279 110.825516
8730.177734 105.988464
2995.598633 133.524765
19221.923828 181.326126
7238.599121 163.146851
36766.570312 182.725159
8832.446289 171.905823
2736.257812 140.252136
700.330200 15.522243
1981.800537 51.032028
882.156250 111.333252
5185.973633 176.874710
3263.216064 131.549515
846.471191 88.516685
2651.016602 43.768585
3404.011963 14.488604
6225.820312 5.870170
2270.553467 8.051897
6684.763184 25.532492
6407.115234 53.292957
38535.792969 88.379166
27835.406250 66.785103
174.639175 41.501205
9047.327148 18.734446
1254.577881 70.599838
6783.362305 122.521683
6104.841309 177.284485
8922.458008 209.235535
37509.464844 161.939545
20142.882812 109.577080
1452.231445 63.160332
581.467712 47.071365
8878.398438 47.839222
3415.046143 71.926117
1738.310059 129.279953
1363.837646 198.853104
8587.651367 155.410400
46274.300781 135.156036
17882.445312 97.691841
2395.547607 61.037369
2426.648193 16.841305
4268.743652 16.278790
13724.125000 28.405821
853.068542 47.672058
4062.609131 97.888382
12184.122070 79.175285
978.613403 54.394402
407.612640 31.022484
1018.281677 19.197668
3314.485352 28.059113
20551.496094 48.726181
33156.312500 72.388748
460.838318 93.263412
8102.019043 72.286041
4625.561523 46.799744
461.142822 26.348331
752.408813 14.543807
468.620605 23.052555
1453.240723 46.521469
4964.275879 78.216431
35595.707031 93.547180
17574.082031 69.322456
2294.602783 43.301567
193.882904 22.607166
330.188507 4.964500
1753.092896 6.451403
3120.508301 23.565086
9393.962891 50.228588
2843.100830 57.211330
4410.980469 51.308956
6159.067383 36.150185
904.505981 17.514381
4226.149902 4.542193
4673.291016 7.349764
1797.227173 7.712532
4055.868652 5.750212
15763.402344 24.727697
635.360535 11.463978
5675.850098 3.547289
2037.966064 2.007941
5706.156250 30.366671
19196.744141 31.485188
43130.812500 35.720665
28626.371094 39.809174
2156.720947 50.502625
4650.682129 47.464233
1195.017334 40.701561
6596.030273 33.863308
473.702271 51.910049
1229.564209 74.063286
25822.414062 110.222046
24511.347656 150.852829
68716.132812 83.118866
3274.014893 69.129387
2506.335938 54.956970
615.238708 46.787819
720.117249 133.975845
3164.004395 159.993210
5663.777344 198.933502
885.747864 232.489090
17476.113281 138.521378
13601.271484 145.167542
4846.123047 137.311234
576.521545 128.527786
1435.312744 59.445778
4363.744141 48.568081
13673.628906 45.983047
17633.085938 52.843170
1078.744141 48.082024
44929.378906 67.296165
4740.823242 75.772781
894.313232 71.462479
4001.160645 0.296293
598.556335 0.550172
4483.479004 3.426908
1760.057983 7.845897
10462.046875 23.211971
4314.546875 16.178640
1993.966309 8.929972
582.637146 3.212162
175.953064 27.428629
1636.843750 37.672844
2637.023438 47.479996
14509.120117 54.737381
9695.290039 5.013346
1056.411133 7.033190
8474.992188 11.520223
538.643555 18.410969
512.495850 37.330196
4919.353516 60.215614
75.054726 106.567581
109.243706 159.776138
40708.324219 117.350060
22157.517578 97.837532
2369.461426 68.311447
5796.907227 42.820198
1651.093262 53.130302
2245.594238 58.034523
7321.850586 64.034660
118.354286 68.086060
13862.224609 29.024525
3289.521484 39.709351
5010.574707 46.275822
1555.347900 49.855419
521.194214 85.302567
1932.402832 95.273933
5426.733887 90.100845
234.322693 71.288498
60242.089844 18.899113
219.233246 26.334677
3891.690674 42.769794
886.552124 64.984726
3927.638184 15.503749
3687.876221 12.544895
1695.930054 25.798950
16848.839844 56.936592
17043.183594 23.392609
22574.748047 29.585281
2653.165527 31.554008
501.993042 25.310616
1698.575195 64.504669
4770.800781 75.403870
14936.808594 72.632835
12551.257812 57.876183
5622.430176 24.200766
2745.516846 19.894707
1151.090820 27.794828
1596.516479 45.435669
1173.548706 201.900162
3989.048340 182.174179
512.184204 146.917313
12937.144531 104.002937
72777.742188 111.816772
7502.754883 150.523468
1943.176636 183.040253
4776.625977 201.910919
6918.677246 115.844383
3629.368164 115.582886
12003.423828 162.696701
21582.162109 239.823807
29279.199219 183.484406
5872.858887 208.284744
1499.486084 193.783325
5768.497070 152.377243
622.189636 131.541229
4425.904297 137.389862
15972.349609 111.612328
16200.664062 69.562553
46954.062500 7.900417
19666.355469 13.515854
854.317261 48.410530
2835.926270 95.842506
96.939171 294.036102
313.909821 359.207336
2002.480225 404.468048
15909.126953 403.286316
8140.887695 172.452194
9133.228516 187.060486
9648.117188 202.834625
4920.623047 237.014801
1664.954346 200.309204
2646.391113 235.014481
1805.039917 293.133881
11302.432617 339.716278
3096.344238 290.757172
8009.314453 283.007751
2595.733398 244.295929
5827.352539 206.618088
2471.170410 148.763596
6752.941895 123.985870
4269.357422 123.662201
2137.747803 146.805603
7463.316406 171.305313
12808.109375 202.865921
1522.872314 206.791321
1520.885742 183.520065
2812.837402 93.595398
8199.203125 73.998444
14615.412109 43.784073
5690.036621 20.975048
20758.318359 18.159426
516.678711 37.246048
5831.827637 67.507034
576.937073 90.912483
276.124237 135.821564
6119.860352 185.077850
2942.506348 201.759064
20934.808594 181.167068
16803.884766 57.506630
21037.548828 28.747280
9171.123047 34.609024
1602.908081 76.357887
4009.787109 133.015366
9901.847656 157.570435
1795.239868 214.574295
2115.144043 270.153473
540.073608 314.605560
6799.841797 281.399750
11500.792969 217.124451
1115.505981 156.760117
3877.831787 106.842224
3905.908691 91.536011
3433.367676 112.389549
3003.995605 171.576706
43745.058594 107.178520
14590.009766 140.050751
2514.462891 152.084137
550.979370 136.098175
4329.592773 64.138329
2223.693359 116.564362
4062.239502 150.026779
15470.488281 157.543228
101808.140625 209.633026
3163.022217 91.748566
17661.617188 25.237209
3606.768311 22.112762
12473.599609 88.001373
16666.111328 108.296425
7403.562012 198.829544
6211.039551 324.894073
44342.902344 283.291595
61187.281250 271.186951
8052.890625 211.684326
3284.946289 134.766373
285.130737 46.554707
1650.422607 44.953983
1244.757446 55.337509
23805.001953 80.134262
11931.726562 42.308815
621.070190 48.768730
4310.529297 53.604626
771.308044 52.070522
537.697021 14.493757
4351.538086 27.416080
19960.804688 51.586060
7032.956543 79.720139
16064.305664 163.028000
19189.976562 102.793869
7543.075684 51.702065
3906.868652 21.134741
238.245453 223.806000
2773.205322 278.014191
799.866882 368.597290
177.152878 461.184296
1310.083130 229.374588
3046.749023 244.319672
316.709167 231.918686
611.695435 214.640457
273.128448 14.728549
179.316025 34.800049
7058.496094 101.762421
10008.865234 202.519409
5479.451660 143.126129
15811.424805 113.270462
11052.064453 74.124367
2900.903320 34.549408
101.300522 19.470528
1214.557983 12.791574
1547.275391 25.722851
7515.980469 56.316360
126598.046875 33.028336
466.326660 48.251091
2269.276855 49.461868
3519.647949 36.455658
2938.964355 30.314186
937.335144 46.511101
3607.010254 61.388435
1315.836060 71.345695
11673.855469 8.879662
6839.507812 6.055018
2117.838135 8.322742
2829.302734 16.673178
12.715719 58.621586
1614.223022 90.197098
7098.371582 122.426239
4821.621582 143.066956
4570.528809 67.791336
3859.335449 50.189541
2652.330322 37.623508
2071.243408 39.341766
930.564758 170.754608
10101.785156 176.507843
13829.173828 165.935577
9406.358398 137.572968
46710.468750 112.245514
18472.949219 124.677765
2046.172363 138.821533
487.717041 155.597931
900.880432 273.209900
2134.495361 341.574341
830.797119 463.002930
1682.156494 586.577026
57284.132812 353.502167
14116.990234 356.489624
9437.629883 316.982056
3095.040771 273.425903
869.258728 38.952011
2558.331543 45.219707
7827.147949 94.940338
7628.865234 180.476212
2630.327637 88.383232
4165.379395 96.779228
18921.148438 87.315353
10463.746094 61.500481
1619.746338 60.857944
10307.882812 96.561562
8511.002930 125.378113
30649.763672 133.043381
7404.811523 98.886909
7958.491211 63.361740
841.170898 38.216686
2047.711060 37.156921
516.669678 182.463150
1321.214111 202.398834
1435.710938 218.940964
10201.397461 215.530472
12146.652344 166.425690
13665.208984 176.466003
5191.016602 173.585297
5549.514160 172.263000
4508.765625 75.756561
2424.300781 116.517357
8746.690430 185.928329
19548.681641 257.768372
11523.373047 194.253937
7570.420410 157.252747
4747.860352 110.228683
8180.327637 75.994415
1265.191162 40.594620
4331.143555 34.987003
7775.768555 47.955009
6574.449707 75.033127
8341.562500 127.410355
19646.117188 113.108391
356.235596 89.132782
1733.423096 61.624760
1093.363770 67.529915
835.566345 127.763824
1029.654907 194.360153
2013.348877 244.022797
5079.840820 199.598251
7775.191406 119.135765
7614.716309 58.290657
8257.043945 39.483513
18655.031250 114.555733
15650.296875 101.662880
26903.044922 128.210144
20359.421875 176.859055
43009.585938 277.664978
17504.171875 269.843201
2875.781738 225.026443
1217.349609 163.334717
4978.085449 149.493683
3546.309570 162.026596
4371.989746 202.680115
36186.628906 259.340149
37370.820312 133.090637
2835.158203 161.833160
6272.780273 168.579163
2538.359131 158.226776
1129.859619 17.392391
1930.746094 22.285925
6684.746582 24.835218
597.811584 37.381184
27371.998047 61.012913
82019.898438 16.310390
16164.811523 1.984763
470.692719 7.487995
2119.232910 85.220963
1613.720703 192.969269
2763.754883 336.194702
32461.097656 464.764709
21951.728516 228.764618
12813.615234 151.830353
4979.014648 77.813499
2020.925537 46.310150
2029.468018 78.739716
3302.079346 69.062820
14869.780273 91.129677
15394.480469 135.077271
38811.878906 184.470123
1900.096191 182.106018
10446.944336 154.962723
3172.245361 113.675964
2895.873535 82.566864
1063.919434 110.653549
1748.651855 176.539444
13645.925781 255.588486
54532.664062 248.546906
21859.361328 206.938919
2736.429443 149.565033
7390.325195 99.765411
28.655464 127.049469
7448.030762 122.456070
3621.971191 153.297897
9087.769531 215.646729
17298.099609 145.122437
21010.568359 168.202057
937.937622 170.612198
596.237366 151.218826
185.905472 3.289388
448.994171 14.207837
498.623505 53.715645
5194.582031 114.022865
6605.695312 86.186455
1958.792847 67.064049
902.318298 42.021679
256.454865 16.647120
2246.894287 29.515633
1970.897583 81.469208
522.972595 159.065323
2382.573486 252.846329
53015.148438 54.939320
547.045349 18.580311
312.730164 1.557574
6031.067383 4.106896
5619.541504 384.262634
1554.939819 484.704834
329.921082 605.948975
8042.086426 683.793823
30144.335938 473.167694
4879.892578 441.378784
2733.587891 381.897034
2651.923340 349.521057
694.564331 208.379868
28.714725 296.748383
4761.783203 500.203339
6250.273438 744.131653
1391.543945 385.541290
9748.166016 397.527557
26879.054688 331.099304
570.646851 240.008484
2018.146851 10.999990
7512.376953 6.869622
4763.284180 13.348864
14069.818359 27.929739
10860.106445 105.200584
24171.939453 78.597061
7137.996094 50.334682
6458.000000 26.237732
1026.010254 7.186037
900.053101 2.979936
7281.848145 1.481994
8849.843750 1.917807
1944.548706 21.948324
6109.126953 22.703487
177.228424 19.328253
2275.436768 13.338921
6.287420 122.804848
1543.032837 159.733261
784.268188 160.748474
8391.900391 134.282669
116032.007812 85.651520
7361.297363 29.551416
2266.654297 26.059628
4143.423828 67.120934
8152.446289 215.890839
15963.613281 182.877884
30953.158203 213.008255
7675.362305 284.150604
125234.765625 334.491089
17054.613281 387.945923
2869.294922 367.406067
34.434849 293.542694
12341.326172 124.481857
8352.780273 148.962799
24837.296875 179.649292
49539.773438 205.476959
20282.187500 69.356476
7785.810547 88.361176
15687.093750 100.295555
1351.118896 109.735313
2317.484375 59.351475
7516.122070 67.114563
4356.212891 61.620659
2055.724365 45.412582
52885.167969 7.499527
31661.984375 10.382710
24168.367188 23.112322
228.948746 42.043953
2798.933105 45.098263
3379.296143 79.569733
242.521317 121.510086
17137.984375 159.730530
1524.477051 63.242683
24484.783203 40.892097
980.641479 26.306225
3911.037354 26.509338
36.666222 135.492523
169.285477 202.561890
690.651672 299.061157
10553.961914 384.467499
12785.908203 240.697876
11063.592773 204.663574
5519.848633 153.543015
3683.453613 120.950531
2085.536133 65.807022
348.476746 133.530792
4542.134277 253.024658
2319.438965 378.893372
3826.398926 200.057465
3890.385498 170.944565
24465.662109 114.244247
2661.247314 65.791946
1337.164551 28.813751
2407.771240 55.252876
6867.402344 91.205215
4193.212891 122.224289
6355.681641 144.561142
5631.474609 94.586540
8696.004883 49.557381
555.903809 25.302002
701.509521 153.362457
4689.369141 188.180878
9747.093750 239.252792
26028.849609 274.754333
21898.083984 302.950836
12324.749023 260.514862
1147.444580 201.036804
1088.136597 157.620132
2054.411865 81.975990
3589.615234 53.745773
5586.322266 86.758743
836.384583 174.422852
6727.069336 198.320526
6026.294434 222.318192
5698.764648 203.288391
82.037560 145.694138
900.189819 86.902748
9462.281250 123.204796
19863.333984 128.762527
5007.050781 103.960007
6883.960938 66.987251
824.405518 19.586973
10540.039062 10.452818
5859.161133 39.745209
4060.791504 131.755356
4428.332520 173.133102
6786.798828 228.562271
290.066101 263.260834
50196.449219 229.369186
33327.066406 205.970825
124.969986 161.178268
2353.585938 128.154144
1501.987915 175.121170
1207.087158 189.908997
1281.491821 216.085190
7434.427246 238.568542
4580.013672 170.232941
19324.142578 186.848526
8298.562500 185.048630
8636.384766 176.203278
4434.798340 62.007465
9678.737305 54.863052
3199.178223 56.785007
8688.955078 75.654510
961.041931 46.030769
33406.121094 53.218029
2812.102051 63.498772
197.385498 67.134018
2413.568848 1.367321
6522.510742 4.260593
5458.028320 9.860373
25114.662109 17.208103
2138.605469 41.496456
2706.950684 24.083466
4742.454102 10.507771
4027.639648 2.942186
614.186401 114.662323
561.252380 139.477448
973.297180 153.896088
4930.803711 149.546616
28051.166016 58.873520
11355.720703 64.256538
3482.488770 73.051285
1353.404053 90.095398
3724.375488 21.293182
4845.335938 25.625963
4629.649902 49.063644
11560.998047 86.769135
37559.132812 56.368805
24014.408203 54.935936
5740.080566 45.732719
584.553467 31.429199
1533.440796 66.188400
592.789246 80.261200
972.297302 87.160080
3216.333252 82.797852
65253.578125 49.964874
26400.339844 44.581081
2847.754150 44.270439
392.918884 52.117138
1247.426392 23.702446
920.966248 22.457008
10830.193359 51.436764
15972.607422 96.854691
33256.046875 134.809647
12546.275391 126.549660
1585.143799 94.603516
11171.851562 53.209827
116.273209 5.351323
4262.206055 9.743631
11465.243164 18.872185
15161.737305 31.367773
23910.259766 9.417860
11729.199219 7.850081
6930.091797 6.258461
751.197998 4.864776
62.857376 17.353441
1052.435547 20.007837
3162.305908 29.629885
5451.403320 38.821541
35416.707031 93.701561
2665.000488 73.321503
3166.101807 47.752617
1176.755981 26.820738
510.100922 17.172195
1199.579712 34.041065
1743.232666 65.580788
12752.347656 101.607132
1569.255859 28.410410
9182.083984 30.024134
2210.005371 23.833252
3282.759033 16.162834
233.246887 71.186867
3046.958252 135.050217
6518.885742 186.259369
7586.857422 205.568695
2926.345215 54.976593
26391.277344 17.942921
2665.507812 1.795958
3303.417725 20.443419
3530.352295 17.233620
6058.989258 11.583208
2316.961426 19.382013
19334.382812 40.684013
26597.546875 21.884985
18826.033203 33.286354
6813.360352 36.134731
2049.122803 28.755196
2106.651611 35.366543
1464.304565 44.841721
12638.448242 52.427597
29413.078125 55.058071
3641.868896 18.039795
5424.393555 19.337811
2558.164062 21.858772
4287.240723 27.130077
2129.330078 56.637516
626.007935 62.436905
944.402832 57.469856
1540.334961 44.041622
59487.500000 2.037546
28841.302734 9.948364
1021.791077 24.592169
239.729233 42.190487
1600.848389 15.422297
1855.937012 21.449823
1167.597168 29.392059
3569.615234 34.040073
19786.632812 49.142757
12573.608398 37.428173
7300.460938 24.381365
3141.617188 15.988392
971.632507 44.131390
5309.280273 63.282124
4225.447754 88.285820
5141.369629 108.978241
9658.716797 74.904022
1380.007324 60.659271
2972.530029 45.467110
462.334625 37.998066
5544.598145 67.446198
9638.102539 53.026863
21368.708984 51.002403
5679.853516 63.237186
34379.468750 89.210297
7851.353027 98.975220
2407.806152 98.354172
1065.850464 85.885414
494.562805 47.609619
4143.108398 64.842827
7273.564453 90.922523
14632.002930 114.542061
24845.843750 54.901894
16159.148438 56.325085
4104.533203 49.889080
4050.397949 43.909996
549.009155 60.409988
9386.045898 81.007126
12980.556641 87.352783
21374.314453 82.235161
22699.695312 17.974037
17072.394531 2.348765
12677.884766 8.598158
1931.029663 32.016563
789.310730 33.509819
811.462219 80.889389
808.742981 169.996033
5866.957520 278.749512
62985.847656 102.092392
15732.507812 80.649460
333.828522 52.086788
2229.087646 29.267414
607.585693 47.291443
1006.914246 51.627045
1878.996582 72.500359
8645.839844 100.331062
550.116089 82.065590
21312.503906 86.746239
916.399658 76.350105
2631.521240 58.862495
1000.055786 28.214886
902.866516 61.317337
13643.619141 104.526939
3398.847656 145.015778
8029.572754 48.079037
4370.684570 30.473145
2128.925537 15.991403
3726.700195 13.088204
1671.799805 68.259491
1278.134766 169.234207
2779.710693 295.833771
4115.050781 396.637238
378.195587 212.072510
3053.515625 138.612976
1982.365845 63.796783
2178.701904 31.161491
3507.479248 20.336470
3722.456299 13.435887
1330.639771 31.089409
19689.912109 66.168869
95970.398438 85.271942
24449.988281 89.348953
19082.593750 73.875664
3281.310791 45.648300
7589.226074 1.847795
13651.240234 0.664019
11441.256836 1.981182
82589.484375 3.842211
50559.125000 44.830376
14309.708008 31.911770
7672.622070 18.199312
6360.981934 7.537169
6197.518555 12.587845
1957.441162 17.572269
984.628052 16.793074
35290.925781 11.349809
34989.019531 16.517094
22071.312500 4.612326
18907.003906 0.963841
6092.291504 5.146172
3806.963623 21.420681
3780.454834 49.230507
2239.330811 74.810265
5513.031250 87.996140
41342.507812 43.994003
91086.281250 19.659256
24172.324219 3.252379
6720.719238 3.540717
646.728271 26.970343
370.308929 52.431057
15081.668945 79.595108
9778.334961 97.367554
5416.925781 90.201744
1510.781616 54.379101
17408.164062 25.793476
2233.786377 15.756168
1768.746582 121.958427
5455.673340 201.048492
1870.860352 279.634979
1278.397827 318.836334
24279.794922 251.849121
2429.613525 173.073090
366.651825 104.392212
1320.131714 83.179932
3657.576172 62.983177
1309.321045 53.514107
13117.718750 80.658875
9859.058594 133.698654
5846.520996 213.946289
7627.636230 195.834137
103.386665 154.581573
1398.164062 103.055260
313.317444 74.250214
2969.337646 84.511475
2741.581055 116.590660
14396.763672 158.760712
36296.511719 200.443024
5282.736328 165.597916
2128.641846 124.248299
2526.829102 89.532539
614.937500 95.125504
965.583130 62.358250
5791.254883 55.954971
1714.401001 86.991631
1081.216431 96.139595
3834.510254 127.605148
161.988312 142.909363
383.067993 129.621140
207.894409 20.558104
2158.997803 24.737450
12545.320312 19.021618
4994.434570 8.517380
33633.859375 22.664240
1393.373047 3.794058
3364.708496 0.642005
4766.258301 9.451380
1623.174072 16.024963
4107.734863 26.775110
11085.491211 44.397690
6198.496094 64.274666
29907.167969 38.246136
20074.349609 28.419468
2032.152954 19.212059
486.865295 13.960827
578.415466 133.937042
644.085388 138.323517
2796.369873 152.019836
7001.964355 165.087097
16595.839844 173.634216
863.709534 172.622314
6998.037109 158.920212
1637.829590 142.467758
871.755005 159.998810
5026.512695 212.791687
21751.513672 309.290955
7424.540527 417.950500
6091.134277 141.952881
4420.263672 168.321671
6481.680664 166.164673
2911.094238 152.665070
227.407837 10.650520
1002.008301 34.978512
6304.895020 69.449188
20147.339844 105.213326
30411.832031 67.779343
1872.924194 37.022717
12131.693359 12.958214
3331.055176 2.850819
561.577698 39.115181
1471.989014 28.003677
9334.165039 28.300304
12208.806641 45.365349
5861.552246 14.343152
30270.027344 34.777412
4710.859375 49.093487
751.938782 49.706417
2588.925781 35.310772
3499.198242 31.519846
2914.946289 23.402586
6631.037109 14.672897
15743.056641 4.994797
6915.738281 13.868917
2432.097168 24.470009
3818.822021 32.706036
1223.956421 11.763393
446.571991 21.347223
10337.195312 38.801533
48832.941406 62.915691
23941.886719 0.158902
1653.066284 1.446386
1095.549194 4.491752
3601.586670 7.384728
4875.342285 15.726725
1058.381592 2.333604
9678.464844 3.046446
25139.382812 22.851360
156883.062500 18.106585
13374.230469 31.270134
13057.761719 37.682793
6172.517578 31.273653
5287.667969 12.993282
5248.554688 29.154650
3512.926758 51.844849
770.501587 71.368065
16626.134766 41.035316
6870.681152 30.761293
6115.683594 17.435513
6350.431152 9.328176
689.389832 7.786171
330.268127 5.887827
2176.736084 2.734846
14547.834961 0.482552
2641.464600 1.229181
13786.724609 1.984099
6546.356445 4.678562
1220.967285 7.227054
3671.692871 39.925720
6470.044434 44.939800
21900.558594 44.050751
36.632240 37.221474
22170.269531 8.397494
3782.822266 13.536015
392.195221 21.441719
1569.314209 31.083496
2056.113281 0.782120
5284.125977 6.882174
9632.286133 23.068960
31617.757812 43.485935
14987.305664 19.439514
1202.149536 19.791391
1713.049805 13.441229
2384.436523 4.748049
581.282104 1.023111
1018.469727 0.288147
14547.820312 4.179316
52732.343750 10.793697
29250.869141 12.225692
37294.843750 13.724497
2572.004395 10.926622
2085.645508 5.568542
197.779007 25.310080
578.574463 69.905762
7233.435059 119.875160
13556.136719 150.280533
20970.146484 105.565796
32902.425781 66.010017
2961.486084 25.753349
1963.386475 8.254904
2397.510498 6.878698
1326.609009 10.075710
8517.747070 9.293061
13224.146484 5.428999
48670.421875 16.162884
9224.147461 5.133209
26574.082031 0.515201
847.037842 2.232820
15173.087891 47.904781
8772.872070 83.118530
21645.226562 112.263824
21301.404297 120.859009
14772.703125 89.560272
13648.728516 53.778709
21958.910156 27.700066
1716.463989 25.339106
430.697388 51.046211
2884.805176 71.838898
7623.017578 109.930756
32551.414062 151.795074
7351.583984 94.033768
11933.215820 84.475449
8900.433594 66.854446
1881.154297 51.581036
121.788147 19.865261
189.117798 18.998028
16473.587891 20.882431
21501.980469 30.162746
47042.804688 30.162746
21501.980469 20.882431
16473.587891 18.998028
189.117798 19.865261
1851.246948 16.182621
915.963318 24.949776
1833.137329 33.393173
20019.996094 37.278229
284227.125000 13.311028
6903.532715 11.797068
6894.718262 9.866307
10855.352539 10.761834
5857.021484 5.528379
4063.121338 4.576388
10675.365234 2.777015
24230.015625 0.891733
33423.890625 15.053918
10460.990234 10.254682
1419.042236 7.256948
2104.054932 6.029553
6764.958984 0.083387
6077.590820 0.870597
5741.872070 4.365717
5454.933594 12.281190
35026.585938 25.424610
51089.796875 12.452090
1106.393555 4.710855
9700.925781 1.134891
73.869484 15.353677
401.523224 17.147106
532.873535 34.724342
1073.463135 62.939011
22767.199219 64.295746
23457.574219 58.134754
4154.931641 44.173359
2678.196777 27.007469
630.111633 7.379708
4371.567383 12.695509
506.477905 17.023479
5750.530762 24.513372
3440.008545 38.371750
42170.734375 12.294773
12658.203125 1.109385
1521.990112 1.709805
2728.009033 39.057747
593.029907 66.003120
1741.272949 111.014099
3934.839844 156.748260
117.310951 101.680962
11300.637695 83.554375
3485.329102 57.486343
598.727783 37.935402
3435.212891 2.067264
4177.966797 13.324352
3171.696777 47.638657
10925.988281 99.608536
5408.206055 88.524506
2509.303711 60.649273
2899.009766 33.476837
66.441422 11.321591
5344.781738 44.454208
5138.211426 97.796730
20564.839844 166.503494
38514.734375 227.868347
28963.363281 121.978226
26316.906250 76.543053
7059.674805 37.589371
147.870361 23.293615
1604.734131 78.311966
7752.291992 154.542145
6296.829102 262.848450
16495.943359 359.772430
334.914490 294.359711
3836.700195 206.733810
6410.230469 116.709854
11.320383 64.962845
184.402390 122.465851
417.925049 159.210495
3745.644043 241.690750
20539.369141 335.070190
65535.070312 282.102570
5759.958984 254.592834
22066.644531 197.393478
2985.868164 141.491974
8545.472656 48.705822
6440.323730 81.947479
19306.027344 158.465408
12089.494141 254.524521
3811.299316 288.609406
2320.019531 211.206818
201.735855 129.382843
2070.338867 67.680412
150.885849 115.111328
776.386902 132.745468
15716.781250 200.674011
4868.914062 285.213013
28244.005859 340.509644
6715.105469 305.324615
3888.626465 232.215668
1232.540527 155.655380
4329.636230 169.326416
3829.961426 130.791611
2435.966553 105.740936
6700.065430 104.110878
25799.916016 133.456619
723.678467 181.510483
2715.747070 207.445160
6168.544434 201.189636
5725.731445 8.687718
415.775604 1.120207
5374.951660 2.215566
14605.488281 18.722157
6447.534180 8.026505
6725.707031 10.565778
625.349304 15.607006
1113.658203 15.467586
893.116943 23.766832
1820.310547 57.200768
2658.241455 115.874802
7771.535645 175.084534
1135.761230 114.511635
9432.306641 92.945366
10716.483398 56.414757
1217.162964 26.253092
128.621704 4.370443
91.046707 1.970515
2563.679688 1.920639
5504.529297 6.848968
31904.794922 5.656689
39206.718750 4.825490
5130.792480 5.913927
9244.451172 6.135736
1872.201416 46.745655
3319.585938 83.317673
900.923218 115.408836
1142.886475 131.352859
22279.410156 15.540250
42.534378 6.403447
4121.377930 4.947083
2354.120605 18.173580
2171.621338 59.658337
1174.891602 91.660965
5043.878906 133.629974
9399.990234 166.704437
7772.325684 86.160484
17011.107422 76.203178
410.409363 58.840904
1592.961548 49.188442
103.191406 14.566308
772.298401 5.182297
907.137024 0.182444
713.310913 2.123384
48.916584 12.563347
61695.476562 21.751501
2532.600586 26.098539
1379.723145 23.147205
2752.537598 15.678835
585.688538 21.516697
4555.505859 33.268440
5342.977539 50.444633
54178.148438 1.624160
2920.628174 5.678596
1022.780884 10.138156
496.123749 13.024240
1790.947388 50.125782
2296.198730 67.940201
2545.937012 83.879211
469.728638 92.569221
16105.373047 70.650223
242.598022 50.400017
4877.014648 37.951668
220.968353 38.147385
3313.646484 101.378525
1223.049561 134.792664
585.854431 184.521561
5226.103516 231.988678
38489.578125 99.851593
11186.038086 103.689774
3592.793701 96.732460
3351.460938 91.044724
429.245544 81.717278
1037.606812 83.628899
4391.831543 82.933411
5985.756836 75.574814
20579.951172 85.637115
8101.069336 86.816368
2381.109863 83.846664
1973.428345 81.342072
5360.084961 204.682388
963.736877 269.706665
14547.269531 344.278503
3521.744629 393.810455
9878.491211 229.302185
17373.361328 209.870331
19198.722656 182.483246
1786.220947 174.544922
3535.255371 113.849640
1118.463867 138.000443
17663.175781 205.700607
16732.001953 297.840668
21806.017578 195.999817
22682.996094 189.448425
533.895325 162.982346
2356.071777 129.433487
156.214828 47.222225
8264.319336 71.606522
3329.286133 120.244919
25530.289062 172.766510
159122.203125 163.806900
28272.310547 133.201660
3893.063232 90.774445
2509.974121 55.950539
2794.489990 48.899231
3814.457520 36.559872
6432.262207 47.577156
10043.395508 75.137878
30825.281250 104.531326
21771.478516 117.188240
2475.267090 105.928329
1442.743164 77.601776
7000.484863 38.774826
1685.690552 41.836998
4573.557617 33.881866
423.167969 19.896381
73331.710938 2.271556
7715.148438 0.870247
21.378899 10.538301
5398.427734 26.027990
123.769485 17.192944
172.766495 46.942928
6843.159668 89.854774
14564.205078 126.921532
5023.202148 53.936134
921.807556 43.931961
1393.513428 24.415766
658.101257 10.832727
3207.481934 31.569513
10529.911133 38.034389
14685.987305 36.301006
20615.033203 26.880039
7782.800781 11.299545
10566.858398 7.883620
5887.695312 11.268658
45.721256 20.692509
687.468628 86.414825
1287.553223 85.773659
6368.299316 76.477821
13086.536133 55.811817
6230.449219 122.839684
8105.190430 107.105927
2404.495117 92.842339
293.631561 86.351158
6611.060547 144.810760
6819.664551 140.073135
884.143799 150.235596
5026.979980 171.276566
44487.570312 116.716217
18336.343750 148.555969
10477.614258 161.746246
10349.860352 156.753433
1018.938110 145.692917
1523.023193 141.251984
13996.903320 112.657043
5638.662109 73.136559
16407.689453 9.142796
4693.037109 38.697784
607.488342 81.755302
263.751678 122.885086
2643.233398 49.696854
5514.112793 100.922150
1274.379883 155.475357
1395.072632 192.392059
76672.179688 57.160942
3735.072266 34.823830
2040.835449 17.232843
2440.422852 19.725159
8318.724609 50.119373
1479.385498 37.033604
1730.646118 19.811710
421.852051 7.563286
55668.863281 14.411958
38493.378906 27.042797
7981.386719 42.594048
1729.924316 52.210453
3876.207520 50.202404
2214.734375 27.753315
461.954620 31.298672
10735.552734 68.660294
45760.046875 85.100594
24975.839844 95.926010
1935.596313 96.858856
6276.650391 79.395493
1079.436768 18.602417
4517.363281 19.477789
6824.558594 13.589191
13021.175781 9.004646
75625.515625 28.132357
14715.593750 6.637418
9370.127930 2.984879
3578.913818 10.559269
196.459671 120.675270
1973.608643 165.305130
1224.900879 217.849411
13117.958984 252.616425
9550.648438 176.467529
39160.230469 150.091995
1576.536011 118.393875
540.156067 103.891083
843.552612 137.299484
642.832886 160.868240
3970.033691 210.199585
8586.042969 270.032623
1153.884399 168.235062
5741.112793 168.463531
11065.936523 155.771027
2671.016113 139.840668
113.583618 111.172485
2358.410645 75.298195
3447.245605 79.386147
30103.126953 125.167252
3741.673828 144.905716
14821.784180 187.739090
5058.147461 194.551697
908.013550 161.953064
5.821139 51.320396
3970.327881 50.928272
3706.377197 41.171955
24480.660156 33.919952
11611.324219 20.419231
13868.489258 10.368313
8067.280273 20.446087
6511.505859 38.735073
118.240150 318.512024
3495.936035 454.178223
15943.426758 602.195801
47869.964844 685.569214
5729.514648 397.836182
7255.815918 348.484711
12389.021484 279.650940
3475.792480 256.275421
1291.771240 269.635559
4020.952637 270.781525
1975.680908 272.412659
10830.384766 270.981842
130247.835938 144.719727
4002.567627 203.501968
29003.728516 244.236191
897.082153 264.019836
3223.388672 105.891129
331.885773 122.978989
4371.882324 159.311386
15697.750000 203.178696
13988.591797 149.044312
8783.447266 141.554184
2045.181885 125.502632
7683.232910 109.511780
5532.025391 56.341068
2105.014648 34.735992
11853.695312 26.358559
23376.740234 36.034981
4252.045898 86.734634
30057.195312 96.136116
588.436340 95.063614
207.371613 80.129623
3394.377686 5.106138
4039.359131 14.180227
14233.369141 30.929218
7809.821289 47.504204
26311.855469 39.984741
13125.401367 31.943691
4059.097656 18.636909
1704.977539 7.389255
619.905701 11.479213
1638.964478 19.883781
2065.877441 26.129448
890.994385 27.613655
17972.837891 6.150236
14529.085938 2.493639
10466.503906 1.308809
41.587929 4.427846
213.235382 1.342556
1391.891113 2.422987
2410.971436 8.951082
3578.156494 22.651978
9998.420898 0.811755
14200.017578 0.269422
4332.358887 1.651002
1161.666748 2.027178
2303.274902 102.699829
3376.695801 127.299988
5175.835938 144.222198
9292.045898 145.228058
7873.161133 63.282608
13574.059570 63.114197
1661.977783 67.153687
251.688431 80.448181
2395.628662 154.398483
4969.646484 140.767410
18426.683594 128.872589
4867.497070 119.600037
15055.751953 97.489983
3767.700684 136.071091
1542.195801 158.844315
361.068024 163.267517
538.317505 81.598114
45.519516 154.421875
713.954590 245.863434
6223.961426 321.769592
13558.623047 106.849274
4435.624512 83.373322
14758.662109 55.929428
4961.825195 48.927803
2575.570557 1.966571
10338.667969 1.738901
24463.970703 12.910480
23115.398438 28.936108
64923.640625 65.893204
5677.695312 55.083332
11381.919922 35.462585
4530.609375 14.862481
2344.488525 13.253995
5361.653809 12.944870
7015.966797 14.600098
9812.205078 18.763380
8095.744141 25.217230
8318.476562 20.608824
2662.768555 17.234615
5160.485352 14.812584
1873.818970 123.793381
840.278625 153.810760
10191.015625 195.190689
26771.277344 233.789124
4650.578613 83.210129
6189.247070 97.819946
13167.678711 104.236946
2406.263428 109.328636
124.143890 46.453163
3811.803711 57.950195
4647.111328 76.170288
10110.154297 97.906288
20463.445312 17.618292
33563.937500 26.848022
1613.351929 34.579109
885.689392 40.067886
1158.485107 59.828587
4904.483398 87.425980
2993.221191 109.223724
4429.085449 115.231842
7884.924316 38.556694
1361.570312 31.173458
3825.645264 28.601568
252.766968 37.904072
1182.722534 223.603729
1028.375488 275.220673
1609.262207 294.887787
14152.710938 266.716370
21496.195312 163.851791
1923.273193 142.445938
6419.590820 139.999771
4101.675781 169.780121
2414.986084 170.746719
849.932556 175.258682
4420.461914 204.131973
13690.314453 228.707901
18172.230469 339.864594
4603.164551 320.402740
4715.070312 264.217926
732.892456 204.126709
1121.586060 303.934998
963.416626 399.108063
1272.923828 525.889893
3105.815918 636.737549
6787.115234 340.751282
14886.614258 317.066528
1577.929810 281.107483
2225.144531 266.590485
354.738190 308.334961
1647.518555 302.128204
5360.847656 343.615631
2027.517944 429.634827
2613.333496 292.730225
39270.734375 337.803650
898.892029 354.626740
5351.021973 337.485077
1482.669922 19.130487
830.739624 31.015621
4708.525879 98.653183
8598.384766 206.305328
40557.468750 152.849350
1703.080688 138.410095
2692.967529 101.087662
1078.015869 52.004780
2482.396729 2.203073
531.298096 8.298136
42.671692 23.272449
9138.117188 45.880547
23001.007812 19.984112
19771.003906 12.818759
8760.693359 7.194453
102.491081 2.933200
4283.892090 16.216763
9140.025391 15.951153
13273.682617 18.107983
9929.203125 20.767338
2096.462402 20.629364
3931.487793 23.365669
2350.940430 22.212837
811.631104 18.937927
132.344574 22.485115
2791.176025 31.099468
5328.586426 48.588867
9660.987305 67.429459
477.027374 51.568188
22674.037109 46.688759
427.314636 35.734722
178.751831 25.234980
1273.004883 47.293251
13420.097656 56.213200
6079.678711 66.907677
4389.819336 75.412720
7697.221680 43.943909
12453.734375 43.233154
16234.087891 41.930370
721.666992 42.569695
1067.182495 4.779304
239.790756 3.050406
5223.280273 24.096180
11699.696289 62.117805
12675.843750 46.263771
11101.781250 51.991444
342.613098 42.828545
3663.663818 22.764868
1355.442261 5.612450
2697.762695 13.542859
3202.751465 27.350895
6435.038086 40.801193
22580.070312 24.099684
13979.699219 20.827848
1105.270264 13.089255
1847.539062 6.195278
70.775368 44.951027
1585.048462 54.130199
1917.001953 51.930836
4115.649414 38.292160
7721.630859 36.488152
28924.927734 24.207777
2086.532227 22.210749
1507.475098 31.196674
2604.563477 19.016834
562.681458 7.167593
631.377747 1.750652
4947.504395 7.153103
25856.791016 11.880178
21013.355469 24.168758
3403.156006 31.562149
3397.727539 29.372360
39.149410 90.027893
1806.495117 135.933868
273.333130 179.154877
11256.565430 202.120605
48221.304688 59.558876
347.477295 50.556068
6524.560547 46.048237
1133.274048 57.711945
2927.858154 132.564026
569.912659 115.923859
1387.654297 81.184830
4693.780762 42.768368
16324.894531 27.872974
20355.005859 57.968937
8303.571289 94.996696
1597.901367 124.186333
12545.691406 220.728455
11022.626953 253.336716
30926.892578 277.675812
33597.324219 277.042755
4783.958008 221.212936
10491.355469 208.259583
2020.314697 195.659454
3218.008545 198.328415
1470.942749 368.726562
5091.224121 441.299438
676.506531 560.553345
110.454384 668.124268
40293.058594 445.949188
3703.738770 453.918030
3862.917236 411.837524
3900.478027 366.322754
4230.512207 295.310669
3370.287598 279.557770
30452.376953 269.631866
650.009277 270.392120
17146.347656 141.062698
8561.874023 220.151367
36716.097656 277.261719
273.339874 300.351166
3203.005859 55.977470
4265.231934 55.130749
5944.555176 49.888325
33386.976562 45.658119
33569.511719 17.680288
6703.311523 24.228956
2865.702881 36.993134
3278.109863 49.419750
973.538879 3.490417
426.367249 0.503945
1667.621094 3.966117
26907.580078 11.397370
20239.228516 23.109076
40039.433594 25.253017
2063.929199 20.536003
1666.751953 11.628621
323.136414 148.076233
1564.634888 218.763855
3685.545898 273.404510
13875.389648 285.724243
16872.861328 155.607208
49693.015625 110.212387
742.739380 82.677292
2688.361328 95.149277
207.971008 106.690582
558.947876 112.434036
9641.060547 149.411240
813.962524 206.854187
12709.098633 109.798004
4336.502441 136.857162
4726.851074 139.703735
74.610054 123.042984
1176.597290 2.076057
2426.406006 9.036134
6724.972656 17.298517
3101.869873 25.671680
30090.818359 55.901375
3282.750000 27.853094
1546.762329 8.380164
9699.765625 0.380800
4860.256348 68.483665
11018.103516 63.722519
2647.284668 62.693188
2449.319336 60.891266
9064.379883 95.758041
18048.626953 98.090591
1635.458740 90.360237
3010.290039 78.405060
1568.773438 56.061989
3917.208496 62.339455
5484.587891 84.486595
10914.681641 117.067665
7735.618652 44.626167
17293.818359 60.432732
5466.640137 65.372696
358.089203 60.757969
234.310074 63.870316
1475.986206 110.322571
2846.978027 141.766113
786.522522 145.664185
21835.083984 57.002228
44353.492188 22.375183
7795.937012 7.930369
1806.182739 23.616619
2774.353760 5.967100
4502.999512 25.834854
4264.543945 66.907265
367.065247 126.872772
26865.386719 36.832001
29802.496094 18.130091
1558.269043 7.335035
5492.045410 2.148920
8387.873047 102.417969
3890.872070 126.050812
16624.445312 146.620255
28478.537109 150.293106
24973.992188 98.844147
2021.096313 95.512596
2193.362305 88.070663
3334.355957 88.353058
3804.272217 21.552168
2222.558350 24.901947
85.084740 49.078373
9039.982422 83.441765
53558.062500 91.293388
38058.402344 85.922188
17050.603516 64.958153
2541.158691 38.551903
364.321777 0.365809
2091.923340 0.455029
539.229736 4.291327
311.990601 14.927765
3749.474121 58.753487
9143.084961 30.671700
14529.134766 12.572359
150.427856 3.573814
803.939575 64.127457
1751.591431 139.098251
6930.880859 230.978226
6208.336914 309.690735
5987.657227 199.160767
6030.954590 118.486458
1293.928101 54.324924
620.692627 32.532940
833.875671 110.814163
1773.185669 123.073792
9997.573242 186.448776
6656.478516 275.418457
35645.062500 320.076233
5960.176758 285.207581
1112.193970 220.206589
2172.188721 150.841400
281.787292 135.343597
136.539886 169.143036
3100.652100 245.889709
7932.140137 332.886932
61150.746094 266.989227
16234.148438 249.788574
3955.854980 202.311646
2976.435791 152.799271
20495.669922 68.799667
7075.094727 58.371643
38715.871094 71.726593
26989.109375 109.786461
9082.221680 96.729973
19581.705078 107.511963
443.489807 106.243980
4575.013672 90.163849
1111.185303 5.884447
2204.114990 0.057601
17956.250000 4.978380
24812.978516 19.799839
8674.871094 39.665852
504.611938 38.514702
4449.608398 31.003569
470.084290 18.373758
336.230316 20.387926
1383.319336 31.933729
983.444214 43.157494
5893.952148 49.731354
51427.917969 29.200512
29089.601562 19.848984
18781.123047 13.340529
844.707642 13.285130
34.792538 46.832981
491.982727 100.538727
6054.466309 170.542084
16387.138672 231.659622
541.413696 69.242043
4002.870605 51.725677
261.758545 30.800655
517.067871 24.178608
1629.545776 29.101233
2992.875000 47.585892
1982.348511 77.785339
4606.666992 105.778877
680.052490 89.079170
12547.113281 72.054581
1104.052490 48.066063
341.232422 30.088816
2451.234131 75.686180
781.034790 74.424782
4522.580078 66.629784
28453.560547 51.178970
18997.056641 73.427452
855.515259 73.813728
7514.958984 73.253120
2764.944580 74.139832
3850.658203 70.793381
2022.534302 62.384949
272.193329 62.873001
11459.413086 73.515671
11365.155273 58.162544
6565.166016 75.506187
3498.098877 83.943115
619.452942 80.856354
1923.385986 17.449499
5148.527344 17.819792
9488.192383 18.325466
5719.750977 22.045416
76945.781250 10.871256
23707.126953 8.587470
5202.568848 11.177543
5599.089355 15.091300
83.061562 25.246813
2973.645752 47.070534
4830.911133 74.886299
13207.657227 100.310104
3303.952393 40.497265
6548.891602 27.463638
7653.104492 17.063276
932.723206 15.028854
2888.949219 74.475357
3603.034668 99.073891
10531.007812 139.313309
26012.541016 178.273346
26519.277344 105.348473
763.482910 101.426895
1635.332886 86.000069
985.808960 72.210777
778.429321 76.377457
5391.269531 59.764835
8833.813477 41.266670
6883.550781 27.741913
42969.312500 33.525257
7490.659668 57.750355
842.569458 76.701340
73.697510 83.450287
297255.250000 297255.250000
297255.250000 297255.250000
0.000000 0.000000
0.000000 0.000000
0.000000 0.000000
0.000000 0.000000
0.000000 0.000000
0.000000 0.000000
