91.577606 310.843811
6890.127930 504.461090
908.458984 680.677612
9834.711914 788.720093
6848.112305 16.901451
7705.871094 10.685234
1391.896240 48.769638
2401.220215 149.302719
1323.265015 168.972961
1795.845093 423.161926
32.428894 804.941528
10410.925781 1249.413086
8290.948242 124.652710
1011.880554 50.282654
1561.746704 20.615829
631.867432 46.945095
484.301819 126.475189
185.033844 289.609741
6639.963867 542.855347
2383.953613 848.774963
9906.472656 50.765270
8430.257812 21.554754
1326.348755 20.667156
938.287659 47.120628
2553.162842 287.809387
784.326843 559.799072
4241.713379 991.811951
7822.435547 1522.669678
224.075623 25.796751
1359.641357 39.524963
3460.981201 85.462563
801.843994 152.024170
777.036804 41.604004
1045.991455 92.405190
1477.277954 250.316360
694.483704 576.994629
4969.938965 175.492859
3690.560059 27.756746
350.691803 3.947463
123.147461 21.992222
2081.185059 11.677882
951.538086 23.710009
1677.405273 27.135248
10237.378906 22.909067
354.657379 126.330521
3125.148926 57.644421
604.233398 14.860117
1400.458130 3.014229
3829.748047 91.327286
181.082733 130.206940
2498.941650 156.549652
16174.054688 162.140610
7334.822754 2.630419
245.222961 6.055509
4291.153320 21.841928
513.969299 51.790688
609.474854 152.044357
6019.015137 321.107483
10942.422852 546.993347
5934.759766 760.936279
6596.745117 45.789024
52.528046 53.939560
5815.144531 49.559662
830.678589 67.692978
910.641235 7.260436
366.823639 56.588699
6150.804199 200.210602
1230.745850 460.773132
2000.817627 70.932915
4525.565430 9.082795
1523.123535 0.151556
517.560608 0.986767
180.835220 0.678380
1646.734619 13.261648
2427.969971 61.161621
4069.743164 158.724014
294.070984 39.366524
8882.152344 6.772197
3139.537842 0.851831
113.678757 0.868742
321.252930 168.702591
940.465820 297.266785
1469.684448 422.920441
6179.728027 499.230621
2025.830566 58.005901
5.137543 42.036762
1634.876465 39.274826
6.697253 77.443916
2988.523926 34.763691
847.376221 157.476379
93.404831 387.075470
4169.321777 678.756775
10240.462891 17.932327
468.318054 26.636421
722.639526 18.807077
170.893204 5.485836
1382.191406 212.653687
909.133545 379.409058
1293.324951 582.209290
11755.500977 771.463257
3118.746582 148.041306
3829.725342 98.835938
2115.539062 79.513046
1193.600220 111.731140
853.289185 322.719543
2598.040527 643.347229
3017.311523 1147.922974
648.191040 1740.083984
6979.041504 16.992666
1605.891846 67.152924
2025.723267 115.530518
1782.283936 174.306137
1274.461548 27.454071
214.669861 99.576439
702.084900 319.950439
552.779663 760.631165
14448.421875 258.596466
1597.629150 53.156921
876.701233 2.526882
1467.334717 8.809361
2113.014404 55.164539
901.412720 100.671104
14432.708008 187.341980
7749.792480 318.679016
1554.184082 190.580688
8610.939453 101.740166
951.939819 55.233326
2350.630127 41.443737
1323.515015 26.313871
186.122330 68.478348
3780.062988 151.239838
10363.726562 276.336731
4700.092285 30.827686
10137.368164 4.693159
5554.985840 2.054144
1979.409058 8.974207
3632.946289 106.866791
3684.054688 188.526169
3419.994629 299.293335
5219.371094 419.395172
17775.585938 0.056604
7845.191406 7.929137
1280.466431 26.641022
2609.123047 56.253357
943.949707 20.026104
2629.916260 43.024246
552.248108 80.448738
4807.244629 140.591629
4230.541016 66.364792
3628.385254 17.242313
159.737930 0.647891
2223.390869 5.118304
905.813721 4.573045
2393.752930 5.677976
525.698425 7.457510
1227.614990 9.741504
6962.577148 6.299917
162.559555 5.036556
1654.756592 4.314349
414.343842 4.142475
358.377441 23.370998
3246.658691 28.849525
8513.016602 39.134010
11822.958008 62.073841
17965.845703 12.498781
1690.658936 1.865270
1928.744629 6.381091
3528.640625 15.943651
6115.653320 92.324875
2011.897949 142.370026
5411.543457 181.826431
5315.611328 189.241150
5093.534180 86.768143
8014.726074 64.251892
2136.093506 48.108074
1604.440430 56.240604
152.217758 42.399040
2502.189941 89.663979
2011.440430 160.677673
517.538940 239.442841
733.683472 25.035442
7.125212 21.331089
773.198792 18.248829
349.749969 21.444029
968.521912 46.394550
5630.799316 35.453663
10232.781250 15.555214
5995.191406 6.111675
6778.948730 141.680878
1591.178711 76.415131
1203.353149 48.467411
2791.724609 45.709400
17.752012 114.851151
1763.585938 192.272217
51.311584 306.762939
151.405823 435.801056
13194.163086 8.225240
17191.871094 29.255924
190.454315 50.303959
539.336304 73.257034
4815.358887 16.972498
4129.169434 40.309170
1948.725220 113.414642
3284.689697 246.426666
6344.729980 61.858574
1652.324097 30.002937
980.368286 21.937027
3529.031738 17.621401
1392.165161 10.412803
1361.793945 10.622824
3083.451172 14.486243
3474.863037 23.161327
3395.664795 37.468987
2435.263916 25.759348
3407.163574 17.717331
2568.760010 12.820837
657.587646 81.680862
400.588745 101.847313
527.637695 116.628235
594.676575 124.638687
5788.194336 6.777411
3670.680908 17.205732
3570.607910 35.668709
3078.908203 58.490173
1476.325806 87.385086
583.940979 176.809418
4838.677246 280.211060
768.285156 366.903503
5211.482422 12.201372
263.846954 6.788049
421.169312 8.064487
356.057465 30.780947
444.778412 63.107582
801.751709 162.565857
1807.108398 335.743378
379.051361 564.659912
4277.233398 13.223418
8285.806641 0.008444
5267.532715 5.612262
134.460175 20.797386
431.462402 12.151685
501.734283 7.282557
296.254517 36.540630
5180.879395 127.125565
6404.181641 100.276581
3153.592285 43.778702
340.017822 27.460722
82.776161 22.152916
397.989563 174.974823
10.896103 335.470917
7349.437500 535.982666
6371.906250 715.267578
16627.554688 38.677128
2571.680420 47.611168
1899.172607 52.730202
2373.503662 83.971268
121.021248 29.890675
8750.444336 111.884750
5125.489746 278.126556
7999.058594 517.713562
4476.808594 40.436657
1756.645264 14.205240
1200.333740 7.489565
3963.008545 6.905807
1050.966553 14.800434
3638.625732 54.767582
9084.385742 142.416504
14091.894531 277.271545
1757.875488 69.044556
3956.944336 31.112370
2374.415283 13.751288
1402.969727 6.736264
1043.317261 38.733925
1431.891113 74.342720
2143.569336 124.876160
554.257202 184.374451
1411.682617 23.750834
54.426697 10.571482
1674.375488 9.148823
124.290588 17.965933
1363.263428 103.282448
573.332397 240.925461
3180.754150 456.083984
1093.318726 696.165222
20373.921875 27.528172
1653.899414 41.770370
287.921936 42.093739
770.791382 48.286118
4408.378418 15.200170
445.106812 69.922989
2545.034180 192.014374
125.273018 382.212677
7303.258301 32.445412
15636.718750 4.227439
95.574318 0.053155
4965.140137 1.232562
590.442505 27.758270
553.435242 65.979530
2299.187988 132.787292
768.599365 222.117401
230.265244 43.176952
1777.606445 21.922548
2736.854004 12.784444
1257.946899 13.047190
965.516846 20.000519
251.328629 57.843048
1458.396851 135.503113
2857.704590 247.435440
4566.393555 27.057255
6359.658691 15.331629
819.910522 11.635110
153.895615 10.252634
496.761780 25.488800
333.224731 55.685310
272.150787 111.085243
1592.516602 189.691055
1892.187500 57.113003
3375.391113 28.989481
8130.702148 16.325329
4887.666504 14.612082
765.506531 1.253503
2125.519043 3.552419
2200.764648 25.115503
5890.953125 73.743164
3851.394043 5.987286
3857.126953 0.139150
706.941956 3.466053
300.546051 4.378324
590.218750 55.624126
1359.328735 83.944420
772.137451 104.550728
4769.780762 107.552879
1055.200439 46.422974
567.721436 31.813587
2163.733643 24.647728
523.963501 32.769318
128.779846 30.775869
149.539047 72.475922
10406.595703 145.327866
8867.862305 239.502762
12953.320312 1.500902
610.989197 3.309388
1336.955322 8.138313
97.761276 13.990486
1309.776123 49.593746
2498.741211 93.297882
874.726868 169.431564
3654.756836 276.020508
17678.402344 81.001404
23498.156250 42.810532
8876.901367 28.487865
2926.964355 30.597477
1852.090942 89.672333
951.160645 175.281555
11121.061523 307.824158
661.027344 478.592438
10177.170898 19.834784
7938.165039 0.224073
5932.419922 11.334808
3724.314697 40.004826
1146.184082 19.107445
2842.900146 45.020599
1932.800049 88.209702
3272.164795 147.075165
966.631104 27.690525
12426.035156 8.972396
223.462952 3.312512
1121.267822 6.596941
2291.200439 1.781773
4569.877930 3.208776
3534.922363 8.416678
10813.299805 19.433771
9263.083984 24.237179
10407.398438 11.952579
1815.612427 5.297164
2490.551758 2.462999
3910.447510 25.285143
581.771057 43.105171
12135.356445 68.126938
12034.806641 97.305374
8982.907227 26.271383
4583.162109 15.945310
657.888977 12.349208
2057.662842 15.266296
683.644043 42.423923
1821.377808 77.763344
634.230713 138.169785
7275.666016 226.706116
2283.071777 36.079723
315.990540 11.010639
219.381042 10.414124
2183.812256 22.121778
10.550745 36.862278
3843.295410 65.293304
154.097488 106.008949
5237.454590 153.355972
998.577881 21.721003
727.865417 14.185073
760.524719 14.049420
644.200989 20.789309
886.053467 59.154411
1090.437500 114.603050
13152.909180 191.676758
11083.505859 274.436829
3241.017090 8.795502
3947.197266 9.512188
7950.118164 14.892922
718.793518 28.323387
2017.141602 9.738580
1315.538818 1.606039
2393.038330 2.591960
3202.615723 19.149370
908.515320 112.560524
8884.867188 71.547661
644.323914 42.446854
79.504318 23.085304
941.802612 134.706787
347.462646 205.314713
11245.453125 262.044464
5895.172852 282.101624
961.006409 24.778587
1622.776855 26.161137
1424.228760 38.632584
3275.594482 74.452126
1473.413330 229.881012
5639.927246 412.697357
9683.116211 635.623596
21857.433594 838.781128
2590.487793 39.765076
3580.752930 46.500809
2427.500488 64.189407
3795.936035 116.078163
576.310059 81.880768
674.576965 116.243279
3296.239258 174.952408
4987.593750 297.632812
1730.981201 120.679474
456.317963 19.387650
2053.738037 9.459447
514.328491 43.843781
632.006531 226.742722
1559.288086 340.748657
7984.882812 415.225433
6068.414551 420.945679
4847.277832 54.739902
2468.124023 33.089703
12034.211914 48.755653
3426.735596 117.241783
115.332794 266.764404
1832.704590 571.558777
2411.784668 933.394714
630.257568 1251.851807
8123.382324 89.326813
7036.726562 35.458618
1267.709106 16.378393
1370.302368 80.325134
800.699402 184.757217
96.521973 392.921082
1410.366699 718.710388
1038.055420 1115.867432
9342.697266 9.359344
923.530090 5.359697
700.648743 31.188293
1557.965454 79.571854
709.314880 58.059311
1328.001953 93.254105
719.933655 187.470444
952.469482 383.706482
5077.669434 94.633873
5147.773438 7.655960
209.137787 6.474570
496.576294 33.927872
202.141571 72.766899
2150.449951 104.664352
6924.701172 94.328552
2670.440430 52.504120
3019.002441 180.906372
6402.561035 59.922215
2516.590332 8.411127
136.890228 25.044012
741.616821 188.591705
4199.272461 379.348114
847.207947 586.130493
3991.798340 736.035583
5519.234375 27.667986
5684.685547 20.257833
451.539551 18.965572
856.357178 65.409950
587.111267 184.693939
1683.794189 384.474457
2122.681641 693.076599
1650.230225 1059.384644
4496.221680 0.881302
6006.192383 11.993958
1875.103760 39.992054
4143.263672 84.746948
478.456604 44.684189
6492.475098 11.808736
181.723236 25.986336
1618.699585 168.978012
3523.527344 178.251892
2195.255859 53.278076
4298.669922 39.980896
2207.140625 56.465271
2375.821777 295.421082
906.966248 530.202454
763.399780 803.096252
17534.937500 1004.450195
22093.371094 266.534973
10978.368164 225.623749
6884.831055 168.947144
382.504089 173.239929
7678.171875 29.345272
795.419067 118.502739
4556.627930 340.407562
3247.100098 701.885803
3667.415283 55.133774
7025.710938 14.284341
2028.865723 14.210535
215.033905 14.314703
272.965607 15.108150
82.657654 7.626744
1666.394043 19.020531
16401.089844 86.706764
14453.597656 118.666039
3840.975586 33.635170
768.069580 11.010115
3679.570557 15.083401
477.627106 134.789444
203.541550 233.080322
4228.751465 376.134613
2600.056885 525.522095
14100.851562 128.118057
1810.192871 113.137062
6567.578613 95.146431
882.314026 93.536194
1631.696045 53.628452
2364.187012 144.048538
6068.826660 362.452759
5840.250977 732.301758
3375.583252 76.681129
9021.557617 6.953992
2648.193604 8.950514
352.485840 25.656082
203.555649 15.391309
6553.126953 31.759924
6411.302246 70.505035
6718.892578 140.518433
1323.663574 115.773743
1478.525391 53.718605
1168.494385 22.686901
1947.905029 12.612616
5.536707 27.424067
378.739136 28.178612
1961.090454 35.789425
1745.635010 51.959137
13427.833984 40.593239
5634.397949 35.281471
2352.067383 32.507072
3909.243652 29.831104
20.856792 28.978292
803.614624 51.757019
1000.034607 82.537521
2269.705322 116.267876
5979.058594 18.663904
3652.816406 11.621683
447.401123 10.421852
938.721375 15.612930
861.125183 106.081726
1939.463135 181.988800
9847.184570 263.872345
965.371216 331.239288
91.459869 7.263342
1413.240967 5.827886
9.300398 18.062916
1369.094727 50.132820
262.638306 216.277863
9566.150391 438.096558
1009.697876 719.421265
21236.791016 981.406311
6936.471191 14.431450
7761.782227 25.904060
2005.633423 39.264748
5172.528320 88.496254
30.495359 128.862457
156.795029 300.754272
289.306183 622.655640
7451.507324 1101.352539
2926.460938 103.929893
7519.305176 7.931773
6978.313477 8.065958
1894.664062 48.519928
543.803711 13.543363
3450.560059 1.194981
2754.269775 10.527353
7888.821777 74.627930
640.845886 125.209549
233.816711 50.137207
2445.579590 25.988539
328.016235 21.931786
999.025940 193.066071
1752.714844 307.367676
1977.730957 412.238831
2224.785645 468.746704
1112.822754 31.783459
3225.490479 37.311840
1422.192505 54.554619
25.778051 103.853798
709.698242 184.088181
951.212769 371.629425
2956.096680 647.103516
2060.531738 945.247925
14145.668945 42.644615
12570.546875 58.654854
8.499300 68.826324
2526.742432 94.934998
82.334152 49.365696
2102.022705 130.876328
4246.211914 289.576630
5004.393555 523.715454
1288.872925 71.663208
331.542786 22.538776
2192.491211 11.868883
206.251404 18.868481
870.023743 33.229080
3744.946045 83.407425
5516.917480 177.966110
297.557861 315.010162
2154.628174 56.532661
2522.769531 21.653217
6027.291504 11.085609
3732.768066 13.937790
1422.879028 152.955505
2032.989746 316.319702
2364.280762 554.577393
5051.093750 814.001892
4103.109375 78.274254
2005.176514 65.330780
1047.920654 58.185493
1275.712769 75.380051
3819.981201 107.817017
801.422424 247.580048
6832.159668 485.405487
8949.660156 798.342712
826.082581 19.760738
5984.535156 2.236543
651.866333 15.193960
187.892090 43.404655
2679.128906 42.625626
2070.500000 47.281212
1320.700562 113.095810
5008.924316 305.228210
25876.179688 124.217438
10835.255859 16.293455
749.529785 11.571410
3197.596680 35.591843
6509.468262 143.825806
1388.050537 235.878601
3316.766846 311.184174
11108.860352 332.433289
2254.321289 193.380737
18420.230469 124.214638
7537.501953 75.618576
3672.984619 80.835594
2117.799316 78.667473
4899.380371 234.428955
5142.506348 500.616516
5431.523438 839.053162
795.171509 15.243698
3621.211670 1.039845
1416.584961 2.297013
404.127380 16.476080
616.972778 40.835968
4092.694336 144.516647
10536.497070 336.525024
119.839302 595.821106
9809.082031 18.112087
59.655472 1.698086
141.190369 0.024427
4749.794922 5.154533
84.558014 57.918957
260.455902 147.009888
228.677689 349.595215
1515.866943 669.030029
5780.273438 92.731354
1808.111450 42.644669
5672.192383 34.788662
2852.026855 36.162628
433.217041 4.944050
3361.579590 14.434515
6200.744141 71.643188
1895.042480 218.223312
10947.550781 135.929245
1021.209473 30.770021
529.510986 1.899588
1137.940552 3.350379
457.466736 3.106927
2465.072266 17.494600
5028.406250 51.459259
1688.494141 109.796043
5595.106445 49.644478
3620.168213 17.856646
2853.258789 3.936059
2603.655762 0.036043
378.285461 180.078690
472.497528 266.246185
10486.447266 355.630981
13803.871094 433.448944
5888.295410 69.028809
6843.927246 51.622189
1719.125610 65.636108
2993.152588 110.113121
5553.782227 439.484344
1477.351685 916.759216
8220.300781 1564.538330
6961.147461 2236.603271
84.823395 15.573766
5206.524414 22.944931
508.319031 61.243145
307.027496 172.237885
925.094666 44.286728
163.850647 118.342506
3776.970215 379.536682
9593.214844 881.365540
741.240540 156.695328
11904.627930 51.650970
145.335236 45.752316
35.875671 46.636936
1447.287842 15.578838
4350.835938 31.961168
3139.461426 50.107109
7422.202148 66.048874
1095.385498 96.826935
610.751160 51.599838
2350.486328 20.378269
1395.838501 9.120665
311.945068 16.945858
6716.889160 1.092610
5424.199219 7.607370
9371.490234 43.927322
13610.736328 23.585175
220.460831 38.295288
3266.125000 46.110718
5246.539062 37.412651
1629.850342 310.461517
1706.245850 510.866486
6580.220703 711.698608
15929.868164 824.404053
2064.590332 205.378052
4346.554199 179.363602
2191.064453 151.310455
3834.685791 183.468445
4452.141602 231.747330
3075.380859 386.063293
9957.906250 628.077759
19862.929688 950.096130
846.841125 78.914322
5106.338379 44.455711
622.002258 75.331200
1139.133789 137.690063
3831.659180 43.214386
4217.657715 66.301910
14626.261719 109.461319
2039.749756 206.667114
12994.821289 132.699036
15303.049805 27.722578
1329.095215 1.953040
1483.797485 18.768414
3988.607910 11.445659
4486.247070 41.082298
2782.148438 81.313568
1476.177979 116.465744
15822.515625 38.358612
3220.912109 26.069681
7213.028320 9.780674
4391.920898 1.520348
5695.672852 86.521126
136.859528 153.610962
11731.420898 243.215088
13345.929688 339.116699
600.752136 33.648281
3456.852295 24.161667
953.281311 27.654301
738.684570 46.169823
42.780457 134.281235
1846.015503 323.542938
2605.796143 609.010010
2058.285889 938.010193
7865.601562 7.469223
13152.931641 0.259721
1102.350098 8.904940
1078.759888 41.301014
2587.916504 5.755069
163.463867 73.365051
2112.062012 256.481567
11586.236328 554.251282
11706.157227 17.442623
4233.088379 7.671912
172.906693 12.605033
883.665894 4.466467
749.316406 145.081741
655.223022 272.383362
616.416016 421.278381
1836.143921 550.637573
2636.484375 53.983421
290.011871 36.321651
1385.997925 33.618160
484.495544 64.745705
724.351196 190.500183
2707.724609 386.728973
1357.855835 714.580139
11534.072266 1116.579224
1552.651001 21.692989
463.245544 52.820084
2411.385010 80.812790
1594.671997 108.971504
1889.653320 42.379715
205.789352 29.261417
17.767815 50.752266
5121.961914 171.153641
164.774033 118.099030
1683.110474 17.798576
5473.426270 13.391492
590.496460 37.975529
477.989380 230.914841
6951.104980 386.143860
574.041260 508.376343
9106.383789 536.430054
8546.017578 153.344772
1565.424194 101.179695
432.111359 71.907501
163.445175 112.558258
1374.349121 189.020081
0.280247 392.262421
6123.251953 680.906738
2148.003418 981.964722
5823.204102 37.055016
5092.544922 51.810196
10979.055664 59.853817
2152.820557 89.006126
914.466858 86.182846
667.819458 178.996414
4536.270508 372.109283
881.628540 678.820251
2934.604980 44.926147
5486.291016 0.908250
3507.579102 15.956820
347.415436 45.082527
342.585815 6.028305
1588.974243 1.253647
3619.023438 3.310812
3663.398193 31.369196
7392.312500 226.083771
3884.330566 109.511223
295.081543 42.107975
902.415283 14.652901
289.020264 42.756702
4100.785156 61.252415
1278.511475 85.022644
4091.397949 106.922821
5527.409668 35.494812
5926.412109 33.372208
2064.833008 31.293863
1513.105347 33.101959
723.026733 75.478584
3904.982422 159.044296
263.744812 284.864441
5450.406738 430.035400
14349.203125 8.890899
13689.592773 9.622760
2339.071045 16.959883
886.254944 33.533947
7991.232422 4.518771
5201.034180 15.431077
571.359253 44.746887
3943.248291 96.025314
3460.562012 66.177277
305.184631 32.760700
603.565308 14.232888
156.864471 5.392352
3132.591309 75.337433
2110.231689 154.263550
5060.630371 259.532959
6236.439453 361.983612
21211.449219 12.315665
429.334106 17.227427
753.413513 20.041624
47.030827 33.465641
337.826294 25.931541
3053.064697 54.190529
344.541382 114.965515
8968.540039 211.340500
1137.181763 8.984805
1499.530029 0.108201
2125.229736 6.437512
3249.076660 14.672666
921.909912 12.681468
1353.492065 12.495028
482.346222 16.274273
10227.624023 35.565773
6322.713867 35.678162
4314.856445 10.047848
4552.144531 5.101738
120.093513 9.470893
160.591278 72.396866
1736.693359 107.793480
2840.999023 163.352570
233.166992 226.699066
1160.637085 24.822893
2409.194824 38.992302
4079.021729 48.623028
683.512512 56.165653
5323.829590 24.221853
2536.857178 12.657085
8678.058594 6.547459
17282.410156 26.823566
3596.393555 37.373589
1229.195068 14.102970
747.214050 16.995506
1142.039429 25.610369
2641.269775 42.524845
5973.992676 92.872383
7343.674805 167.063522
16562.115234 245.801117
355.414612 8.888842
30.181429 14.223505
1862.036743 15.297517
3231.646973 19.949654
61.912086 9.558442
2199.752686 21.827253
556.860413 41.081013
1687.377197 59.557495
8053.022949 59.557495
1687.377197 41.081013
556.860413 21.827253
2199.752686 9.558442
4734.744141 33.198227
1528.492554 47.818932
3021.550781 62.960323
7328.107910 83.339432
44515.496094 18.212791
843.586182 2.254276
756.901489 4.446623
1363.088501 17.433897
4650.916504 20.507526
1550.421875 59.015858
1079.851562 101.948151
4835.916992 131.106796
23705.257812 50.705086
3824.759521 28.154165
2653.234131 6.827707
653.731567 1.634053
3518.491455 49.568329
2198.299072 94.976494
1195.280151 151.180969
207.450806 202.677170
1766.121948 3.467531
4751.485352 6.113538
23.471893 10.224243
3606.761963 22.121763
810.811157 30.907421
3539.791992 83.042953
691.090332 181.906265
10644.298828 319.140076
7092.399414 11.498575
335.912445 4.524607
462.021973 7.183627
249.552917 12.377012
3369.461914 17.978682
2161.809082 40.744591
10589.753906 86.261719
3448.778320 161.828766
471.779694 60.546688
2521.768799 19.542639
2616.649170 5.954427
2184.917969 7.622546
1604.442017 37.488312
1802.548950 38.165768
9584.421875 49.093681
8492.338867 87.566643
7976.386230 11.132528
15129.841797 0.523190
4584.229004 14.010622
3609.743164 30.583250
1015.200317 82.707214
1132.844238 162.890656
11419.368164 258.745148
15486.530273 334.976868
1874.351807 37.780128
300.820221 37.126766
3939.161133 30.322279
1776.019531 39.103397
749.353455 20.291388
66.660461 48.487713
8490.411133 118.595703
16142.121094 237.567703
26288.205078 117.847321
18545.740234 58.621067
110.101746 29.647034
4712.855469 17.710621
659.072998 23.188301
3492.462158 79.050217
1508.745361 179.119385
2069.346680 304.060028
6529.079102 8.586320
3121.694580 11.393177
3361.348877 9.304941
1.959036 6.740738
2468.531738 39.993557
4858.700684 84.796158
4083.191650 152.973480
10805.293945 238.505554
2412.713623 26.707685
67.795006 7.982473
2037.866821 5.591654
490.204468 15.539691
640.770813 60.123852
5778.902832 159.581360
15265.220703 332.585052
16877.914062 549.431702
2767.851562 1.495161
1452.543701 10.337889
1153.058594 17.020380
555.782471 23.890156
2540.499512 4.928840
7269.840820 30.595863
1980.190186 84.285568
1269.136719 158.169388
819.354980 4.048619
4783.229980 5.495435
1134.005493 4.474941
8207.885742 0.797267
1430.068604 1.264926
2327.861572 1.865233
1893.654419 14.741610
14412.383789 40.540222
25217.308594 72.286591
8674.055664 46.759258
40.293472 25.869129
2843.287354 10.190060
1758.711426 28.162949
2090.353760 55.338570
4612.953613 74.177505
16.514648 75.006798
23389.066406 52.051590
9456.386719 23.608364
3779.460938 5.640307
12762.029297 7.687847
4070.022705 15.737428
6014.779785 57.085918
2381.710938 120.468315
13019.134766 188.053406
13911.625000 12.154318
15473.169922 10.598776
2443.483887 3.746204
2089.141602 0.821693
1100.456421 118.369659
339.357239 215.734268
2265.726318 320.035767
262.212280 398.959259
8281.303711 19.829628
1409.144043 14.790583
2328.729980 20.043003
5.284519 51.223129
4256.160645 165.569122
2656.083496 383.520386
3638.163330 717.585632
1459.925659 1086.630371
1858.002930 29.761185
5449.199219 52.099014
855.295349 56.726238
1420.653442 73.214554
504.971375 27.756540
2192.993164 101.886200
1175.171021 260.825012
5885.183594 507.688843
7367.004883 68.391754
5.382808 15.733644
812.280823 3.236473
2111.128662 5.490000
1765.080200 75.139618
843.443359 149.194687
1291.292725 303.650269
7484.298828 537.046326
13165.799805 131.418701
5908.122070 76.743767
5452.362793 57.398342
819.736206 54.272919
418.192078 38.236877
17.194777 34.479374
348.845642 35.342690
2716.332764 84.988815
2258.253418 146.278824
1926.237183 36.807056
2701.402832 9.634697
2816.736572 24.605085
348.797852 63.245758
1073.326904 108.205612
4602.406250 144.693558
1887.032715 151.685944
792.911377 89.479202
162.280685 59.040867
5067.856934 34.140835
511.789307 34.038582
1049.635010 22.432178
482.714630 60.259102
2253.825195 127.103645
3108.987061 216.479691
2995.857422 15.417157
5205.679199 5.206383
5850.752930 3.641252
1005.175781 7.269643
55.223782 154.259857
1106.289307 274.368958
4837.069336 457.046234
7600.206543 680.042969
480.437805 16.544001
5393.671387 20.126743
1170.573975 46.644211
1591.525879 86.497284
1293.151733 35.769520
1476.101929 56.937805
8847.382812 141.378067
18602.058594 331.840240
154.239532 163.572708
987.871643 54.558086
1745.954102 27.478306
1210.443115 30.850761
1059.861816 59.733120
622.817261 86.285019
7077.666992 118.321159
8336.462891 145.506104
577.526672 31.433819
6878.250000 35.085079
1898.405762 37.556896
338.914154 43.931168
851.269287 57.757042
1053.515747 70.774048
2630.315674 90.311150
3432.316650 105.601410
722.991089 135.671677
1402.312622 108.751770
4165.049316 79.489410
5094.269531 60.132133
1106.196411 20.788980
4570.416504 38.110737
5456.447266 54.835064
23292.837891 67.297409
1853.256104 52.028248
1816.320557 25.692102
860.249756 10.354139
1424.655273 9.467867
279.447418 37.990749
10262.675781 40.285748
11110.124023 40.039482
16390.076172 35.664345
18978.705078 56.249722
3610.401855 46.979858
2818.941895 39.547771
125.269173 36.710056
2284.328125 37.146107
3162.967773 51.930748
9640.438477 52.815113
9639.703125 38.662743
15889.487305 83.397881
1029.257324 41.773926
124.108131 19.512056
6885.490234 21.003277
1360.503296 15.070148
1167.721436 23.941456
2726.425049 41.293728
5976.591797 71.083824
2827.578125 7.682514
805.517761 0.139149
2657.525879 2.883678
1046.785400 8.899674
409.855072 6.684812
65.905151 9.483750
197.273026 12.363815
1230.970581 13.943825
6442.899902 9.264942
4402.024902 7.415210
1642.717041 5.674978
412.429596 5.251906
1551.020142 26.722185
3404.315430 55.467056
3434.653320 86.675682
7289.702148 111.009949
6305.237305 10.338438
383.678986 3.258502
2758.432617 0.715450
1014.144043 7.683360
1433.012451 9.121580
379.302002 8.514842
13229.972656 11.708462
1904.953003 20.598358
248.654785 16.730412
2384.669922 13.237285
2574.495850 11.995141
282.822235 10.810969
635.255981 57.564915
3005.200439 61.282631
7208.800293 48.537949
18416.439453 25.917204
2622.564941 19.326834
2661.483643 12.420168
4222.921387 21.536028
8656.470703 40.640533
1182.289917 52.167751
11421.675781 71.650406
6495.936523 133.925705
21923.767578 234.311066
12437.588867 15.174038
2216.177490 42.156136
4907.609375 58.406715
2165.631592 56.653435
3164.555420 84.305908
669.323242 71.134804
467.296936 43.933720
11520.029297 15.403391
223.367081 53.478485
146.789291 52.891590
1118.549316 65.194038
1082.046875 79.953308
852.238770 71.617210
213.481293 149.480347
7212.009766 280.199524
3780.629150 429.954163
7362.066895 28.556421
3747.341309 48.144497
1667.737183 49.776936
265.395782 47.125053
3419.960449 11.850194
1913.088013 47.319435
3823.224365 125.053658
9615.082031 246.817352
13817.554688 27.991297
3657.713135 4.747068
4976.275391 0.279179
2097.945312 1.669026
3530.352295 28.755196
2049.122803 36.134731
6813.360352 33.286354
18826.033203 21.884985
385.910309 40.684013
19334.382812 19.382013
2316.961426 11.583208
6058.989258 17.233620
1134.062866 6.623817
524.562927 32.828568
1723.506348 76.228348
73.444595 117.821747
4052.530762 50.302605
2475.119873 43.276333
5228.201660 23.231625
2853.837891 5.614317
292.951691 5.148800
1642.214355 10.015523
5311.051758 15.185913
4624.527344 22.148647
1079.794800 33.826851
4202.566406 14.119932
852.164490 3.695077
1336.223267 1.863562
3864.086426 14.553673
352.217041 33.363644
6280.437500 58.876053
475.414124 86.664383
7885.440918 59.739155
57.586441 31.093708
2565.455566 12.265467
4484.146973 6.663291
563.083984 2.052602
212.289368 5.154513
2589.621582 34.960247
697.558594 105.559448
69.634209 18.113091
6979.091309 0.844526
2308.390625 2.824258
1191.733398 5.123580
1302.440552 84.245430
2997.664795 132.570251
1712.405029 171.646530
2534.760742 185.550323
1081.932007 75.665161
1977.047852 48.359848
282.096588 34.783913
746.286865 46.979099
387.237366 13.881860
538.102966 71.139313
749.997925 194.250610
2033.864746 372.843597
10077.792969 3.833196
5274.531250 1.337078
651.129883 3.565147
2529.505127 1.807635
471.948395 32.753460
578.365112 66.214966
2310.426758 121.022232
308.822449 199.571823
2199.586426 59.669403
660.309937 21.103306
129.898117 9.006641
5.050633 14.480488
3057.003906 71.344589
2246.769043 191.744644
82.057297 375.326935
8793.631836 585.825073
8264.246094 12.379368
7493.350586 3.817295
887.929321 2.134038
831.307129 15.903275
2154.569336 156.174210
1880.451660 363.577454
71.425507 672.487427
9543.080078 1018.826355
13156.833984 23.659473
10443.646484 20.713417
7952.332031 26.207708
270.582214 56.354889
2763.043213 50.552902
24.095345 200.397522
1957.457764 506.709290
705.906616 947.207581
1784.055908 22.539574
1204.810181 0.201846
868.604004 3.816893
4925.780762 8.481844
391.988251 100.137688
473.427429 222.956924
6790.101562 435.264587
733.410034 719.294617
420.551208 164.250168
1337.999878 85.607170
2493.000000 51.144989
194.623062 51.554085
68.792061 103.244400
553.551880 227.318359
3976.198730 476.974945
2038.998047 841.156189
3131.269287 26.294979
9611.332031 17.289150
6397.562500 38.361557
521.760925 59.353718
3224.667480 51.228722
2260.264893 76.973091
6307.000977 138.925888
7469.848633 271.290558
617.630676 80.730370
6503.180664 7.688357
814.190491 4.784360
1429.659424 28.825357
4087.989746 51.206287
6584.070801 77.286453
7426.972168 78.897835
9709.274414 53.481461
9248.400391 120.707275
7332.372559 53.419899
734.423462 18.087742
591.734741 22.403425
618.375122 32.347179
2932.138428 52.646301
5323.202637 105.382484
554.496155 197.521576
3924.364502 7.276298
299.352264 4.158691
1876.553101 15.724701
2104.718262 25.219002
847.078857 23.113979
784.864136 20.399260
858.846069 13.233960
9067.991211 5.449824
2869.058105 18.876839
1067.006592 15.059489
4522.978516 16.731396
5797.508301 20.897129
1905.346924 19.258389
512.598450 57.878929
7394.013672 114.258316
6001.522461 173.481049
613.947083 5.933142
2454.907715 4.494430
4216.822754 1.043249
796.411377 2.437236
105.414307 55.127846
176.718246 111.264954
5555.921875 184.573151
4100.167969 261.111115
6996.319336 9.229182
5560.876953 1.654390
1362.287476 4.699853
63.815331 20.682730
916.139832 29.450863
1966.899902 33.432312
4616.488281 44.387123
10468.597656 63.539036
1887.585327 6.509161
2548.912598 14.279190
1675.308228 22.642632
311.736206 27.434715
1440.054688 21.865082
762.980164 23.970654
1956.178589 16.374138
188.063889 4.372544
2395.021484 126.560036
811.399902 65.202034
1558.221802 28.593256
1542.929565 18.166527
109.569588 107.609383
3154.487305 175.628021
602.411499 264.047974
14264.210938 353.202454
9077.025391 16.797306
526.085205 26.998817
427.598846 41.856415
525.248169 65.313812
291.963806 47.918205
1598.344238 126.124550
1354.572632 242.901489
3848.924805 384.224792
432.755493 67.723099
306.136475 20.648407
3212.394043 1.177001
1879.118896 8.519340
125.815308 144.328262
1324.775269 260.453339
765.389954 394.529327
910.771362 509.509216
10909.104492 1.893760
3689.645508 9.785814
111.968773 26.691870
2236.729980 66.673180
3304.882080 142.507919
601.981079 332.969818
6254.578125 653.856018
3150.732422 1069.683472
2553.803711 17.875729
45.661846 0.786897
90.644913 18.628681
3385.607910 55.316097
1664.852295 26.374104
1847.746826 91.217163
2390.985596 235.662689
3147.698242 471.591797
6.098603 135.440079
792.821045 46.210423
797.989624 13.479988
872.910767 8.360188
2362.731445 53.535301
3863.001465 125.076347
160.329590 248.075775
148.116791 406.439240
16006.718750 22.499760
66.299629 14.961812
6321.639648 16.554953
10011.545898 24.405334
2301.347900 33.210381
685.297485 46.781876
1735.865845 94.795425
3884.888184 188.403702
12673.040039 5.836939
3343.810547 5.354747
187.591049 20.430393
4595.988770 30.306456
3523.443848 58.443573
1228.795776 100.054749
2214.430908 123.138458
10067.172852 114.211472
3670.837646 70.025864
3753.728516 31.988325
7524.608887 11.692315
1535.857178 22.196648
1307.354370 9.588009
688.594299 26.017584
826.970947 67.483116
5710.056641 124.928452
6001.672852 35.105015
891.135193 35.054230
1897.911987 26.707651
1991.379883 14.079365
1863.744141 99.926178
992.191345 129.418961
1235.001221 130.585968
1400.594727 101.976051
891.635376 29.093601
3909.586182 15.157007
2278.280518 24.859060
682.433655 57.996246
235.296143 239.187241
528.068787 368.718719
2266.723145 534.700928
2619.619141 682.576538
13670.389648 85.384064
7016.384766 121.958878
1124.598389 140.766357
2369.260254 168.231339
1784.782715 81.215607
2038.903809 139.062897
285.732605 228.647751
885.546631 372.216553
19125.267578 112.921242
4588.411621 21.413836
2961.919678 7.030128
2627.911133 36.075066
1497.312134 62.524765
4207.572266 130.690399
7919.596680 195.867691
5181.933594 239.468597
5538.437500 109.466354
722.226501 44.941730
597.778809 9.023009
2627.867676 15.843794
5025.502930 37.142460
5062.217773 65.934372
18242.500000 103.443764
41612.839844 145.457520
6430.941895 13.107301
4474.045898 4.785431
2634.074707 6.938775
5038.622559 17.742153
2414.532959 68.576302
2054.956543 131.563751
3743.059814 217.926620
9620.791016 296.814484
5397.204590 47.880817
2208.021973 52.160843
4318.039551 43.953751
823.810669 42.211468
5010.483887 18.123434
819.427673 14.380073
1537.886475 8.154389
6263.887695 34.312012
16482.328125 160.718201
458.452179 46.817387
2704.672607 5.183362
221.908722 8.236688
1297.947021 159.106415
3979.632812 221.876694
3441.072266 255.014893
5358.103516 241.521133
1645.230713 77.610489
386.334351 56.959724
4332.442383 59.317390
3708.275391 96.279495
778.121094 136.759644
1129.263062 307.561279
232.103577 570.024353
115.777679 876.457214
9195.474609 1.611569
1319.691895 7.050621
998.716248 22.773914
132.290710 54.121670
291.722626 44.405640
786.675598 123.603516
2420.889648 281.813416
1393.914551 525.640503
8458.279297 111.578949
885.681335 33.364044
476.094177 10.051958
267.164215 14.500746
2294.340088 70.497025
564.099976 69.763641
735.706604 93.890511
360.816467 188.002884
6979.737793 59.700394
714.082703 8.451709
112.709938 24.606655
109.366364 56.907482
1308.750854 299.656433
670.260193 425.311584
12995.562500 488.375183
16289.404297 455.383789
9158.229492 105.068275
1232.905762 74.632698
854.023499 89.146790
5079.458496 170.263519
136.791351 383.846466
647.771790 729.353210
347.427429 1202.741455
24119.662109 1712.712280
1653.581299 56.593773
4408.280273 50.473640
565.983276 88.163567
661.218140 183.154922
2188.488525 91.121323
769.330872 237.253357
438.978485 501.376984
4120.635742 865.879578
10915.203125 105.290298
3254.540527 39.606030
10536.119141 22.307381
6049.468750 33.430248
815.424683 44.398251
1155.743286 87.600021
2247.522949 179.555145
11451.484375 334.992310
16270.257812 151.666565
333.360291 64.133774
1197.419312 30.931316
750.778137 28.385864
688.716858 8.666421
1252.942139 19.671041
3568.359131 42.553902
11242.217773 84.314934
1490.148682 64.788498
1038.817261 24.614187
1182.030029 6.975312
1714.021362 4.073572
1663.067505 11.282272
1077.581665 8.919502
8275.380859 16.837246
2524.096436 40.249363
20764.285156 2.508703
4586.757324 6.411227
1210.791626 12.983465
1385.699463 14.805597
333.704620 13.228106
1792.903076 15.929217
3095.312744 19.507610
1188.570435 25.015131
3180.129395 2.263545
4883.064453 3.025522
2887.995117 6.351121
2163.668213 10.137416
2606.319336 40.248520
70.278160 45.147919
486.499847 44.805141
3785.787598 38.532215
5510.579102 41.054237
5492.360352 33.686386
594.757080 30.939039
1422.099487 33.970615
926.148315 125.013725
1882.413086 221.186005
2078.628174 326.807739
9091.161133 417.553558
1374.630127 6.436859
1016.859192 0.235654
1635.973877 14.205781
2295.807129 54.465801
7828.886230 149.209702
6977.937500 286.261932
1026.846191 450.513885
9434.957031 601.882385
5942.599609 70.098572
138.236343 38.512268
4206.166504 30.825405
2080.955566 63.285492
6493.382812 12.862024
4241.963379 51.063835
5023.216797 141.275848
26080.355469 293.380585
4474.358398 55.898640
387.733917 10.889575
1147.415161 0.221971
726.417358 1.903388
90.098457 21.829540
2464.368652 26.162754
4064.248291 29.461945
789.242676 30.866852
14065.363281 6.951869
4922.882812 9.615716
2344.324463 13.120764
5161.917480 17.291391
681.818726 67.081894
1435.165161 80.489243
1928.994263 101.415611
11076.898438 125.019135
26605.371094 57.520546
5513.720703 59.396019
4282.570801 60.187450
1651.665649 61.430408
749.228699 52.479023
2269.912842 109.610924
31.386688 197.607849
7805.777344 324.752380
21730.812500 93.492119
3380.760498 20.083471
2083.178955 0.468526
2429.060547 15.954056
3089.449463 1.044131
467.861969 8.035948
6115.122070 30.845024
1543.812866 69.394547
4807.039062 67.582451
6861.899414 40.409325
4204.433594 20.103434
3056.534668 6.360507
364.360687 71.036240
157.421738 139.018036
1696.988159 212.901749
9654.701172 268.966766
6849.013184 3.849828
10829.487305 2.039778
1353.542114 5.229654
2066.857178 25.406261
762.084595 331.617920
808.481689 590.434875
5919.335449 867.163940
50.864536 1072.107666
3117.394287 27.390219
829.996948 37.980339
8057.182617 65.278572
539.819214 152.697281
5328.139648 300.318665
4463.416504 582.976562
13285.513672 966.518555
7123.262695 1369.999512
987.676514 0.609229
9624.103516 17.164928
1078.434692 56.830639
876.673462 136.121841
208.132690 143.313873
842.222961 367.047943
3304.390625 804.621094
7239.545410 1459.137085
4820.037109 143.054962
362.928406 23.577883
595.966125 16.325909
251.334381 52.683403
163.224503 30.466869
7525.268555 111.893494
4942.594238 298.828339
8679.697266 630.637512
2980.424561 335.035400
1042.037842 115.145782
973.182983 23.382175
3036.119629 5.889370
1422.047485 1.134594
2382.385986 2.375635
3211.944824 28.872189
23109.306641 107.549599
6456.088379 83.659950
45.475124 18.609459
2890.380615 0.627144
1090.827759 1.491507
1387.705078 18.873150
606.950378 22.571938
1806.685669 25.568367
759.335999 28.051155
7685.865234 5.473161
2293.744141 6.706261
1510.046265 10.111156
117.658257 14.524584
1611.655396 30.632439
871.902588 65.962166
9022.847656 106.141319
8185.117676 135.789856
5195.516602 21.494221
1105.117676 15.162036
763.063782 8.197150
2361.668213 10.923017
301.495300 13.338586
2256.133301 28.470928
439.580536 67.741615
567.703430 136.474579
13123.612305 9.609892
9197.135742 0.570448
1223.948730 4.238742
231.880432 8.753785
4310.128906 25.425709
2624.047363 50.122154
6509.639160 92.421112
4346.660645 149.336258
5198.470703 21.173145
5120.923828 11.654074
2295.601807 10.415476
1912.825684 14.192611
2114.293945 23.356915
2668.832764 20.224274
4471.553711 15.485291
19509.113281 19.095072
12386.540039 23.375084
1967.204346 10.160179
52.531414 12.087294
2207.114258 19.629421
1265.171143 32.919205
534.488037 31.936012
4209.260254 26.632795
3128.508545 26.845665
6341.111816 14.601093
446.621826 5.737339
6857.781250 12.596728
26.897751 25.106213
870.222351 104.899086
129.818893 139.318298
1863.278809 176.861099
7859.386230 205.731842
6286.339844 33.727890
287.401123 48.660797
237.385803 62.667221
725.616211 79.695045
867.086792 44.109749
2739.581543 66.296707
7650.624023 82.353172
18903.919922 86.941025
1969.089111 52.150089
6236.183594 30.269228
3743.701904 19.942968
2773.799561 25.637024
185.127075 74.787132
695.560608 127.242577
3402.738525 191.203415
17510.359375 263.965057
611.953247 24.790384
368.376648 2.070545
2135.327637 7.838256
486.608215 34.182541
4490.940430 175.379028
420.435364 305.071106
1243.896729 417.711914
6446.405762 468.707092
4752.549316 62.704170
4678.972656 35.571312
1447.239624 30.326393
71.414490 75.213387
3050.815430 319.932983
1602.069580 582.904114
6152.395508 909.437866
23133.689453 1229.910645
2865.709473 6.407463
315.799225 10.901483
370.214691 53.452705
227.651520 147.494293
5345.933594 295.915924
1637.309814 583.955811
416.329346 1029.681396
8784.929688 1605.155029
4106.255371 77.128342
9944.112305 1.869581
11330.555664 34.038383
738.663574 128.816818
3025.892578 132.379318
73.943893 218.598892
7586.921875 375.585114
16.667439 633.855225
11668.397461 166.676300
10367.364258 53.242645
4105.179688 40.913231
1650.736938 77.148415
2006.436279 3.522896
37.574753 7.052387
8685.200195 10.918003
314.901093 15.729318
838.041870 192.060013
3741.774658 105.847046
401.300537 42.581444
476.140747 10.696754
32.053284 78.881897
1215.613403 69.989014
7226.663574 48.262539
2821.689697 23.429543
2167.602295 10.986134
4763.735840 27.306963
3577.629639 50.664997
4978.768555 71.084824
2612.865234 211.638107
3086.870850 380.056274
4569.219238 609.413696
5466.712402 847.301025
7645.617676 9.413666
3471.595215 36.542988
1548.604614 67.571487
2632.363770 115.267128
84.120148 11.962334
259.125061 49.361366
958.640808 162.739670
877.913269 358.541840
5884.932129 102.119461
444.905029 56.395401
650.580627 35.090511
1583.744019 17.742853
1102.760498 52.778336
509.974915 88.041031
3441.723877 122.967026
703.005005 145.208450
3152.136963 84.506721
437.326172 52.859703
961.762756 31.660793
586.053101 31.167959
3420.482422 82.665131
576.082764 143.994843
5563.723145 251.859177
5680.087891 391.261353
6323.442383 3.850864
3122.869141 23.265301
882.232178 42.310020
46.608192 56.661133
5646.212891 43.231022
738.435547 48.968430
2734.419922 49.635330
6639.556641 69.334213
19664.330078 102.070030
10633.311523 29.925285
330.711670 11.526375
160.208359 25.470364
2938.127441 45.154232
6334.420898 109.147087
5107.343262 218.510925
11942.718750 342.184662
6146.113281 30.573734
1743.276367 43.851357
6321.708008 38.219608
600.515076 28.947273
2616.085449 86.444489
2279.455811 89.113586
5386.000977 86.027222
12967.695312 83.835968
1792.271851 83.413826
4124.583984 68.268112
1262.132568 68.348267
751.073486 77.461479
1831.049805 140.678375
1310.525146 293.024139
2625.352051 466.771362
8668.517578 602.844299
2582.121582 45.310043
11289.052734 31.195305
352.342529 20.943571
393.884521 48.740021
3920.673828 4.720116
1010.375427 21.890711
2364.585205 90.194344
10436.423828 220.368011
3152.694336 10.329359
2004.442505 1.808421
7176.822266 8.693713
3118.934814 8.801423
621.891052 68.698769
497.658936 116.678535
2468.925781 164.102982
490.708771 200.336105
12449.649414 140.303314
8158.542969 75.204193
113.096436 37.842216
1647.215698 37.321449
468.818207 96.933723
5711.841797 258.127167
8265.953125 520.435913
17101.212891 836.779602
532.444763 46.900608
117.112221 29.893620
489.222626 21.941509
2174.771240 31.401249
351.412415 108.277901
6774.505371 267.681152
5049.723633 536.083618
409.076538 885.417725
353.807648 55.065948
1007.130188 15.970724
1211.097778 14.161411
791.960754 37.119286
88.230705 67.835381
147.923019 166.866394
1226.121094 389.035706
2758.261719 742.196960
8778.167969 39.951279
408.758484 4.982605
1766.043457 18.300402
698.705627 36.200062
2884.635986 0.306557
232.967255 4.266694
2380.274414 32.521023
16025.599609 110.804161
101.796127 121.467987
6151.458984 38.134842
493.517883 6.265381
2398.748779 0.675382
961.325195 3.052183
26.217848 0.561919
903.822632 2.740402
1596.100098 15.009088
6788.901367 10.634959
6349.246582 4.097759
6505.619141 4.059414
150.359390 4.772655
5690.727051 45.116577
417.224854 95.198990
5724.658203 154.972351
5078.554199 205.226700
8226.351562 6.509001
16156.199219 6.178413
1712.255737 5.837758
10131.939453 15.648865
2038.509033 6.611866
1075.460449 41.580875
3165.484375 119.660553
14306.281250 236.934357
3138.546875 17.008728
2240.478027 6.155163
1167.855225 3.039923
175.354584 0.166852
157.518158 68.598473
2900.981445 118.403320
184.741333 174.886307
5587.625977 223.925751
1348.758545 0.736399
934.056824 3.715171
4076.894531 13.255905
171.792984 33.428860
897.888794 123.483917
281.033356 201.059006
1021.115356 310.382660
987.686401 423.288940
6399.607910 22.969160
4389.571289 47.036003
2460.035645 63.977230
110.012787 82.736237
2532.949463 23.236443
711.733887 45.450069
2166.333740 89.186508
4124.266602 169.711945
8855.602539 83.508476
3562.894531 22.237169
3400.992676 3.851058
84.381294 9.224613
2096.981689 15.039369
2786.971436 13.035772
241.776794 9.019464
3805.881348 6.918885
1445.746460 95.222252
3592.925049 55.278038
2912.973633 29.317955
4186.347656 17.977192
1096.630371 23.328386
1296.427979 59.139198
1607.124268 119.730705
2261.309814 197.411377
2020.196533 11.160028
6506.656250 4.806058
1024.449585 4.324749
1570.201416 8.256443
315.580017 55.972626
2567.827393 115.048065
1589.580811 205.971207
1870.841797 321.527710
18830.462891 15.684177
485.262085 0.310035
2423.434814 5.051257
4343.172363 22.558151
1194.746704 89.156494
1154.198975 124.451347
1131.729004 158.711914
1152.278442 188.844986
20949.242188 17.546173
3356.605957 15.778253
1625.552490 30.115404
1863.596191 56.252342
866.989624 71.546143
47.903713 29.822559
599.595398 3.686028
1861.649292 4.215700
5736.539551 165.329483
22593.720703 159.915817
2627.315674 144.258041
28.941521 113.639702
409.006683 190.683899
886.274719 110.500847
5319.585449 40.032204
4501.171387 5.808616
626.973511 506.829681
33657.796875 417.906097
680.488525 339.018036
7004.853516 266.373138
287.727722 148.287262
309.518433 142.412460
509.081970 133.718216
3483.248779 135.156128
1508.422607 352.090057
31326.271484 248.029724
14462.018555 183.201279
6528.089844 155.846466
1278.163696 130.526230
1103.995850 95.097694
430.684906 53.321430
1017.815186 31.840330
2625.047363 501.749878
477.998474 332.719513
13370.884766 220.943039
637.698914 163.154572
2011.811157 172.164413
464.722565 153.345245
2316.663818 134.278168
4937.946289 92.367264
11739.527344 627.704712
2259.798828 485.233093
5887.535156 335.231628
1833.127197 226.035461
4991.144043 30.926737
444.475159 13.487953
3034.599121 8.590219
1865.401855 12.147727
28590.923828 110.516571
21079.535156 107.786407
7468.266113 87.850494
1713.508789 58.575249
871.784424 0.721556
4435.964355 4.098101
79.683533 10.761856
9388.826172 19.775707
11705.804688 3.668755
11009.769531 2.161242
818.390686 0.936085
14905.375000 0.102412
1877.275635 63.385048
4288.759766 28.440809
8203.386719 5.289321
15817.948242 22.555500
60486.714844 175.105026
2821.974121 125.173935
7189.388184 103.717209
1186.398193 88.901108
6369.886719 100.757263
49.727287 114.689972
877.324646 117.162582
983.221558 97.722038
62239.273438 309.918732
33070.097656 214.528000
67541.640625 137.543396
1732.807617 100.761765
2422.609375 8.966697
671.580994 18.282040
862.203674 25.680733
308.418060 24.137890
86.960091 124.480515
2727.623535 74.539879
6191.278809 32.412262
3391.893066 10.409653
720.058105 1.588022
1753.293213 1.079139
2194.926270 11.126859
2745.380127 37.681465
11446.333008 6.158196
520.558350 1.329789
1618.503784 3.189483
1728.793335 3.974190
208.550797 107.139221
1227.958862 80.926895
782.431091 41.664268
1455.329346 17.444901
43710.375000 259.790253
5855.321289 169.796310
1304.697510 127.001167
9527.894531 115.803932
2471.324707 30.794424
1018.264160 49.346252
406.613800 88.428764
665.638916 156.104446
25129.302734 153.284958
1314.465210 79.611870
5242.253906 40.168427
1037.629395 26.947002
161.683044 144.390320
2074.171387 97.346664
651.490051 50.182045
6223.609375 49.718117
22114.080078 545.882812
4059.423096 347.825623
1081.788574 233.331268
5689.120117 180.189133
91.560722 273.141663
2001.776733 267.553589
136.765549 250.748413
426.440063 195.955444
53917.789062 695.969238
21163.648438 554.148315
5912.652832 408.659637
975.233337 310.981201
8862.529297 21.948139
4556.250000 27.996880
668.643188 42.989799
18941.763672 56.872635
12745.768555 142.348099
8100.692383 104.576546
1420.676270 63.585899
433.974609 33.388336
159.796021 28.462219
1374.841553 16.266397
837.888855 7.208145
461.236938 1.303677
18779.242188 163.230591
8331.842773 119.354149
29902.191406 78.348923
1330.250977 47.820461
3237.999512 54.522663
214.964569 37.111172
3934.046387 17.927338
574.908875 4.796395
52032.101562 179.568146
8976.478516 130.391388
4340.928711 94.000046
11013.571289 71.029739
3463.261475 32.159286
570.467712 15.162406
1387.243164 8.473639
6621.481445 8.428142
6558.681641 160.971786
20459.021484 134.521408
1893.776001 97.711304
123.081032 60.828556
468.513428 18.156708
3543.510986 19.900097
46.208538 24.542629
7270.555664 32.175323
4932.955566 37.217426
11331.689453 28.610783
1294.297119 22.512831
4599.465332 19.054127
3753.403076 8.414513
5945.835449 15.864300
1119.552002 23.694141
5636.652832 27.439312
34687.027344 21.062872
450.073975 14.960730
8634.878906 8.327009
3311.957520 5.444352
3202.525146 25.648058
2039.344360 14.429227
2663.547119 13.175130
139.864182 27.811846
80298.804688 48.004704
1314.679565 46.420967
14260.116211 44.890846
2407.645020 37.912125
401.181335 63.305054
3045.271484 44.964252
1629.230469 23.198118
97.283104 7.748063
19507.566406 91.425804
10756.525391 81.314865
3005.009766 77.239525
3109.668945 73.392487
2898.962646 27.503405
2631.208984 46.909645
6051.544922 78.642090
446.663879 108.995621
23097.597656 41.838379
14892.981445 43.640114
4019.241699 34.737747
748.036072 25.360649
2945.456299 14.915305
1576.898560 9.513256
585.602173 3.025883
8604.693359 1.701998
15841.763672 55.659691
35946.539062 33.270996
12565.862305 21.796688
13047.048828 17.722448
2798.045166 90.996979
2393.743896 87.281593
2296.543945 74.877762
7264.721680 49.145638
21659.773438 212.295471
15153.634766 165.990082
7712.757324 124.023033
1180.123413 99.311653
4220.116211 11.666599
436.162140 6.657522
3100.872070 3.793875
1091.649048 2.618254
29434.849609 40.005226
4577.373535 34.904812
10569.277344 27.146421
618.895203 18.804567
1732.203735 6.547145
141.512955 5.444618
28.500019 8.811251
1012.940674 14.731413
8713.605469 58.252823
18757.253906 42.509418
2381.046143 26.325813
6222.955078 13.568888
1182.222656 42.613220
875.345703 20.431440
767.778931 6.050843
5039.089844 9.746469
7986.157227 100.188332
10405.272461 86.822830
941.613953 76.497849
1919.452026 62.699497
471.099731 79.565704
2323.619873 70.352509
244.657043 50.519939
542.925171 25.870832
11498.324219 176.100891
6585.813965 128.862701
12338.904297 97.632538
298.320129 84.381371
1310.867432 71.312347
443.035767 85.105789
3081.038330 93.636421
6085.944824 83.891968
26916.406250 164.353607
8204.723633 126.947937
2292.504395 89.515594
753.121643 69.468941
2695.246094 8.695461
748.287720 2.982778
2978.644287 0.688313
1023.158325 15.971144
11839.649414 42.629532
21254.230469 13.662391
12320.113281 6.729128
4870.013672 9.075491
4261.193359 140.218338
1487.082642 113.303734
2080.252930 72.239990
1776.983521 30.067383
5524.834961 311.255737
24558.035156 236.989868
195.247818 185.731583
2870.804932 158.495636
1059.732788 11.105088
5407.831055 14.866923
888.871277 19.864784
2942.812012 22.263678
2121.852051 158.861053
18222.628906 97.552956
1022.496277 47.285194
635.911865 18.784689
895.276428 19.752068
3025.563721 27.339279
921.531128 35.216557
3689.462158 43.851639
42252.664062 59.658737
11290.189453 33.817379
5552.323730 18.835739
6043.997559 15.327658
444.764832 33.926674
383.898315 25.213499
3960.864258 11.798361
5396.022461 11.885687
63110.640625 138.825195
1289.331055 71.338425
338.684998 40.411766
5957.638184 34.591370
6179.969727 62.132217
1929.912476 53.269897
597.121460 39.806187
355.735596 25.027998
12802.733398 245.303406
36221.644531 167.462723
4910.869629 108.351654
4591.088867 75.732094
303.730835 27.934784
61.779827 32.060974
1281.286987 39.275150
6909.313965 51.706367
7996.974121 116.856827
4226.086426 72.372757
2724.412842 42.856564
1921.748535 29.574509
1660.450317 21.877541
1019.843933 25.254728
454.994934 26.425652
5354.189453 28.138960
28234.416016 96.726845
1589.104736 55.181553
6833.730957 29.438660
969.519836 20.490368
2895.072754 9.798975
792.501831 12.048738
2104.684326 15.692374
1029.997437 19.882011
23554.318359 71.517784
3384.673828 44.508797
11587.283203 23.653564
2742.924072 12.420279
1403.707764 14.953875
666.320923 13.377546
830.461792 10.768910
437.638245 6.755668
31172.476562 88.747749
1795.374146 58.413097
9319.027344 34.030407
1136.039185 20.081142
3149.378174 3.984232
2380.086914 13.193685
775.289307 33.277138
1758.185547 64.007599
8317.509766 4.545234
12507.017578 1.100687
1246.199707 1.018621
2975.573242 1.480983
295.061432 47.372341
6969.053711 44.441704
5713.019043 37.790844
14305.119141 32.418083
12177.785156 77.985893
992.127869 57.869537
4161.513672 48.370419
1223.452759 46.948910
1894.625488 31.319773
2487.623535 34.951973
289.079224 37.932446
14197.492188 36.918190
67054.953125 70.866837
13862.132812 54.775654
28690.835938 40.101627
3316.439453 31.967947
2929.112305 34.393890
2803.181641 24.995926
6968.351074 17.435797
1457.739868 11.286964
50459.746094 183.214249
9176.658203 130.268646
13197.559570 83.553055
3795.486572 51.756973
2138.266846 54.283455
966.430603 30.186844
1595.585449 10.797483
1725.671509 0.724868
12971.937500 189.776871
43014.675781 151.775970
4405.716797 114.519669
5688.840820 82.022247
3482.067627 15.108005
5140.549316 13.451757
1892.983887 14.599705
3825.587891 18.674004
14361.144531 52.849998
17090.185547 39.613319
4775.559570 28.140488
1776.963989 19.881195
2.495862 15.463991
151.671448 27.350674
1864.173340 42.247269
9455.841797 57.701416
70214.000000 5.428484
26629.146484 2.827111
1143.802856 3.514122
1595.134033 7.569417
4169.939941 10.987679
246.534073 11.174462
6524.522461 13.031102
1222.900391 12.767457
6926.568848 57.875824
3396.979248 44.228027
7184.478027 28.417206
3269.193848 16.357922
393.744507 14.518547
252.649857 3.613600
1514.166748 1.245339
1073.661255 9.487599
10917.992188 125.747444
15994.173828 90.534752
4321.193848 58.533707
1771.150391 32.902901
2338.908691 66.626236
388.079742 54.842999
4773.826172 35.726311
4675.758789 15.294218
5927.162598 84.593277
6927.744629 75.629402
9374.139648 71.867615
2801.409180 70.772896
1094.806152 37.979713
412.979584 31.391712
4028.435059 25.106789
3762.712891 19.294571
9699.131836 55.189621
13527.947266 54.553967
13943.995117 50.564884
1204.732666 44.616871
2610.091797 2.818949
2875.628906 6.431020
1413.250000 19.157627
1449.070190 42.808411
16390.218750 7.781347
33186.394531 4.128595
4240.155762 3.888893
4858.128418 3.351586
117.534767 125.644646
1980.840576 73.252945
7895.862305 22.484856
11.837274 0.746924
7585.848633 256.720215
1577.228638 212.913605
6757.947266 186.902939
2796.841309 162.970398
998.238892 68.439888
1777.499023 50.572170
1496.546143 52.841217
10792.574219 56.594734
14068.750000 351.345123
30942.101562 288.010254
6873.098633 200.185303
8943.586914 119.547554
2979.045166 66.691345
2545.002197 32.555519
285.254456 13.602009
5053.811035 12.122524
5055.089355 137.340897
246.626877 147.523178
20137.500000 136.238449
2722.091797 105.798485
493.167877 128.770523
1055.616211 58.287197
757.034180 8.095886
1617.166748 11.693958
10047.884766 296.080139
12091.533203 256.532135
9973.497070 228.043350
78.332733 189.094864
660.712219 151.049896
191.787872 85.804588
1756.022827 30.679554
3094.006348 11.772676
3374.584229 597.256409
10568.868164 437.159424
3149.405762 311.446472
9682.365234 221.550537
950.576599 137.976837
651.658569 119.139984
5015.665527 101.237152
248.118149 71.672089
21589.664062 472.335022
15634.105469 367.420929
2343.681885 259.419525
221.712738 180.094894
394.802612 28.052292
2450.865234 20.531441
2278.929199 43.427139
1729.315674 82.283760
22087.460938 114.406479
31751.152344 124.625534
100.129341 102.384811
3986.432617 62.040237
1072.546021 48.167461
930.387085 21.168175
6023.411621 6.941039
3394.417480 26.746349
4797.844238 73.589981
26759.279297 64.813820
5709.762207 69.124939
1820.135010 66.772652
2009.106567 88.565063
2072.093994 51.181332
5099.934570 19.626907
3860.465088 18.366980
226.355820 367.799652
42320.476562 250.966980
2186.008057 172.570602
2727.376709 124.884308
900.886597 193.174088
4566.197754 230.814941
513.836304 261.571045
6178.085449 249.283264
27932.494141 415.083191
7515.748535 332.101807
7327.789551 242.129745
6430.549805 190.341446
8597.466797 24.504650
1479.933350 4.330688
1153.189941 5.752017
793.630310 57.337685
47421.140625 12.637947
7232.853027 6.373387
38216.261719 24.443022
4156.885254 35.310459
1265.927490 149.199234
2049.406982 121.158478
5552.217773 80.225357
2295.828125 36.632858
49900.285156 436.661499
6407.398926 318.208130
3215.341553 228.447632
4598.291016 177.044113
494.458160 91.091087
1303.357666 129.843231
3653.033691 174.926819
1945.113159 201.435181
5318.283691 181.310181
15330.027344 144.063416
1797.776489 102.162498
6722.123047 80.029495
2966.190674 9.382195
2494.297607 14.388012
1492.896973 27.952923
2796.054688 57.609745
21839.382812 34.567120
21257.291016 11.405217
4055.227051 4.858696
11674.699219 6.326241
19.829704 132.428040
3195.087891 158.035324
136.291840 162.338470
6566.575684 126.731552
3498.368652 330.000763
8585.206055 234.602890
9411.747070 155.150513
668.313049 121.690521
4227.116699 12.827044
2615.325684 1.463826
327.599579 1.667948
3729.382324 5.066168
7052.652344 150.452744
8878.351562 122.347176
1366.633057 80.782997
2711.320557 40.430111
110.710480 8.941801
153.276932 0.989190
140.854630 3.704845
1017.628235 19.681602
36443.289062 121.297989
5812.217285 82.881340
14786.833984 50.328899
2459.509766 25.590231
714.225952 20.221260
2033.625977 19.595858
2174.528809 17.918404
4505.910645 15.591539
59.383293 17.925091
3177.007324 18.354992
403.043030 19.099142
5933.234375 19.897003
2863.822998 6.060195
1829.883301 2.962874
33.017181 7.623958
5962.701660 22.525318
2891.307861 40.298565
6033.076660 29.185658
1006.962769 20.691133
456.426819 12.916697
1209.286377 121.708237
466.282043 79.777397
4031.460449 43.483204
146.501892 42.907818
566.604126 248.827423
7380.677246 193.813538
14852.084961 167.828568
2042.860229 150.271851
94.844101 195.419067
463.367798 173.585846
3027.911377 137.270233
6462.838379 79.760925
6222.480469 517.805176
18733.332031 403.336853
3828.499756 297.520752
6190.664551 228.706345
518.972717 51.929977
1029.030396 38.160152
4018.145996 34.913826
388.079834 28.263077
596.514465 292.709930
1996.319092 230.524353
14960.226562 154.248734
888.783752 89.917549
314.867737 4.652323
2651.112793 9.480133
6013.247070 26.781536
1821.077148 60.520966
1750.557251 8.074206
17066.496094 2.326623
155.973602 3.371655
18.050072 4.451785
318.945618 137.973465
996.356567 78.833969
1510.512695 22.195492
2080.288574 1.579150
4728.815430 398.411987
42918.269531 296.524811
2923.935303 230.382401
4103.848633 185.155869
713.748474 69.376091
5185.794922 56.157486
2669.631836 42.465290
3639.985840 30.662411
416.298126 303.209442
5470.988281 211.750626
1978.696655 137.681610
3596.955078 92.000351
962.221741 74.320442
1918.518921 80.838287
1540.617065 86.707413
2866.464355 93.579834
12847.328125 177.791718
6927.883301 123.132431
14503.573242 87.294815
2853.101807 73.189369
3132.878906 19.456696
218.594849 19.350098
3965.206299 23.887180
4047.981445 48.306778
30975.902344 136.589493
3122.938965 64.660660
17404.625000 29.171139
769.754211 19.594286
714.610718 117.993294
5035.749512 89.253395
2090.254639 60.538078
8195.206055 47.916885
3055.893555 369.380432
35738.207031 265.425964
3750.922363 191.566040
2204.999756 147.347321
642.253174 137.887421
1541.052002 169.867279
12630.498047 199.362442
1338.793701 192.110397
59120.203125 360.246216
3638.293945 282.520996
26.033051 195.064941
2602.506104 140.964630
7809.567383 15.776485
1262.166626 0.436345
11.533272 10.242244
436.158722 48.566872
21852.228516 23.790688
79772.421875 45.295471
8327.207031 52.526047
11328.556641 39.516094
799.885376 42.849133
5513.434570 38.333260
4340.323242 24.374500
803.693420 11.031431
3617.897949 158.773193
2591.524902 92.189873
895.222351 54.274193
874.974976 42.864933
3695.916992 130.748581
1817.360352 125.136818
237.645325 111.628555
7050.794922 103.093880
28864.882812 294.823975
12012.710938 204.981995
392.312378 152.130997
1831.927612 133.503479
2054.455811 79.754959
1425.000854 97.929703
831.420532 108.569931
941.847900 105.348267
5660.237793 281.237976
4020.230469 180.465469
16930.400391 106.480141
2802.799805 75.252953
676.306152 60.620998
2137.068848 85.332901
607.672729 113.787308
6270.643555 119.147110
19444.628906 231.558960
12492.127930 175.634003
40.143120 109.550362
5014.870605 65.873962
1301.959106 5.636620
2379.051270 18.051954
532.828369 37.318703
3038.257568 52.531471
4485.820801 45.840164
3855.095703 36.305054
5357.624023 19.757257
1590.263428 6.688237
539.992981 10.371335
2612.204590 30.376472
773.195679 56.592014
2199.069824 79.864113
15036.146484 7.857722
4245.558594 5.764869
9343.847656 1.639814
2401.004883 1.273328
2546.746582 158.291351
334.474548 101.084854
3083.012207 33.326729
1933.751343 0.011551
1679.191406 369.135254
1495.886719 261.402832
1585.053711 210.087036
2419.612305 188.321228
2754.714600 228.734268
271.782928 177.501556
4070.503906 123.936699
13182.605469 56.818382
4361.479492 972.839050
34640.847656 720.322205
7767.063477 483.849670
895.683167 318.798126
7165.074707 51.127789
977.604614 51.160908
2693.444092 62.505527
3007.528809 83.075661
287.497711 163.182983
17221.779297 124.198692
20344.755859 89.202766
1116.772583 63.881935
1913.407715 39.230892
3135.142578 53.607883
173.312439 56.237061
3987.118164 48.973625
2892.797363 61.203728
11300.742188 27.058697
364.727173 13.887354
2245.622314 21.439434
698.092590 27.132990
543.317566 6.929187
3028.192871 3.297800
5163.158203 39.076077
45833.800781 26.155432
978.306396 21.353981
18307.697266 33.829609
5799.108398 39.398579
765.211304 166.877777
1739.617310 98.735306
1935.173340 41.549404
655.343018 10.860438
33893.613281 579.183899
11807.710938 453.836121
6671.605469 338.666565
13822.066406 244.374405
1839.676270 84.836014
5034.243164 65.607086
1906.619873 62.889538
6502.296875 56.154118
9131.444336 368.481842
6941.580078 307.156250
12647.170898 218.331055
1629.627075 136.471985
746.469116 71.556526
6448.764648 62.062958
4822.464355 47.314556
2519.164551 32.343925
37439.542969 46.527348
35739.238281 56.512077
12326.750977 66.763008
3829.211426 72.932259
633.358154 20.758322
3127.482910 24.134447
761.993652 24.562963
1845.009888 22.982553
39136.933594 19.292112
19800.320312 13.252299
1480.634766 12.392590
2947.827881 15.839928
5161.664062 63.021263
701.941711 45.293388
618.383423 20.240665
8831.452148 3.550652
54271.710938 195.092148
1436.189575 127.761917
2215.132812 89.081451
12364.547852 73.065887
8580.330078 96.244423
1310.815308 86.134033
3609.765625 60.947548
1109.088745 26.658737
3358.775146 385.709961
4960.092285 252.994843
22814.429688 157.004272
6821.352539 110.212448
416.636108 24.205597
105.553726 36.126522
75.827560 61.436836
1145.410645 108.933731
14606.107422 104.341026
3154.810547 50.828163
2584.556396 25.603882
798.823364 19.857906
4732.678711 85.390450
839.781250 64.318642
600.860291 33.422714
1372.972412 18.132446
3620.821289 357.116180
755.573608 216.085297
7721.875000 132.819000
22.307632 99.267616
314.812225 86.383362
1864.184570 77.488464
1163.893677 76.505768
4754.621582 60.818951
18327.935547 437.321381
5736.484375 334.397034
1460.174805 218.460999
2082.875488 129.929474
1256.993164 35.508446
2335.764404 21.636929
1628.967163 30.123346
8228.200195 70.234177
7065.645508 8.994866
6738.394531 33.125240
16074.310547 51.727917
4132.328125 51.412373
355.083527 82.476303
666.030823 31.867432
1039.692017 1.740735
4723.363281 25.664524
13138.685547 354.427795
6171.146484 248.630035
16518.160156 180.559433
2272.411621 131.597183
43.145302 185.385406
3723.954102 160.178970
1040.910889 122.453331
816.250854 72.529541
5643.284180 486.774872
1072.061279 375.042297
18080.265625 278.533691
1413.611084 217.364151
576.272949 66.451279
751.195679 62.843887
554.062866 69.226257
3077.239746 74.952560
11524.757812 127.384254
22743.830078 127.053131
1026.985229 108.323860
3093.896973 83.721848
678.466858 1.545601
671.597900 3.285066
3322.703857 7.711825
457.532959 15.540606
6995.309570 3.591942
2229.674072 1.269722
4491.606445 0.866379
595.021851 1.054652
4530.273926 57.373936
1235.544678 47.054466
1075.014893 28.726385
2779.010498 9.070316
11718.386719 115.332619
38065.238281 86.075089
17200.912109 68.632324
3699.471680 61.769505
177.488297 46.141323
4198.325684 33.085300
3348.843994 20.364738
5685.687988 9.162659
44324.906250 107.165939
1701.007812 92.760162
3744.809326 75.992645
2399.213379 60.169659
6403.750000 16.516972
3504.564209 12.095282
309.564453 7.287099
1440.431396 11.455305
61509.406250 66.638863
45718.632812 34.669804
9826.285156 20.470816
3255.658203 17.572651
2633.843506 34.503384
606.107422 20.178024
306.344849 8.030400
3242.840088 1.259257
20985.521484 163.830002
13070.169922 119.024620
5686.710938 80.622803
325.724976 53.121544
911.089783 23.187521
1542.087280 36.639969
2408.300537 52.658791
527.732910 63.899246
18909.720703 56.989452
1504.122192 41.151855
10588.847656 26.062313
9486.723633 18.924116
217.805130 7.267234
167.370300 4.658620
265.518921 1.001512
3651.148438 0.698786
7992.620605 35.355057
3972.021729 18.431299
2326.441895 10.193388
652.836060 8.049351
1054.734863 8.614864
1181.604248 13.936423
2514.178467 26.219748
5745.062012 34.028599
4068.666016 117.602798
8302.054688 86.592239
6632.916992 48.917427
4426.041992 19.880192
4840.451660 40.376759
979.977966 48.176105
1320.504150 48.472496
10029.470703 41.452671
37830.523438 7.388900
6827.975098 8.983537
2309.260742 16.363901
405.844391 28.174526
4734.744141 17.433897
1363.088501 4.446623
756.901489 2.254276
843.586182 18.212791
7569.354004 83.339432
7328.107910 62.960323
3021.550781 47.818932
1528.492554 33.198227
572.857788 17.731121
13527.841797 21.868839
704.260315 27.312317
8840.035156 30.118687
22100.982422 30.118687
8840.035156 27.312317
704.260315 21.868839
13527.841797 17.731121
1543.462280 21.945259
483.952942 8.479644
237.117310 0.294887
4008.937988 4.894500
202675.546875 38.113117
764.055908 36.466633
10126.351562 36.745346
795.972229 32.649372
8529.566406 18.737652
1132.177734 13.174429
347.152863 13.831851
3513.037598 26.502811
15026.117188 59.461983
124.527039 42.075867
12762.886719 32.201221
1490.835327 25.448381
74.968048 40.663055
14.755169 40.634617
3677.960693 35.540985
2338.632324 28.836315
22062.535156 110.685043
12004.301758 72.096687
1181.050049 48.269859
573.062988 40.153294
2308.107666 41.663136
1282.512817 38.398048
1744.397949 34.599724
2059.549805 26.761984
22796.478516 105.825699
5030.185547 86.630684
4515.847168 65.494995
1066.572388 49.720882
1811.119995 5.719442
101.338112 21.314543
1247.976074 43.041546
10410.082031 57.098789
10561.269531 99.285538
13062.851562 67.406967
21599.427734 31.765657
641.887878 8.281558
4144.902344 68.215622
3878.561768 50.287060
6657.444824 29.472464
4455.176270 16.316422
8236.597656 47.729530
9383.712891 57.304092
3042.144775 69.497704
1260.078247 75.078209
1665.503906 32.555450
333.671722 32.122490
2924.651123 30.636694
2345.041260 23.987560
25725.759766 86.269897
43159.218750 69.283669
15392.789062 50.707458
17479.958984 37.706070
634.755188 34.828850
2450.484375 27.099342
1713.280640 13.474528
4244.750977 3.367125
9626.988281 110.100998
13564.336914 67.525719
3539.003662 44.583084
5393.536621 37.427422
133.621323 21.184187
165.680313 35.479298
350.531860 44.189373
7838.213379 43.242851
8537.342773 70.155441
7783.333008 37.142643
15021.209961 15.499279
4564.987793 11.265893
101.270126 11.256081
5569.129883 14.761492
5316.882812 13.698280
5085.874512 13.179035
12777.175781 122.888283
1314.008057 60.229179
612.752014 22.084484
243.017853 9.310648
4953.126953 43.176540
451.320862 29.912310
805.918152 21.791740
9685.922852 29.811316
17668.138672 192.618591
35319.738281 127.431351
9787.322266 83.938354
333.684357 59.000832
1172.895630 3.998975
1594.483154 7.461174
3705.012939 14.346543
4172.745117 27.191452
30482.652344 71.216080
34674.027344 36.390064
1854.877441 14.376614
3310.156006 4.942438
5256.652344 0.661042
2207.198975 0.842545
1393.346802 8.915639
75.586670 27.334064
5742.264160 1.031954
16146.386719 1.276672
889.570435 3.234933
10118.569336 2.925809
5515.253906 9.552659
2503.113770 7.249622
2509.246094 3.646146
9583.949219 6.394169
74720.296875 29.629448
29929.582031 10.626554
15572.724609 5.410025
2845.316895 7.670683
6018.174316 14.173639
465.417694 18.412828
1153.286133 33.236721
3919.836914 66.444489
16727.011719 45.663944
14626.764648 21.296061
22405.599609 13.337191
8289.332031 12.942972
3983.264404 54.516701
5253.579102 32.410427
2571.516357 11.442995
48.916466 24.520039
9681.072266 266.605042
2075.724121 146.973526
2784.989258 87.324745
934.236084 67.026085
57.754597 141.414948
2214.221924 135.065094
1227.388428 126.211227
4107.452148 121.270462
31399.828125 356.330963
20392.597656 258.364868
4650.204102 189.041519
7263.904297 153.845551
4696.501953 43.988678
603.027039 54.455711
4978.885742 67.207077
481.062958 81.025665
24535.039062 213.455139
149.072220 132.179535
9204.039062 73.681793
11284.169922 46.143372
1615.606079 61.760830
521.871765 64.702957
3546.510742 79.378693
5132.095703 86.118248
1161.203613 206.886276
15975.056641 178.290390
217.225555 129.018799
3205.954346 84.008286
229.221375 13.362798
2297.038086 4.892464
563.622925 11.847775
5456.855957 37.171051
13856.246094 15.136286
2474.633301 27.335226
10819.883789 32.714237
2343.838379 26.453201
1046.966553 43.746132
1525.315674 52.133728
2651.149658 59.006847
4748.208984 64.999146
8898.721680 53.732899
12314.055664 38.747246
16429.363281 33.120335
3478.683105 36.028774
192.989929 64.492317
79.089088 57.777153
2163.700684 43.584702
696.010315 27.253529
17936.052734 157.375153
17714.339844 111.591164
7883.164062 81.582596
1351.371582 68.740097
1458.353516 96.703026
2529.861572 112.890381
6932.443359 137.447815
3448.631348 142.861603
8919.801758 333.991547
1406.561890 261.919037
5296.991699 176.850693
6276.474121 115.512375
1254.343994 27.891163
1383.828979 25.639296
1561.474121 23.249109
4251.427246 21.050638
29332.335938 30.274700
16002.978516 31.012196
388.531250 30.797426
657.452271 29.696955
5927.494629 34.221310
210.193848 15.658880
1945.856567 9.870555
4236.709473 26.993742
3448.817871 117.308197
5095.563477 92.093506
2349.548096 73.492012
1260.851318 55.079510
780.472778 42.953835
231.411743 41.542557
655.350952 38.376217
3859.225830 34.208412
3345.108398 18.504402
3411.621826 28.419031
6994.399902 36.605659
1888.544312 41.546398
115.051529 8.141839
5708.708496 1.909214
2764.451172 0.281546
7937.816406 5.013319
3416.770264 14.339928
10774.122070 18.042728
5154.106445 18.816442
9790.859375 15.036610
674.016663 8.475524
1164.108521 0.401955
1050.319336 5.534687
10437.700195 25.002104
86851.640625 30.478504
14885.259766 35.083057
16656.568359 32.882378
5156.709961 22.301670
1609.625000 13.791380
475.054199 17.144409
1440.243530 21.023949
5491.372070 21.924376
7537.386719 32.036190
4616.294922 26.391439
16487.765625 19.091866
746.869751 14.163756
760.655884 8.697548
255.572693 4.911157
331.989349 1.909709
36.530178 0.551003
7409.803711 22.713528
10299.473633 19.712551
5289.370605 16.302578
2544.652588 12.601892
223.636261 13.977733
88.093620 9.692374
2836.820068 5.081283
10922.270508 2.642542
3143.516113 11.375642
10382.672852 12.909208
91.961807 15.139843
6748.689941 15.931869
338.508362 7.131294
691.226685 1.666808
973.410950 0.527135
7041.081055 4.391541
20833.898438 45.127884
5435.633789 35.764297
4877.546387 25.570827
458.853607 15.593548
1214.979492 4.082026
1896.616699 16.779318
1728.808960 37.355942
6689.630859 59.840511
5007.054688 3.306591
5124.788086 4.090929
21749.187500 2.050589
1116.365723 0.334970
856.995728 29.307636
4066.198486 31.679451
3208.413818 27.555695
785.668701 18.415901
57756.167969 89.783661
19726.613281 55.100849
6431.060547 33.230000
1345.216064 26.649033
4770.176758 38.932796
825.254883 63.402466
4440.322754 89.488152
8670.292969 106.253975
50881.617188 24.432537
35175.769531 23.052914
3933.569824 20.510092
273.176819 24.155724
5644.656738 44.648323
7038.569824 34.814816
695.955688 16.682827
4117.836914 3.189090
17569.054688 83.658363
5050.261719 52.142326
17342.103516 41.755070
2104.580811 43.901604
2520.922119 22.271078
910.498108 21.723877
3980.564209 17.356726
3585.346680 8.216177
38277.640625 122.589294
647.843567 79.016083
3252.422607 44.870075
3271.698242 26.968056
2106.651611 27.130077
4287.240723 21.858772
2558.164062 19.337811
5424.393555 18.039795
15099.556641 55.058071
29413.078125 52.427597
12638.448242 44.841721
1464.304565 35.366543
406.389313 10.598727
850.612549 3.292227
697.219299 1.211991
7181.026367 15.115911
56754.144531 35.736946
8697.749023 18.602575
9143.693359 14.865670
9598.388672 14.653925
364.284546 12.112537
188.309601 23.438004
4423.819336 40.644859
11582.888672 61.860504
17536.228516 15.098181
11754.472656 8.148415
3723.365723 5.379435
3441.984863 6.465789
339.174835 3.924671
2698.379639 12.871532
252.405701 30.074707
2146.850098 55.172859
3422.899414 8.173023
24866.601562 2.143417
19167.000000 0.300900
3922.954102 0.668279
424.812500 20.926609
2214.008057 35.161713
5017.602539 45.510170
97.132301 45.845139
15863.476562 49.480148
634.368164 29.557436
513.924377 14.768234
12911.232422 11.915458
2009.600464 0.400469
191.477783 3.743887
2709.276367 19.774036
1745.537354 47.462006
270.955292 1.863025
39837.093750 6.466043
472.138123 7.815271
919.360596 4.293769
3440.342041 52.966412
649.686035 57.105091
1392.766602 48.417221
1821.489868 31.508162
420.608032 100.031387
22101.400391 60.848351
7277.805176 42.060677
6080.905762 43.245895
977.129700 17.546911
1584.404175 31.563261
637.788208 48.451256
1764.308594 61.397911
3617.240234 70.375565
2273.991455 45.035313
466.704041 23.641661
656.332214 13.693536
1918.328125 35.655441
1140.743530 44.489582
1214.653198 45.854664
13246.530273 47.566193
47828.363281 77.502464
1332.472412 33.634693
4662.155762 17.096397
5665.699219 22.382080
2943.052734 43.987164
33.814804 36.885780
3002.503906 30.355446
2711.933105 43.352749
62886.191406 205.572906
10986.084961 113.604958
18454.960938 64.755417
1069.374512 48.498886
4830.039062 155.830505
1064.505493 147.672974
55.106361 120.044937
186.514084 87.781288
18328.607422 455.668671
3503.898682 300.052124
8070.803223 200.510010
4857.704102 161.567917
152.444611 52.046818
4865.657227 64.994705
382.100525 82.578339
6149.604492 104.371216
12755.939453 259.967651
912.480835 159.498444
2066.867188 88.270073
846.741516 54.875813
1823.428955 66.100525
560.131470 52.428593
1140.937744 33.290710
5477.979004 16.743370
20055.498047 396.170868
604.569397 251.737549
22747.650391 145.605103
1152.698608 88.788376
3821.412598 110.536201
653.141663 100.616127
7555.105957 90.519501
142.681778 66.411758
19570.003906 354.625641
1000.423889 280.794769
10304.350586 200.107300
516.981262 140.218796
1331.846680 14.388658
1657.817017 0.467439
4480.336426 7.122685
2929.259033 29.694931
455.759216 65.430206
27634.949219 76.801186
5181.001465 67.165970
4500.041992 41.637695
157.111938 22.342438
3601.172119 31.804752
5582.729980 39.162964
4639.473633 38.976433
5867.958496 62.682987
30405.482422 42.591904
1327.220947 25.571608
2328.882568 18.533665
1151.445923 5.545686
544.229004 3.486035
795.431030 4.131410
530.146851 4.578340
4582.206055 49.539288
28254.761719 38.699776
6900.272461 24.769588
5885.667969 12.674679
1854.604492 18.598976
59.288223 20.249250
2865.650879 16.275127
3183.541504 9.006129
5229.246094 6.360391
2835.442871 3.119279
1301.067383 5.877920
4645.205566 12.491829
350.328308 4.639426
1350.789551 2.842943
5951.535645 10.045638
7630.732910 28.359251
1480.969849 74.861214
19230.431641 48.059181
13724.962891 27.522268
260.287079 13.168719
1551.770142 46.565041
784.420471 31.740761
1030.901978 19.415842
1044.697754 14.590964
891.538452 133.220856
59920.324219 104.797569
10338.326172 81.023918
9432.981445 62.394894
1266.515991 10.306828
767.482117 25.285683
2597.141846 56.691292
6126.348633 97.593643
18801.349609 7.070464
5889.379883 12.835395
5079.490234 12.800047
641.492188 9.118581
1052.947876 23.276825
1122.114014 17.855986
234.934616 9.859184
1291.252075 4.389349
39627.968750 32.637276
13472.652344 24.831011
3937.583008 23.269701
69.695778 24.305548
2149.642090 49.434166
1316.410156 25.248541
70.585823 7.508458
4660.907227 1.188130
18290.736328 167.116928
3092.360107 137.337952
796.074463 106.455200
4568.882324 76.896805
496.175293 49.569752
396.521606 32.215866
529.690979 30.298222
982.673645 56.719765
7702.366211 175.730576
7924.621094 127.737320
177.248703 95.556564
4048.362305 71.476425
3731.785156 156.980011
2598.983154 131.542221
6898.124023 88.294907
14225.440430 40.193161
17289.937500 367.154785
154.395142 272.443726
5260.832520 207.007828
4443.377441 174.437988
2670.533936 97.403412
878.179077 89.306763
162.552856 76.401337
13979.810547 52.102261
30585.960938 305.551086
35977.851562 231.424744
10156.924805 162.287735
9767.991211 117.215179
8174.095215 13.339352
713.860229 9.643841
9014.292969 5.723964
3221.603271 5.712399
54175.210938 155.864883
5740.967285 91.355865
10005.080078 45.555649
5162.574707 21.900921
1132.520264 41.287342
955.933594 28.406370
1926.767212 15.170073
4148.178711 2.753078
2180.825195 233.985825
26668.527344 161.934021
1102.280884 101.276337
8440.959961 62.087814
524.191589 27.348471
276.648285 17.630688
470.875183 14.618305
2521.684570 19.876961
21331.064453 25.330521
1216.907593 37.734123
8562.341797 42.533287
7889.645020 37.890350
1005.223022 16.879274
1333.509033 9.812080
206.686478 6.390223
12639.356445 13.193495
29110.525391 76.576706
9283.383789 49.863316
1226.101562 33.612591
1630.224365 24.239697
5128.121582 13.612410
502.681976 32.007172
1274.930542 62.754860
9489.080078 100.629501
40225.957031 2.613023
79.578621 3.193838
19754.482422 4.244766
2076.543213 6.150708
6849.679199 53.705040
1675.966553 19.568794
2164.259277 0.151117
8078.632812 20.877533
3282.831055 209.965698
16206.503906 146.533203
12881.862305 110.259903
2711.950684 84.198761
424.201355 100.664764
1120.803833 79.040016
2247.781738 63.019966
409.569336 43.654968
41002.859375 289.512451
17847.044922 247.527954
13579.209961 190.091660
8070.228516 137.336182
471.711182 104.349419
686.115417 70.723106
2263.325195 41.803719
6592.242188 24.068739
8328.614258 131.515732
3573.016602 147.564392
477.977722 148.893173
2257.592529 133.224991
1882.536987 2.084639
3873.176025 2.786438
1557.441895 14.737522
7077.961914 34.323868
17144.595703 73.284004
1236.542847 53.668732
12825.376953 31.817945
1552.644775 12.852792
40.473476 52.938717
3423.396729 37.260406
6825.016602 32.003151
4455.395996 55.422092
26878.695312 128.129715
2045.686646 89.268417
5460.454590 73.287354
11202.307617 65.164658
1092.755981 32.484493
1404.992432 45.744080
2614.951904 72.595566
1150.201538 97.478020
82573.265625 85.002136
15089.440430 80.326263
7628.106445 60.271942
13971.289062 39.365242
5905.669922 0.662228
1580.713745 7.903580
1795.478516 39.815979
1238.545166 92.072350
45386.132812 16.436035
18058.703125 22.648531
675.808533 20.444983
6069.982910 9.629549
4957.323730 97.460625
863.156372 71.629501
2821.912598 38.411427
2866.259766 15.394687
4405.018555 217.027435
31164.871094 160.618805
7343.228027 128.365906
2944.393799 112.647995
1959.366699 92.929016
11.707523 88.498947
1392.961548 79.647202
1558.317505 60.087177
2922.027344 270.603516
19794.771484 205.587280
19126.525391 145.787018
1189.449463 107.940880
1634.153687 64.211830
2402.352051 63.049091
4357.345215 68.472687
962.625122 61.798580
16425.042969 305.516632
1854.250610 235.094604
1959.675659 153.930145
5515.226562 92.238213
3867.474609 11.879094
186.082062 1.072537
3073.280273 19.722782
11604.716797 64.211685
3643.202637 47.881966
42028.320312 65.865875
3668.656006 62.581707
9416.229492 39.308254
1380.513794 131.932465
3344.504639 74.520309
5966.448242 34.987236
775.335815 37.622753
12494.219727 479.790771
5034.492188 361.301331
13014.328125 267.734039
4034.037109 195.062836
4904.483398 319.086456
618.371094 236.308716
2417.175293 142.611557
3746.739502 57.913811
33353.843750 729.250732
15202.062500 601.039978
5657.890625 486.006683
12896.304688 396.009674
3946.793945 53.520447
127.019455 46.508495
469.779663 44.320194
7851.961914 37.630684
15438.567383 238.975632
13208.433594 183.259354
10789.079102 123.106201
4538.730957 77.331993
1576.496826 29.165600
518.033020 18.619698
1248.892822 11.461182
2345.574219 5.541440
6212.730469 113.860199
12658.191406 93.491318
1075.486572 68.419754
296.888702 45.700783
871.528564 0.201967
2667.945312 1.844133
592.627625 4.648738
5418.748047 5.801849
55277.550781 65.114670
3555.909424 40.308838
1272.794434 18.193287
5428.868164 4.521854
6298.604004 16.646347
675.492737 23.254417
2472.946045 29.275463
2396.528320 32.703735
16422.660156 4.598783
7290.584961 5.691727
17254.494141 7.620275
519.575012 11.179937
3643.698975 0.055073
1226.924438 3.058593
5515.864258 12.762400
318.794342 27.798731
17445.179688 12.152859
9508.367188 9.664845
3940.961914 6.187975
802.822571 2.142017
223.245087 19.825638
1118.875000 10.649706
1564.929443 4.049928
666.873047 3.753886
29894.742188 44.872692
13958.668945 39.263397
727.960693 34.359959
3667.892822 28.186031
4002.732178 124.348633
2377.963379 66.770027
5703.573730 18.514662
6413.231934 0.329393
14601.333984 270.287201
10715.848633 240.249786
1968.026123 211.285446
4053.797363 174.403305
4109.919922 42.141300
1207.559692 33.957703
1609.219360 28.642929
4336.308594 18.519434
81740.257812 236.250473
38442.203125 174.332916
1302.948853 111.414429
3021.378906 65.560509
12151.735352 25.795803
373.459412 34.684566
1473.031006 52.165878
11022.981445 77.487595
8300.290039 56.067307
13457.544922 39.617905
953.740906 29.169893
11077.665039 24.404657
1356.927856 12.007345
3077.417480 14.113579
323.281189 24.271288
615.048889 45.736523
4038.260254 58.999519
10644.173828 35.843060
14433.644531 22.013294
3461.299805 14.813228
544.189514 55.371670
6652.975586 57.999783
810.971619 64.027946
11892.931641 64.565056
25202.126953 106.825829
16042.207031 97.597626
1166.305786 79.275963
6920.478516 62.623489
2461.761475 34.189690
451.820618 23.848518
6084.008789 14.849968
6818.775391 8.144401
96738.640625 93.863907
4304.397949 78.122688
13130.075195 61.320461
375.261505 46.434837
4479.991699 8.338963
966.115051 2.312985
3161.964844 0.394670
2138.717285 9.196980
9732.003906 39.798046
26522.308594 24.441595
15822.263672 17.411312
4778.348633 13.456577
767.723694 34.558197
3749.093506 5.198516
944.419556 6.269661
1186.052246 64.187424
4638.825195 207.791702
2646.228516 139.271423
5851.022461 99.825806
2843.622314 68.881210
388.985474 172.981339
2421.581055 94.269760
3120.124023 50.956375
1438.841675 83.416718
19501.341797 622.268127
9290.761719 466.838501
10202.097656 351.219543
1028.580200 259.231781
94.570015 270.815277
765.221375 267.755127
6395.200195 242.542511
1819.670654 189.352829
30012.542969 642.717712
30218.976562 481.356049
5612.801758 352.900757
526.143982 286.570557
1283.334595 161.949982
626.753174 157.526886
778.256836 153.678329
467.065186 126.293533
7548.200684 447.813629
13919.250977 366.616821
2600.723145 269.311371
33.963840 195.407837
1045.246826 11.305155
2620.645508 3.391099
2730.556641 10.804217
2876.711426 18.497957
9139.419922 212.557144
4173.947754 165.812012
7896.960449 102.101807
1271.016357 45.043716
364.285553 5.272079
694.477356 3.423711
357.143188 2.586752
531.948914 2.444056
45832.253906 33.733315
7598.500977 24.401640
1144.685303 15.590805
4009.300537 9.086754
1631.164795 9.395646
2971.954346 3.809834
1389.592773 4.041174
500.839142 15.883329
159.594467 29.259445
174.729691 20.712835
513.584351 17.676252
2285.256592 14.783085
1358.492920 33.577961
527.942322 33.042175
4425.647461 29.697060
6033.863281 21.504063
37152.367188 92.384445
5147.347656 69.064705
5824.760254 48.749622
726.784180 37.079762
1084.740967 5.636203
1012.094299 8.648272
3997.446045 9.648827
1838.799561 7.084709
37590.398438 37.707993
43749.113281 21.940424
19547.730469 9.870615
1638.334717 4.736912
4075.389893 7.172440
2005.794556 0.686640
647.197449 3.706936
1398.514648 13.439024
2272.680908 84.305534
10675.085938 67.403641
2226.667480 45.098164
5991.742188 23.119417
412.865234 14.007296
128.429688 26.212936
3380.174805 41.745956
496.624359 53.865154
39782.160156 15.620541
1506.756470 14.530748
2787.004639 10.691177
3384.355713 9.062841
1775.955200 38.987572
625.455750 33.263565
4964.628906 25.819145
35.905018 19.517063
13353.042969 52.383385
9028.821289 47.136520
3373.815430 44.160091
1312.716064 42.177784
787.868530 36.938328
1457.278931 15.351044
3707.628906 2.550548
7095.957031 2.501126
2386.587402 91.142471
26373.552734 89.053970
1069.238281 78.958748
6663.653320 60.378136
850.394348 19.097153
404.559387 21.058857
2746.195312 28.755367
4269.300293 35.983665
16983.179688 63.981308
9170.610352 55.404404
6560.604980 40.355286
8391.840820 26.156343
206.889252 42.572121
691.705688 9.024334
1177.367188 7.525363
1298.392334 52.433403
12901.052734 173.498611
12263.524414 147.518005
6342.157227 121.669647
5865.111328 85.758682
829.133667 122.614120
9734.498047 74.979156
1283.169556 33.476276
10851.402344 19.999199
12223.340820 294.776215
21327.853516 239.331741
1388.617798 198.673935
422.696777 163.417206
1664.879028 191.286621
849.725098 119.129761
54.682053 56.213257
17687.906250 10.930676
74756.921875 744.554443
4767.852051 572.540039
21329.644531 410.119568
541.946899 283.204620
8067.117676 255.210205
1967.309448 190.488968
559.582397 130.872375
15225.242188 67.869415
67285.906250 740.593872
10566.942383 614.321289
63698.125000 469.099243
965.068848 344.603455
3929.776855 56.031395
1068.241455 35.917660
1905.272827 27.028809
1594.451538 26.058937
36275.796875 111.784599
16168.324219 120.236633
7407.084473 108.697815
5884.110352 83.583961
1387.111206 9.376907
237.468979 25.549395
3480.476318 46.143822
3584.672119 64.133804
7355.937988 15.454826
10852.626953 9.324600
14592.668945 3.222720
3434.651367 1.969193
1527.054565 63.366390
2439.991455 46.576561
1356.663452 23.176119
805.611572 5.669010
9775.574219 136.746155
41274.898438 99.264557
5862.626953 79.501099
3826.693115 71.523117
225.321320 131.299850
1088.977295 102.298996
448.853455 63.856373
2564.112793 22.938620
31058.046875 347.445221
7435.503418 267.977112
917.749817 202.387466
1466.967529 159.547516
2645.729736 12.012745
3077.448486 20.510021
1056.402832 38.950417
71.638733 67.100128
1384.005737 36.655533
2780.619873 23.005596
1787.281250 14.900928
3236.800049 11.001843
695.373108 55.892254
1000.762756 45.120529
4166.702148 27.496696
2813.469727 12.445254
19603.101562 148.751297
2476.831543 101.190491
1716.605347 72.953415
3897.938232 61.597496
1105.755737 21.767296
1670.988159 23.532169
1283.130737 43.438408
7948.967285 65.463264
49727.503906 147.330475
30005.503906 126.344467
247.873962 85.833397
1543.159912 44.956856
7269.306641 80.757141
657.310425 77.020721
4531.476074 56.107811
467.160614 27.624889
49493.320312 27.700598
3833.194336 29.916485
16674.429688 46.093117
2604.329346 67.345093
4453.886719 11.048277
412.668579 10.862050
942.917603 11.851310
6527.467773 11.295981
26551.943359 37.062702
13193.662109 30.902098
1047.529297 22.162951
1583.164062 14.745157
2831.118408 23.112453
5165.848145 3.844089
2085.518066 3.930606
5307.795898 42.888447
663.216858 99.048080
9257.962891 66.685913
6686.350586 53.521248
144.188171 42.028713
2631.005859 88.885849
127.370277 81.705261
1044.916382 67.415680
2760.194336 49.724525
36822.527344 230.325180
21855.359375 166.741028
12641.088867 120.568863
2607.796631 97.306107
2875.587402 11.844462
694.801025 36.918453
587.552002 82.146866
3130.511719 142.296844
2655.521484 23.750820
13132.076172 11.784257
19109.357422 5.315201
8292.283203 3.675728
1941.840576 44.736492
219.358292 52.247406
4187.163086 51.561512
512.693970 54.960583
5319.700195 112.684746
119.975548 51.485275
1249.550659 27.131430
1983.387817 31.153503
27.090508 106.462433
2498.590820 94.380844
3237.349121 75.957558
18665.468750 62.602638
11865.208008 298.345825
12844.570312 206.406128
3126.266846 146.050049
264.845062 117.860886
1602.103638 101.410202
46.355404 94.281158
1641.640869 76.896935
17.818975 45.724293
48728.960938 423.127747
41450.140625 290.902771
34734.792969 183.096649
1908.163086 122.301811
809.830261 53.476982
8782.766602 48.514294
125.887405 50.115204
30098.021484 44.906425
8350.803711 223.582657
12233.042969 179.688934
79.446960 123.892647
935.310486 77.817863
1594.722412 0.151697
381.230072 1.458383
1667.693604 4.623138
14072.500000 5.978420
89125.984375 40.973766
2850.129395 28.693254
19927.593750 14.678944
3022.517578 4.250130
9593.324219 11.729802
12.941666 9.771798
3610.549805 6.273501
220.154724 4.998400
38089.386719 2.357407
21426.447266 1.715767
23730.353516 5.540573
9216.064453 10.018631
400.770081 24.631699
176.781036 28.111221
2329.285645 25.369152
7333.570801 15.404601
1834.492432 87.288330
4565.053711 54.536076
653.513184 31.351086
5656.689453 22.681414
858.927490 5.414274
178.368134 4.969277
2801.766113 13.900999
3658.863037 35.293709
11970.548828 63.101215
8414.927734 39.002823
4860.094727 22.523092
1757.322510 11.726832
238.854172 39.269711
3507.530518 17.330179
912.145813 3.013195
3907.873047 11.453695
3724.497803 203.047760
13518.111328 135.670609
1847.887695 90.745567
284.168396 62.156639
1038.634644 78.573509
1691.967163 67.501549
916.942139 56.150490
1329.693604 40.277428
69561.382812 166.043457
1495.523804 146.241821
14737.818359 119.246201
716.472290 95.137489
7767.553223 17.680796
361.079041 26.231850
4220.660156 42.803223
12082.107422 61.363449
28967.632812 18.720655
1991.630859 23.247122
2916.375732 21.651443
7993.487793 17.685179
4500.086426 16.522621
510.786865 23.229385
1089.178955 26.031393
1894.403198 24.098854
14449.941406 14.585343
16176.425781 7.482660
6746.670898 5.474200
1668.913696 9.268950
1714.250854 17.048244
8510.849609 12.227169
362.541840 9.432105
2321.739746 8.575943
5634.831055 99.405586
3457.268555 70.040863
1071.094849 44.341301
9308.313477 26.732033
1270.250610 29.628344
259.829681 10.224667
4005.512207 2.409376
2870.261230 7.905097
79422.265625 178.325012
2665.358643 138.063446
4257.718750 96.354744
2907.587891 59.015915
202675.546875 202675.546875
202675.546875 202675.546875
0.000000 0.000000
0.000000 0.000000
0.000000 0.000000
0.000000 0.000000
0.000000 0.000000
0.000000 0.000000
