385.466675 253.302155
10260.601562 286.187347
11507.579102 332.489746
2028.242554 387.083313
19147.074219 195.275024
4865.654785 201.464951
2047.742065 214.790588
6618.839844 231.300461
1046.701904 343.105377
3582.273682 415.818237
1632.993164 444.393982
79.421188 398.806763
15839.240234 1324.912354
747.625427 845.070679
8833.086914 486.939758
387.069153 330.717163
2164.015381 91.406311
47.103882 39.817440
4712.315430 32.299248
1440.372314 48.115646
33705.343750 432.461884
619.837036 396.070404
2955.583740 302.283264
7370.815430 187.259216
2943.395020 166.315964
80.332291 260.632568
14952.320312 388.922455
659.278625 482.169495
1083.876953 651.478638
8331.942383 469.281006
214.641861 282.018921
1754.650635 167.686005
1865.575928 230.948303
2056.514648 194.114990
1507.658203 230.430954
23659.078125 296.186584
2384.100098 1003.604187
2865.931885 816.939758
1026.402222 579.251709
375.383850 364.906433
329.476471 120.327362
577.410461 77.517769
287.977264 46.008133
2333.150146 31.067846
4372.069824 137.405212
2999.759521 173.076675
541.724365 181.303207
2334.580566 160.360184
968.848938 35.689766
7843.317383 21.164505
5505.163574 12.205581
4853.770020 17.214165
3309.245361 62.444565
434.171753 56.075768
2169.310547 53.303493
417.525269 47.512512
2602.662842 131.439850
1147.707031 208.772644
16113.063477 277.904114
28955.394531 277.897522
5043.598633 714.536987
8928.145508 471.338928
1691.932129 247.641541
596.119446 127.912712
51.470478 105.585205
675.789612 101.987930
6227.023926 102.626167
2023.486206 111.058548
4777.998047 210.260986
28924.576172 165.466812
769.226501 133.104736
8434.010742 114.445862
2998.479248 18.710142
3881.174316 0.657561
3654.808594 8.434908
10745.940430 25.848347
518.937927 261.814789
5854.183594 215.281464
1515.769775 142.347519
2385.897705 69.126289
143.569672 103.913055
41.438011 93.915550
5802.019531 73.253311
17305.507812 71.765091
453.076019 32.896439
1012.111572 21.446905
241.756531 49.657063
1823.402344 86.539062
382.275116 81.581009
1868.127686 92.237953
3880.717285 152.235641
6485.849609 189.088684
1543.017822 882.193115
4703.825195 665.200500
10023.672852 396.828979
1006.395203 181.286911
202.257248 5.143586
294.748779 10.338153
2572.654053 9.805819
2738.639404 7.962947
706.517517 95.145615
2222.877197 40.528637
1269.164917 8.780539
13.326828 0.399350
1089.050049 240.583618
29.045837 330.952148
2391.914551 485.587982
13439.044922 592.749512
3960.709717 1006.179749
1151.692627 790.520935
4554.179688 511.404297
79.197517 299.522461
1440.587646 254.349350
6554.310059 260.651306
981.531433 339.423737
2657.470215 445.101685
10310.951172 839.379822
4520.371094 691.270142
1941.663574 504.744965
1202.029419 341.773468
1300.663086 44.693161
2855.566162 23.193928
2159.000000 16.244373
10888.775391 22.507132
4640.374023 178.002991
4366.924805 153.073135
1340.948486 117.179916
341.389374 78.183151
123.479416 9.611258
7.628660 24.121639
723.573059 46.000130
2228.314697 47.281910
3235.940918 500.906494
20929.697266 320.615265
1193.642090 151.385391
2288.573975 43.614571
642.384766 101.670815
523.617554 59.796162
5525.430664 78.279037
8000.103027 142.621674
6996.367676 271.614075
2683.479492 298.593781
11197.120117 263.751038
1180.651733 184.074234
31.054512 56.411369
1023.989746 60.022453
4639.324219 64.055687
863.185059 54.175232
19101.566406 413.344727
2702.414062 277.498291
1618.639160 156.078827
141.853973 81.293236
2796.486572 23.033344
1424.444702 11.151338
3429.840576 6.872660
61.674858 9.035759
12454.447266 107.915527
3096.538330 89.694687
1630.671631 65.977715
410.219147 42.188210
100.674919 31.276697
1264.508545 28.610523
793.027832 27.411707
12520.168945 44.545898
1873.277344 17.842129
4517.531738 0.873818
1992.008545 8.884243
642.642212 23.970764
441.517487 138.536026
1553.524292 70.231537
4768.293945 49.744896
2862.826416 79.191864
1318.748291 253.496704
15515.614258 298.999512
3996.936523 288.678314
1017.292175 225.107544
2260.282227 88.299561
1423.293701 104.480461
8837.549805 159.110062
2408.355225 214.420212
11310.559570 271.976288
338.124512 256.139618
785.344482 193.981415
898.205322 124.416039
1620.182495 49.740879
3184.816406 45.350533
10479.150391 38.959160
141.801498 29.840433
18188.777344 220.512894
2118.754395 151.099518
881.906860 94.963875
183.505341 62.351532
2707.067139 134.866943
1147.213501 182.488098
1466.623901 190.656357
3330.944580 170.375519
12884.253906 82.891479
7001.828613 15.964677
8704.106445 14.353571
2288.086914 66.056015
1118.072998 172.943497
2381.844238 110.378006
4422.064453 89.419739
16051.796875 114.374504
2008.717407 391.932373
5650.383789 379.380737
700.024170 332.076385
736.556274 256.105865
517.245361 11.092388
2533.750977 2.989750
4396.534180 0.594401
25833.523438 0.322501
13194.077148 89.363914
8550.986328 72.766510
954.794556 49.519043
672.112915 27.109266
834.452148 91.250481
229.955124 61.488548
2249.187988 41.766567
5094.097168 45.643494
10084.271484 73.590858
2796.037598 96.921616
2722.660400 114.431915
139.627899 112.899498
46.514565 105.710915
1791.855713 104.792755
1254.955200 109.775833
1065.869629 111.206848
1664.700806 208.295792
430.581116 182.913330
4683.284668 148.971848
357.427216 120.333298
843.532837 90.239662
4686.451172 115.853889
2239.602295 150.137253
2853.187256 185.100754
6464.502930 210.928894
5735.830566 149.088287
902.100708 103.418846
1285.176636 83.643074
4345.430664 72.365631
61.866512 33.496216
2603.697021 33.861225
15272.714844 54.320370
723.927185 400.899170
1607.964111 351.353912
5416.312500 257.746735
2117.046387 153.413086
1599.971436 71.742317
586.043274 109.329155
324.582611 133.905594
939.933289 154.174683
6309.375977 97.233620
11644.716797 25.743996
4217.035156 6.430346
209.697113 29.788540
1229.190063 91.949203
4337.160645 93.856781
1160.443970 177.128067
11127.210938 259.098328
5820.327637 843.379639
1209.350098 690.862915
5714.260742 446.535797
758.310791 217.582321
597.629028 13.185384
2253.638428 11.388411
602.947754 5.844061
17339.804688 1.474914
11284.680664 85.115349
357.921143 45.998825
41.694351 22.492268
1985.557373 14.095786
1721.471436 36.717930
144.809952 17.531504
13446.814453 13.504416
17662.341797 13.682124
742.128845 223.128876
8958.230469 188.155502
6058.183105 132.741806
1252.247070 76.891663
354.600616 81.484360
2516.656982 97.016739
720.034241 110.545639
2232.111084 120.091614
2291.583008 187.667984
6711.344727 127.289299
4881.433105 87.469757
579.992493 74.191452
352.146210 44.333164
1714.777100 35.288368
4836.862305 52.470856
6675.775391 64.666237
26856.253906 475.522278
534.347046 361.735474
5209.252930 221.966110
4486.647461 106.091232
2355.128906 6.514863
17.932257 0.777261
1967.195801 9.731508
9960.232422 20.370960
3816.628418 143.685974
617.771851 118.883606
3547.236328 76.068275
134.605759 33.401646
210.783447 16.349232
3916.940918 22.912382
4181.881348 36.347691
770.841431 49.063675
2494.966309 62.620609
6380.484863 51.423244
185.094696 34.817665
3483.533691 20.877989
194.600021 1.858171
749.391785 2.243946
1773.777344 6.955324
9661.979492 11.291740
2998.274170 80.423035
8741.701172 55.753166
627.044678 29.833366
506.842834 10.592985
58.956963 20.820620
3252.726318 18.121063
1861.169800 28.017071
3705.999268 34.581474
2902.498779 194.773773
4731.485352 154.228714
1274.154907 97.547142
2766.054688 47.779037
1742.385254 18.753038
178.597076 24.695696
9053.322266 21.160664
2359.825684 13.674155
6249.544922 36.837597
138.695465 8.765456
180.676468 0.032151
52.369270 6.979200
1132.265259 63.227036
1586.576294 79.833771
1687.594360 108.916191
876.132202 136.759445
942.011108 70.964363
320.598206 78.666817
461.726929 72.677338
833.592651 63.195145
1012.326538 3.486063
184.664154 12.907874
328.414124 24.224085
1943.246582 38.340302
15925.003906 82.921967
13125.691406 38.232349
4927.050293 10.103562
1210.164307 0.189574
160.563736 46.298946
1372.333374 58.866577
3037.298828 90.562607
3869.747559 134.833679
5193.244141 461.176208
12909.658203 289.132874
6728.911621 151.611893
1894.275635 71.277382
1181.613159 108.840981
2886.447266 57.625504
462.461731 50.232323
652.481567 60.657349
15410.640625 491.310211
3864.626953 444.684143
9812.585938 336.205597
2613.452637 209.518921
901.340881 18.060982
2881.021729 23.126465
12189.332031 27.682312
9155.701172 29.466011
12596.609375 19.289928
1586.605103 16.693129
5017.229004 14.575639
2458.521729 14.828744
33.656345 0.370135
1784.220581 3.493303
857.329590 17.498692
2338.221436 42.435814
19366.896484 56.189369
1744.162109 34.753128
1096.387573 17.883501
1727.014160 5.967042
1779.302490 33.737877
306.966980 64.783691
2568.875732 74.621346
7538.890137 67.324677
1652.816406 248.874863
3601.109619 104.675575
362.130096 21.524815
3069.438965 6.509971
119.097366 93.418533
2199.619385 47.061066
3668.630859 25.237087
6007.802246 21.369236
5797.791992 420.346588
920.409973 351.413574
2355.745605 258.837646
2803.128906 166.612457
1724.487061 140.238449
863.968018 114.464081
45.830063 124.249268
3199.596680 178.023590
6555.410156 73.613846
8406.958984 136.376709
1638.611328 174.035767
1021.458618 170.938446
3836.396484 38.263184
372.465057 18.789576
7355.037598 35.643997
15957.399414 56.076088
5999.162109 429.921692
11642.182617 352.317657
3253.416992 230.252502
933.187378 112.494087
1225.296875 33.972626
4.725193 42.950424
6854.343262 61.901890
1305.717041 97.542946
22867.355469 52.279766
1214.013916 30.002613
2448.785889 24.946293
874.463989 28.279518
1526.732422 236.238403
647.392883 259.550537
11214.506836 371.279297
9113.988281 495.746063
2416.382324 680.916687
4208.835938 631.929749
675.836487 486.728760
1089.127319 326.088257
991.882263 156.496643
2852.018555 188.534210
2003.024780 211.935974
4588.054688 204.331421
28126.167969 782.606873
1282.760498 507.687683
2777.969482 286.688416
198.377975 172.062073
80.181808 395.002808
2143.824707 313.264404
2938.144043 255.578796
11311.129883 261.147705
4988.252930 144.266510
10947.686523 290.964600
938.533508 405.678040
763.587402 440.523376
638.056824 208.252228
169.076859 277.021027
3898.986572 341.926117
1841.019531 368.195007
11376.974609 1007.807495
9653.343750 641.216675
3401.247559 352.757416
1526.788940 211.235840
5261.359863 294.625275
203.279800 286.341431
1582.606201 304.782715
8447.391602 300.302490
12529.858398 1031.707520
915.554504 813.656433
4750.550293 569.501465
616.511719 383.252319
5439.717773 261.159180
1046.900513 206.238388
2387.709473 211.972733
17534.316406 269.454498
9634.383789 411.552979
1585.175049 452.124512
3230.352783 427.910522
541.368835 350.632202
156.389755 156.823853
2957.237793 104.990799
2226.056396 61.156452
1336.986328 52.489548
20049.804688 185.779419
470.052795 189.618973
123.811111 198.735413
2574.445312 191.245575
28.472067 151.470123
797.302551 137.669922
6359.975098 121.473511
1058.530518 118.503235
6435.131348 118.503235
1058.530518 121.473511
6359.975098 137.669922
797.302551 151.470123
1044.229248 137.892990
2611.657471 216.919067
2094.390625 297.209412
21088.261719 315.834412
52239.996094 764.195557
1666.227905 508.934601
971.158447 272.280914
3079.411133 140.969223
2636.084473 307.901764
4917.335449 218.444611
8035.030273 205.688187
29990.789062 279.290436
13385.093750 414.049103
1012.940491 490.029694
1016.307983 495.424286
1258.425537 421.695740
2428.251953 297.064270
697.656067 306.413971
7524.566895 291.128937
15233.438477 272.902740
11240.033203 52.435555
34665.957031 100.829727
7575.338867 177.523270
3558.506592 251.473846
2965.225098 133.929932
66.359177 187.529297
4670.395508 290.188171
11486.535156 341.106415
1690.418457 1094.245483
3976.627441 807.097778
4426.752441 470.745758
2632.510742 221.567032
821.473267 134.063797
229.290009 75.502693
455.578735 39.979439
37.869553 57.304092
17856.240234 53.834881
27.663670 116.402412
1863.137939 167.153748
785.100830 173.960617
2156.816406 134.498077
813.553711 155.876373
2218.420410 158.057800
1666.877197 142.107895
7037.744141 8.410756
3779.736084 28.147760
8182.630371 60.600811
1198.532104 99.431656
31.709465 106.475464
1018.325500 116.477127
1700.205933 187.544724
3535.451660 322.175629
11665.416016 574.960693
1826.183594 391.788116
978.856201 247.804916
1118.774292 151.614182
629.375000 83.191917
2669.274170 30.621742
7849.460938 12.469828
10094.463867 11.284237
3215.620605 698.245605
1874.642700 533.519348
3026.960693 347.412537
1291.472656 188.473633
289.272064 76.382225
1118.779541 23.145721
4540.395996 18.166252
3218.292725 22.723467
1356.151001 757.457947
25348.837891 605.909912
1617.700562 397.895844
1833.470703 204.562332
1099.128784 39.250313
297.551453 36.172531
2199.173828 33.181664
736.357544 39.147301
2364.351074 39.852570
425.047668 28.979811
3455.851074 30.910332
7.084867 36.935982
102.902390 14.788813
1602.803345 28.150307
6245.691895 27.055752
679.203369 22.035229
4414.545898 200.001984
1008.778687 81.039230
1250.471680 14.671461
137.746338 0.639163
2518.644531 204.110336
5570.536133 208.410995
460.785675 275.483063
15950.559570 346.272369
23.428114 590.318604
17780.822266 546.183472
4800.089844 421.918640
1441.465088 285.285645
294.278656 222.957809
2467.723389 305.295197
1086.965210 389.860809
2422.489502 462.329071
20433.970703 793.417542
1881.091553 483.294128
1943.667236 271.965546
1693.063599 193.055557
1903.057129 193.187607
1242.119995 98.207870
1217.956177 54.289280
1090.302856 35.265701
2683.658203 827.502563
7957.531250 721.991272
1150.271484 542.345398
680.172729 348.766541
1831.794922 111.231255
2694.091064 147.855087
3157.692871 148.731461
5885.799805 142.981644
7358.625000 150.487259
1398.613403 29.265137
385.661011 3.680902
1927.299561 48.374882
587.129944 319.776886
1641.183472 296.153870
896.759155 330.429291
16.578205 365.572418
19082.037109 977.614380
1449.388916 839.138611
7604.728516 630.869507
949.837097 436.326508
1260.902466 65.091003
3523.887695 67.145538
6952.391113 67.593208
8522.425781 60.462753
9593.300781 275.621277
2703.237061 190.638062
381.536621 119.005875
603.028809 77.533043
508.723694 26.020212
403.269440 3.322230
3399.386719 21.728565
20754.138672 55.198643
4123.165039 281.190308
9486.579102 258.324097
2346.064209 184.428009
721.947998 93.990448
139.515945 55.408012
1347.899414 64.116539
4763.239746 65.848869
8253.851562 69.300758
1252.775391 59.404823
13696.950195 30.977211
75.749832 27.272947
3382.320312 39.896488
1754.381226 79.501709
530.349915 133.014755
2025.369995 235.976807
10239.730469 302.013397
13043.265625 744.267395
6656.424805 562.967163
2711.375977 326.988953
5649.378906 142.957718
259.771729 235.728546
768.875671 195.930878
9091.314453 186.352600
25299.496094 245.283524
2945.908936 276.277710
4827.839844 257.528412
7934.577148 266.451111
151.823715 264.855713
898.039856 270.185486
993.864685 211.468552
10022.488281 155.377014
4079.868652 112.906876
59221.484375 214.414062
5056.953613 284.529053
5714.175781 319.805756
5203.898926 312.417053
1146.317505 38.550793
2333.484131 82.868629
7343.552734 97.376015
2413.610107 85.155350
1904.457275 427.101318
1243.790894 190.490341
122.088142 44.455338
51.974182 5.937781
268.319794 51.487942
55.981174 26.793198
4073.651855 93.508965
5595.160645 170.608093
25671.232422 812.321167
1858.905762 686.761230
1240.012573 448.370178
537.802551 204.311035
2928.759277 80.200577
506.853638 99.114052
2647.756592 131.027786
2610.122803 175.819534
345.417145 81.859230
14325.671875 68.776878
601.493652 66.420151
1955.868164 70.411560
2.280235 58.738216
183.163055 13.206986
2807.304443 30.711924
1803.230835 104.317780
3575.381348 500.437469
2072.079102 403.100708
7681.317871 280.733643
681.939331 156.235733
1777.477661 43.790245
794.968323 30.041983
1860.741943 28.430775
4043.551514 37.712215
12847.128906 270.745972
8150.947266 195.570770
316.124054 126.166351
516.835388 74.588493
1171.522095 104.940796
1232.042236 63.486832
9963.404297 38.621555
4835.639648 31.186769
117.392883 295.256317
16383.123047 264.308197
1025.050049 215.216202
576.415344 158.397873
1439.712646 200.833374
2489.117920 428.028351
10846.264648 652.467468
447.006927 789.678406
1130.462646 1186.916138
3637.688965 651.503052
565.844910 254.670258
594.881348 107.134979
131.831863 458.980713
444.418518 371.882660
4142.682129 349.414978
1961.690918 315.662384
6550.885254 2169.282959
1527.408081 1674.566772
532.008179 1131.377075
3408.400635 701.744995
194.649185 119.375893
915.140320 61.483772
1275.025513 23.316015
14040.655273 18.111298
8049.081055 295.169952
4013.167969 270.131195
2721.370361 232.504608
1845.907349 180.590469
101.956062 61.835541
2414.422852 26.094168
9717.400391 32.344620
17496.941406 74.165138
11937.160156 172.142593
3929.744141 195.550751
272.716614 176.131180
581.693298 122.310692
118.888840 237.990295
3133.053223 196.616089
8994.658203 202.728027
25268.337891 261.010406
1393.382568 192.761902
24084.517578 275.213135
1609.254150 311.706879
1393.700928 291.072662
1463.852783 300.671997
1545.967651 405.679382
11798.456055 572.849854
12856.734375 658.462219
2229.989502 1659.579834
12577.081055 1220.225464
1794.069824 735.281067
273.632843 396.845642
465.398193 327.270203
1774.002197 262.138611
11069.239258 165.488525
1124.868652 96.180496
813.080383 246.482819
975.444092 239.994766
5610.552246 284.861877
457.074829 330.106995
2153.986328 106.883934
282.382080 56.904942
12969.273438 32.410583
11395.656250 42.779533
25972.628906 107.436462
10150.414062 159.347321
1118.142578 178.605316
3024.421631 156.628937
3542.780762 31.692232
1884.271851 41.081722
12284.640625 46.938320
4432.011719 53.697769
23773.613281 63.111538
1408.001465 30.690056
2394.607422 17.834280
1907.016724 21.174057
1719.347046 33.499596
1198.328735 104.896912
1471.713013 172.093460
13258.868164 202.100006
1607.832642 628.345825
4991.389648 344.761719
4969.776367 123.776016
1887.442261 21.791050
163.542572 117.882339
7.934557 91.681076
1788.064575 97.455215
196.239777 94.776474
2172.217285 843.912292
6395.472656 637.988708
5288.686523 404.499420
4998.728516 218.540039
165.778198 10.908751
1476.181519 23.159506
3322.878418 29.973572
6135.964355 21.867393
3527.845215 248.253708
50.781727 144.281052
2526.548584 59.845619
292.710999 16.248077
1173.957764 154.371231
5635.688965 183.270782
2047.898193 248.490448
11219.818359 313.101746
47.009762 467.598785
2251.087891 379.721558
858.128967 271.087006
718.421509 185.232986
1465.153564 180.370941
3433.736328 139.756165
100.261826 159.578796
10748.732422 193.577362
7181.090332 795.720276
241.657883 678.073975
104.028252 490.306549
228.279419 304.247650
109.442535 257.554779
3725.736328 267.586212
1486.334229 245.337128
16313.537109 233.871811
8486.430664 21.093946
5387.671875 27.452908
3248.186279 102.823112
3275.779541 196.053131
3145.068604 221.428345
914.063721 268.421234
4984.172363 308.332092
2005.266235 282.945587
14571.544922 1092.328247
7931.601562 752.594116
2732.034912 441.559875
910.411499 258.716797
864.272278 370.452881
1521.419312 324.915771
30.177765 321.335327
2388.961182 367.479736
2813.063965 357.093689
5154.958984 422.159943
1172.695557 448.349304
292.272156 424.451752
75.830978 108.378265
1328.902100 58.482552
1034.153320 35.509480
4280.855957 42.005455
5745.489258 281.134644
520.952759 269.811371
7879.562988 231.187012
393.453918 172.092987
836.247192 34.599335
4946.143066 32.522804
1119.229736 24.399914
13500.592773 15.283827
3609.107178 4.247249
3813.544434 8.270421
603.992798 18.281624
1623.990479 28.940228
900.797302 101.971069
2371.286133 92.810219
1837.437378 113.610001
26946.398438 167.601334
18800.660156 173.620865
9212.197266 163.976089
2415.152344 149.611328
1234.386475 126.315994
1387.274292 27.619400
1357.277222 15.824422
4368.715332 26.273674
17406.443359 33.360249
211.587402 369.533752
13540.918945 286.316040
915.060425 176.818756
126.848740 81.728073
1368.905518 16.594707
5031.501465 14.804482
4472.330566 38.294697
10812.852539 74.269821
24880.505859 133.508957
11716.993164 118.968597
6155.514648 84.282990
100.458771 43.952034
1120.406250 32.043892
6771.070801 68.858292
4541.949707 108.447617
1216.541992 112.818199
5798.483398 408.238617
6441.005859 267.543335
163.542435 128.446350
583.507507 44.090340
67.428886 50.672207
1881.675659 35.943588
1738.984131 18.279156
989.875427 8.969516
1499.234863 4.328609
4835.521973 20.555420
2939.356201 40.640671
1687.780762 52.925201
22.244202 69.008621
1753.385864 98.091972
3131.975586 111.757439
3173.702637 107.814537
3002.332520 27.745651
1489.965698 9.839581
569.463135 12.585154
1665.605957 35.674446
1773.033325 104.101700
2006.374634 81.886307
6795.941895 48.312225
5620.708496 15.598935
480.224487 248.974930
4388.799805 183.971497
1515.754761 140.728271
65.738678 118.720337
488.573425 139.417206
997.437622 101.660225
2898.888428 58.743565
5369.616211 70.592148
12692.699219 54.670795
1170.959839 34.304054
1829.382324 79.734505
379.637329 130.654526
741.616821 65.409950
856.357178 18.965572
451.539551 20.257833
5684.685547 27.667986
13673.391602 736.035583
3991.798340 586.130493
847.207947 379.348114
4199.272461 188.591705
1072.546021 66.772652
1820.135010 69.124939
5709.762207 64.813820
26759.279297 73.589981
3846.531982 26.746349
3394.417480 6.941039
6023.411621 21.168175
930.387085 48.167461
565.653442 45.072636
35.671589 20.585928
114.419983 14.719243
13236.384766 20.683090
906.915039 244.274277
17342.974609 204.746277
5911.802734 147.801117
861.341431 89.790901
390.833862 29.867826
537.647461 43.499405
3625.692139 49.076809
6179.135254 39.148304
3302.952393 115.773605
8411.866211 71.350754
483.510529 36.552776
1848.070801 23.279932
448.027802 58.137623
1156.719482 56.754543
348.300049 62.790283
13626.090820 77.668167
4051.304199 54.385490
2843.689941 59.409470
91.308960 62.860718
730.250061 61.871555
1022.197144 7.390852
2127.639648 9.397510
5010.608398 40.995796
2301.592529 83.002991
6237.127441 183.621704
4724.707520 151.807037
68.001350 96.485458
550.271057 40.451416
1615.092896 45.351276
538.610107 30.430767
4097.840332 13.976421
731.030273 21.183432
8824.375000 174.686371
7808.387695 93.957809
2070.643066 58.224762
3777.984375 50.237019
2008.132202 226.709869
4695.159668 171.691589
642.800171 157.116043
1612.374023 192.211716
586.358276 181.709946
1864.583130 267.313995
1382.869263 306.231964
1553.840576 285.529327
652.848694 3.099960
3890.422119 5.744034
30.364536 19.386280
112.340858 19.056782
15097.334961 616.194153
7816.732910 392.914307
16021.425781 187.464035
933.765442 54.014595
76.604935 12.466303
508.667999 16.310301
1077.368896 60.581799
6583.946777 98.196449
1772.134644 533.444092
194.839203 400.038635
8783.199219 228.027298
11.453991 83.941635
1280.472656 10.333726
926.992798 3.821757
4850.850586 3.468844
2974.209961 10.376265
2055.601074 55.116295
4414.312988 44.281982
927.344849 32.567299
2096.630127 20.708147
941.035400 34.698334
2644.031006 63.033974
11103.264648 60.024529
4297.306152 52.636421
3825.399902 437.622375
3412.659668 173.292755
272.907349 29.734055
630.765686 2.293458
2331.919922 78.465347
3473.732422 11.790772
3116.743164 14.107265
7622.454102 32.868835
11363.243164 900.905518
15101.832031 735.508789
1033.261841 486.408600
380.858398 243.721283
2385.011475 26.025536
1577.727295 16.245630
14250.579102 11.964776
42714.488281 12.513728
11734.633789 67.776733
8033.227539 64.091797
2134.475098 53.774609
361.217316 39.716854
696.477478 18.250141
2923.597168 17.084040
2078.750977 10.281692
9581.215820 3.907260
22496.095703 20.810928
3572.288086 8.255467
1473.521240 7.365438
331.317810 13.247768
219.549652 14.849789
102.556854 16.251188
1775.033813 12.423153
23629.332031 6.733585
20810.832031 53.487144
4216.896484 27.046104
7708.574707 13.230345
7342.104980 11.358058
1562.637207 15.536489
277.447784 31.758684
1177.422852 33.264095
89.818085 19.532436
877.449402 153.375641
17395.207031 69.109741
3406.937500 16.014366
3059.187256 2.463962
1576.977783 142.408661
4485.875977 153.918457
6324.874512 161.755096
22146.519531 160.171265
5965.055664 417.564850
6243.545410 293.117432
812.838196 197.279053
87.084229 149.194519
727.443604 70.714401
751.121460 61.275681
501.476807 117.688507
74.803505 180.387665
14146.639648 548.356628
5036.104004 481.547241
2913.988281 330.945038
851.076294 170.454697
2182.960938 38.237000
482.954193 43.729240
3417.096680 68.402588
6246.337402 111.007210
1576.919678 31.115791
10068.939453 41.182766
2993.756592 46.257835
1703.481934 43.061909
2564.896240 96.225159
838.662537 66.370224
758.762634 92.854904
5329.689453 152.402710
21181.642578 476.979614
551.391785 411.427216
1169.847290 301.433014
118.209900 182.987137
3829.980713 131.006302
3223.303955 113.050171
744.059387 80.535690
1551.304565 49.085018
5616.664551 52.887253
6474.574707 72.956619
420.059326 102.461609
341.934174 126.238197
396.636383 12.655159
1416.185425 20.008045
2163.026367 33.866005
172.567337 45.846127
4904.870117 49.360867
12268.732422 42.514214
1875.333496 28.685505
807.513245 16.253193
2521.117676 86.001083
1688.892944 147.401123
355.181610 232.167175
14609.619141 316.561981
15037.884766 121.721100
2971.572754 92.062309
1587.293091 66.608589
579.637329 60.067337
394.365051 164.358932
448.885803 134.468857
1627.022705 124.837692
50.788826 144.473587
5529.824707 940.310547
1763.342041 632.587158
1570.964355 388.368652
1032.911987 237.293228
2130.096436 154.452148
2499.881104 122.473663
2252.804932 104.626945
7283.338379 119.211624
7537.390625 278.399292
361.076019 237.541443
1251.752686 210.241913
972.391968 185.074127
164.825287 129.276276
611.408691 70.366333
3475.115479 76.207123
2286.630127 93.079880
6848.224609 889.203247
2302.527588 742.203613
4469.203613 510.807068
161.870377 283.071136
923.990295 32.184959
729.163269 73.047478
7223.871094 127.503868
12763.859375 181.662842
4314.282715 36.712509
1985.011475 21.230915
53.546028 10.532560
963.117615 11.846945
283.849121 28.286819
1428.200073 35.760166
4230.347168 63.443665
18117.402344 90.631409
624.548340 243.852386
5863.243164 186.349258
4044.959961 114.308937
672.679443 55.190254
1066.348389 12.726768
3126.218506 26.364779
1364.914429 61.820663
10132.982422 76.101418
13592.050781 491.130554
20266.429688 349.015228
2312.811035 185.199844
1617.346191 62.219006
468.691895 59.395592
299.558289 72.613983
2166.719238 61.162346
3270.348877 39.709869
1208.676147 61.794815
12915.948242 10.010273
929.815857 2.701173
1358.005371 28.054468
228.459610 57.135544
1756.212036 29.991951
3178.678711 13.577269
1362.884155 9.563575
15323.343750 88.809669
1935.145142 107.009270
4310.963867 105.845703
2028.925781 86.323097
2600.208008 10.494181
451.493347 19.746544
3602.224365 36.833389
906.629883 58.974983
6006.000000 46.355598
1083.151489 29.850395
4555.785156 16.980614
558.223267 9.883987
949.832520 27.445053
2041.897705 38.298653
5456.045898 45.903416
5391.677246 37.041779
9267.934570 221.303482
3543.796387 144.732040
386.756104 74.989120
382.615112 34.752289
1663.317627 43.332367
4684.829102 59.810242
630.430115 52.044670
1471.038208 27.269375
2820.712646 75.516418
6569.482910 19.281973
2190.252197 0.246722
555.402039 15.257113
19.012596 204.253357
10739.231445 200.066650
2358.200928 145.820755
6738.920410 83.759995
6223.175293 73.929649
3696.409180 40.491909
7915.789551 80.084671
1510.669556 152.694519
1238.376831 173.757080
16.055603 117.366486
455.274109 53.940140
3596.060303 25.225513
8241.605469 16.610285
5318.824219 74.626068
739.191711 145.502274
1818.249756 186.357330
421.282745 177.364914
1268.074341 163.093658
7639.865234 143.799820
17888.611328 136.333694
2040.920410 70.848717
6270.565918 102.799599
2683.225586 143.121307
7612.404297 171.762222
1982.834961 16.062830
2491.218506 6.181715
26041.753906 14.938001
5523.633789 33.094360
1330.471313 275.692474
1590.141846 198.466949
605.796082 117.491547
2035.214233 52.998302
276.124237 76.357887
1602.908081 34.609024
9171.123047 28.747280
21037.548828 57.506630
50281.523438 181.167068
20934.808594 201.759064
2942.506348 185.077850
6119.860352 135.821564
514.635864 23.376896
7737.594727 11.933252
3176.636963 18.410393
16088.371094 21.052780
641.419006 372.333893
12975.930664 277.228333
6790.927734 164.933456
1245.121582 73.314644
687.876831 0.206139
371.814148 0.683840
9048.198242 5.674858
1979.380371 18.730057
7894.798828 29.464640
5938.697754 13.254868
1795.614014 4.971146
1685.323608 1.563882
3506.246094 10.233214
184.948761 7.499485
8179.784180 6.527741
25252.640625 6.788730
6839.650391 40.876080
11670.977539 32.283161
4328.162598 23.101667
671.469055 15.406561
2119.014160 8.919749
650.553955 22.099743
8096.589844 43.470711
1787.989624 69.126907
968.616028 58.485069
350.440704 33.876961
3648.355713 15.396858
1971.452026 6.510416
118.056686 91.364708
833.444763 70.777557
535.497559 44.460167
3162.065186 23.587820
17207.875000 26.972931
51.358261 55.787441
3437.430176 82.671371
1530.843140 96.363235
49.923489 26.774300
1094.523682 50.897526
4266.480469 87.222092
789.411621 117.461876
13956.460938 187.037918
3534.595459 127.723511
5383.849121 68.507797
107.966141 31.161945
2426.302490 15.167641
755.527649 2.794974
3238.263428 1.897808
16261.255859 5.272152
2424.323242 125.217018
2924.280029 108.244232
942.603699 76.237595
2313.707520 41.410358
2739.811523 3.756727
3608.425293 23.407562
8382.622070 46.170555
8295.257812 60.712627
3497.282715 148.332886
565.212952 84.512657
7957.960449 30.647804
3808.864746 2.806336
758.163818 28.138981
852.747559 82.960022
1717.912598 117.170532
13654.879883 110.294632
7232.492676 442.113373
8909.359375 225.525131
278.636871 66.914406
4066.358643 5.696028
457.936218 105.402687
5286.185059 93.194427
1382.237427 155.107773
431.891357 224.671890
2896.706787 768.875000
7798.799316 639.879578
817.212524 429.084900
1698.559082 225.627686
504.917847 0.246205
2179.611084 8.467658
7365.493164 27.899763
4815.423828 42.749027
1384.862183 191.246445
3249.159424 130.849396
24.920225 65.524605
125.201836 18.052406
1075.830444 69.577286
565.901123 100.347214
363.000427 164.375961
3618.414062 213.655609
652.855957 627.980652
10471.363281 447.476990
1002.162476 254.658768
2082.639648 117.141220
704.600769 166.460770
455.650299 98.230156
2348.631592 122.022720
7451.251953 220.545441
4036.530273 431.450165
13284.877930 467.104553
10.058648 413.845093
284.049042 293.450989
446.966522 94.825531
246.498596 97.221451
14347.227539 98.113945
1574.206665 82.170410
15567.947266 256.649200
2841.314941 207.146286
6344.212402 150.189407
513.807983 109.646362
765.098511 72.045334
952.888306 116.196877
9480.932617 120.213943
834.269287 96.677246
36240.148438 243.348450
1156.826416 80.411636
687.987427 5.658217
1114.720947 17.276432
4409.788086 130.319077
1815.326050 79.115280
220.914398 36.931732
969.464539 11.990804
15556.113281 152.135406
6692.249512 188.662140
937.230225 197.334457
874.888000 175.031693
3225.136475 8.886209
4375.602051 11.780647
1597.831543 16.529196
6066.062500 34.193905
2603.907227 50.237068
4012.921387 12.983873
160.412094 0.643207
795.672424 3.308860
1266.115967 6.123251
1535.924072 24.000412
9171.787109 35.597927
3604.962646 40.035950
1855.355713 437.992767
8159.610352 229.822708
5276.671875 80.571793
685.485474 12.076310
336.374634 157.821045
685.078125 114.300377
2470.376953 109.752174
16284.711914 125.295685
18470.714844 357.803558
5077.566406 368.323181
9987.888672 318.502991
518.349304 235.500671
613.568054 11.163443
127.654099 17.466125
3168.932373 18.509541
5460.669434 14.805052
1251.464478 278.216888
6082.361816 152.056107
338.259033 60.794006
383.625641 17.654251
169.490921 125.401833
1185.615967 137.182648
2893.046875 147.716812
14585.998047 166.911331
4911.153809 5.525929
7947.917969 28.901287
119.595146 66.998116
103.856781 102.505714
98.656700 39.491615
1613.612549 50.768684
6862.844238 66.740967
3014.345459 67.699005
4317.084473 607.892029
2342.666260 383.133301
2103.099365 189.780640
2047.838623 74.548019
3936.012695 68.501846
1952.738525 61.885159
1832.225586 72.690842
9566.716797 74.904671
3432.492676 414.675964
3056.393799 322.096741
4881.025391 208.773163
1797.901855 116.326897
1204.101562 248.374023
24.087469 273.814697
13293.145508 308.955017
16744.576172 358.857117
337.374634 309.335571
1474.887207 253.707596
501.019775 230.115723
1389.921875 231.739777
825.501343 49.803219
1476.392578 19.559456
4520.858398 37.731556
11282.719727 72.626152
16176.933594 618.908264
9331.067383 480.832275
5398.180176 305.394318
323.786285 148.229889
1128.122314 1.016019
1535.355957 7.204371
13165.804688 25.723200
445.100128 40.383812
490.201294 337.088379
21982.267578 217.180939
5140.372559 104.409195
437.381073 29.311117
463.857910 96.619446
743.258789 65.162216
680.212524 79.535629
11364.184570 104.497078
31929.417969 518.474182
1569.247437 449.617859
8809.448242 322.226105
285.795441 188.747437
4891.991211 80.354706
1447.767700 93.450699
10110.558594 108.230263
3016.607910 128.576996
2046.990845 9.394373
9453.164062 21.265116
2716.054199 42.539406
1824.055542 63.844772
101.917465 37.899643
4015.971191 53.742981
2050.519287 59.679077
7234.146484 40.430119
5035.880859 428.715454
471.563843 260.993439
607.256287 122.870132
197.120331 49.747574
358.047882 50.123955
718.254456 59.614662
11514.250000 62.438927
2916.238037 78.901390
3390.437988 67.229492
4639.623047 14.286413
284.842133 7.875193
4889.820312 28.237278
1036.075073 315.100800
129.356262 298.776184
1028.790161 307.098511
9537.554688 309.376190
22731.291016 552.315857
1410.154053 528.564819
5902.458496 454.688141
925.269836 371.357330
3445.348633 195.195145
367.356873 206.935211
1842.739502 236.143951
6239.820312 275.712738
13529.514648 419.671234
10829.737305 330.980469
11890.392578 256.390015
1804.969482 209.917343
328.170776 156.035278
835.596375 123.385315
7054.707520 133.832993
6579.833008 184.387909
3470.188477 258.034637
4088.319580 277.044189
1324.317017 260.385193
673.120300 211.993820
2145.225342 13.357962
1074.684814 17.574818
1687.223389 7.088920
14586.859375 6.535513
1888.008179 265.053711
17067.738281 104.640388
1279.320068 20.565220
2541.481445 2.589022
1791.344238 157.056000
1333.282104 76.210655
7494.635254 82.258842
29563.140625 130.478470
2878.095703 687.469910
2237.367676 661.382996
12611.450195 517.852905
310.820648 322.532471
3822.080078 10.835145
2982.618652 36.241882
423.870239 80.935081
29665.421875 122.632736
11637.676758 321.409271
7657.588867 205.825592
8283.033203 97.381592
996.637146 28.064810
874.217041 155.439209
4678.772949 129.441360
1647.313232 85.874916
684.081909 44.759857
5706.058594 60.178082
2816.129395 87.544617
137.218262 124.726425
880.701477 152.675476
1735.773193 188.529846
3347.718018 243.560257
3958.897461 285.931793
10267.687500 302.410950
12099.960938 274.225800
1763.610352 192.870056
3962.633789 146.005981
218.209259 147.551117
1202.564331 48.919041
1257.642334 34.281120
163.998718 56.590778
2806.552490 104.698784
2849.036621 342.623596
6648.985352 268.918365
6812.359375 181.587402
349.376221 101.678719
1549.563477 121.918320
3426.836670 91.932892
11453.402344 130.751450
1650.293701 197.389496
6748.365234 690.682922
341.495850 578.507690
2632.695801 406.232208
907.120056 235.158630
169.369705 292.024658
3210.466309 301.791992
851.322876 287.061615
2260.938965 253.924255
12374.399414 102.415680
2480.787109 151.035248
8033.335938 207.023849
414.053284 258.009430
402.958984 452.431885
5541.678223 571.079285
8427.102539 589.455566
253.105209 538.412964
9245.859375 1164.381714
6603.383789 626.335999
4665.207031 343.196686
530.653748 324.419525
3810.750000 589.525085
2975.006836 424.427582
1451.301636 390.950256
8364.730469 445.056152
1794.219116 1199.967041
7978.721680 1251.782349
6520.837891 1112.560181
7236.278809 852.629028
461.673187 40.962631
24.791643 32.765797
3295.025391 30.479309
3405.121582 45.611969
3146.456543 135.247940
10890.871094 88.279083
3918.673584 62.084023
349.297791 49.489979
2915.037354 36.912434
1324.048706 2.496327
362.389893 6.146977
1697.686279 27.702902
1466.476196 317.592926
2067.666260 285.058624
2404.465820 205.814545
2384.560791 111.530563
178.609589 23.530224
904.455200 18.659964
4282.278809 9.687427
307.292053 1.706457
3120.147949 82.417488
1394.979248 51.716225
6691.351074 33.244404
1414.639404 26.086338
86.294273 45.691677
565.902283 36.423664
1449.240112 30.139084
6277.843750 40.699478
2589.493408 29.884701
7965.587402 26.438965
334.933411 36.747772
973.067322 46.336929
1022.349915 43.245541
647.893311 22.986557
5933.892090 14.914474
9718.800781 12.095271
6342.267578 184.687897
5001.952637 162.366867
4139.764648 122.091774
753.721863 78.157013
1869.018799 56.688740
147.607193 89.604858
638.192993 117.244812
26364.324219 148.076843
11590.268555 112.264923
178.722168 37.357857
3917.758057 10.897844
227.527374 24.237093
195.218613 203.573044
5020.153320 232.446106
17039.441406 306.755768
7877.789062 355.676605
7435.660645 829.993713
3263.711670 664.587769
868.027954 448.899780
717.824585 275.278473
527.922974 115.194916
897.268799 110.078438
11345.083984 68.886108
84.938850 22.569695
22664.798828 299.881165
2137.040771 156.404785
290.494598 93.086685
782.137634 94.885674
2260.362305 45.145382
4119.919922 19.883501
838.166382 6.773522
3963.884766 4.672700
26468.625000 370.823853
1992.604004 264.792267
5715.641602 165.494141
4984.336914 91.185402
1206.277588 97.398941
1373.496826 74.455536
5114.007812 67.503029
2344.008545 70.982361
15875.483398 201.002808
2651.468262 197.892914
4428.258789 171.891113
1306.997070 133.573441
8.130159 59.392124
3392.824219 97.833969
1147.039062 132.617798
9931.747070 175.498154
9875.064453 331.045746
1045.847900 152.416870
3099.458984 53.751564
1605.373291 33.020760
299.673462 77.439865
11.410944 28.677076
1552.901733 7.421175
10110.332031 3.706493
4358.731445 410.596100
6691.199707 348.470245
1832.786133 254.566696
3188.721191 156.383179
278.600647 5.950480
610.551697 15.274195
940.124207 23.928099
1387.362793 33.854618
27547.980469 181.419724
11384.020508 92.131561
2629.153320 31.749479
2962.402100 6.206193
2168.060059 123.987122
2460.650879 138.287567
2069.176270 158.548523
1307.707275 184.039383
1941.668213 570.302063
1985.195801 366.279327
2760.920166 215.860367
1030.716797 139.591019
1229.022949 345.756866
2154.682861 410.737183
9817.689453 479.084137
12500.450195 455.822418
2255.928711 1208.395508
8568.506836 916.808044
1000.435120 600.793152
1989.973389 393.031128
214.218353 371.728241
2188.459961 366.516388
1710.710205 381.821594
3741.142578 461.034607
15655.267578 236.089325
5527.042480 243.944336
1285.292236 301.402893
29.396833 353.997101
1414.720947 102.156708
2775.115479 21.310413
2893.341797 71.140854
3367.000244 211.040131
6495.427734 1049.647949
1911.054688 860.928040
2189.893066 589.353271
1312.396851 309.290070
969.621338 38.128452
1134.457520 11.888206
1116.803955 7.915563
2077.234619 3.117205
4925.765625 691.221985
3075.209717 484.344543
2410.150146 275.549805
1525.311279 120.322906
394.247894 82.848297
893.276489 36.324936
252.817810 11.290732
4706.229492 6.108924
3958.303223 301.548828
294.988800 270.259613
4753.096680 213.712952
1336.280762 145.965424
1545.698120 9.066853
683.659424 19.980343
3452.544922 37.621555
6167.257812 40.940392
2309.310547 271.784973
76.876465 183.178986
269.803833 91.595421
759.323120 29.341402
2214.822754 66.072289
603.775391 72.622261
9409.690430 72.605873
12052.409180 69.919037
3308.932129 40.297367
524.743774 34.794205
4536.005859 40.862682
850.301636 53.685570
1127.700928 1.081077
2543.200195 4.482419
905.538086 21.176554
2830.852539 51.138699
17204.347656 42.471745
9823.626953 28.471315
1568.879517 16.844700
5405.915039 6.845187
1038.813721 26.114830
4045.861084 34.880226
37.549610 51.674446
6900.632812 48.143856
3374.589600 429.492188
149.084442 294.333130
3649.807373 155.783890
358.024170 60.733997
501.642609 70.268051
223.740128 84.594704
5498.586914 71.242798
3254.907715 47.934677
2434.526611 69.294266
5045.516113 11.332617
5067.635742 4.665473
1003.557434 34.618210
1452.621216 194.781128
234.082657 167.967682
12197.890625 145.347229
1423.661133 149.360046
2529.504883 47.639210
442.124207 106.807495
2191.875977 166.607544
1079.946777 198.938934
295.625214 104.979263
189.202271 107.343811
1479.747070 129.923370
14491.267578 139.504761
15394.688477 365.337891
444.565399 313.376465
3748.738281 225.832550
2530.000000 145.809570
203.813904 85.747681
993.668335 91.369827
564.182495 70.319290
4637.868164 67.619049
2038.492920 130.481384
3546.553711 19.648378
2968.814941 4.345718
1963.054077 45.084885
853.386108 170.479553
1193.199219 108.431534
12611.066406 99.677711
3310.279297 110.154579
956.242065 738.545044
5618.030762 640.788208
7773.356445 474.278961
937.264038 299.763184
124.806107 255.004303
13766.283203 326.613098
14293.248047 384.811920
673.019653 416.190918
17898.591797 238.440155
1660.465454 183.856857
1393.822144 166.633423
323.627289 193.941772
9235.929688 367.569458
3294.122314 431.171509
1993.452148 488.504211
34864.796875 515.770203
4781.398926 1288.669067
6744.556152 856.265564
1947.092163 529.888855
602.272034 374.295593
3071.094727 649.882568
1860.216797 454.757874
2817.031494 379.087372
11085.880859 421.108246
37949.812500 1143.430054
26986.882812 1204.404297
1618.493652 1115.126099
7745.727539 902.470581
389.819458 155.201294
1422.732300 111.887939
11212.917969 65.927460
4194.966309 33.373627
1518.284668 165.722824
10120.517578 180.025848
2397.405762 189.096741
1730.080688 182.497864
998.517883 20.623060
871.856567 26.309727
6687.159180 21.802616
197.903793 10.601223
7521.483398 73.546532
4603.223145 33.410934
1561.965942 12.713024
1391.813477 11.790522
684.534790 290.225800
206.932922 294.054749
6138.743164 274.220886
13435.314453 283.993530
15182.380859 78.145325
3004.838135 69.312752
8214.662109 141.593704
52.906189 233.734314
321.236511 199.428894
846.096985 119.571655
410.532196 134.633667
1019.044373 180.410675
20259.496094 1067.005005
1126.201660 928.738281
346.730591 671.902710
262.680389 397.510986
4033.941895 17.209446
97.837151 14.332985
2107.305176 8.818909
8674.692383 7.868031
1045.979492 18.233814
776.759155 8.047769
512.549744 8.929327
24.918461 14.382925
3968.552734 113.061813
1397.777954 124.116013
2310.058838 169.585114
15617.082031 223.806824
443.391327 209.513016
185.862167 215.645325
5110.233398 184.644775
182.044113 139.970932
408.077484 108.648636
1444.485596 94.811478
1409.370850 71.424927
17217.011719 49.147945
9061.540039 395.976379
2927.162109 263.873627
4135.740234 171.454315
2595.184326 125.689850
29.433609 192.093292
1088.053711 163.747818
94.008453 144.882751
14307.994141 172.401947
5565.750488 7.460874
11960.003906 64.810410
3792.575195 140.805527
3645.192383 189.844772
1832.637573 86.229568
2399.931152 28.887882
6919.847656 17.359898
13488.155273 32.818245
10208.820312 465.694275
3274.894043 416.684814
276.894318 312.252319
609.627258 188.878036
1483.862305 35.410645
6964.786133 81.355080
14932.744141 129.787567
3509.539307 142.738083
36.257454 692.420044
11315.505859 420.189240
975.899109 185.595062
1235.938477 54.948952
984.231323 130.909576
398.522339 129.009460
863.953979 149.933517
7056.437500 166.976791
4016.924561 288.960571
5397.697266 277.107544
1134.918213 226.135956
39.660839 167.325165
15.182242 21.218170
180.357269 22.512169
1447.539795 15.396128
4324.199219 6.296441
16139.191406 20.738256
5995.613281 4.788751
5392.362305 3.738726
2781.175537 12.405006
392.082214 63.945560
1350.941528 85.901924
4368.355469 99.704712
1888.381836 113.138107
510.796448 41.854889
610.113464 11.585892
114.651924 12.863191
321.135284 35.606831
521.702087 7.215152
2423.626465 61.837868
2867.686768 155.422455
23655.771484 212.695312
14878.392578 694.150146
3025.019531 478.783447
179.998260 234.535583
441.886353 59.617294
271.937805 134.382675
2249.039551 131.822067
2990.724121 158.734375
1710.529541 200.633896
10579.505859 461.296082
25398.531250 361.527161
4617.385254 258.023499
551.094116 176.931259
715.452759 100.177521
6584.432617 38.665703
11924.768555 17.626883
14742.683594 29.956017
2703.992432 375.672668
2439.618896 354.752472
2761.996582 286.448517
6207.765137 191.467560
155.960480 8.306816
576.848206 1.023906
2296.358154 1.481051
10814.199219 4.289213
7603.141602 94.472176
13264.817383 77.562698
693.357910 51.669914
1908.079224 26.055199
1458.702515 31.029968
2684.956055 53.989517
1212.220581 71.982674
164.147247 80.248253
33942.757812 16.188848
13469.625000 3.167800
6169.071289 0.589505
6322.437500 10.868378
503.915955 14.984558
403.809052 18.353359
107.464066 18.161507
188.434937 18.515989
4116.208008 284.842499
1851.780396 155.871170
3469.599609 65.328346
196.370132 22.920515
179.429901 4.071172
284.882599 13.185144
1154.747192 17.874746
5121.119141 14.328199
2547.260010 376.253845
3099.974609 208.803131
1273.286499 81.489304
588.410400 16.792542
355.568298 187.492325
3328.776855 131.939270
10844.133789 117.949860
2807.150635 127.890175
8924.563477 438.222717
768.108093 438.885712
956.474426 375.965637
6141.843262 278.805206
84.207581 108.469467
60.391590 113.704620
12251.716797 140.990601
16771.283203 178.349091
2373.184326 203.649323
4330.232910 188.054230
409.706543 158.251175
843.712402 126.601624
965.387756 43.218739
2387.150391 24.987169
3777.700439 7.606629
1041.911987 0.864501
2061.847656 59.438393
143.972092 56.706329
5636.288086 57.509769
1066.868286 54.585045
10.094055 18.222563
752.715332 26.704165
311.942413 37.082161
1523.660034 54.238853
22377.673828 23.265083
4372.498047 5.587950
937.443359 2.982737
1569.198242 9.383838
8.955897 15.360518
1882.153687 39.779327
351.357361 64.497307
14826.786133 83.241837
4386.464844 365.923096
3558.731689 198.279877
3193.531738 75.031433
941.219238 17.450768
694.983704 159.547714
531.221191 93.931107
904.827515 71.788979
2285.169434 80.467148
2701.133057 439.593445
13807.980469 431.393738
4189.356934 362.416290
663.592529 259.187317
3367.817383 547.584900
486.474426 809.156738
3887.832031 1086.613037
2097.612549 1295.314697
5654.810547 307.899231
500.536224 278.548523
963.089233 284.069092
1709.807007 366.019653
228.267395 408.580505
36.214367 373.976227
227.422485 552.405579
150.550995 1068.620239
16092.821289 1603.611938
22458.992188 1046.301147
923.679382 724.622620
6504.325684 535.632996
1907.630859 43.873665
3267.123047 0.395300
2641.478516 64.369522
1182.814819 222.075531
6899.912109 561.776978
13182.697266 464.863953
8867.238281 325.534729
4445.041504 168.982056
650.179810 376.654236
1700.179565 532.859741
541.418640 810.337769
3889.639648 1214.767822
20830.738281 458.113647
2772.132812 318.033630
5529.845703 280.191284
314.124603 302.425018
1275.217773 343.338135
16.622545 278.580841
1005.385864 292.768066
7060.606934 504.644775
14977.730469 1319.156982
6607.240723 822.529785
3170.077637 550.349609
1408.452271 423.147949
1552.529419 156.046967
3830.275635 164.978043
2485.562500 165.757675
4400.086914 142.521835
5082.588867 352.033051
20086.886719 277.946136
2270.696045 206.480667
4286.946777 164.262100
950.851868 110.130219
4234.270996 169.271637
547.367004 240.891174
21857.476562 308.223236
3829.330322 56.180885
4714.883301 50.724068
4746.609863 54.226070
547.534912 72.015900
847.328735 267.205414
2101.018799 302.824310
436.098114 367.960754
10109.172852 471.664948
6976.109375 742.764587
4017.552490 501.600311
6195.363281 342.928864
913.388062 271.939911
2909.736328 140.898727
685.517883 68.201523
1099.016968 76.842964
607.312988 247.299438
2030.993896 203.173309
34596.832031 172.243683
9388.788086 199.864929
2552.195801 200.040344
3194.887695 8.988986
1220.836060 0.973063
3233.254395 17.210794
3864.309814 83.645096
11767.460938 284.830597
2002.594971 146.668488
1476.385864 66.455772
3068.812012 27.989103
114.870499 186.220535
599.609985 349.850250
1691.667480 588.613708
2469.333496 847.106262
1747.495850 29.556763
6245.683594 54.642002
155.728180 74.432518
293.709717 104.970657
1476.292236 129.999847
2982.413574 89.334389
3525.115479 137.363937
5014.431641 285.858490
17403.966797 992.123169
1501.393555 692.536804
420.996887 438.007538
4515.528320 248.203156
1433.626221 46.088154
452.436462 145.384415
477.710327 306.818787
3674.652832 499.313782
1461.345581 9.214009
19361.298828 4.528884
598.770142 1.289774
366.004425 6.490228
54.270645 517.717651
434.719604 646.985352
510.167053 885.596191
8155.563965 1199.973511
3530.845703 899.088196
5568.528320 712.061829
1320.962402 572.735474
2877.507324 499.569763
571.728516 445.336975
4183.412598 417.835968
2320.481689 455.566956
8156.847656 688.529358
5773.928711 1062.311768
13650.241211 656.777588
14969.003906 493.128448
5929.672852 460.534821
1793.107300 88.513687
1819.684570 93.718315
10742.230469 138.595856
7477.436523 240.028946
2010.513184 408.112793
3804.226074 259.958740
5742.548828 164.003662
11005.264648 111.140862
3387.115723 21.240587
13.606449 6.368890
3556.689453 24.582851
14715.123047 134.460205
2732.133057 500.161499
21941.435547 235.005493
27892.392578 96.031181
3841.691895 43.045464
557.656738 122.030113
1686.562500 211.116730
132.421600 369.143219
1294.962280 530.155151
2179.456299 414.967896
13075.647461 336.479919
9335.711914 222.526672
3279.544434 132.352829
306.260254 73.902931
788.249207 45.676685
2804.090332 36.756241
2444.707031 99.168144
4199.057617 528.785645
2083.671875 290.589905
12714.058594 158.835159
4710.019043 102.911407
1506.910034 28.921585
4200.019531 28.249767
5193.186523 34.150341
8671.791016 46.573483
6769.799316 115.936401
98.146622 82.693047
27.153151 55.437794
1001.715149 37.471565
339.112762 53.967793
445.179321 89.945549
5296.797363 162.454346
12121.038086 278.438782
382.029419 14.902777
8887.311523 3.718042
2157.148438 16.958212
990.550964 34.624054
1444.319824 138.153290
1349.786011 205.945847
249.759125 331.513306
1256.153076 429.647034
2072.088623 657.368225
4732.071289 527.027222
2717.233398 337.842957
4937.522949 184.708588
486.456543 226.171097
3681.676758 289.462860
3623.341553 341.045044
4337.011719 345.409058
6158.340820 359.858734
651.939453 284.445007
4109.507812 216.433945
302.214081 193.835419
3052.898682 112.591248
96.306061 84.313782
2087.486816 40.326801
5476.173828 20.745411
4302.339844 400.216980
6869.295898 233.547180
7877.166504 147.714615
5618.660156 122.367889
1700.742798 234.267014
4725.231445 277.502167
1528.505493 375.993774
5761.742676 556.293091
7594.636719 5.104566
11475.876953 48.533974
2956.323242 130.202271
18020.722656 196.130493
293.528381 178.159744
181.183517 124.591843
5652.610352 173.654465
4302.112305 335.350159
1363.238892 715.615662
19505.712891 580.950378
6583.761719 440.167786
487.365997 297.228668
1944.865479 4.973146
3652.590576 3.283854
5878.375000 5.970996
57.369919 15.987792
35599.078125 132.217575
12141.894531 76.662109
5348.338379 36.278797
671.890869 13.853351
32.958839 109.830803
3336.971436 126.753464
380.435516 179.949081
1501.106323 253.428070
23628.343750 176.041824
3531.462891 175.013184
3870.589111 154.481628
4052.043457 125.463966
2014.746582 128.067490
1355.706543 160.231018
1828.193481 221.836044
3933.417480 287.539246
13821.980469 328.938721
11283.841797 264.326813
1044.964966 192.403748
2180.015625 140.083679
3798.664062 126.152023
3121.679688 176.984818
1464.744751 315.418427
5200.070801 553.702454
5423.211426 194.681122
1005.830505 141.666855
2238.383545 127.682869
1357.191162 121.533447
50.236053 122.443260
219.384079 60.760674
4740.733887 18.547398
8625.412109 35.375019
8698.682617 633.456482
6894.662598 425.674103
89.209915 281.703888
384.865570 190.318878
1839.790039 163.965195
594.610535 346.195557
1366.576782 630.732422
7859.284668 971.699524
353.832092 18.801300
165.245468 19.721630
23008.765625 38.584023
9335.234375 75.074738
459.566162 191.063217
3255.674072 197.827332
8332.446289 234.232071
197.685501 303.665588
1041.037109 1006.132935
18615.644531 657.026123
10608.717773 391.995300
612.421509 242.458710
1016.927795 22.081640
405.159485 13.630775
418.809143 58.804665
3875.295654 190.126556
4355.979004 44.720127
7082.093750 23.006697
1246.521240 34.444496
1783.688354 37.891659
808.222473 22.678463
415.700500 18.074654
2896.385986 23.742720
11696.925781 42.287720
2405.844482 204.633514
912.505676 132.282394
2523.452148 75.721657
123.986809 40.094147
2932.894775 84.808182
1285.554199 136.790253
5355.982422 313.141663
5425.069824 592.899719
42914.625000 176.749176
6951.207520 185.088394
6728.202148 166.161484
1484.005493 116.964233
7879.624512 66.208954
1348.991699 16.558668
1948.349121 14.862335
589.410767 106.003883
4863.395508 495.687531
2764.990723 318.318298
7873.250488 205.563782
12759.529297 129.964203
28.615910 4.513256
1583.832642 0.056311
1275.330811 5.718587
3553.440430 24.659801
32776.964844 88.716537
2083.380371 57.636299
144.439362 33.525921
1198.856445 16.034233
641.478394 27.921221
3886.088135 26.108912
2876.205322 51.354103
10633.369141 110.482338
2691.590332 25.769756
985.537598 33.137287
211.260925 41.347481
1930.118896 38.481483
1282.099121 5.313813
1633.031616 15.568594
354.648376 45.677940
4080.156250 104.832321
6153.828125 80.900383
19630.849609 34.131317
9075.739258 12.323985
68.984695 5.024067
622.127502 62.403252
326.204742 37.337242
821.634644 9.974319
1483.052979 2.135621
9362.755859 182.065216
3702.389648 121.044464
33.799938 90.345795
1589.544312 76.987289
3233.740967 45.389523
1529.898804 72.048363
1990.859375 99.724457
3933.771484 125.153786
9805.208008 20.413687
7251.865723 8.921444
2660.022217 10.348515
456.293396 23.528191
3673.969971 145.129700
2960.795898 167.252701
13652.773438 197.661850
15002.609375 226.643036
10448.394531 79.639023
2716.368896 104.670280
1430.103760 121.294586
1156.871460 132.065659
932.621216 11.031815
570.597290 40.761429
8774.380859 112.014481
21431.486328 240.943268
21658.769531 125.818771
12130.705078 42.881519
494.113129 9.125267
8151.012695 2.689120
5174.484375 53.060127
2529.256348 141.904129
3663.678467 348.698273
1744.046509 697.214050
6509.733398 522.885864
24547.300781 254.985931
8864.322266 106.942123
220.049423 46.038628
3490.510986 123.145653
3046.191895 79.408775
5493.771973 59.983753
4667.964355 59.191223
3154.361572 770.819031
11337.257812 558.544189
5506.002441 358.977692
11961.531250 211.138824
43.826942 52.205956
350.464539 51.119278
419.138672 43.876827
17031.470703 34.484325
1489.474609 13.150471
2304.212158 21.486256
605.143677 33.957005
1577.051514 45.761013
66.227020 37.235088
16.819838 72.363029
4764.013672 121.223892
5643.068848 178.973953
17668.121094 49.056175
18058.617188 22.342230
9656.311523 12.049467
1803.939941 17.149849
1329.338379 53.383995
133.930618 87.356766
608.809387 171.602600
1349.126465 361.400940
16537.509766 210.459290
6567.131836 48.362720
4865.614746 7.425414
1072.943359 25.774792
20.517576 63.575970
1306.287598 19.240112
1213.513184 36.260269
335.848572 117.093979
18403.082031 689.167542
7736.005371 495.190552
243.990692 312.565460
583.333557 164.046326
2617.029541 228.040237
249.807541 331.113922
6102.641113 496.369324
599.685303 663.298462
33914.031250 193.549286
9069.939453 229.989044
9212.979492 220.554535
2145.318359 202.031586
3391.897949 81.265877
814.761719 66.413795
2456.039062 44.336998
1589.338379 17.610567
6118.925293 673.307617
6170.686523 424.134521
4629.055664 230.140991
8118.641602 121.646744
1560.086914 131.167694
1605.404541 274.102783
8981.427734 448.634064
1041.219116 608.440491
11752.411133 60.734257
9062.567383 31.450895
5831.494629 19.457239
797.943665 46.329498
2195.846924 550.454224
3099.062988 778.441040
21.430738 1024.940063
380.059082 1172.692993
10509.417969 958.099426
6254.521973 735.957520
6864.666016 530.599121
1174.830566 453.018890
2335.088135 279.908417
3144.744629 249.996613
1801.991943 238.737549
4087.240723 380.944946
8558.443359 924.110657
8814.241211 475.558167
9035.462891 293.858368
747.177307 273.574188
3835.141846 613.567749
3955.267090 764.687866
7909.846680 959.419556
164.788849 1097.609619
33278.691406 527.379578
12367.482422 587.414185
4808.938965 573.098206
894.896729 557.118347
936.854858 267.492371
1202.325928 471.835846
193.989410 847.583862
2116.468750 1372.431396
5840.877930 1256.029907
10224.698242 744.162476
3515.536133 400.307037
1578.047241 241.913956
2218.437988 371.544556
436.607086 295.520660
153.516937 357.231689
7061.937500 603.542053
2478.865967 1255.470581
2234.719238 956.192017
11664.915039 719.402039
570.632263 524.890015
847.086182 401.005524
1708.474976 380.734314
1542.908203 390.513641
3460.384766 460.889008
18857.046875 572.123291
11277.778320 488.290527
7050.295898 447.844788
3380.954834 424.909607
6489.080078 143.505859
3228.322510 172.174530
2041.021362 211.760132
1402.655029 250.407867
31126.332031 552.445862
6361.615234 369.747192
5559.697754 227.585632
841.871887 153.432587
1044.229248 140.969223
3079.411133 272.280914
971.158447 508.934601
1666.227905 764.195557
1366.364990 315.834412
21088.261719 297.209412
2094.390625 216.919067
2611.657471 137.892990
1.214482 253.707855
4836.809570 287.008118
5355.600586 393.931763
6481.143555 622.395935
9539.724609 622.395935
6481.143555 393.931763
5355.600586 287.008118
4836.809570 253.707855
1126.000732 527.002563
1976.515747 460.906494
2848.299805 421.044189
9999.488281 461.993500
138536.437500 749.890930
10359.229492 651.959229
4868.290039 608.472839
144.550415 577.542786
22072.763672 508.147736
1511.677979 712.794678
116.958778 1027.214478
12486.436523 1322.331421
54042.621094 434.737366
8386.083984 515.528687
32094.503906 494.032806
5430.837891 454.729553
7414.356445 322.326599
932.734863 244.605072
4542.033691 184.258698
3054.893799 246.919800
5087.760742 1086.415283
19239.626953 681.103638
1171.072021 466.713989
10568.054688 379.440521
98.406654 167.910706
1803.443359 121.800659
119.347496 102.656425
11446.505859 139.857758
43064.398438 171.241852
3132.246094 187.386124
1858.018555 208.139709
4451.243164 203.877853
8237.587891 232.490265
469.737427 246.202515
5074.470703 297.196350
4523.355957 368.132385
1092.856445 187.922043
1034.314087 240.975845
1025.864868 258.015320
495.169037 246.022339
410.345612 141.778076
2069.284180 279.974182
811.710571 647.513977
3721.373779 1297.536865
5060.596191 701.038818
11467.420898 359.187744
488.224579 198.479172
3308.223389 134.285660
394.196167 159.980850
81.216042 154.976349
4482.288086 207.240295
1937.203125 355.323639
15137.269531 1080.863159
11589.841797 658.707397
2442.576660 372.963806
990.581482 220.626434
4206.155273 101.057816
754.619080 43.061192
1040.887207 7.947349
371.357208 9.575639
7176.983887 1080.215576
8226.020508 707.796509
16736.492188 404.418427
1311.263428 207.754333
364.831696 62.870453
1548.040161 99.967438
407.397400 164.690079
1083.006958 251.974945
7946.574219 52.784527
2026.408081 41.660072
402.730896 41.201809
2003.366211 46.689362
1003.336182 32.061317
2390.721924 96.826164
4794.446289 223.064514
433.535431 422.218201
7950.919434 149.715485
1364.129883 47.333244
385.504791 7.679266
405.130219 6.130188
1666.679443 337.846741
3344.375977 464.855103
1276.862549 648.090942
274.601624 788.819702
22697.779297 825.285889
18960.031250 666.831604
16535.433594 471.151489
3486.202637 338.874512
2922.529297 361.729980
1094.135620 472.004150
882.934570 778.505554
2298.678223 1405.754883
35563.480469 796.595703
43282.269531 407.560272
1491.767334 298.542419
6236.147461 314.956604
1809.437256 297.313263
3001.666748 155.442932
1595.746216 39.352844
3284.813477 10.874441
1826.162842 1373.044922
2238.333984 973.351379
5077.401367 666.606628
5933.987305 455.351624
2492.752930 241.117615
1453.830933 408.665161
3896.008789 649.438843
3189.691406 954.252563
1465.098511 30.524164
7440.778320 1.401856
188.086319 44.731667
4101.422852 126.447578
157.314209 474.722900
3600.232910 476.077911
1372.331787 599.877258
1992.093750 803.953735
5539.656250 1437.150879
19138.683594 1153.412842
1300.278931 854.497559
14496.779297 609.232788
443.785980 53.951981
1857.090088 14.073741
405.005676 51.615650
4876.101562 221.126480
13557.261719 242.216660
2241.337891 160.597229
6520.201660 133.482727
3448.834229 104.736900
2961.399902 20.120689
2679.169189 7.359842
1039.776245 8.058867
5452.226562 20.506351
20852.367188 265.884094
2615.868896 182.993423
7253.999023 107.326813
390.011078 52.008778
3285.545898 45.316956
78.909569 130.354721
1649.051636 335.524475
2069.127441 628.691711
4433.032715 28.561966
1660.849731 64.416862
6907.465332 70.745018
3135.856201 47.482342
8693.022461 201.600708
2422.371338 226.053131
7358.097168 255.003998
22638.179688 316.205994
17808.816406 630.114807
12010.316406 377.704163
8530.156250 234.694168
2871.830078 190.696381
1700.925293 335.251648
3074.525635 329.656982
2928.712646 432.030823
3932.742676 724.608398
13017.500000 440.630829
8750.008789 332.748322
14133.236328 335.662354
5220.812500 351.108978
8800.250000 393.409576
1470.243896 412.629913
802.484131 445.909882
2266.073975 430.813416
55040.941406 825.729309
438.234314 723.819946
5691.078613 569.233459
6027.610352 442.872955
1598.748901 8.071886
1602.255005 60.111195
860.026733 280.924683
4494.050781 736.730896
1080.414307 247.422348
5978.358887 80.210197
457.905212 35.489891
1632.708618 20.234165
20.766701 78.250137
2292.189453 60.635864
8962.775391 69.071381
1137.999023 91.219154
11995.731445 838.983093
4905.625488 561.656860
8738.318359 317.490448
5316.927246 154.709061
3573.401367 130.967270
3659.019287 140.721405
395.259369 244.544235
4049.125000 484.406433
16220.008789 22.170567
6742.886719 46.271057
20530.308594 107.242462
1982.304443 138.025879
807.031128 23.213480
6659.301758 41.691284
5468.713867 156.403198
1082.755615 407.581085
1069.082031 855.584961
1821.493530 466.423706
491.019165 213.155243
2825.293457 76.641991
72.957199 56.286880
904.284668 78.037971
2078.529297 146.639740
933.432556 285.023834
21181.677734 469.550903
3552.590820 257.969604
576.175537 129.359573
574.854431 69.924995
3931.140381 213.796860
354.049530 271.961273
913.613403 360.250885
4588.049805 469.717010
6808.534668 537.651367
5719.015625 367.108887
5674.970215 250.598282
2157.517822 201.364395
1098.324219 510.790894
306.072693 1005.648010
833.073669 1745.728027
3580.333008 2712.364746
27260.511719 927.158020
1488.672607 393.992065
1297.022583 185.135300
1069.968750 238.379501
3621.219727 697.737061
507.899048 321.307068
1220.508057 145.212341
3414.458008 433.546204
15431.561523 2905.889893
16619.560547 2043.022095
4065.418457 1488.052979
3055.654053 1088.186523
2970.961182 140.294174
6615.186035 168.505325
4122.331055 221.663895
367.201172 289.501709
9792.158203 249.527054
434.447449 202.653442
4646.184570 163.411865
655.010376 139.951614
186.270660 148.892853
495.849640 130.249832
4770.791504 140.573318
6787.237305 160.702148
19857.589844 267.599640
1896.639160 282.031708
2683.385254 250.766434
807.900085 196.153198
3951.063721 429.347473
175.643082 704.005127
5508.186035 1078.266846
522.665039 1369.911133
9478.058594 645.723755
1873.613770 604.862000
5097.572754 459.554260
585.224609 357.165802
7997.009766 745.510010
4325.883301 806.510376
6336.006836 835.527100
4525.311035 926.929016
48816.417969 1832.332153
900.573425 1131.245361
4478.130371 762.800232
4828.083984 684.303223
5966.964844 310.731659
2620.177734 185.295380
5606.999023 148.932098
10776.660156 290.523499
18707.818359 521.163513
22114.835938 472.588593
2091.320068 467.081573
362.785645 422.134399
461.176178 59.547382
4156.206055 71.980232
4506.078613 138.634232
4547.165039 215.340942
12854.020508 291.959473
23562.134766 277.830322
17784.509766 202.955658
1820.195435 112.755257
1078.824219 71.564339
1241.333374 132.547531
1801.787354 239.056885
20261.277344 388.306396
37765.878906 85.506706
15112.041992 45.375656
1464.512573 35.362408
3861.082275 43.562271
4915.520996 59.854313
1050.205933 181.140182
239.988953 439.915222
372.996674 873.141968
45303.765625 504.793640
15952.958984 203.932373
10497.523438 62.475143
9321.591797 25.598972
8037.421875 201.031067
1546.676636 50.851067
4084.788574 14.883131
3115.763916 187.380692
2846.645020 979.086609
2488.545654 716.143616
2908.263672 534.803711
4553.202637 373.896423
774.147705 36.022652
438.163300 92.127319
352.092102 181.210831
1171.153198 296.145386
3078.967529 116.399902
5644.570801 52.333477
4523.264648 18.033932
880.690186 12.288771
1342.282837 266.608124
1909.937256 354.135620
3342.851074 588.447021
7289.149902 943.711853
13159.046875 433.602234
7752.915039 392.298431
1384.304199 343.918213
117.424286 285.985931
147.465424 357.784668
3216.721191 281.154572
948.977661 175.964706
2363.806396 136.280502
1043.803223 1030.545654
23052.189453 655.956909
1227.143433 459.639435
46.669098 393.429382
717.433105 471.526520
9201.163086 705.352295
3172.476562 994.470337
422.092285 1256.597168
1949.264160 143.262390
5308.533203 199.943207
13946.369141 250.824951
1329.272949 326.429199
47.748028 325.715271
264.039398 287.768524
2864.366699 358.649445
648.999573 583.182434
58250.339844 1251.029175
42110.027344 880.739380
5257.308594 614.073486
5903.029297 436.013855
3621.768066 529.969604
3313.195801 505.080872
50.013012 587.675171
4898.366211 795.874329
10839.252930 546.975525
5482.273926 597.832886
3460.315430 624.971619
7173.048828 593.564087
1828.999878 106.824112
2777.639893 70.586411
2286.789551 54.858097
2117.012451 66.913300
4520.594238 682.020203
12749.388672 470.858948
2120.841797 294.616089
9187.833984 175.243210
532.704407 50.702713
452.520630 54.431759
1177.121094 70.255280
2727.779297 94.367203
7141.046387 47.595028
2005.418457 57.791397
488.669922 60.007500
1484.347168 55.302963
4802.794434 131.320572
281.617615 230.940933
373.660767 432.808197
2550.654297 696.643921
16090.882812 266.179321
2566.341553 223.678314
6360.854492 170.881439
10878.470703 125.372406
1090.659058 60.444073
316.269501 32.370995
717.933594 6.899351
14807.656250 3.820653
4585.329102 510.694641
1242.221191 315.442932
299.906860 176.570007
3161.949463 99.304382
275.652588 28.325146
141.927185 108.510628
1919.313477 237.662888
2719.379395 370.799988
22250.173828 159.052155
49795.542969 116.151047
18696.830078 56.979973
8664.154297 15.866838
3271.827637 117.966965
1627.252930 93.825920
762.340759 53.948647
10498.490234 53.455036
569.258057 327.967163
425.075043 167.087021
7720.403809 108.268280
2570.225586 111.416489
2673.513672 73.492966
3338.423340 44.104248
3204.465332 15.743206
4843.208008 7.038135
3392.184326 22.232172
12630.734375 46.727280
9555.269531 74.065140
2485.142822 85.773239
1382.616333 166.660400
7.555778 186.383881
993.361267 219.071899
752.103394 272.338318
7202.379883 12.481727
6782.899414 53.972733
3047.044678 104.295769
471.221252 143.199341
1095.675293 141.314606
18.793797 56.116810
964.786865 1.712891
12749.588867 40.046749
6969.633301 392.107239
4968.266113 293.171570
275.091919 247.281540
2441.399170 207.762054
2091.503418 105.684494
2123.633057 213.336121
6565.101074 484.659607
898.331848 897.607788
27321.052734 25.859945
4732.840820 73.996979
2664.080566 106.868851
243.929321 100.211777
587.111267 84.746948
4143.263672 39.992054
1875.103760 11.993958
6006.192383 0.881302
7199.276855 1059.384644
1650.230225 693.076599
2122.681641 384.474457
1683.794189 184.693939
2009.106567 124.884308
2727.376709 172.570602
2186.008057 250.966980
42320.476562 367.799652
5769.629395 18.366980
3860.465088 19.626907
5099.934570 51.181332
2072.093994 88.565063
617.282104 14.204894
284.856079 18.378006
2526.509766 65.495071
1866.037598 128.423080
22079.410156 490.062286
23966.160156 346.035767
11141.566406 192.511292
2375.632324 72.821373
2693.484863 42.737850
5.336064 33.755405
1917.012451 33.208244
4546.823242 47.930435
6730.056641 108.023346
7308.821289 83.195717
198.885529 66.666672
3274.406250 54.201752
1071.832031 63.156269
2865.882568 69.160248
1120.033813 127.699150
1072.970825 240.063385
4774.841797 52.215866
10009.261719 78.187050
3005.704102 92.197205
722.084839 81.910973
2206.784668 20.080692
1349.700684 57.360111
2344.823242 104.811836
5576.820312 161.600647
16545.343750 258.657715
11849.468750 123.092468
870.990356 36.844940
223.024689 6.656642
1851.382324 22.035143
830.465271 24.654039
9747.099609 111.524101
4239.422363 325.091736
26331.712891 220.570435
9577.036133 112.655334
5147.507324 71.303146
3745.581787 47.137783
35.955265 350.396454
92.384354 457.131195
13165.488281 634.301147
1045.026001 792.425232
48.867203 505.596863
22205.000000 505.979431
5948.756348 430.118439
1216.342163 352.071899
180.459595 25.524807
1253.044922 11.248135
1184.942749 48.479893
10185.391602 204.844452
12021.015625 769.031555
2695.002441 384.734009
1411.349487 163.286133
11958.644531 65.108788
289.634552 21.204788
1323.343750 40.265629
149.191940 94.568352
4491.110352 180.772049
1074.633667 588.553467
3230.781250 347.619171
11193.395508 161.967590
974.161621 54.936417
169.804199 35.613583
1014.358398 48.013916
12.630219 98.417641
6366.011719 192.856155
3487.656006 71.273102
779.720520 54.719467
11107.560547 49.180206
450.866638 41.793671
686.722290 12.066771
514.708923 95.984879
1587.104004 381.058044
596.993591 931.543579
3390.525879 234.304245
1798.563599 62.312313
2925.400146 22.283638
255.185944 12.655083
344.076080 100.942108
527.594360 44.097603
4722.465332 13.476055
9304.344727 12.971798
6580.480469 1079.979492
16102.732422 723.891235
10546.262695 419.493134
1041.657227 213.894363
5537.366211 64.243851
3459.320557 37.040565
609.064880 17.612392
10536.092773 6.929499
15677.226562 122.709305
25666.816406 128.793991
21310.644531 117.992409
13384.490234 93.936531
2432.848633 11.676439
3632.947266 28.505283
5256.813477 53.036644
25530.945312 74.527924
42730.859375 74.660538
518.225952 50.836380
10123.399414 25.852413
8114.338867 10.520109
7379.251953 2.824449
368.624542 7.832266
1194.983154 58.338150
2316.258545 148.821426
52387.546875 56.684437
29578.609375 62.318459
23348.917969 52.472935
27462.115234 26.478384
5702.018555 24.968500
379.836487 70.336349
10098.669922 145.071838
4163.870605 246.522614
3864.283447 60.174103
1266.981934 17.928352
3048.580811 1.150968
5168.184570 3.670637
610.164917 124.198845
2591.166016 168.632019
1820.610596 409.445618
4080.264893 821.078247
7150.864746 442.544495
11897.890625 408.375763
1964.006226 331.481506
535.324707 212.468246
2873.525635 146.352264
92.421814 110.779800
2238.779541 75.122246
6616.668945 56.861473
28922.804688 508.862854
2740.166992 361.634949
7216.457031 252.781448
434.976593 186.820892
4728.251953 65.252533
295.968109 97.680679
1773.722900 192.814102
1019.760010 357.683502
5163.713379 0.483904
18385.726562 18.762903
5485.748535 47.235573
2617.330566 60.053295
599.044434 166.931427
4479.802734 196.627441
2788.881348 217.885696
1454.141968 254.829300
4808.882812 775.813293
3889.181152 438.104095
4467.014160 230.522430
937.317078 157.311386
1083.936523 161.149536
2213.099609 162.614151
4396.077148 182.140060
2945.402100 197.411102
15140.773438 282.780731
435.799438 273.627899
4877.791016 233.519775
207.965363 187.906006
4095.249023 15.741801
969.687744 10.910104
2898.826660 17.390953
3758.286133 38.779388
7084.412598 33.461426
32604.511719 31.588018
9017.727539 29.962261
5164.260742 24.249973
143.585098 275.176880
53.873825 435.068909
477.008850 641.091919
843.336914 871.087402
4687.676758 53.018154
12778.390625 42.029099
5236.515137 83.096344
443.704346 160.761276
440.186859 171.463959
1486.583862 114.589325
6009.273926 232.226471
8823.347656 658.380066
9432.714844 1362.052734
8721.757812 793.896118
4272.854492 472.049622
179.893280 293.597961
330.276031 327.127136
1834.484375 417.345459
2091.743652 577.921021
2246.271484 790.161255
4601.030273 463.038605
11455.010742 378.203705
5386.890137 323.585236
1994.251221 301.745087
390.517487 212.617340
1745.013916 161.005219
6435.624512 126.558182
1621.317871 90.418533
8325.945312 1456.505859
12974.288086 1010.640137
6019.377930 611.590149
456.058777 344.209198
1515.903687 173.018723
2607.325684 290.665466
509.196075 392.762177
5542.389160 452.412079
15701.093750 39.632305
6588.377930 7.255593
4393.547852 14.888255
225.345093 72.721779
1061.478271 204.042160
2058.640137 243.094620
6791.894531 259.315918
14046.212891 247.943451
8690.028320 348.646332
2262.034424 239.543991
10114.550781 176.112762
925.462769 170.302582
848.325867 80.686295
87.090118 108.228737
3475.169434 89.408493
2925.874268 32.880630
15144.811523 623.153625
25978.904297 319.393890
14904.875000 123.604713
7117.795898 59.803627
4695.869141 74.365227
2135.129395 66.376167
954.990112 85.295563
2404.263428 168.217468
3615.828125 12.229144
13.200748 4.593456
17412.759766 38.809574
129.809052 69.694031
841.919312 53.119469
533.500122 37.905239
3478.474121 34.987644
1281.531250 33.491074
10696.872070 198.821213
9744.742188 175.590057
4804.795898 132.078949
4162.682129 86.231857
1052.754639 40.972202
5805.490234 101.429718
2889.000000 178.650085
2870.132812 253.938019
8307.543945 64.792595
308.263031 29.669868
554.617859 7.698742
2472.968750 9.163247
302.489746 94.059814
344.641754 63.741009
5541.882812 23.118492
3295.782471 1.719794
3153.885498 252.324722
13669.977539 163.509552
5365.580566 120.694962
261.886627 107.055855
351.782227 89.088196
1158.707642 76.364265
287.906738 45.571144
24721.320312 32.341049
34307.531250 27.090740
18287.564453 1.354287
5726.348145 26.483156
726.363953 67.707542
1219.309570 228.391479
57.708946 133.708954
658.030518 146.463959
10382.825195 325.961121
7086.125977 117.077469
1554.194580 232.350235
13362.568359 325.579254
2315.884033 321.324829
579.475830 208.654678
1198.402100 158.038986
1501.169922 147.338470
6431.713867 185.431061
13626.660156 144.701508
11144.191406 234.150513
6808.527344 278.098877
1280.213623 262.606995
84.368103 216.699936
5392.150879 218.058594
2328.711182 323.031128
11062.757812 506.753601
6333.712891 227.129837
662.082458 318.423248
9982.518555 333.852844
4193.862793 279.952454
463.277283 3.424553
508.376404 9.153582
5995.349609 77.583954
10053.322266 230.207947
20424.953125 323.967743
7120.472168 180.588913
13559.042969 90.007080
626.489868 34.102333
4009.787109 156.760117
1115.505981 217.124451
11500.792969 281.399750
6799.841797 314.605560
12238.375000 270.153473
2115.144043 214.574295
1795.239868 157.570435
9901.847656 133.015366
1787.456177 25.938721
3089.788086 5.077255
72.307434 12.721560
1201.804810 41.564629
44141.613281 517.436401
16675.300781 353.748871
17594.894531 201.034332
4502.928711 88.685410
1993.232788 13.216482
1077.655396 21.189671
7620.192383 35.220264
4490.289062 55.114288
6773.619629 34.729580
742.398315 20.738531
2949.864258 12.944999
2781.087158 10.593429
609.876160 7.302269
220.365509 3.393609
26.290775 4.746813
1510.043945 7.431891
19007.000000 136.119217
6155.425293 93.493851
20801.607422 52.286060
8017.596191 22.493347
2097.517822 37.403851
2516.138916 48.947403
833.117310 77.958420
900.930542 146.801727
31746.765625 48.116051
5880.515625 6.139046
414.155701 7.015404
2039.940308 23.830229
2581.382324 117.117569
241.080902 133.101990
198.196014 157.241882
2990.056152 167.049561
5448.814941 198.876343
10428.761719 186.452545
5033.977539 153.759995
4544.034180 124.588356
2576.515137 47.880478
506.647980 63.348541
4998.216797 133.428833
2132.457031 274.513367
3814.862793 137.802734
4927.736816 87.615814
9525.014648 68.578690
8560.170898 56.528461
474.708618 28.240601
2863.783203 26.663889
318.277588 30.425089
10738.670898 52.105724
13679.199219 162.526672
7748.811035 89.258629
2753.889893 48.190296
89.014687 32.419769
229.029602 8.251004
5943.501953 64.282768
1402.382324 193.268799
20543.484375 390.585571
34547.375000 72.090973
9173.123047 33.838406
4006.085205 14.303709
9138.023438 1.447404
4184.081543 23.473867
1564.431641 93.490799
4129.154297 290.858368
1318.165161 645.869446
8119.030273 216.464111
3487.651367 83.436256
2438.064453 34.986511
1499.039551 18.150537
1192.776245 144.570755
1153.717041 95.122940
2327.289307 157.898239
6852.611816 360.115906
11615.655273 781.690186
16964.294922 577.915955
3322.783936 407.795959
5711.324219 260.453217
4778.800293 1.354841
4143.937500 23.911316
1181.943848 108.352303
2377.111816 278.171204
2126.449951 115.576141
17.910608 40.375488
2308.495605 14.219563
2967.325928 4.741566
1903.510986 122.810432
180.290100 138.075409
8641.194336 253.668976
3241.482910 526.511597
13311.700195 487.917511
5108.287109 280.873657
6398.931641 186.897797
1146.236328 145.778442
6192.180176 237.262177
429.055634 294.436005
940.884766 394.428162
2056.969727 516.672241
3833.984375 664.873535
12129.444336 475.729126
1520.174805 326.084869
7711.276367 244.066605
2008.573486 218.337463
3372.169434 226.618103
1063.950684 184.741501
456.835510 100.328934
4623.491699 500.023468
627.641968 329.043335
5869.089844 223.548004
3464.551270 198.352127
845.867493 109.279808
3818.592041 110.244133
1559.096436 171.105621
839.276550 376.018066
15190.710938 112.642235
13123.035156 12.047068
1298.030396 36.807178
3180.308838 89.733658
1079.395142 149.799728
5039.385742 93.244156
1016.642517 52.889664
1704.113037 26.218952
18732.437500 385.995880
4019.678711 356.064697
6849.312500 294.883820
5250.123535 220.428375
67.505753 13.494242
266.116943 74.003006
2320.197754 200.017380
2970.582520 381.683533
4684.491211 38.636234
3886.809082 16.460304
3543.506592 6.209273
1314.822632 0.113084
297.238464 8.241732
562.123657 63.419975
368.488007 203.682327
2933.777344 464.604736
4633.257324 427.285309
4593.487305 179.786163
6279.197754 51.412273
5669.397461 4.777601
348.130920 329.833527
709.436279 297.331512
559.047729 257.023621
411.507324 193.435669
1554.406006 588.928101
17186.195312 530.590210
13142.001953 448.561401
7056.557617 376.940308
111.659302 16.444740
873.456299 18.443245
3395.048828 31.780561
4813.108398 86.112625
9965.473633 418.517853
12015.325195 202.026047
3167.803711 75.148712
965.599670 25.515297
650.538330 284.742462
600.572571 376.406006
655.922119 510.416718
1253.803955 659.327942
4650.652344 83.820358
20704.865234 141.453766
5193.801270 190.693298
93.459183 231.087296
2302.504883 23.819124
1299.410889 27.793760
3145.685303 112.094147
4120.456543 323.468445
3228.381836 758.919067
11042.888672 408.007660
252.812317 188.059937
3415.097412 72.978699
1048.913208 64.937149
763.318542 77.209656
5707.792969 123.171478
1174.403442 185.572998
10904.960938 504.098480
4973.659668 346.784302
1830.431519 202.883667
2341.173828 104.556519
1462.064941 328.397400
993.398376 415.345154
7310.902832 683.137085
1002.912048 1140.929688
6493.259766 328.366852
16601.191406 324.441132
3298.583008 344.517456
4431.448730 335.613800
262.282257 34.451607
3799.773193 4.570702
14817.088867 57.050163
7521.532227 241.269348
8168.580078 854.407104
16552.058594 499.295715
5314.383301 260.411774
8632.193359 116.754311
1204.531616 2.123515
9335.388672 38.816685
7291.096680 146.686508
2473.330078 345.262421
36074.910156 279.824341
42726.738281 130.334427
26832.697266 47.898445
2101.556152 9.114962
951.029419 169.412292
3487.169678 125.054718
4429.022461 96.561203
2309.858643 105.266525
3154.908691 634.880737
1803.676758 455.182556
6964.861328 318.465668
7571.382324 228.546860
934.817322 210.238846
3061.254150 324.110901
654.382812 426.601440
8853.148438 480.776672
33131.273438 52.770744
22799.589844 52.867943
3649.611328 68.822166
3548.168213 119.535217
92.843254 78.985840
51.300041 26.681044
1785.989624 13.278642
13332.132812 88.882225
14453.038086 471.305328
4847.674805 299.565918
1293.080078 198.582108
646.342102 135.664551
316.849243 167.405304
3952.966309 265.914368
7770.577148 380.118988
2067.706055 504.172668
6364.804199 32.665375
5386.848633 5.584785
1589.282837 28.540989
2049.083984 86.499100
168.699921 573.176880
1377.827881 578.689514
3758.213379 630.129089
5869.570312 673.399719
3283.601807 974.370300
19343.349609 905.221069
1938.510864 772.698181
10439.804688 643.241821
1442.924316 315.248688
3669.206543 366.985352
167.901169 452.292908
4009.548828 613.082520
15434.464844 564.954041
3745.773682 355.581299
442.982483 273.771881
6199.007812 277.082672
491.007721 218.204803
603.305908 335.287384
16041.313477 497.772522
2647.462402 632.508606
13130.662109 607.810730
4153.637695 456.033661
3264.029297 296.760834
755.902466 202.654480
3586.985107 14.534992
230.478577 46.495674
4015.615234 178.145172
5207.756348 450.128693
28963.570312 227.651062
5493.296875 94.097260
7580.356445 43.808590
530.322815 23.753338
1239.035400 218.947510
2597.461914 226.798645
3904.416504 264.880493
3596.236328 254.767197
3468.075195 1085.242554
7135.163574 841.274292
955.397644 546.652832
11984.761719 318.859253
457.523621 76.889252
466.417297 128.542984
558.401001 149.018661
4964.422363 175.932739
29212.675781 499.369080
16009.261719 185.476288
1918.597534 31.323292
2250.358398 19.644831
2346.634033 225.886292
1820.148804 226.521515
402.826935 226.828094
2611.081055 210.216461
31296.031250 307.195618
21944.828125 297.079163
5693.769531 267.343323
796.360291 239.058304
41.175953 283.183502
102.442505 348.004761
1586.710815 510.897766
155.194061 778.566284
8911.618164 245.909790
18012.308594 238.648453
3586.785156 257.795715
5202.195312 268.933594
1421.993164 22.794781
304.652344 41.126137
3176.305664 153.288574
1180.982666 387.890289
1432.100586 469.100037
11075.427734 264.325592
2103.253174 136.895203
6051.853516 60.524822
496.876862 246.119781
145.534317 254.682129
4021.774902 269.162811
673.447144 334.955658
7853.094238 932.811096
13012.651367 558.326782
3738.644287 336.576721
1871.043945 253.722046
1690.760864 662.203918
1891.475952 781.850586
4802.500488 827.107178
16792.841797 756.181702
16728.355469 373.558624
2891.348633 396.620087
3039.996338 439.941284
8123.653320 531.828186
1243.447632 585.465149
5517.264160 728.351746
7640.764648 1205.491943
12717.937500 2144.101562
45349.613281 1132.144409
9285.979492 733.805542
22758.490234 610.689209
2194.888184 581.682678
6663.098145 745.043091
1621.358765 611.956482
1761.692993 625.258789
5644.144043 735.313416
5536.012207 2093.759766
14024.355469 1808.951782
17329.261719 1419.269653
2581.218018 1031.649414
1087.242676 15.077250
595.543945 27.489054
1352.136353 107.926826
10804.632812 295.362488
881.260803 189.763443
10863.765625 78.214699
3779.321289 38.223186
10578.522461 24.659439
624.174561 5.923121
1758.065430 4.968083
322.717468 16.706314
15828.611328 35.390404
1815.998779 499.213196
14878.033203 302.497192
6782.201172 140.993164
1116.567749 43.248913
1943.760132 28.317598
1760.303467 4.026304
2501.068359 6.319322
2726.835938 58.576065
1536.373779 78.695114
4794.507324 60.706387
6145.058105 59.457703
4672.047852 51.410633
68.061256 76.486069
4.026320 107.845177
2198.897949 168.307297
2237.520508 254.157166
10943.371094 28.926865
13235.181641 38.796169
3006.224609 52.723953
1909.941895 63.100334
1546.942017 80.995491
311.876343 68.814949
5256.825195 55.470955
2342.463135 38.654633
4787.149902 344.049286
1245.613403 245.761536
133.158295 160.875519
651.558350 106.654739
702.493958 147.097855
578.205750 294.339417
45.878422 502.119720
318.223999 753.678711
19603.078125 77.730820
13438.925781 13.438477
578.433960 10.954727
450.785553 55.785137
335.261780 414.741913
2245.073975 496.771423
6704.103027 578.679688
20779.230469 631.861877
15715.829102 1162.668457
3292.781494 796.974365
1546.862061 524.138794
465.192261 401.833344
409.660278 88.718048
234.634857 7.807221
1901.051025 50.498169
2701.161621 314.724121
32002.410156 341.131012
66085.539062 232.828354
9875.099609 211.431808
2402.858887 175.766113
711.784058 44.198410
8876.654297 52.071815
9306.688477 92.175797
728.726440 181.034485
5727.932617 355.072876
3774.339111 204.272339
5015.989258 108.845161
8906.983398 60.689590
678.604492 203.719116
424.970032 181.942276
1792.192383 168.658646
9439.143555 154.494370
12991.141602 392.846741
7793.997070 353.190399
708.388428 296.275726
2236.284424 242.163635
483.092102 99.984261
157.217743 209.249680
2962.242920 410.894196
23848.750000 750.785339
14569.460938 396.456512
10840.765625 133.260956
9361.641602 35.376617
1152.883545 41.139332
1590.026978 83.297539
2069.050293 16.806263
5934.939941 2.698278
354.626373 47.820667
11652.297852 795.318542
13726.677734 575.220825
7122.284180 368.068390
1244.510986 200.698837
334.570740 13.790299
5043.435059 79.655998
2061.487793 204.207458
3431.576660 377.765106
19043.283203 199.616577
13142.877930 98.039368
6064.429688 31.657640
11249.354492 1.295267
3525.469482 157.035767
4657.555176 377.727905
1797.196045 766.681519
3306.839355 1250.735840
6903.007812 711.439331
2709.785156 448.507080
1622.164917 236.225250
1584.936035 120.857643
4185.873047 579.524902
63.736286 500.821899
178.430511 449.746338
2298.493408 474.927582
3429.488037 1336.912720
68.132820 1030.596802
1775.167969 812.272156
1665.790161 674.322510
226.651901 410.063507
1249.344849 468.119812
388.006470 790.693359
476.306610 1441.355469
10217.341797 240.051117
12180.800781 302.008789
2041.736084 412.496948
3117.335449 442.015137
394.493500 17.869745
571.950562 76.379936
5957.682617 311.895111
2389.403564 746.392761
6229.761719 1818.711792
1153.058716 1041.656982
1984.559570 472.293549
1703.262329 139.469635
3719.425537 83.139801
314.926636 45.903717
277.165375 41.282776
10161.967773 153.239609
2266.959229 914.031189
1706.299194 479.744781
9448.560547 233.267349
1544.581177 128.863235
170.074112 110.889709
683.292725 106.003220
247.909821 123.019035
18.748283 156.478592
7083.356445 421.365417
5526.738770 312.766571
2775.563721 214.985168
1581.532471 145.775726
3832.359131 21.939909
926.158813 30.688898
960.234497 40.282257
14089.396484 51.144829
2501.127441 305.039612
340.484833 172.921692
866.821960 77.072815
36.841156 30.199818
223.630447 109.972870
848.637329 90.498062
1362.557007 89.072334
10602.275391 130.627197
28792.220703 37.593735
1923.352539 60.532471
1996.804565 97.167221
5471.230957 117.206245
4588.383789 31.641779
2016.223755 85.317627
3592.664551 176.380707
3548.023926 295.302673
2846.097412 72.262321
10594.754883 34.224297
3252.094482 14.330843
1181.302490 11.275393
178.140228 110.684341
180.405426 85.835030
288.491272 34.392036
13963.852539 1.574271
13973.343750 474.635071
9961.218750 257.155792
805.721252 143.509323
3574.236084 113.610413
680.409546 109.453255
763.347351 102.041222
2405.671631 106.393799
4860.197266 164.895752
6642.003418 16.501080
9784.172852 4.811727
3815.798340 46.552826
1146.324829 92.322311
1410.274658 340.829590
699.164734 386.395325
2830.075684 482.850098
4567.102539 596.238403
5441.730957 231.647308
2820.518555 312.936188
697.678406 344.034943
1847.570557 339.480347
597.948303 259.825439
2631.138916 262.391663
4336.597656 221.930664
1130.560181 134.732681
18777.898438 551.723389
3711.085938 404.080170
1205.692261 296.467163
4357.205566 255.137115
572.153503 82.028114
537.518005 159.760712
709.282166 350.433105
3778.111084 688.532959
12567.438477 76.242630
7057.981445 6.609332
1822.989746 19.648596
1048.845337 49.859581
232.135208 158.583237
1928.508301 196.257111
239.352051 276.306030
1075.920410 330.476868
188.073380 1269.338989
677.413574 878.954834
4388.223633 500.090332
10742.243164 246.490738
5323.293945 465.656586
5832.657227 656.668274
1161.548950 925.157959
30998.771484 1234.739746
5198.346191 215.337524
10661.187500 223.788193
1960.180908 271.303436
7224.266113 346.160400
342.477417 475.766907
1236.486572 549.497803
1359.167358 873.834106
9146.656250 1585.330200
16004.959961 1400.813843
18363.318359 849.396362
2974.137939 600.667664
785.016968 506.563080
14229.838867 804.354553
3848.708984 687.427734
8801.810547 721.568542
7048.677734 898.317078
42517.632812 2112.605469
12540.651367 1766.495850
22856.443359 1393.554565
7809.469727 1053.819824
2117.872559 144.115479
2312.359131 85.520523
863.335083 50.849033
2671.435059 43.458927
6324.367676 524.795715
17690.101562 429.507874
11442.750977 323.497742
847.313049 224.824722
14.760359 65.674858
1334.445068 46.719620
786.968018 20.578218
6395.625488 16.479284
8919.211914 47.236717
16482.507812 25.314880
2167.936279 38.972168
976.269775 60.880474
162.427139 390.892517
2464.308350 548.848450
1569.689819 902.972351
2553.633301 1417.892456
11926.296875 127.616913
4086.585938 241.597031
10504.454102 328.096313
8079.175781 355.405457
219.037277 270.893188
439.105316 166.207275
4383.681641 133.150116
543.069763 188.368744
12198.763672 1584.807373
2029.779663 1139.362427
7761.855957 747.695862
775.628113 457.821259
1056.910767 40.680389
91.805954 79.277382
1972.863525 127.082031
3327.778320 170.480316
5968.311523 2.246313
7413.600586 4.868507
6392.263184 8.053794
1529.596191 17.653437
215.628998 266.536072
2327.014648 318.481445
819.041748 395.934174
18559.126953 472.034546
14516.500000 251.499969
2782.496582 259.875061
1707.720215 253.600464
9723.376953 248.699921
739.950867 123.602798
47.386478 78.186890
1081.614258 65.798347
18006.916016 156.342514
31066.656250 606.959473
10792.808594 354.190643
8811.513672 223.005737
3527.383301 165.357452
7848.317383 245.050980
1442.664062 345.041199
99.519188 585.795532
2351.040283 910.411377
32648.380859 152.340027
7219.273438 255.824036
3939.154297 284.471558
620.969238 254.171600
6960.895508 221.295013
756.634521 239.187958
761.138306 259.621155
1947.515137 271.161774
17063.070312 701.330627
1677.818848 493.754517
2633.447998 328.869354
2273.249023 240.099350
6354.891113 66.782707
3044.524902 175.193008
1299.430908 348.014130
15963.342773 577.087341
4750.041992 730.110229
90.586380 377.659454
5560.171875 143.819641
2068.121826 46.039162
426.306396 297.609222
786.928650 221.398529
4.616561 139.244095
2660.953613 83.225922
9257.920898 347.966278
38507.031250 352.598907
12420.186523 358.290802
2850.414795 344.602386
1012.303345 25.141768
904.158630 28.671549
1021.557983 25.895279
2171.310791 15.343643
6201.413086 91.101639
1693.480469 57.550735
12354.228516 33.167164
11305.109375 23.555090
748.115723 54.125603
622.626343 132.492783
1302.648315 345.329742
993.373108 679.737671
9259.835938 2.653084
837.137634 38.501858
291.705261 64.111618
368.073456 56.079769
884.839844 37.322853
67.197792 86.617241
2718.707520 180.773743
9668.497070 355.945038
6182.164062 567.727783
6781.943848 254.597168
4539.682617 81.880455
2481.142334 25.385065
2282.537598 172.798065
314.422363 149.228943
3468.505371 254.587173
765.498169 555.814087
14762.423828 458.912354
29889.011719 327.304108
25069.917969 277.015717
5303.199707 232.722061
6783.042969 84.028976
4621.056641 33.166550
5773.997070 14.186167
33252.812500 51.590549
11453.423828 675.293701
196.486542 451.939941
406.857513 279.128662
3432.039795 161.555603
4096.060547 4.306035
1230.926147 2.225370
13417.713867 0.357230
7284.610352 7.742795
7679.652344 108.564926
14721.497070 51.506687
17944.640625 18.849291
1450.947388 6.807747
2787.653809 81.847916
4330.624023 138.789062
2912.506348 205.734009
3372.839844 268.573029
23368.867188 0.240708
7968.250977 3.533791
1551.538330 16.611959
11767.546875 41.402031
265.414001 10.070969
1705.395264 6.155502
155.435410 93.845055
12888.624023 317.662445
454.038422 296.006012
543.628235 157.948273
4299.083496 91.159439
932.344482 47.934784
1826.202637 17.578833
2451.153564 57.241596
481.117126 148.285614
2659.308350 316.767975
2234.316406 327.035522
2060.040039 139.296036
4151.109375 42.186188
95.918564 10.572440
630.961914 241.023178
1107.507202 218.769531
824.043945 260.011566
16619.941406 321.281616
10723.005859 738.180420
2319.072754 649.831116
2663.534912 497.848450
617.637695 342.559204
3223.388916 200.836761
1455.965454 232.573669
2641.732178 262.687103
3933.257324 301.830566
2582.214355 291.602966
16009.687500 201.309753
1413.438232 164.608353
1293.109131 171.847977
252.558075 38.238594
3725.001709 15.287162
7398.961914 6.970599
2600.511719 17.507780
47198.101562 227.662918
2970.683838 171.274719
5490.241211 117.985298
10937.696289 72.954651
2099.706299 37.228973
2678.364014 81.759819
6903.980957 168.979538
967.681274 298.060150
14609.425781 28.421814
5781.866211 10.773778
1457.763916 12.043892
5036.563965 19.588339
3162.680176 25.894135
3348.354492 85.612679
2132.837891 221.939377
20748.083984 469.737335
14073.841797 365.810303
5035.539551 144.195129
2678.539551 38.964134
492.117615 10.520296
3641.419678 182.234909
2475.948242 163.688400
4950.995117 178.075180
3981.380859 201.126053
7518.662109 761.018066
2714.033691 586.117554
13217.749023 402.268616
1458.633911 259.539276
138536.437500 138536.437500
138536.437500 138536.437500
0.000000 0.000000
0.000000 0.000000
0.000000 0.000000
0.000000 0.000000
0.000000 0.000000
0.000000 0.000000
