2508.413330 551.042969
378.882294 715.250610
8627.037109 809.201050
32047.687500 794.474121
6646.401855 96.523308
2071.035889 141.731934
5833.816406 230.510468
1605.424438 373.460388
507.980072 211.839691
33.990330 376.870697
7247.267090 699.099731
2439.906738 1184.780518
4878.962891 149.118362
2891.606445 81.587311
146.835022 97.471931
79.013878 139.043396
1577.027588 16.121941
180.761871 96.260155
814.034241 219.711197
8750.947266 336.402374
12163.103516 141.528442
6551.954590 105.777359
2824.452148 46.352703
331.006317 3.579833
53.039268 409.706573
967.657715 581.807373
4917.040039 809.913330
11334.243164 1036.672729
5678.925293 89.583557
1718.440918 168.924316
621.552490 236.315582
1886.210938 304.122223
1129.889404 141.607269
1825.512085 198.463196
2890.330811 378.653687
10680.647461 728.718445
2095.588135 67.242233
1106.362793 36.241920
855.496338 81.340981
47.455162 121.701561
74.563744 65.725960
1608.809814 79.197937
13.834396 79.615417
1838.614502 72.278015
913.476135 119.513809
9291.056641 66.395409
1931.652588 43.125034
59.458458 47.882145
594.073242 121.424957
6585.916992 168.171387
17642.814453 213.614609
23367.033203 246.258255
14322.160156 56.025524
4427.547852 52.546265
369.600983 60.652920
238.799774 83.689209
144.087814 148.200302
3206.239746 199.457230
441.577576 238.491699
30664.630859 269.060303
3508.329346 173.260483
4096.177246 95.788284
311.604309 72.660721
1384.877319 97.699348
120.665611 40.394695
218.947830 72.944290
246.531067 229.284454
3709.705078 500.047760
9651.359375 29.120737
602.941040 84.133972
3584.745605 105.895912
249.360764 76.659569
1177.741455 10.296387
3516.689453 40.506618
1276.270996 110.116844
8537.241211 224.394943
13721.006836 41.977596
6639.796875 10.420901
3311.332764 1.993453
468.307312 2.112856
343.031372 218.448120
613.525818 369.699158
1979.343994 532.028809
2050.927246 651.267944
1197.596680 75.210266
1987.217285 69.504372
190.321457 73.861725
466.139862 117.074577
11.955621 35.434536
1672.229004 108.862595
484.115845 218.730103
12257.227539 342.958557
10102.589844 240.816803
2940.056885 129.722900
945.663452 48.154556
133.308533 13.881935
140.512955 73.135483
927.136597 174.074265
2346.563232 286.981110
4185.160156 369.817657
8245.076172 29.745609
4074.837158 15.103381
1713.770020 0.809390
557.683533 13.888906
217.100067 386.859619
5375.387207 544.885803
332.623535 714.148254
8685.371094 825.429443
10846.965820 285.123016
8062.234863 277.969513
581.068359 264.625244
147.888306 290.570831
2040.389160 267.553040
110.918800 338.005280
3630.115234 537.952271
6395.979492 912.278564
8345.643555 7.477727
10573.471680 48.766426
846.123291 153.243561
915.177124 229.678864
2612.526611 79.765129
3177.888184 145.741882
3130.686279 262.201660
2062.157471 427.929138
1442.912354 152.751083
3959.862793 82.103874
5369.420410 52.604439
236.068619 52.228722
339.725067 12.952911
862.999390 36.244984
2035.987427 114.447166
1122.752197 275.935303
27984.566406 77.952362
7184.802734 11.746910
2366.216553 0.936385
748.719055 6.885174
246.019760 130.703308
1712.666870 246.089371
772.545593 357.115540
9854.271484 410.130829
12304.214844 150.152130
17246.359375 102.094337
3721.030762 57.983913
1134.766113 61.284607
1031.121582 20.024609
1112.391846 29.390121
1756.227295 79.506058
2562.288086 202.657364
1947.760742 64.053864
8127.846680 7.480223
2596.016113 4.520793
30.211033 15.711455
224.100281 25.125023
5266.845703 32.219471
330.075714 47.474972
8286.453125 71.258644
2100.879395 81.247025
2306.459961 53.479103
1708.126953 34.971424
674.613831 25.851944
644.860107 76.778030
1014.180664 117.540237
532.047302 197.296402
6156.611816 307.972382
3105.451904 70.419205
9123.261719 64.941093
1421.089966 64.406555
227.904144 64.829124
466.103363 68.198921
1130.239258 152.019287
274.049316 212.020676
2695.717773 206.730072
9681.795898 322.817078
4067.532715 175.938766
5076.276367 59.128769
207.869751 22.508726
2147.283203 149.449158
6400.514648 199.196640
4124.530273 213.552628
11630.164062 180.703751
1327.885010 106.552979
2154.282959 71.483269
170.402405 63.762154
979.550415 94.192848
1232.813232 8.556925
1286.127808 1.897440
442.389740 20.752804
16267.837891 103.539871
4939.313965 102.031319
9430.061523 22.678461
2092.052734 4.822942
45.437019 9.895667
170.440765 186.564072
506.067291 221.861588
2372.524658 309.240326
7021.659180 433.704163
10262.624023 99.466949
12994.212891 152.938736
3450.794434 182.398361
993.179871 185.054276
537.566833 37.263973
189.006744 106.090843
337.080139 245.237518
1506.362793 426.093018
4761.450684 137.728210
10210.898438 106.249023
3353.472900 67.161972
529.500671 33.844952
778.484863 2.024900
353.463379 1.542558
7408.655762 7.076455
2809.733154 23.990112
20638.464844 53.339123
715.497498 26.581863
352.704132 11.826618
17.517849 5.113751
303.705780 53.456593
153.952271 77.991913
847.246216 115.908272
3653.410645 149.673157
2838.533447 83.191414
12750.318359 79.517372
719.755554 63.888824
822.055725 50.445065
417.581604 87.007828
383.435547 129.891754
1859.262939 160.638977
2236.605713 163.445770
6914.471680 97.994904
1214.741577 66.108803
1346.796387 46.761745
1097.191650 54.021862
200.351486 144.430069
2413.202637 248.636688
2839.684082 413.369751
448.629028 605.024597
8179.394043 15.846052
59.422405 48.815147
2908.042480 74.050926
3137.526367 96.237007
1205.041504 1.962924
1924.645630 13.523470
3134.335938 70.505432
8537.567383 192.751801
1302.639160 107.755859
1746.383545 44.216675
345.318054 19.363380
267.547607 8.461670
1278.132690 242.710876
688.277832 426.459961
2469.325684 636.585266
2606.487305 807.772949
14754.531250 31.484909
11739.984375 47.179935
2345.291992 67.765198
192.932495 123.430847
1050.621094 103.295921
1212.187744 164.927765
6712.323730 225.852875
7708.141602 289.018524
2920.544189 170.032501
7991.375000 71.339203
2164.423828 34.252373
981.039551 52.195435
305.672546 6.255252
1083.031250 53.232864
1467.881836 171.207260
8228.807617 344.637146
2493.260498 20.439030
803.274475 29.227020
2313.084473 26.310396
678.477051 9.713925
1246.706543 22.926735
935.800232 26.377110
2475.284912 34.459129
3349.587158 49.089790
3692.566650 69.544151
328.057190 45.311607
291.982758 30.310585
812.885742 23.677444
1057.322754 79.777695
10.790124 201.996719
7901.011719 384.792969
450.010651 559.980469
20178.910156 110.750648
948.102844 109.820694
3.557262 72.406418
444.164581 44.560589
1045.884033 3.965435
1231.817871 30.807392
1265.198364 111.030663
1282.477417 247.724121
505.994934 47.090149
22611.453125 25.389921
13107.698242 16.771215
1375.970337 7.243983
759.323975 1.865774
871.245117 8.661107
278.898285 21.197449
2721.286133 35.606659
6198.035645 11.961856
2643.432861 9.735346
286.731903 5.391733
820.638672 1.551889
18.840342 22.123804
1431.270020 40.323677
800.401428 84.104805
10025.810547 139.739655
8700.990234 40.946423
1088.306763 49.562542
1932.553955 42.409634
963.516113 27.638983
598.362549 18.756496
1419.892090 44.494301
307.817444 92.185318
1295.322510 157.928101
20965.615234 27.015810
10267.135742 14.859466
757.606445 10.038700
785.205444 9.928290
937.743530 10.309316
357.728760 0.946813
3717.123779 4.424519
2601.055664 30.849491
329.574646 22.888012
2338.732422 18.661819
1324.173340 21.192518
526.469055 19.458326
697.898315 35.139484
2108.369873 45.740734
944.171631 50.375530
14285.779297 51.333565
1937.822388 5.603200
1739.383911 0.328276
2555.770508 6.532160
324.801331 20.275085
574.076294 116.761841
1229.874023 141.270233
1611.855347 168.179932
9719.735352 183.094543
1054.750244 89.688850
858.750000 99.582123
101.117134 100.849182
21.501978 103.596878
806.882568 78.313019
685.235596 136.333923
1016.308899 241.306580
2778.139893 387.726196
19793.359375 87.510071
6663.744141 57.609432
5042.150391 49.805695
1455.541016 54.810627
2049.385498 146.609879
123.589478 294.915314
3944.926514 522.646851
5132.549805 811.454651
28092.750000 33.666466
12906.591797 0.265492
2648.512207 15.931024
5202.002441 61.957985
2000.104004 15.287047
703.059692 20.663471
982.125610 29.452267
2616.796875 47.275726
3711.405762 235.907776
14315.888672 127.723366
4485.832031 54.801559
145.635178 21.283737
1031.816528 46.558434
3408.905762 43.077980
14530.593750 37.799858
21297.427734 31.965809
2351.463135 23.287277
6260.334473 34.076168
742.217957 42.448128
708.525635 46.690403
1199.601440 66.578156
1316.349365 127.851471
4187.883789 209.751846
1979.962769 302.499817
7632.050293 68.140587
5092.741699 30.018772
1619.288086 17.447201
316.002441 29.650768
54.863914 120.075432
232.349884 157.869476
2237.716064 275.320190
1982.786987 490.140137
616.189392 167.426224
8555.010742 124.264069
1625.225464 119.597710
754.073303 118.544434
444.083923 1.159629
875.094727 26.783480
1144.315063 84.420357
10589.208008 169.190750
3331.451172 221.774521
317.562317 124.864059
103.768265 51.692650
430.107605 9.504727
2419.279541 200.070038
873.919373 317.697449
6836.323242 442.378357
191.428040 518.804138
26360.224609 147.431198
2893.140869 137.289505
2751.604492 118.827728
1274.840332 131.183487
554.177124 4.162930
1507.952148 7.059683
2992.476807 8.544272
7645.156738 31.350466
4335.199707 239.327591
3393.390625 97.923996
5046.632324 22.322742
642.694580 1.073567
4308.534668 177.099350
1402.692871 278.371857
4797.101074 360.527954
9079.201172 396.171692
87.455666 3.734980
3181.495605 4.667537
8.859591 28.745026
989.127380 87.190384
165.053406 439.009247
327.178131 622.139709
21.559624 712.912598
8613.359375 660.271545
5201.254883 295.947754
2397.810059 193.606354
541.614624 167.527069
1146.611328 258.917511
1062.209717 133.845276
1419.523071 135.969345
77.792923 231.324585
8939.600586 503.929688
1626.885132 50.055462
2173.398926 4.992007
133.369720 65.766991
395.702820 124.592285
1127.159790 425.124084
252.027588 539.195923
4944.604980 617.985718
8501.757812 607.448425
19080.335938 348.198853
12389.464844 326.524048
2445.354248 307.789978
1313.424438 336.898621
268.666382 360.202728
12.881432 620.795410
14.019825 902.597046
1196.440674 1171.245239
2574.791992 146.328033
113.538322 31.055338
1890.928955 37.090096
968.508850 154.974289
112.507225 141.263763
3715.606934 200.892258
1347.402710 340.241577
4885.309570 538.270691
10850.182617 259.920227
3242.946777 223.648300
352.400238 184.038559
1207.968506 146.947937
1025.507446 213.307007
2814.772705 223.163300
10760.746094 273.600952
2724.716309 368.281219
2555.014160 76.684975
6354.744629 142.659073
618.428406 195.126984
80.989586 214.761215
714.000610 73.408981
246.036453 98.328812
586.654724 112.718170
7884.215820 137.652374
2701.036133 101.435905
219.611069 24.168251
4336.692383 9.578518
1938.798340 36.621964
727.443604 170.454697
851.076294 330.945038
2913.988281 481.547241
5036.104004 548.356628
1447.840820 180.387665
74.803505 117.688507
501.476807 61.275681
751.121460 70.714401
2873.525635 186.820892
434.976593 252.781448
7216.457031 361.634949
2740.166992 508.862854
999.511780 56.861473
6616.668945 75.122246
2238.779541 110.779800
92.421814 146.352264
726.077942 179.038177
393.849854 181.210007
7384.456055 255.695175
7273.690430 419.841400
6724.599609 69.759903
1610.998779 128.365417
2689.316895 182.790512
1701.910278 196.062271
716.225342 336.988403
3279.446533 534.233887
2065.235840 719.554443
15871.734375 789.694946
64786.761719 491.685974
8362.775391 372.442535
7928.033203 253.988174
5193.473145 229.397659
62.575325 98.317947
1003.880676 100.778458
13300.723633 162.171036
4432.061523 328.529541
10043.097656 95.040405
9772.623047 54.922661
8754.303711 75.498528
469.948730 98.255241
70.339218 45.217926
1314.657227 47.175930
642.484802 104.423653
1534.620605 220.209106
1702.129883 15.079746
3057.404785 52.107822
2679.371826 74.398071
706.171448 66.593651
128.412750 165.869415
398.042786 185.984589
128.784515 234.796127
7712.240234 286.094330
28109.552734 369.975494
2426.602783 317.556030
2086.994385 247.240265
2196.820557 188.511688
131.917221 280.245239
66.615524 582.923523
200.116638 1082.017578
1529.632202 1720.655273
5187.799805 12.936668
821.852051 10.450115
2302.383301 59.297508
1482.291748 132.931229
252.080276 101.894394
384.083984 181.056915
268.181793 353.102692
13969.412109 643.830261
1067.574219 498.017212
5159.173828 254.963257
1364.720703 128.510071
161.114136 85.918327
40.329872 5.878162
242.685532 4.815639
3304.942627 30.502901
2170.516602 111.104904
37555.335938 468.047302
6829.327148 239.722839
63.815567 96.856567
2272.757324 29.123087
156.178802 109.555031
430.348480 156.190216
731.725403 225.881714
1387.896240 306.202789
6719.528320 129.620148
531.772095 104.367264
882.798157 89.410843
504.598083 88.844460
277.187592 104.530922
158.020035 174.270523
191.334976 282.754181
3175.633301 421.316162
2458.586914 53.490479
1238.193359 37.728386
392.562531 44.712074
775.940491 65.528374
163.388596 260.710449
725.695435 404.423676
1351.892944 498.428040
12655.313477 482.126953
29674.179688 338.162048
12231.131836 220.565720
297.611542 139.077972
199.530182 152.390121
322.364929 405.895935
12.685637 630.007629
1463.787109 1053.390869
5634.790527 1666.963379
26442.775391 1.992539
958.809326 68.008324
1094.510864 189.510437
3051.328613 292.626953
725.248657 32.056175
2130.722168 21.000326
45.725502 75.431297
434.824310 239.412643
3041.492676 384.770416
1386.519897 211.287170
4078.006348 118.234009
3485.071777 67.427361
971.781616 287.877594
1574.190186 412.438171
6111.593750 566.564392
9108.757812 725.408569
4396.581055 35.724659
2263.878662 69.747780
1137.795166 125.412384
2239.343506 195.627426
1476.278809 200.507324
901.474121 306.447937
1377.441040 429.066956
1688.410156 516.988037
51.567142 472.140717
5114.335938 332.944885
3178.209473 212.507538
579.622681 161.872925
321.376953 18.148092
1966.789673 60.472054
2262.050781 186.711151
6019.472656 384.530914
1990.538208 7.457340
278.623108 34.163151
1864.728760 44.007961
1693.052002 28.608711
111.907707 7.951009
592.163879 21.736298
2250.211670 37.980545
7636.455078 51.913990
10730.663086 31.986725
7281.375488 15.939513
648.713440 4.376506
863.282227 1.354784
397.928864 81.675735
92.498070 215.957001
4410.727539 409.233887
750.070312 589.852417
7822.779785 140.270065
4349.377930 119.236458
1568.127075 68.796036
1429.311279 38.857422
1382.943115 156.598236
457.819946 186.105225
5205.325684 210.500549
1180.339233 243.350449
4055.644043 50.472427
3455.245605 41.358871
4808.236328 70.210342
1067.622559 115.354431
1711.387817 195.992264
30.530729 279.849060
14242.674805 511.983551
328.461426 892.333130
9547.306641 9.264920
11054.385742 85.647202
6225.880371 159.801346
410.136749 185.160156
1259.093750 175.045456
170.166534 211.194427
2442.082520 231.594025
8046.952637 221.427597
18568.380859 581.736328
20259.378906 381.790741
9953.621094 232.153336
1305.475830 167.315948
841.327576 97.122826
947.989868 273.759705
182.205093 600.605347
1445.138550 1038.029907
859.560791 29.917906
1289.223511 20.080954
3283.533447 26.046989
956.797302 36.778084
850.513550 28.795746
124.854141 63.859917
1054.969360 91.280609
5811.353027 103.697685
7932.602051 196.972580
7034.533203 94.453857
2698.554932 27.164089
174.568207 8.533159
436.412323 138.812317
1760.894043 204.113876
682.650269 388.280243
467.809692 659.182190
21590.375000 156.059052
17433.347656 197.184570
1158.077881 196.827942
2543.670410 159.134995
1095.095581 87.005600
147.024338 211.336472
1693.381470 435.888885
146.234909 768.325195
4457.564941 138.671844
1993.368164 30.044058
920.615234 5.593117
1333.822632 27.193371
12.648560 73.223320
1190.111328 148.927353
1333.966187 302.550842
1659.969360 540.915039
3899.577148 288.322327
2043.912720 148.691284
2366.887695 76.948189
936.464722 53.805901
765.356689 200.494461
182.189713 296.960388
4857.253418 440.404236
8123.773926 626.384705
17891.269531 417.592987
3725.524414 255.519272
396.466309 169.394363
1625.203369 154.933426
855.273560 858.116394
382.570312 1348.270752
19957.125000 1904.972534
16696.558594 2440.790039
2511.218018 7.961741
162.461380 36.024811
1424.055298 198.438477
799.121216 473.155396
935.378662 43.810677
367.402344 72.291298
356.345947 387.922546
1627.154663 1063.571655
2212.618896 446.135376
4919.155273 289.200134
3207.145020 223.527054
576.167908 138.194885
49.135113 98.151054
758.895325 130.929245
358.760437 177.428467
2740.376953 230.494781
7460.719727 133.473038
2183.213623 102.651245
1141.900146 84.786850
786.408081 82.674347
848.700195 55.691643
755.722168 55.700829
31.955917 82.347763
9861.603516 111.579582
736.270569 318.476166
6332.916992 257.201813
1188.530273 172.256149
353.139557 96.567535
1487.568848 318.158691
997.627930 567.203247
12945.916016 767.586975
2770.909668 804.841980
22645.820312 499.928925
346.796753 311.429565
1815.364746 161.322601
925.552368 156.421692
766.336243 408.931885
249.083908 445.848511
4260.835938 472.886108
10233.590820 580.148193
12869.863281 210.366653
80.482025 110.971504
2437.156494 179.258133
300.867798 310.611084
546.973633 68.963776
2113.375488 63.767632
2659.656250 175.068542
7309.848145 414.293182
2610.642090 43.683533
2346.077637 107.745094
5900.666992 145.030350
60.049835 121.491714
3184.068115 30.347286
2106.046875 91.887306
6437.203613 167.398193
8731.212891 218.363678
17845.710938 184.860886
21931.757812 121.417488
6049.872070 52.174366
1454.140137 14.693541
686.829224 149.168579
4043.308105 230.705307
11563.874023 349.177551
12536.564453 484.745972
5028.077148 132.288727
9580.890625 105.808853
1590.540527 96.438622
657.194458 107.407555
903.145264 216.020172
456.850647 402.513916
1281.115601 676.275879
8789.898438 1010.525085
19119.837891 30.996733
17240.466797 6.346903
4786.321289 36.948936
643.059753 103.247093
463.830109 0.541246
895.373108 42.325489
790.157837 213.914856
1143.172607 510.040436
15345.937500 171.284790
4565.279785 134.647705
7291.286133 95.689514
1133.203735 39.487194
433.610657 72.766785
168.617371 124.800995
52.536476 176.402740
6843.222168 214.661072
6091.084961 17.479216
1716.481445 6.767425
1195.309692 10.189755
37.729015 32.280373
1346.026245 220.108307
1036.208984 377.139648
4019.865723 601.603516
25584.349609 809.224548
3831.441406 190.082962
3708.474121 208.088348
286.070068 181.382858
224.418488 164.135101
140.553116 94.055336
340.818817 54.655945
5379.662109 62.300697
2554.496094 188.576187
9673.948242 87.841698
2949.395508 46.255737
223.838562 79.402580
1983.271484 109.485565
555.357849 408.737396
171.816162 580.996582
333.492737 716.341431
18045.603516 761.002747
10304.308594 81.600250
1914.831055 105.927132
847.670288 155.515656
1260.540039 255.980804
708.589172 114.592789
595.791260 176.734161
746.174744 290.534668
6653.461914 455.025879
33427.015625 282.010101
2494.673096 174.727722
128.304825 115.140717
984.067505 95.964134
242.501648 290.405121
708.307617 348.069824
1190.768921 492.764801
995.860718 678.525513
3229.247559 216.040344
1978.510986 308.668640
6203.943359 331.421875
4113.883789 304.772247
644.885193 9.523361
1802.589233 26.254734
1123.914551 59.643036
4565.879883 126.905716
3993.922852 166.024414
10261.742188 62.998505
1224.381592 13.253060
573.879333 2.060820
62.818310 26.468927
1357.199097 28.777460
3410.724121 38.416306
7355.898438 49.934086
4480.254395 76.650383
538.569580 65.132675
857.696045 48.708839
564.911133 33.863194
313.289551 154.351562
1157.534180 301.984131
2877.168457 483.955170
4522.468262 641.205017
4700.580566 50.365704
8138.872559 52.191216
6004.833008 48.839561
292.101013 72.177200
24.588692 0.424020
1895.480469 0.969456
6236.610352 14.181141
16386.814453 60.665344
6003.053223 133.872269
243.734787 50.290756
2976.586426 11.825123
1713.352661 1.713774
595.325867 79.179565
1204.731079 175.450806
4497.416016 267.135681
22661.347656 313.407654
30207.183594 63.423859
6198.280273 30.492865
1317.648071 4.690900
41.748043 16.814493
769.441895 50.671913
1059.239868 28.577921
2151.786377 25.276173
6171.670898 75.557182
4288.690430 16.517639
5221.117188 10.610143
3011.446533 36.874489
2413.431152 57.024300
458.933411 16.496853
966.164185 1.484669
175.856033 5.619274
1132.427368 34.710209
31764.919922 17.590685
1397.637207 34.558800
68.475395 43.043262
2299.192383 35.313393
205.681320 126.909836
200.215942 133.091309
3648.555420 153.785080
7642.311035 181.518311
18370.416016 84.925476
847.519409 116.504425
2.475483 130.993179
805.401428 130.508316
12.336924 14.052905
1289.071045 13.071061
5567.781250 77.383926
7242.016602 225.428207
4020.362549 57.281647
2006.621948 47.426510
687.815002 50.633099
1187.142944 38.185394
781.835022 144.539337
386.256470 336.592957
2361.732666 647.750305
7579.048828 999.073120
8560.369141 152.893616
3538.509766 138.177948
398.839020 102.368721
166.123093 82.484917
504.971375 5.490000
2111.128662 3.236473
812.280823 15.733644
5.382808 68.391754
2480.863770 507.688843
5885.183594 260.825012
1175.171021 101.886200
2192.993164 27.756540
57.754597 153.845551
7263.904297 189.041519
4650.204102 258.364868
20392.597656 356.330963
13007.212891 121.270462
4107.452148 126.211227
1227.388428 135.065094
2214.221924 141.414948
154.982178 20.859127
1220.476929 60.000469
1542.642822 97.049652
1393.442627 118.879143
27073.933594 199.861267
5561.618652 100.523659
2823.038574 28.988913
1837.848389 3.634654
518.043396 20.739527
3981.618652 18.202633
1796.730225 18.430897
3868.080811 22.587719
3389.737061 40.310169
7289.071289 34.223747
5388.615723 29.148087
483.785400 24.657747
154.663284 51.343235
386.524780 94.215698
321.901489 177.346588
11665.154297 274.027710
1531.764404 67.177490
1173.872314 79.761200
1164.608643 68.784897
559.392090 49.971809
231.081192 83.699089
1505.823364 121.631485
1934.428711 160.627213
6084.171875 205.072815
7330.008789 35.780418
2064.628418 10.433753
1887.745239 17.862158
361.789001 46.611500
1849.195435 23.486418
3173.467041 96.514610
2170.929443 263.582825
14650.017578 517.183899
8748.166016 6.716422
224.766937 1.936714
2865.022949 9.192930
1488.695190 9.452744
1492.621094 251.892059
108.455795 389.553253
12613.876953 543.871765
2064.139648 647.480347
2361.720703 490.070374
6673.166504 357.092834
2723.991455 237.477005
953.631714 193.306641
1639.599121 41.232662
919.416565 102.117332
5883.923340 254.447601
3648.781006 531.740356
2405.890137 300.761230
5712.436035 123.228447
5536.754883 47.473816
466.635010 28.322325
118.894249 37.424889
735.119324 89.679977
503.271027 148.258011
3291.354980 209.398483
6122.719238 154.692230
7763.789551 58.404724
91.692322 7.408433
2345.678711 4.309656
529.426025 51.775124
2976.866943 124.783356
3750.452148 234.892731
3405.258789 358.861664
5249.176758 0.818016
1484.008667 3.494161
66.036537 7.058352
519.026917 17.446383
14.053947 112.571846
374.205139 333.894165
889.252197 738.409973
10811.823242 1274.049316
1582.109009 26.105085
554.921875 15.720862
654.366516 22.464844
33.533283 35.796360
484.627441 12.663439
4262.605957 8.310592
831.817566 22.709032
198.309875 74.325859
9913.716797 479.385010
9574.132812 263.234497
2045.549316 116.418114
172.933975 40.628284
99.591019 52.873177
1970.970215 25.986755
2858.036621 11.275322
454.016083 5.393094
21906.457031 223.303558
21134.115234 189.749603
1668.808105 142.037415
1031.793457 93.016228
2989.812988 13.686684
8864.984375 27.918989
333.072845 35.658707
6890.420410 33.964958
1472.516479 46.695648
15172.905273 18.387428
8190.095215 2.026788
2066.625244 1.867074
436.003723 12.112898
1330.896362 55.131470
1115.114624 119.581009
3649.035156 180.723175
7184.079102 39.067886
28734.130859 32.998692
19104.871094 14.414670
2755.702148 1.071569
2025.659912 58.987061
199.360611 98.990105
1374.205933 141.881287
1361.276489 179.081223
10130.581055 3.415476
2290.760498 0.548500
5688.923828 8.435811
2003.597168 27.926228
127.690964 92.646530
2270.605225 259.860443
5083.246094 514.267944
10560.099609 758.145752
14630.155273 201.942993
263.925079 181.032074
3082.755127 107.921097
761.078796 52.732689
200.692429 54.155201
560.556274 52.346828
21.906857 53.310074
4170.241211 62.986023
2167.600098 62.986023
4170.241211 53.310074
21.906857 52.346828
560.556274 54.155201
53.863167 103.452011
218.269333 162.093918
127.503777 287.963074
3952.512939 451.579315
54667.781250 162.021576
1738.974487 159.026428
764.127319 135.539307
1103.852173 105.453430
2838.991943 97.837997
1349.338135 123.645706
627.083069 158.014771
5553.102539 244.367813
132.678238 103.089607
7604.871094 10.498683
475.770752 10.889119
946.557861 55.546555
327.354492 55.681366
1075.258911 66.279060
2148.893799 68.686111
8738.462891 54.514324
6906.879395 158.229752
1038.173828 111.168839
1310.517700 71.425507
459.848450 53.072029
165.770096 11.667844
1325.148682 23.735876
3574.377197 46.009445
7356.157227 72.947403
24566.310547 6.974154
3783.893066 10.753094
676.253967 10.750579
1152.155029 9.117193
328.929504 367.106384
1979.957153 501.208618
1463.018188 651.662842
3071.514893 780.499756
6930.301758 66.379410
412.189545 124.558884
5.742292 189.050690
168.477859 265.100677
1059.656860 72.838402
131.609863 228.411453
31.374355 591.099426
891.378845 1190.246216
1039.008057 156.007111
3958.745117 27.076817
258.152191 11.491012
884.589478 27.062904
221.589081 287.038055
12.510036 395.516510
852.947327 567.334656
3788.182861 775.393005
9600.514648 443.674805
645.780945 339.892853
1252.276123 271.045471
221.436310 248.555954
1492.065552 15.147586
526.442505 19.449455
3788.212158 19.819357
6718.602539 40.827656
2627.121582 636.249878
13567.052734 321.754150
391.910706 117.463165
355.812073 29.851780
394.693146 230.337646
1371.173218 300.764771
3674.539307 338.730927
5479.539062 336.709167
3261.242188 14.205292
959.077393 27.451466
398.901123 73.405701
1374.801270 146.818832
574.687744 124.581017
2652.153076 168.032608
841.712524 210.705322
3586.868652 262.226685
2926.994629 205.995453
6374.194336 109.532440
114.328560 73.069908
2091.945557 86.034737
845.822571 31.787439
1820.626709 31.147602
508.793854 8.639346
1544.128662 8.941342
19862.316406 253.653214
10259.938477 75.845970
6890.531250 4.329476
20.738489 8.739503
430.282501 55.376801
730.344971 56.761749
3292.796387 107.674835
3270.055176 213.880814
6916.049805 58.603256
8776.167969 74.584282
3367.484863 85.048660
339.005402 74.887451
1218.154541 12.963466
75.138275 10.657021
2491.742432 12.421527
1669.081299 12.838932
3516.823730 130.433472
2870.963867 92.705338
6333.650879 54.375633
38.793293 26.429174
1474.546753 93.765450
283.414490 148.780121
659.203857 196.054932
10508.548828 222.624924
9852.592773 4.267393
4175.519531 1.229408
113.082138 13.635697
2850.023926 45.365242
517.422913 22.147905
1615.616455 11.468361
3891.130127 14.192708
1099.670532 50.923256
13335.510742 66.255745
292.533630 33.620548
38.495110 27.737747
404.229095 28.485828
801.276733 41.529701
7422.396484 15.463975
2012.961426 2.186300
1974.611572 28.187620
12530.197266 17.920208
12449.618164 21.236309
308.218384 42.386375
172.161835 53.680977
1001.047791 47.991974
1610.798218 48.080341
11984.630859 165.018906
14982.649414 370.828278
20262.947266 143.096863
11299.394531 211.340851
465.206116 201.452820
1813.944946 125.114487
676.461548 53.066658
544.735107 31.641386
179.426300 51.938808
1484.918823 102.982826
3203.251709 130.377716
870.573181 160.034622
3850.602051 147.272156
296.882141 101.919312
15.540267 101.981461
1978.283447 165.449661
1068.384888 288.083252
4741.748047 408.354706
31508.906250 266.049805
34.318718 257.911102
377.637634 191.554901
597.003174 119.940811
372.435638 38.073181
1756.811646 108.929993
8223.348633 231.880676
5471.595215 395.785370
7107.912109 33.741837
4526.112793 7.942028
431.668518 1.738688
300.106903 8.497971
3657.576172 103.055260
1398.164062 154.581573
103.386665 195.834137
7627.636230 213.946289
5510.558594 133.698654
9859.058594 80.658875
13117.718750 53.514107
1309.321045 62.983177
82.775787 6.577083
1549.486816 18.843380
8480.333984 37.301033
5302.628906 61.573154
36853.402344 253.827545
8291.960938 137.821014
2288.969238 54.063736
1562.562500 12.873922
1091.620605 29.043064
240.496384 38.935555
2154.766113 56.768738
7651.539062 82.713135
2842.937744 57.732067
267.538269 39.102314
1883.458252 28.926992
188.646271 25.869808
723.004578 5.692547
946.507385 4.232088
3192.994873 11.401401
88.026672 29.724277
16379.464844 161.469070
14882.822266 96.368828
1204.909302 47.340645
117.619881 18.233353
440.244843 46.218689
1523.823364 67.466492
4182.085449 125.093689
9653.346680 221.916306
8389.795898 34.017586
3423.702393 33.042419
7.879307 40.347244
456.065857 43.230751
122.094215 53.216122
151.833466 65.634109
5075.983398 71.077225
1097.573975 62.990547
191.319504 153.156647
8786.780273 103.126450
2830.656250 64.347641
756.575928 48.450199
1516.011841 55.689926
1676.875732 120.988602
1712.053711 231.723907
5502.600586 366.994690
7768.705078 3.367140
12238.857422 15.757895
3109.736816 23.888412
246.711853 30.563604
302.219055 8.144381
2861.381348 22.412680
1235.799438 55.409393
2563.496094 113.262741
2145.869873 42.201134
2015.192261 13.384020
775.781128 3.648827
1659.833740 3.325940
181.549896 83.203217
5296.402832 197.615936
538.182495 352.710022
12757.968750 508.738617
6780.363281 0.948630
8964.965820 1.566915
3239.040771 3.564384
175.941803 22.772318
441.294067 104.258675
98.021347 239.706680
1517.852905 457.582306
1666.357178 718.118835
11150.615234 0.424510
3501.664062 11.818607
5057.443359 25.045610
2658.244385 44.689178
960.559387 54.795906
1345.876099 142.237808
1481.996216 305.468048
1333.638306 504.740326
2991.426270 118.853455
6463.460938 104.122627
7194.185547 72.034142
549.491211 42.369335
463.646790 32.613342
2564.521973 103.104980
70.120277 236.217773
6548.721680 410.986450
2904.071045 28.183561
374.311005 24.124006
1245.681885 18.885740
1119.429688 13.966441
1740.419189 104.615875
411.182617 187.807602
528.720642 361.811188
52.619308 610.347778
18703.361328 15.695608
796.183899 43.443924
1650.300537 70.076591
409.686707 81.327377
280.979645 178.465210
55.302841 258.441956
2539.093750 349.395233
4743.953125 438.493774
10938.613281 62.020721
764.635864 54.763046
3477.282227 74.117752
1521.133301 116.122849
2113.278809 87.565933
209.895798 89.476860
4480.586426 69.316063
5812.434082 63.057236
227.939392 165.821182
8786.662109 61.117283
1975.994385 35.252937
913.381958 59.261219
752.486267 87.139694
339.597900 118.998093
4319.481445 256.223389
7631.470703 516.694336
476.550201 50.950821
3110.001953 64.446808
3279.186279 94.703171
233.027969 98.343658
1192.478271 59.377743
1252.646362 35.531845
3709.614502 24.361883
4969.071777 24.551779
4021.101807 243.558304
22051.107422 197.951340
537.088135 145.345291
2039.264526 96.765511
726.515076 91.516411
1509.772339 200.999847
10681.958984 349.653534
10018.420898 503.610077
11971.154297 4.898022
2270.753906 2.526447
252.824768 7.749842
523.134705 31.009377
467.256622 94.186905
853.426147 193.273148
7009.156738 363.076385
10074.541016 605.020264
2800.512207 93.325684
2729.218018 27.163445
1640.533569 18.879642
158.475372 42.460892
493.885315 158.954254
643.351257 144.828705
653.312256 127.646950
4072.785645 106.677231
5119.952148 379.517822
11731.891602 298.159454
462.831146 227.673111
305.711670 182.137222
117.863731 18.398563
3004.155029 36.557945
1870.250732 87.024673
6659.906250 200.875214
5729.038086 188.064636
1156.021240 64.926552
901.021545 16.045368
800.090088 10.103307
71.206902 283.048889
379.758392 361.657745
356.586182 463.853607
8261.498047 554.639282
8842.663086 260.023285
2710.739990 255.517227
1660.398193 243.637772
351.654205 245.631958
992.428345 56.326103
1407.759155 133.625397
260.960571 274.671356
3766.932129 494.761749
3440.886963 132.417358
5012.651367 30.125315
4134.182129 2.256448
595.191284 16.282795
873.422302 40.662476
4580.421387 69.954803
4011.204102 90.401047
6274.117188 94.888374
8517.417969 163.247208
5291.267578 85.494080
52.899845 34.529976
228.387848 22.113781
708.566162 307.247009
951.408691 496.223083
3385.521973 804.405090
4375.450684 1151.415649
2930.660889 106.610603
5884.676270 188.047180
4148.728027 222.149750
386.019470 237.186234
2553.039551 40.945793
660.070679 125.466766
373.881378 290.793701
3960.554199 544.117310
2283.899170 116.537628
2733.564209 29.172897
1038.727783 2.239174
314.989594 7.476781
1715.758911 56.310181
89.889946 141.101639
3145.739258 279.217010
9598.876953 454.397583
38196.742188 23.382050
22502.529297 4.052206
1512.212280 3.387443
3565.497314 16.720911
2024.053833 37.637577
1940.644531 33.120682
1273.441528 48.606861
6647.293457 94.966187
1747.321533 141.760696
8505.828125 95.590141
5379.193359 68.253677
442.297821 50.685341
158.678787 212.134918
2315.156982 281.738953
6476.194824 312.645142
21325.273438 293.054443
31911.273438 5.671809
7426.996094 18.773712
962.614685 59.687382
3055.266602 129.277985
1076.634277 0.286026
3336.826416 17.923151
4601.858398 88.490387
14996.928711 226.798660
7172.349121 110.277611
1348.814331 50.641468
28.022505 23.794497
355.446228 8.269732
390.418152 191.892120
620.953430 243.202713
1113.697754 299.208557
25030.298828 360.283234
5201.875977 50.613262
4500.876953 60.017517
851.882080 95.313713
870.669800 142.228226
1731.593018 244.518280
1409.950195 271.380524
2428.353027 284.646088
4423.347656 248.102478
1971.328979 569.283142
3146.797363 449.339172
4352.381348 326.402832
255.478149 253.382996
37.338993 226.780182
280.626526 283.006927
898.302795 375.096954
318.766510 524.300171
6828.706055 7.844119
11740.604492 30.585732
3809.002441 100.535370
3012.021973 171.774170
3023.656250 203.820953
229.671890 332.020660
4628.618164 420.918762
11276.404297 436.581360
3843.260254 130.834259
1684.342773 58.845707
295.139679 37.481667
426.589966 90.394524
1417.645508 51.013165
1008.441284 166.301331
5487.315918 384.793243
9983.882812 690.710449
30382.203125 45.483253
1858.803223 9.548130
2242.365723 3.404894
1189.365845 10.503823
1364.658813 76.099388
6180.805176 117.968842
3983.885254 150.778488
3670.398682 150.906616
8443.722656 748.091187
5106.754395 444.672638
5606.812500 205.733978
418.758301 86.278114
48.994099 119.360115
1002.688599 121.693863
6536.146484 133.962112
6408.546387 213.595428
17074.488281 199.609955
427.364441 77.993286
746.903076 61.737476
1661.050537 94.019020
556.445557 95.817474
2489.463867 85.525101
2093.829590 62.168671
6473.446777 29.997459
3888.871094 191.445618
5873.097656 146.792435
3861.894531 115.350487
872.526978 101.213120
649.498108 237.649689
43.981880 344.067627
3852.526367 503.717407
19667.587891 672.541992
1892.348145 80.512146
1647.991333 135.807220
293.725220 166.759720
954.273926 188.409500
182.303284 81.737198
2165.388916 191.595474
1559.121338 378.984192
153.795914 627.913879
2625.859375 20.140240
814.568665 0.103590
2175.221680 8.172830
634.040039 30.580790
1741.651978 117.686790
83.127396 140.981384
8206.306641 195.267624
18991.173828 325.018738
11070.690430 101.333321
1704.889771 31.722862
199.981857 45.044968
99.474426 86.533669
3189.825195 437.887451
2989.935547 469.695435
12144.096680 421.344299
3168.394043 305.533264
7076.899902 205.158081
7464.367188 207.651123
380.962585 261.144348
615.344604 352.155762
517.574707 458.484375
3323.619629 756.038208
1599.579956 1293.368164
3415.284180 2022.496094
11321.263672 46.922951
2799.113281 122.824272
2123.620605 231.788361
1799.837646 323.401093
1176.358398 233.327057
337.536011 303.547638
6821.625488 412.299072
10713.154297 497.550995
43563.250000 655.721008
6869.190918 517.671448
2141.673584 359.268951
3529.494141 250.102783
61.380451 64.032890
2130.105469 129.665878
483.916168 274.240082
5810.149414 492.590576
13936.929688 31.709089
2135.419678 29.277784
1654.845703 40.526272
1039.819214 46.896820
191.388580 20.672596
5163.759766 34.270130
2640.129395 46.995560
3843.831299 68.798141
2133.130615 140.170044
5476.833496 58.002335
964.991333 16.310541
1267.108643 9.555268
176.068466 2.875839
193.246902 12.449024
1055.575928 58.437111
5004.697266 138.432388
6871.196289 9.766609
11452.943359 20.981264
4788.057617 24.049320
16.783606 13.910110
327.232910 75.772003
496.324585 113.315895
2589.450195 177.596481
1002.590393 256.112061
4048.782227 74.438377
3287.352783 70.201447
3912.466797 65.398674
112.580772 63.476662
537.468872 32.442627
2611.054199 33.907410
3419.861328 43.418579
7318.337891 69.907097
8907.773438 221.618851
3527.205078 128.600632
1191.320312 68.612518
1020.758545 40.408272
281.329956 263.784821
1204.595825 388.752350
1044.877930 531.150024
1412.286987 665.618225
7615.622070 23.623590
2775.155762 45.994705
140.030075 94.806572
680.637390 166.308716
2841.010498 257.360809
2282.870605 333.767822
12860.089844 353.112000
37467.257812 327.728333
1792.039795 257.778229
3233.815674 125.904282
215.268509 96.084534
1062.035645 157.578934
642.643005 3.077426
708.721008 80.293823
7129.131836 310.979248
23551.330078 684.904053
19535.794922 2.070918
855.103149 23.757458
315.988434 37.531872
876.211365 16.406973
2890.071777 43.104164
71.708786 66.023438
3495.652588 133.128433
9681.077148 254.163910
28361.173828 212.822327
19123.035156 124.758942
3038.582031 74.074478
3843.247559 48.524078
138.952316 152.427246
627.947266 145.551102
7970.138672 156.847397
7551.794434 183.596054
376.268982 432.060516
2741.732666 332.535400
2602.504150 245.068481
129.380569 183.976410
1970.271606 226.560471
4076.195557 364.045746
3135.679199 590.882935
12276.692383 914.188232
12025.114258 83.043449
6835.291016 39.957962
3378.740967 74.524368
1039.859131 139.830597
886.160217 17.224293
1336.318115 38.251266
2642.583496 94.906281
5697.956055 188.485229
20238.232422 312.470917
7796.922363 180.393585
1500.863525 85.336960
385.044769 31.851500
653.304382 88.369461
646.529785 175.288727
205.457413 282.084991
4437.272461 389.241638
10943.671875 39.265076
8402.750977 10.998701
4127.427246 7.251409
68.138718 31.851521
146.917267 265.333649
2086.604736 509.790771
5730.525391 763.947266
495.483215 955.673218
8393.337891 138.287018
5365.957031 55.005684
2451.081543 27.911432
4404.458008 94.565613
199.543442 262.253571
4.132569 234.565582
8123.052734 205.510239
13076.224609 198.623199
9050.218750 382.003784
1049.721069 321.536926
2730.200684 291.924469
247.073059 278.562622
37.265625 399.848206
34.396183 632.460510
1008.563110 1111.873535
614.963318 1742.176514
3449.620850 209.068359
3352.090576 336.509399
184.838593 382.528229
491.470764 363.043640
1111.489014 220.600708
306.094879 460.408936
3017.916748 816.641235
13640.972656 1287.498779
1795.768799 360.843964
7802.724609 116.439415
766.685608 36.211391
240.134064 79.940086
122.549377 14.160963
1302.083130 57.356979
709.141846 199.305054
4052.328613 493.726196
13346.191406 255.488113
4025.458984 76.890984
1346.367920 16.246758
629.130615 7.456725
840.582642 76.385406
417.466492 85.874466
545.203430 117.657494
2063.705322 171.671112
17153.867188 313.535919
1032.605957 213.393906
571.283997 137.298447
240.196121 92.058998
25.719297 12.825590
3594.251709 21.418943
4543.991211 22.733730
4669.994629 26.526974
2268.942139 108.023605
4406.437012 38.344578
269.427185 4.500701
453.440125 1.687203
419.794922 63.082241
1298.896362 56.750481
5370.487793 83.580452
16280.752930 143.265320
446.431183 42.775719
2696.445312 77.368942
2799.759766 92.990295
247.580444 83.483856
1339.811523 98.238220
421.278625 176.366272
5429.764648 275.328491
4310.126465 374.286377
7175.340820 19.573322
5055.203125 15.967041
3668.006348 24.212887
2635.107178 48.827747
117.429199 24.007427
1079.217773 12.048427
4675.462891 17.369019
9125.041992 83.040451
850.163574 118.705078
359.273499 32.465019
42.751923 14.393134
439.162994 23.359444
764.362427 66.950653
567.672119 54.124107
63.230331 83.824020
2278.410645 173.242584
26054.998047 61.549908
1634.316284 74.360764
89.161156 91.385323
4098.592285 88.317932
1034.921997 196.515869
1779.357422 244.541824
10933.384766 310.477997
14095.829102 355.304657
4948.067383 223.997482
490.472961 232.830139
247.622833 209.877502
500.591309 187.615585
923.675049 111.402985
1310.679810 109.434166
1538.923706 76.505592
241.819077 35.011486
3200.953369 190.224472
7911.764160 105.622337
1372.929688 76.487816
332.068268 89.875244
163.661942 157.392731
103.221001 273.226868
2873.462402 495.363892
72.845909 803.928833
943.985718 67.851845
136.608627 75.926674
2201.315918 97.589760
374.723389 115.599808
132.288254 66.304916
1079.044189 123.787796
9590.943359 139.694778
17301.056641 111.507225
2469.812744 489.242310
9197.365234 226.047440
3998.744141 61.882378
365.990570 21.836683
198.860809 517.071289
4240.696289 671.985352
6646.652344 827.175232
56559.027344 930.284363
2278.942139 136.690948
2782.184326 221.032074
2776.349365 301.049744
544.352722 393.291931
72.271019 387.426788
6976.010742 607.755981
14175.231445 1030.716309
24858.320312 1650.305298
9990.692383 37.490818
6518.803711 81.149544
1920.205933 186.894058
1176.226807 280.236450
1307.894897 256.729187
872.800171 327.187988
4827.571289 469.680389
6982.345703 652.929138
35056.468750 486.759979
3096.927246 402.533936
13720.881836 320.025421
1184.654907 261.379181
165.189835 7.203570
1548.491577 7.579993
3240.569336 19.230394
3089.974609 48.179298
7184.171387 134.873703
646.234741 76.033096
3321.022705 36.997383
104.001831 15.911193
1001.339050 18.885548
1841.266968 2.737433
1106.778320 5.686760
5171.909180 44.510983
9772.721680 1.674097
10152.396484 10.563170
702.405273 27.061295
323.169983 31.430311
89.076271 345.632263
2098.996094 556.229736
2283.774902 875.955872
9632.002930 1202.764404
7413.087402 197.376450
19713.363281 261.664368
872.370117 267.504730
31.639256 267.379791
1284.316528 23.932791
453.724060 59.309151
121.284203 135.558395
334.528137 258.413605
1341.907959 394.425781
1305.492676 210.651550
2223.012939 88.920097
20.556778 30.422581
461.007538 34.341881
1146.548340 59.549877
518.039368 79.381920
1685.866089 85.702682
504.370392 4.132209
1294.908325 0.467049
1434.441895 1.827968
132.073853 13.123821
40.064514 186.656403
1658.927979 238.871552
9378.052734 292.242462
7561.337891 316.133392
1769.375244 157.798065
2748.452148 164.096252
705.493286 156.358368
269.263214 158.272919
759.088806 19.659594
1106.955322 33.084198
1954.976685 114.025536
4792.703613 302.911469
1466.057617 75.029274
7827.116699 11.578369
2800.836426 11.036828
1283.816040 20.736635
540.887024 194.244278
263.869568 366.049164
802.773071 614.732788
3179.830078 847.728210
34890.355469 269.188721
1262.509521 244.467712
3271.006104 180.114838
1867.390381 140.634552
482.656891 105.158569
440.646942 140.180405
5968.056152 193.881622
521.077759 273.503143
14707.961914 404.393982
4932.734375 237.037384
1603.526978 134.338898
637.392029 96.517181
1678.769409 145.457916
4982.377441 255.101669
4466.039062 361.219025
37167.699219 464.665833
2333.129883 157.747742
5975.900879 33.912575
3091.120850 2.080312
562.870605 50.085979
50.053963 105.108406
1052.721680 60.678673
4282.764648 35.456264
21.684475 35.694534
20797.074219 144.095825
12460.340820 174.877747
2315.636719 178.140656
40.044029 150.974304
61.827927 3.420045
919.801392 4.691425
638.970886 5.649377
78.665627 14.895785
6151.591797 91.931160
14301.328125 38.571136
4594.446289 10.126955
275.425415 2.181244
531.502319 109.808189
968.549316 269.769653
2545.271240 524.101807
12905.465820 798.822876
396.826385 163.847336
1070.529663 141.359207
1047.916870 93.584816
763.004395 63.059254
565.904724 134.470825
1243.856567 209.478912
4039.918701 312.204315
19181.212891 449.486694
9442.221680 35.324818
2922.451904 4.391745
591.479309 25.947254
1216.716064 74.231010
287.879547 104.734177
39.653679 193.095993
6733.130859 412.665558
5447.562012 737.132751
18815.142578 27.954720
12001.523438 83.448868
772.273376 112.219383
851.231689 102.768814
1825.228149 3.175328
5906.041504 21.076183
4061.506592 76.734100
22082.371094 185.880539
3561.098145 112.444550
3944.069580 42.866001
7550.896973 12.963879
2200.510742 3.085632
1388.334106 0.053730
167.647568 1.491608
4349.289062 12.623561
315.789795 41.399216
27141.705078 23.746307
816.194397 4.965223
1398.762573 0.111320
581.415771 0.279198
2282.440430 114.833733
74.855331 166.864761
2620.896240 213.168808
105.587799 239.339783
3957.180420 11.863523
28673.884766 21.190971
12347.980469 39.032742
184.582306 70.029404
495.757416 35.619694
904.334229 135.512695
561.422729 329.114807
1893.846191 600.649658
1636.388184 29.933571
5872.371582 4.894043
114.432541 0.499621
823.253174 3.721517
291.559570 69.372429
614.259644 121.785431
1066.101196 219.371185
1659.980713 370.056488
6011.709961 112.493729
4026.849609 51.735714
543.860840 35.711056
71.304321 44.076126
414.093475 78.623337
5227.204102 103.276451
837.349365 136.469696
14745.367188 142.235611
3954.208252 413.725555
3418.168945 303.691223
2347.379639 182.824417
20.956709 100.440186
918.777405 138.307739
33.575924 163.937424
1221.147827 190.169632
6332.596191 227.146469
7651.656250 5.921473
1701.524902 20.844328
2304.876221 60.115685
865.904114 103.621147
2233.722656 0.741976
1258.656738 8.219252
6714.978516 30.331787
8398.153320 71.120781
11800.336914 81.874168
13150.548828 40.748245
4057.872803 15.844220
213.747589 3.545871
463.300476 84.145569
314.933075 154.627136
1370.524658 264.695892
476.255615 394.854767
7991.760742 74.312469
2544.600830 57.346546
4675.954102 49.011642
924.215210 53.316582
49.830349 106.915573
2079.185547 201.667770
1920.825928 362.270264
2784.462158 589.214111
11193.530273 52.609138
9175.474609 12.893402
50.745102 22.192337
2222.104980 54.148914
1109.769043 50.014038
111.822609 63.749718
3060.681152 75.810867
192.844330 81.467773
20254.765625 268.994812
4128.204590 166.093918
842.977600 88.944328
1387.453369 52.184906
1834.870605 175.109512
2965.830566 189.761963
339.430664 181.277115
5421.395996 151.288452
4966.461426 79.239731
2642.023438 89.835182
1202.821533 113.135185
3.784258 145.250961
414.374542 90.142494
1849.458130 31.198700
1159.613892 11.585489
19166.453125 91.066483
4460.403320 444.030243
2187.319824 281.035889
3909.809814 196.011307
403.174194 145.122955
1479.973267 44.342484
248.616684 26.274309
459.211548 26.528389
5782.344238 26.236917
7818.138184 625.768677
491.955505 432.538696
273.536133 245.271805
4581.954590 111.306854
1670.358643 85.742928
3874.128418 124.978500
577.447449 132.607925
4363.067871 95.676804
420.958893 382.002319
3483.187500 214.853043
136.428421 97.858124
1925.545898 60.621758
1698.680542 52.701683
53.091747 27.944826
4110.143555 54.247513
16.945442 107.995590
3044.495117 483.489197
580.409180 388.447968
1344.331787 259.367523
1558.461060 135.509140
831.980652 120.872375
166.781204 91.850235
2728.722656 66.154221
599.144409 46.393147
494.394806 167.570786
2646.227295 175.597778
980.069275 168.411713
5990.192383 148.409714
1907.381348 26.842964
2752.799805 34.647923
4378.161133 53.395191
2870.236328 80.381821
6593.210938 68.929916
917.755005 52.874355
8244.773438 38.998474
2030.597290 29.263613
1725.769531 78.178085
6081.003418 69.445015
19368.046875 30.292854
5990.769531 6.254738
3554.756592 316.461090
6941.437500 133.889297
1436.189941 57.156803
143.972244 58.372852
407.932251 22.473356
1035.499878 19.029484
1594.741089 53.601135
2793.457520 99.618553
12566.996094 205.545654
11317.390625 192.801575
2549.444824 137.303360
3795.673584 68.806686
857.524292 20.530140
768.201111 17.868200
301.904663 25.323305
233.941010 33.455269
2541.478516 178.575806
3373.550781 133.331757
121.637009 82.356514
164.020569 41.715771
438.734955 64.134140
2509.202148 87.947479
1121.933838 126.205879
2995.842773 176.838867
922.196045 39.102097
421.242981 36.308517
535.516052 41.621471
183.652039 50.478085
259.787506 32.784821
4162.693848 38.960396
83.818398 26.052402
1844.717651 5.266016
475.904846 588.284912
6537.337402 312.673737
6531.759277 124.288101
660.421631 42.567928
488.577759 28.428802
593.211426 29.320435
450.615112 42.782162
2083.273926 74.201317
2533.527588 201.852600
2146.547607 124.361816
66.038414 70.207565
561.080627 40.197563
1096.253052 130.648895
966.632141 171.447662
12852.719727 152.835419
589.408081 75.034477
376.825500 702.597961
2294.338623 377.998932
3426.752441 164.968811
1487.130371 98.550766
844.644958 107.099579
692.639893 123.346344
3105.528809 182.320984
8782.064453 243.545868
9465.301758 350.609802
1591.283447 315.414948
2449.732666 233.924316
1654.029053 150.043335
67.434326 69.752190
6264.799316 58.933792
8179.784180 62.815819
16445.589844 75.561295
4317.108887 127.223480
8185.519531 131.085938
956.317078 117.065987
1095.135742 92.544014
719.190430 20.982794
2443.133057 13.023691
1646.535400 18.114712
4201.486816 51.519577
5503.698730 202.876984
10675.171875 115.810928
69.965324 62.643925
981.419861 35.431347
397.163910 21.131041
1564.239380 52.648361
4497.335449 85.596115
1223.427124 88.649719
934.548279 310.035645
3612.576416 201.546143
7307.291992 93.439888
1992.870239 28.483616
120.355385 29.050426
1781.665527 9.483044
1791.611328 10.462644
2457.105469 49.802353
15349.556641 128.696136
2244.137451 89.707542
342.717529 68.754723
1673.685913 51.065304
1139.521851 53.830467
3299.130859 64.901016
2685.364746 89.007210
4116.138184 125.563744
3890.394043 161.271072
1528.433594 111.311638
1073.241455 75.730171
955.773926 56.858871
1982.947998 18.975712
3663.077637 56.925884
609.850037 121.745369
10225.823242 202.157913
1273.462524 23.705664
3808.830078 14.568419
1607.038452 7.869215
1176.176147 6.036037
1526.288574 13.123183
3435.951904 29.344368
677.543945 47.600517
597.143555 51.783325
649.238403 216.559662
17110.720703 137.697937
3020.066162 64.183456
1692.307739 20.537163
3390.207520 110.600105
1258.528564 146.925308
5958.325195 151.819031
3212.447998 121.028694
10811.310547 127.927368
3076.467529 71.232635
1610.135742 48.876324
1120.462646 67.769440
190.527496 7.196411
5779.574707 0.504169
3891.223145 18.832785
15312.437500 74.708351
12861.622070 24.553347
1891.818359 18.514019
230.164780 21.872646
773.162170 18.801426
1414.635498 44.515549
1609.681763 47.433037
2190.782715 58.961704
139.950943 83.889091
8924.490234 1.601451
5304.664062 14.487097
4123.555176 30.647089
382.208099 41.078571
683.850952 15.032270
4497.260254 17.071157
1876.429932 54.495377
11852.979492 97.619629
1086.035522 301.822388
5302.336914 241.752670
95.904129 149.425003
2712.854736 62.883263
2261.873047 12.547199
22.983515 13.669677
7806.888184 17.294636
3751.385742 24.648350
5185.657227 54.216873
6012.329590 34.459007
1027.577881 21.097126
810.735657 14.387333
19.900740 4.883967
939.499512 6.112941
899.431519 25.406103
4530.421387 50.752678
18877.464844 95.254204
422.253845 83.760963
997.820557 55.653728
987.204529 24.285210
424.335907 50.727783
766.854553 42.413609
1555.286743 25.097412
8462.660156 6.402920
1035.562988 132.156570
319.156982 88.580795
4937.398926 62.777439
111.376831 53.687325
455.150818 32.998516
2191.496582 59.014797
3079.656738 88.440102
1753.936157 106.147713
689.795776 88.653618
2565.195801 62.807274
46.258957 36.363300
1707.415039 23.994537
282.345947 10.753568
226.915680 3.791567
12023.832031 14.308240
2842.005371 29.759212
1540.787476 212.214218
1228.146118 161.669449
1583.137085 98.513405
1898.217773 43.304359
207.991638 57.113556
14.347307 89.406555
1897.289551 119.145302
5902.390625 145.779434
17584.779297 42.456715
323.684235 14.311971
5015.375977 10.542293
311.756165 27.744528
2148.668457 65.735336
188.320999 92.010262
5390.333008 88.043655
5975.004883 46.706589
3779.600342 474.410706
1746.907837 263.781891
1186.140503 113.878471
2555.524414 55.254627
2011.505737 37.538467
611.321045 26.069319
1288.048828 32.572273
4530.871094 49.376911
9438.320312 118.761353
843.339294 117.722755
1600.127319 96.429832
1371.568604 64.804688
1114.533203 1.426210
7313.092773 1.456917
5961.337402 10.283761
3851.286865 26.974386
5867.825684 201.985657
7371.174805 121.410988
4234.971191 56.665100
653.921753 17.193441
1442.925049 7.051149
1321.897583 22.490040
988.044617 36.605461
10999.216797 40.748901
315.584167 180.684570
1405.905884 101.990746
8018.884766 38.948746
209.818420 7.655748
143.755066 25.657030
1316.301147 9.769093
185.178070 2.244187
3682.304199 2.017851
11258.888672 324.916565
2044.391602 218.237015
489.810730 124.558746
5242.070312 60.353409
147.583633 7.450435
2179.344238 9.699697
1512.158325 17.341583
1853.632568 27.184196
2680.917236 186.633179
946.724854 114.620247
1680.531982 55.319344
319.788544 19.786911
398.253265 5.852150
1712.759766 14.237320
2375.312012 23.008795
5520.703125 23.920710
52.667175 91.890030
3675.908203 58.914009
545.184692 27.122620
835.251465 8.266288
765.398193 6.012617
528.793823 5.827269
4195.169434 7.834575
1326.646973 9.926329
5172.091797 43.366192
6390.638672 31.902454
837.083496 19.719561
455.890228 10.474872
593.056763 20.170683
477.423126 13.570672
654.900024 8.965659
1991.812012 6.709485
3176.852539 131.198273
2415.566162 90.564285
1016.858154 55.851276
979.412659 32.691177
883.863342 4.882128
2516.551514 7.232636
1336.764648 23.037199
2252.897705 60.966572
3503.583496 36.178665
185.847290 14.127984
729.770630 7.470181
2396.874268 6.142001
411.583557 84.948647
5130.116211 113.439537
505.808563 131.142136
36427.910156 128.981934
1341.738037 92.525154
148.633820 67.455391
2705.172852 54.121586
765.171509 60.933105
452.015839 5.745773
5335.602051 20.877338
6921.544922 47.173008
1840.046753 80.282516
3744.008301 2.647693
18704.144531 1.190387
1615.855713 0.295372
3156.785645 0.445882
275.559906 3.766032
7250.923340 32.865860
491.297516 98.085617
11088.069336 193.275696
4252.020508 183.135529
4507.706055 104.755241
4961.257324 45.129463
3228.942139 9.556116
330.872498 56.974430
1575.517700 36.051712
2168.087402 20.426188
8112.024414 10.490931
4288.219727 419.396179
5571.503418 286.614075
2723.663086 172.762680
3407.211182 97.160683
2444.333252 69.701317
3717.083740 67.330940
6174.663574 66.503777
6440.366211 67.527306
4126.634766 83.278015
2458.448730 80.268738
3076.660156 76.739136
700.578308 73.045113
599.248047 56.659897
159.268906 106.593231
3091.073242 169.202408
9881.090820 238.524323
5681.161133 33.013767
627.719238 7.281866
837.697754 4.693156
437.641998 22.073040
1354.898682 8.648972
3068.593750 25.371761
5925.419434 74.483070
524.676086 166.018478
3255.151367 44.253319
5396.571289 13.751402
1216.145752 6.524608
3468.673096 6.160831
6.668137 40.751831
528.935730 18.635611
2896.771973 21.640339
9321.897461 51.480190
6458.033203 361.715881
2825.159424 257.245026
2922.094727 162.048981
233.855621 88.448914
250.534973 98.835106
2439.168945 160.988953
1638.013306 223.228561
17390.066406 254.163147
1232.903320 124.855148
1594.698730 97.501068
3390.706787 68.744179
1111.806641 64.877792
510.458832 14.047318
2001.035034 14.777077
10398.183594 7.837976
2451.250977 0.977196
2089.427979 171.790237
10451.291016 86.184708
863.015930 33.138142
1215.933472 14.035590
949.222046 40.849724
1006.555054 72.053596
392.686401 109.021507
11263.054688 147.476166
21230.083984 24.323385
1944.004272 8.651068
3467.118896 7.050945
554.566589 18.415831
5052.211914 188.448990
4715.156250 251.868530
6512.456543 247.899963
441.310059 167.561859
7273.992676 376.917999
5857.101562 204.740585
1091.238281 110.193146
768.806030 117.255325
242.010315 40.204895
47.882210 3.359099
1374.323364 20.469326
11327.595703 120.767395
28530.791016 169.980179
2780.383789 136.989594
2126.380127 119.468201
1980.092041 88.246628
6131.078125 207.773590
1276.923584 204.706909
2247.915527 215.941498
15105.224609 220.650375
5713.367676 281.128723
4272.522461 293.218109
75.455688 269.640747
2367.000488 233.102768
1201.341187 45.309258
581.901672 40.684853
2369.719482 42.597507
3423.202148 100.436996
9248.612305 342.344788
7349.551270 144.735291
383.431122 56.286568
2827.142090 40.783108
300.776672 129.420349
382.729706 68.686371
7287.511719 20.706163
7033.274414 0.264544
6948.704102 785.817383
451.376923 549.057007
2577.239014 351.345978
135.984573 215.303253
910.671875 107.956940
368.467499 98.931770
4839.601562 125.721855
4403.340820 148.480011
5795.740234 438.652924
581.469360 387.330811
4406.749023 281.717529
392.861053 173.660065
567.155457 23.478796
4591.470703 1.459537
1495.263916 20.812347
13494.585938 87.789619
9584.476562 49.076900
1656.253784 74.592758
514.532471 81.681602
348.356934 60.065479
2182.960938 43.061909
1703.481934 46.257835
2993.756592 41.182766
10068.939453 31.115791
1021.487610 111.007210
6246.337402 68.402588
3417.096680 43.729240
482.954193 38.237000
4728.251953 60.053295
2617.330566 47.235573
5485.748535 18.762903
18385.726562 0.483904
20668.537109 357.683502
1019.760010 192.814102
1773.722900 97.680679
295.968109 65.252533
4702.438477 86.197739
2997.656006 120.343613
8207.266602 226.961288
16622.250000 341.084351
7143.208984 371.723145
45.910461 354.604523
985.827637 257.625671
454.633240 144.285797
525.914062 160.803314
591.200684 180.996948
276.940552 162.818420
2626.210693 115.787056
3581.166504 35.230068
6399.657227 31.958157
8768.063477 61.561829
3802.269531 112.782509
3919.864746 95.186714
1179.621460 84.417343
3324.462891 51.909485
20040.082031 11.665456
4197.166016 469.520233
4175.145996 284.378784
4007.705566 160.132660
1612.998901 106.644012
866.681580 19.856890
1159.916260 42.375336
4616.937012 134.541946
961.509155 260.413269
11347.205078 188.050812
1183.005981 186.963593
236.958710 135.583252
10.053384 63.644035
614.470337 85.740952
3548.910889 95.086700
1233.006592 91.937111
10100.369141 78.150978
3593.187012 51.865246
131.765823 46.792328
9165.605469 53.230862
985.049683 68.821327
1775.078491 31.498985
480.065430 159.865372
571.424500 364.013977
2759.658691 581.061096
7277.676270 171.569016
3317.295654 117.131355
730.959167 46.180973
237.028473 1.323203
1157.010986 184.968628
67.272285 195.887833
3221.444092 241.441345
1853.276245 332.728241
3802.916260 459.257263
4921.517578 330.968628
521.546265 246.636536
2144.974854 201.065231
1189.418091 61.804512
55.592514 44.484921
498.486481 50.470417
843.623230 95.191132
8400.208008 610.413269
11880.884766 379.702240
2548.473877 209.468002
330.883728 109.286057
2935.365723 55.610695
2300.346924 72.979919
32.109406 102.024460
1684.987305 137.498779
816.834473 89.835220
480.911621 71.536331
566.836670 57.681000
119.934196 51.202457
2196.724365 10.470348
42.806118 31.126707
1399.727661 80.270950
10247.429688 165.458847
3100.187256 64.968880
1917.513428 23.833206
1028.793213 8.120820
587.983398 5.186259
147.355408 145.502945
411.510437 185.440735
8358.307617 178.806732
7776.240234 122.282669
4833.541016 450.903076
8946.202148 255.538742
682.878113 133.480499
1681.895874 107.638626
647.885010 57.899845
137.376633 104.651024
3876.763672 209.078735
1786.846802 354.755249
13275.989258 167.082596
196.323013 128.816925
13.162975 91.340363
1341.601685 60.888062
1151.193604 138.849457
1144.708740 72.118439
4135.706543 42.015625
1696.919678 54.461945
598.681274 614.049561
4391.068359 489.463165
1559.535034 357.312134
342.046875 236.377121
790.183716 60.647800
526.604187 91.840248
11170.612305 163.131927
25739.320312 286.218536
4226.731445 94.686409
1248.130859 51.400276
1300.816528 43.081680
1149.276245 48.447815
692.632690 119.653175
727.923950 105.378555
1333.857300 71.503296
688.488342 22.063122
8177.059570 730.507812
8669.232422 463.321106
5676.319824 260.416016
1625.312012 153.804825
2349.072510 30.262146
2008.155518 5.437776
6288.762695 0.376274
4110.259277 10.003562
1554.592773 223.913910
443.604950 185.102539
1232.017822 130.597397
342.449921 74.541039
1181.919312 17.980938
1358.687866 38.057468
6944.499023 63.526482
20.264372 81.738861
11456.241211 273.673889
3946.628418 164.576675
450.865601 74.041748
152.439209 24.623890
321.163147 3.050228
1568.114502 17.695850
7532.725586 32.297428
8924.023438 37.229549
9295.528320 113.092400
3508.642822 65.051666
114.595123 23.442085
890.886719 2.000854
2428.725830 89.765594
5284.272461 105.383507
6507.314941 90.165955
6701.301758 51.691879
3480.047119 390.912262
6573.812012 214.724106
2220.274658 105.242439
576.544800 73.872528
550.229431 29.992283
3182.169189 85.119682
5192.519531 241.425522
12870.462891 442.990051
8057.743652 167.105728
3901.727539 194.268127
2573.478760 149.102081
621.489441 70.607498
318.489929 185.780121
4019.928223 156.128830
1111.184692 114.193665
1231.908447 73.747253
26577.332031 195.769180
1240.890991 194.102661
7709.215332 197.485809
7253.317871 198.015320
2635.292236 4.557794
6579.010742 23.461445
3307.425781 70.397186
5180.490723 150.377960
946.327698 98.373734
1466.041260 45.760147
235.010239 16.946293
95.165108 4.160284
1392.787598 50.879837
641.469177 95.280556
3546.962402 129.900650
4553.864746 138.406418
15991.110352 631.896851
3273.799805 353.439301
855.155029 145.011688
1153.501587 49.408657
1384.306885 28.268806
731.424683 71.611732
854.638367 143.171204
3824.084961 205.675629
9475.577148 153.556686
5285.178223 127.965256
671.028442 76.271057
36.756420 32.721302
3459.039062 15.759691
43.073483 62.368607
1028.687744 168.893738
10679.874023 301.005310
157.852905 218.017715
4082.472168 168.851547
5304.969727 98.297775
779.989136 35.209763
1124.916138 136.776245
259.646912 175.773880
1457.518677 241.407928
2841.265137 331.615967
7259.228027 171.480789
6853.193359 133.683548
80.422989 118.130234
333.619507 119.258865
1625.435791 106.513748
456.231995 103.818695
2239.900635 112.103661
5951.353516 132.667526
1936.792847 227.983276
5938.045410 182.294937
2380.338867 145.291168
1146.751221 120.045448
320.066345 133.101746
1307.668579 216.709961
799.365356 266.932800
7239.871582 313.667297
1806.768433 324.455353
3196.410156 88.048264
1017.090454 1.024042
641.631775 39.088577
106.326721 190.650635
995.354614 47.620636
5155.813477 3.624843
8835.494141 76.572235
570.828491 1346.473755
292.920593 1023.291565
2416.519775 699.839233
5419.909668 414.148987
3636.572510 128.445526
68.495590 140.072952
5686.823730 200.233658
3629.233154 301.598877
6636.269043 521.028259
5673.423828 377.396393
5182.033691 253.918030
4783.047852 167.561493
3100.000977 40.315205
528.870361 107.715981
1683.008301 190.220642
4535.335449 255.062759
16052.144531 309.361237
921.273193 181.736237
157.040939 74.167099
504.844147 23.236042
1205.726440 107.981697
993.725342 168.345993
5061.586914 193.498138
9312.711914 165.983978
4191.140625 140.661102
13962.948242 70.610001
4714.871582 34.368134
65.263367 51.078053
2339.160645 165.856857
8611.929688 138.436264
5162.457520 71.706810
12218.140625 16.935154
3175.224854 610.293518
12083.865234 343.994019
4790.240234 202.372894
353.816315 165.883484
456.027740 82.765198
5730.123047 6.318010
4735.733398 20.154282
4400.848633 112.324448
5436.426270 284.976532
3148.581299 347.130615
2800.133789 317.160309
667.168213 209.471588
2914.493164 58.887291
5471.425781 90.488251
3158.426758 130.526855
4896.882324 161.042877
13728.009766 154.303711
12327.675781 112.620071
856.236267 72.287460
1981.509033 51.310959
2605.418945 42.095634
2861.661621 58.891891
5560.526855 79.849854
11194.267578 101.937325
18134.433594 25.201946
161.555603 21.972582
3178.850098 23.889273
3302.705322 30.501741
330.519531 9.373631
155.534607 28.156799
4245.010742 54.210239
10161.063477 102.678131
1580.271973 231.922150
1309.862183 96.072945
3739.474609 21.504047
1637.882935 0.457355
168.919159 60.000664
1864.819336 16.614422
1519.123047 2.052571
391.544250 14.155966
4026.149902 662.350525
5110.488281 466.381470
5888.275391 283.305847
3844.970703 145.371338
366.407806 6.986101
262.277740 6.177869
45.837166 21.422321
3267.519287 67.662933
4678.645020 288.317688
485.635895 152.819839
2356.492676 65.507919
317.294342 22.410110
2133.982666 41.912987
1379.032227 78.454544
641.007690 100.961929
2124.971191 83.816536
338.749329 426.037720
397.033234 253.349091
147.152725 109.839043
2547.407959 39.547623
2317.312988 72.178818
510.345886 27.322733
622.243530 10.172202
9032.562500 15.918655
10163.793945 410.999207
616.281555 334.347046
52.535213 238.427689
27.508579 145.263458
1895.026367 150.099243
155.358566 160.965332
3850.456055 184.716690
21544.935547 233.997864
11.744761 20.030094
3641.513916 52.448059
611.812622 97.708656
3543.822754 132.660767
352.274994 80.112732
1947.526855 40.802197
1480.357178 6.333954
4869.877441 30.193041
9025.758789 602.113220
3831.715088 336.041107
3236.855469 181.764923
95.965103 114.534164
1885.098877 155.882675
407.407501 166.560730
1936.491577 212.673599
7636.645996 242.208939
152.093628 502.855774
3674.625488 442.620544
684.318604 324.799408
251.071106 212.321609
133.427536 17.651447
1801.062500 4.321436
2831.281250 12.342354
2587.699951 39.123234
645.763611 95.270004
3376.067383 91.693092
3523.035889 73.579849
4155.413574 45.057667
238.845978 5.919374
795.569458 4.708951
6592.684082 5.182494
18777.554688 7.094969
2898.838867 6.845707
696.258606 9.046915
343.201447 9.375415
262.425018 7.954133
1986.875732 26.077271
653.755371 72.347847
2266.986572 126.729248
988.892517 162.623215
8832.041992 108.252235
6450.204102 70.245842
2218.888672 29.293421
555.320862 9.948799
838.194153 38.194458
3018.235352 33.319981
12233.361328 25.954878
13375.770508 24.728466
3498.026855 174.047272
7470.750977 105.350891
3443.207275 62.237461
23.826477 43.762577
3518.627930 7.976294
1118.016968 26.719639
1487.377930 37.721966
360.406860 30.722504
10674.153320 161.641968
2401.319580 87.048523
1844.503296 28.144737
1575.181152 2.483940
23.586163 47.013767
809.851318 35.230003
292.692932 17.144199
8992.917969 11.991323
9375.264648 148.655258
1095.512085 83.291771
184.767151 54.006355
286.765594 48.775864
551.266663 10.670813
454.469025 3.030575
1959.259277 18.198593
3402.102539 49.897293
41.698868 90.812080
1214.211914 86.759056
3376.570801 66.164749
906.364685 36.132793
841.704346 40.491802
1103.380859 43.630650
1930.552002 40.422707
23.379086 33.142990
1668.132080 7.156967
2434.936279 11.177275
1960.300293 20.399431
968.051575 31.632824
457.751984 66.077347
5016.291992 42.016327
428.890198 56.556419
6775.595703 112.424461
920.643372 148.977905
1793.667114 155.759155
722.053833 143.186310
675.464111 108.233147
3001.029297 60.040981
27.155731 162.351761
1446.413696 331.222870
8925.563477 532.701660
8055.575195 54.313004
147.985046 39.949814
2863.229980 26.175018
1339.305664 23.329233
1765.080200 54.272919
819.736206 57.398342
5452.362793 76.743767
5908.122070 131.418701
16994.656250 537.046326
7484.298828 303.650269
1291.292725 149.194687
843.443359 75.139618
4696.501953 46.143372
11284.169922 73.681793
9204.039062 132.179535
149.072220 213.455139
2795.100830 81.025665
481.062958 67.207077
4978.885742 54.455711
603.027039 43.988678
317.431732 4.268760
580.760376 0.371452
1991.604126 0.954831
8223.817383 10.520023
2859.823975 184.124069
10848.899414 105.712860
4783.565918 48.676716
1332.712402 17.108946
278.336060 34.973141
2056.062012 30.537693
4534.189453 25.176786
252.976425 29.826447
1131.438599 82.877197
8573.775391 49.116623
415.743744 35.776737
4519.654297 34.768547
0.168410 17.133221
1019.531433 31.873695
2541.630127 52.632065
9068.178711 64.259827
1376.245850 101.936890
1094.187622 76.800636
14.091676 44.047756
681.430054 20.652790
159.154953 8.884930
1320.182739 27.179043
1807.724976 44.569382
22799.648438 51.421238
9591.166016 60.897823
5022.412109 33.713440
61.204288 10.265063
396.213928 1.109665
1269.731445 30.260971
2275.727051 68.617447
3453.655518 166.531799
7023.205078 309.023956
758.803162 66.832550
3758.963135 67.656509
153.285324 56.987076
279.827942 36.522099
207.779633 212.076981
3420.815674 285.082214
806.084900 353.382690
37810.785156 390.239746
2313.114990 271.729767
7483.701660 208.412704
1040.159668 165.457855
1880.044189 165.745453
1825.220459 15.322023
511.750824 20.569862
3029.372803 49.430294
6373.824219 120.781219
1962.131836 203.760864
17082.990234 100.264389
9420.829102 44.557304
175.435455 21.848890
334.771484 0.485411
37.064571 6.964917
6069.005371 6.484948
2708.677246 0.469303
2059.691895 369.581055
1637.234619 196.608658
5150.373047 71.204391
257.764435 11.109175
264.513611 24.977236
3507.904297 30.666027
1753.230957 46.836056
1110.005493 60.863045
4527.695312 101.765274
3032.584717 88.170166
1852.697266 61.689949
813.922607 36.518559
4265.289551 40.828854
4520.592285 105.041763
1675.508911 238.822281
4445.660156 443.236267
430.256348 146.172562
1224.842163 70.513878
471.377533 35.299202
64.883446 24.456650
195.437759 74.772614
3429.664307 81.721909
15354.171875 114.909683
6170.848633 183.487656
8306.759766 836.973694
14027.111328 499.650818
636.271790 252.239044
3117.536377 118.200432
798.176758 27.466396
3281.130127 21.595398
27806.421875 30.355419
20994.164062 50.749165
6150.831055 251.922470
2450.655029 173.704819
1180.277344 103.469742
2699.345215 53.573608
756.629272 1.728446
82.520607 0.263641
5131.951172 3.932498
12040.222656 20.793640
25502.296875 18.135969
5833.971680 2.826149
1557.354248 0.110830
288.487335 1.786230
3356.495605 0.629081
820.859741 1.655944
10572.177734 6.075186
2085.234131 14.543537
592.372437 66.532532
3696.037109 37.761490
2604.671387 16.492903
5395.599121 4.635176
481.180389 0.051620
1950.739990 2.063007
3.720669 15.506597
6151.993164 56.798389
9295.749023 115.892471
8567.858398 44.274132
958.674805 10.376665
1243.807251 0.897962
3780.453613 8.225017
2103.506836 10.891073
2668.302490 20.038654
255.319305 32.822044
2654.544434 403.757324
6533.809570 237.579620
490.042267 106.680786
523.557495 32.442146
53.863167 105.453430
1103.852173 135.539307
764.127319 159.026428
1738.974487 162.021576
18577.574219 451.579315
3952.512939 287.963074
127.503777 162.093918
218.269333 103.452011
428.193024 12.795402
1358.079834 47.786526
4505.953613 99.533508
2401.116699 141.903366
138.942337 141.903366
2401.116699 99.533508
4505.953613 47.786526
1358.079834 12.795402
942.368225 13.305485
1370.833984 19.313623
67.394142 49.669975
5014.696289 94.479042
24132.660156 135.747040
607.040771 105.550858
273.478607 67.338028
479.638397 32.200226
2049.937012 46.226147
2232.518311 23.149948
577.302979 5.773687
14705.970703 4.655264
201.939896 41.228901
2302.152832 54.305737
748.461853 64.541054
1027.139893 62.464134
259.140686 21.787098
4248.766602 35.876137
232.818832 48.949909
9337.950195 55.720795
540.064331 42.886295
7058.443359 26.649590
538.352295 15.135464
327.574341 13.394072
129.885300 100.033539
826.039612 165.215988
3563.783691 214.788300
646.645508 225.823303
3511.760010 40.094021
3132.223633 24.737160
495.767517 21.557495
934.421387 46.419292
147.738358 8.474966
7776.336426 29.581533
1243.792969 163.579346
2343.016357 406.022949
10375.932617 318.288544
628.921875 232.274612
306.269562 148.650024
993.159729 64.191261
721.742615 238.343460
164.208191 302.622620
305.563141 402.644867
6168.146484 526.366028
2894.997314 378.185760
2681.726074 289.007690
2870.095703 232.821243
1783.579834 214.997177
989.034424 45.199200
1541.299438 29.803921
625.914673 14.317722
10052.789062 20.009895
13816.800781 613.107727
3912.534912 349.697937
278.405121 168.277008
3493.450684 77.552872
1117.392578 145.025818
1896.167236 181.538635
8231.130859 204.207504
7837.405273 208.692474
6199.893555 32.436157
1727.778931 41.901356
216.215393 66.500580
846.550049 103.377731
1078.990967 132.661087
2271.549072 170.083420
11602.995117 196.729156
3348.571777 221.052673
5387.038574 103.776672
4204.269531 57.680511
1302.052734 56.908791
93.470886 89.068207
439.408997 30.092527
597.508179 36.079369
8696.998047 34.711433
3414.934570 52.773819
11672.922852 170.967010
17653.000000 57.506779
1603.078857 11.726173
1441.807007 14.018072
3750.494629 10.510354
598.646118 10.803830
242.395065 39.054848
13597.751953 98.229187
14104.832031 16.811605
4845.905273 24.854868
556.482544 29.352022
301.371277 22.351721
197.837555 22.230339
119.919685 17.547649
961.041382 18.255377
984.463257 20.452129
1902.118530 125.216774
3738.970459 94.630791
1829.463135 62.218346
429.955872 36.707611
737.599487 24.036385
4057.180664 39.976421
240.142303 53.393410
5630.503906 61.814266
2257.094971 12.073635
380.542358 2.969270
2833.726074 2.061916
783.713989 9.920192
277.503662 51.468861
1123.385620 46.231911
1614.082642 44.085232
9660.377930 59.628811
1529.164795 92.489311
2706.703125 59.074974
231.824738 49.667007
163.225174 51.424488
1411.378662 5.700125
299.665924 2.131012
9119.714844 21.515085
708.628296 76.085274
3660.419434 27.243292
3087.389648 15.404100
410.937195 16.097839
1918.327759 14.034899
4624.627930 16.918968
2821.121094 3.782243
678.006348 37.338390
464.756226 109.889496
5895.691895 78.330566
441.668762 103.834518
9097.255859 95.902031
425.708954 58.329971
73.483345 10.558302
1589.071655 22.813412
4642.826172 88.422432
2272.058594 187.124023
2084.347656 127.522858
9367.848633 125.694984
3386.091309 92.619255
950.341370 43.603977
1266.651733 48.243702
3474.379395 64.037155
10018.050781 84.139175
5403.404785 90.614777
300.152740 144.973083
156.770218 116.963509
5381.249512 79.189316
1494.939697 52.275856
2659.665039 11.257364
1923.702393 17.571808
2356.154785 38.757488
22080.085938 66.982468
5983.766113 156.894669
4806.458008 107.756020
676.084900 59.980080
177.037399 25.446953
313.317444 89.532539
2526.829102 124.248299
2128.641846 165.597916
5282.736328 200.443024
8894.715820 158.760712
14396.763672 116.590660
2741.581055 84.511475
2969.337646 74.250214
1679.470215 7.734924
972.057739 7.387038
2199.938965 13.677422
6707.819824 40.496506
1672.506348 299.912628
15004.830078 155.581818
2086.210449 62.305962
1202.643188 19.437466
3682.852539 33.391468
490.987946 63.008102
4268.544922 108.982498
3348.182861 169.192230
2568.605957 61.847069
6290.263672 30.925056
464.527954 17.472115
172.843735 18.659477
309.641541 12.059499
1620.100098 21.239176
2819.447510 37.542133
1150.540894 64.014587
16038.540039 62.419312
4818.912109 30.178474
5087.698242 13.244783
670.236694 8.668018
995.330811 16.012146
4785.368164 44.081848
954.094299 82.299202
969.692810 119.346237
2812.476074 2.519903
256.748199 2.319975
738.562561 0.389447
15.792359 2.521956
560.280945 31.414009
608.411743 16.826744
4393.804199 4.836333
14328.644531 0.107011
1932.225586 28.139580
47.474846 39.038040
3697.631836 45.017017
2265.142578 42.327446
926.122131 16.875898
2651.576660 41.669312
1650.098022 60.810047
2231.014160 63.050087
5130.190430 76.379593
3368.373535 38.975414
2089.981201 10.134668
1876.320679 2.582094
418.389984 6.114940
1378.035156 0.726818
3577.797363 0.352361
5578.778320 1.164008
405.059601 72.541885
1003.287048 58.219536
480.449646 38.040237
5.300353 18.960693
48.006298 16.532707
5457.229980 29.155584
13662.277344 35.321640
2205.798096 30.022446
297.944214 108.827858
2931.949219 59.766014
1922.013428 23.823946
2152.030273 10.543242
415.799713 0.081291
833.593689 2.228256
2792.893555 9.435001
6510.361328 37.372692
4378.202148 221.755936
6205.081543 101.693008
611.483948 31.115435
2814.464844 3.999767
406.430664 37.650734
691.005615 53.443939
1250.390503 65.998581
855.847656 46.527390
1678.126465 653.744812
10331.730469 413.320953
2111.552246 199.882233
1247.666870 72.798706
928.415894 3.513174
1076.353149 0.988773
1860.337158 4.675378
12381.111328 5.052257
1485.738770 183.249664
1796.379150 126.385803
1223.218018 67.299309
860.280945 23.945080
465.994476 8.149487
2731.840820 10.778544
654.081421 21.306261
8081.725586 28.314087
3221.361572 387.253510
9029.906250 242.463257
113.502533 116.034454
1367.051636 37.030506
230.298996 41.565296
1840.257324 78.853210
6475.115723 144.091629
8455.044922 187.270065
528.049072 344.247345
11365.914062 267.913605
1580.752197 156.854401
1230.866577 68.056015
458.557007 139.318741
5821.233398 119.318626
1998.454102 91.108315
5940.748535 80.417137
15439.259766 65.405846
1195.516602 73.537857
663.480347 105.100945
615.255554 133.855331
3697.135010 7.070641
2754.324707 23.513756
2088.648438 83.734375
1525.558228 198.769623
10584.351562 12.960431
635.831665 0.473539
1131.908447 5.857659
966.593140 8.087900
785.590637 68.306953
715.584106 33.805058
520.774170 15.926850
1654.557861 9.424177
17163.675781 278.229736
3438.233398 241.037064
1115.611328 182.801239
884.847595 120.358032
1360.513184 33.192429
935.766052 65.940788
2262.207520 112.757423
9590.490234 165.572250
583.120972 24.263384
490.555573 14.288124
1902.689331 11.052172
1719.227539 15.990799
135.240021 21.257404
1982.917358 48.805199
7194.473633 121.653923
9295.495117 255.987335
770.409546 205.257095
2499.674316 96.680893
1994.722046 41.341400
45.482597 20.389151
289.768890 182.449249
487.678284 192.604248
4483.829590 206.778870
892.011719 218.751236
6324.155762 462.836365
5788.590820 342.615387
7679.930664 247.012329
858.035278 194.645828
273.684479 5.332936
5176.424805 21.995291
6240.734375 75.292320
1665.285522 184.323776
3505.442871 102.526184
3776.749512 33.576431
73.991356 8.251040
1410.460815 3.191789
2403.493164 127.824173
399.281464 162.724243
445.921875 195.862885
1631.278076 214.592087
3369.906738 79.730377
4939.279785 82.739822
190.939590 87.755135
1285.138062 101.615860
45.745029 11.258625
690.371887 3.945775
3405.751465 21.776716
1152.730347 86.895325
2555.494141 225.805511
4190.644043 119.930626
449.572479 59.502350
800.524597 28.861805
147.830856 49.481804
1282.359619 38.985199
333.112183 30.730991
764.273926 39.198124
2254.291504 364.483337
1097.938599 217.523590
620.465515 118.296219
1275.383423 68.685196
692.513672 87.504074
9773.916016 130.300720
5346.981445 189.091583
13665.389648 227.732712
3883.906982 219.349548
301.582245 182.846375
93.143700 126.568474
1214.318970 86.277252
1211.606201 9.296189
2079.668701 0.342243
4839.313477 12.789145
5526.125000 36.134674
8179.407227 326.626892
14708.172852 226.947418
3363.466797 127.017532
128.679871 50.658005
3457.066162 20.589926
3171.347168 21.929844
4332.085449 37.113949
12634.609375 65.780403
2559.792236 254.912308
11425.458008 160.270844
4208.469727 85.206070
1245.891113 39.195980
238.938126 36.395584
2827.995605 19.713318
244.582230 9.709654
3533.132324 0.971097
16915.634766 414.399994
5450.263672 280.280334
2717.428711 159.632965
992.557922 77.761803
885.507507 111.726456
3139.771240 121.273750
2508.826904 124.520920
2643.287842 124.123657
426.201965 27.790483
1866.315674 46.446465
866.649231 70.943451
1671.396729 94.402008
1680.590942 20.323624
1602.562866 11.937451
3233.480957 23.468767
7680.886719 80.016731
1488.441284 203.702179
63.146797 104.898209
1366.935181 54.366714
373.242065 32.946083
1218.348755 60.743008
4762.905762 100.498802
701.299866 182.539383
18609.810547 308.048645
822.848328 118.448151
4454.907715 73.601692
365.660797 54.198441
4556.491211 49.518661
343.210541 142.251511
1218.777466 126.097427
1760.347656 85.785896
11662.226562 31.725014
13929.291016 493.803894
5854.348145 328.464996
4934.889648 212.024750
144.674316 157.938995
2423.933105 60.328011
247.974609 58.552605
1203.751221 82.076004
3593.005859 125.287788
277.180298 109.119781
6039.291504 112.853081
3331.234863 101.866226
4962.757812 79.860992
1698.773926 85.627220
1637.198608 111.887672
1189.747192 132.138489
7928.566406 133.885330
2512.737793 117.505661
723.210022 92.288460
2229.978760 71.982727
525.884094 69.091064
1671.429321 99.949577
357.014709 164.133789
2115.896973 290.910461
17604.251953 482.197784
464.070099 77.761398
7255.070801 52.164673
4847.482422 57.855530
242.685211 72.748741
303.367737 115.734665
3959.237549 169.993347
7909.912598 224.307236
126.519325 272.530029
4237.151855 727.019287
13093.006836 414.658569
5777.036133 197.486328
351.898956 106.442467
1013.493774 13.581841
1646.109009 28.038210
3254.726807 61.450790
6691.739746 123.339516
14478.906250 32.784885
4464.610352 5.025286
5783.792480 0.739329
464.463470 5.972851
1447.045654 52.281555
440.892914 18.189064
5024.225098 0.976503
10916.277344 13.656123
6404.254395 61.684044
5597.782715 82.536064
993.274963 93.572830
799.307495 82.722321
1343.097412 88.046677
1426.782227 99.513496
5931.775879 97.490242
4719.411133 79.303848
2299.861328 123.517517
2620.754395 92.691002
4409.136230 74.683731
570.009094 75.218338
980.034912 1.124448
1526.859253 13.990478
406.854156 51.436974
4269.333496 91.192337
4014.215576 175.130981
2663.392822 134.891937
1343.869873 76.041092
1277.423950 24.108673
1652.937256 19.103420
1881.138794 17.136055
2929.601074 41.852398
1836.236084 78.728607
2586.905273 329.863129
322.517975 234.964935
2895.444580 136.049576
278.268158 58.937042
1862.183105 229.121552
1449.398926 174.746490
6219.871094 102.760849
23786.232422 40.163044
10117.610352 90.209152
1216.047363 155.356201
9342.245117 215.089630
704.183472 244.276398
3263.914551 44.551628
831.997070 39.468830
7035.346191 132.751389
1318.384766 370.809937
2234.834473 281.310760
2308.066406 166.645599
1169.111084 118.251747
343.964752 82.884659
162.832397 284.621704
472.758850 251.029510
7664.515625 228.923035
5509.798828 168.102936
4197.718262 1209.978394
6715.185547 929.180237
16065.255859 625.338684
2663.278809 398.276001
85.583702 2.868397
1037.010986 6.520310
7097.364258 45.222183
1925.551147 104.260864
2251.194336 71.405136
1210.428223 80.621872
1727.721191 62.521530
454.175568 28.680897
94.296600 4.960721
1386.272949 0.530279
2585.829590 0.380857
4837.395996 0.262487
3358.036133 202.621582
1420.418091 130.646774
713.011047 66.457535
688.844727 24.098799
342.042114 29.977589
1909.177246 26.228546
685.300964 39.487389
11646.522461 67.241066
2212.855469 81.760925
3238.699951 76.754303
3401.530029 63.892841
888.492249 45.629116
184.006622 42.533764
1308.784302 77.730438
667.508972 135.834747
855.799255 207.601273
1542.713379 65.309494
11594.468750 45.830952
1338.265503 33.253716
1318.230957 29.892036
812.459106 38.425705
4449.630859 36.572449
1249.985229 40.785885
1024.143066 56.697472
689.866272 152.577271
1978.340576 99.625824
1944.492432 64.410667
3522.001953 46.019974
805.604309 43.443916
522.875610 73.265686
5159.755859 115.887863
564.397095 170.333771
13028.862305 12.385394
209.184875 3.253827
2020.573486 8.882619
190.233521 22.902597
5196.277344 145.837143
12507.042969 140.934357
3792.216064 92.325195
14713.758789 26.597818
13295.333008 379.404022
2746.245605 217.054077
304.908752 135.104553
2710.884766 126.843681
1461.073364 46.660000
2069.708496 27.235828
458.554840 76.248634
8050.368164 193.157532
7377.469727 136.881821
2735.136230 157.522415
16.645250 147.502899
102.126755 101.427719
1757.176025 74.468109
3015.327637 116.302673
1618.274048 205.185760
25924.822266 347.276306
13961.183594 347.289856
940.166809 201.882935
2817.135742 112.400963
6750.496094 72.775848
872.585754 118.403793
1925.181885 128.462433
2988.253662 153.196365
3609.770996 192.771744
6148.777832 352.393829
5882.111328 248.378113
3101.415771 171.533508
1519.099365 129.627319
2361.818359 22.640495
2696.779053 72.501190
5206.106445 174.595459
1256.920654 329.312897
487.812469 30.850004
177.912262 3.688325
2789.108643 0.299686
327.262573 5.267555
961.539429 39.434422
3431.030762 16.861971
6767.290527 13.881838
26145.568359 32.191032
2864.468506 351.744751
2502.720215 248.421158
3821.837891 154.978928
3360.308350 84.400368
935.228394 7.998957
395.673798 17.852200
3048.657715 43.952980
885.244324 93.670151
15072.658203 134.662079
7347.207031 66.994873
313.081696 27.260105
1806.540649 10.164557
706.607910 1.783057
589.273376 16.431519
563.039490 59.916527
5487.984375 152.978851
2158.769043 370.035675
67.648918 178.727127
517.929871 62.474186
208.496277 11.614299
400.280182 313.673309
6037.977539 255.930511
5616.653809 171.375122
608.010254 121.943581
28.409405 853.273682
3457.949219 567.886230
2887.905273 406.582489
2520.403320 344.855530
277.542358 120.412506
3136.517334 196.171707
1663.871704 353.828796
328.810638 512.116028
9868.812500 371.459839
2729.000488 356.411835
1229.036743 260.199432
607.754639 154.736053
698.921692 7.095498
603.432007 56.567963
380.162354 166.850708
316.771729 292.874969
13789.224609 459.525940
2383.906250 316.215668
3225.318115 160.505203
487.966309 44.379169
506.285339 129.900803
2812.365723 120.104401
501.764832 148.532852
1501.908447 233.406631
1831.433594 340.386902
473.972717 252.386734
1549.283813 196.227631
345.377991 157.910736
26.924240 59.779907
381.967560 60.537476
847.470947 84.154938
951.864563 126.089737
5053.606934 349.451111
2195.382080 243.046600
6639.682129 151.125626
1128.061157 88.629395
1237.967407 8.032236
2047.984619 10.519120
3497.368896 12.281321
12193.842773 27.069674
3455.406738 152.179535
158.062363 65.124840
1364.930298 18.611492
1943.827881 5.701593
1612.654419 32.196598
1248.072632 27.361601
8925.593750 33.196266
195.202209 43.934059
764.795471 63.043419
3396.627930 69.785004
3544.848145 62.236195
44.316078 46.424461
2929.937256 43.522980
306.624634 72.640480
1542.906982 107.567848
15687.673828 135.536133
8439.282227 35.705120
5519.956543 31.776714
3441.250977 26.520037
3246.372559 28.186924
1280.750244 60.174122
1338.505371 55.346977
66.063187 57.832546
4627.875000 90.292671
1300.989014 167.048248
2657.349121 94.399811
2722.092041 65.203995
217.573166 60.865280
145.911087 11.497405
2763.828125 16.828112
256.488739 58.236488
704.131409 140.206512
1605.597046 44.285213
530.829102 37.743881
4751.171875 34.241676
464.885162 23.523762
681.458923 81.607002
1275.015869 102.730225
3231.678711 136.521194
6642.461426 163.364594
360.518585 109.085312
1273.353760 112.835342
7644.999023 98.323410
2265.913330 82.229721
527.512207 145.514496
1396.423828 146.065582
11614.701172 127.020012
3351.824707 103.731918
2429.174316 177.638962
1018.867554 128.055878
3163.853271 115.245407
1023.917786 128.703201
55.528671 9.175341
758.414734 58.037323
4420.681152 177.384354
8214.018555 360.859497
5292.121094 8.362574
5837.413574 6.997981
1474.064941 9.876342
629.309509 4.746900
326.408691 57.145100
3116.349609 33.393372
1220.009644 13.743244
1749.451782 21.424311
2700.887939 547.036438
7038.472656 325.517395
2528.401855 173.279205
1773.169922 93.260918
1827.130859 177.157745
4649.485352 183.692749
2514.075195 162.864105
16522.646484 118.280640
3791.781250 134.806122
449.737000 125.254440
698.555237 132.164551
6127.283203 154.046692
583.491272 63.188232
2689.276367 32.368244
7942.658691 68.839554
32459.015625 185.594391
4884.831055 472.233582
8154.531250 344.777710
583.155701 233.588455
1229.411987 137.048462
3888.173828 189.843384
6999.306152 124.537163
2127.232666 125.791527
8840.055664 136.615906
12276.012695 1011.672302
3133.067383 850.698120
4901.509766 600.245850
8285.177734 355.244659
636.394775 55.983414
3026.741211 20.415840
2505.217041 1.437494
1520.146606 4.847894
654.935364 103.064529
15631.171875 120.265633
1468.241699 118.001831
553.408569 93.707466
154.345825 9.309873
1101.760132 15.987968
4887.234863 41.968102
1952.809937 91.039131
3918.330811 13.508438
1311.178833 9.597215
1492.112793 11.416973
1458.100220 10.946611
2341.208984 75.669792
799.319519 131.929520
3565.082764 224.371506
2839.305176 322.781952
9775.644531 62.179672
190.948685 76.611404
5743.957520 70.617561
3192.311279 61.250942
1149.512451 57.135441
636.326721 37.617092
359.336914 23.342787
8591.132812 4.676315
17637.423828 706.097961
3128.726318 463.292542
449.487854 252.475037
62.697109 117.549759
641.268005 23.627375
2121.391602 29.460865
1381.306641 46.160610
5149.743164 75.782288
529.666748 65.486427
3814.798828 44.103779
382.991333 31.498388
79.992386 24.991255
1629.055908 83.966858
979.531006 123.020172
9043.580078 144.967621
11445.303711 130.511017
268.924866 201.631180
1845.658447 130.197952
2881.685059 74.764313
1019.432678 59.726452
1225.735474 25.211086
2426.501953 10.535099
1478.041870 48.903835
11907.752930 153.261932
2830.900879 97.106865
397.906342 90.920334
1637.681519 84.442749
1831.491699 59.874260
1390.206665 125.151138
1707.811157 218.798828
3537.349609 330.196564
1803.205078 418.767120
676.024658 82.555557
3361.583252 76.192596
10120.927734 64.943787
2869.952393 74.139442
1010.300720 71.135071
1159.989502 87.476791
6727.324707 111.923958
4330.113281 142.260376
13220.496094 290.452393
891.174194 186.232712
4204.977051 110.882019
1036.153320 74.365944
617.350952 1.389200
6439.964355 2.804315
1851.649292 15.231746
2601.818604 79.897018
6464.223633 350.427277
6179.547852 139.234512
148.594467 31.788378
786.601196 1.329075
135.440979 132.377045
492.090637 127.838356
3206.617676 120.867172
19379.619141 102.008369
534.391602 346.602051
5017.136230 271.936401
794.589966 199.994125
1851.790161 152.244354
631.923889 7.029627
789.358887 18.562250
934.124756 49.282734
2989.881348 107.901474
2467.717529 33.075623
5311.289062 6.819113
2146.983643 0.913404
3344.044678 2.870278
63.276871 29.908686
3330.460205 69.738441
2228.432861 106.540215
1946.763916 122.053574
775.493103 43.431225
1890.433838 22.627310
367.694397 4.842779
1695.347900 5.442879
1387.321777 18.585394
3766.585449 35.236248
18330.308594 29.835882
11027.673828 8.046362
11266.509766 298.663971
1267.195435 138.469574
156.632660 37.382469
504.288910 5.952342
2370.037354 18.954752
1989.753052 20.685610
361.802277 57.210915
2834.127930 96.764008
8278.719727 343.661346
8287.300781 270.404694
802.143433 165.123611
2837.776367 70.052132
100.507545 26.919365
9958.015625 1.709602
11723.236328 4.799084
7472.542969 23.261795
996.157104 267.217590
4611.560059 225.690079
1434.935913 156.502365
74.302429 82.643295
1011.214844 10.039215
2595.354980 6.365712
28.378201 7.230576
18386.238281 11.650230
239.064453 69.076569
8805.258789 51.434326
211.558090 33.610661
1117.321533 19.170971
1467.179443 55.998886
1377.964600 64.596527
2261.771240 61.816620
1829.042969 49.061443
9890.842773 11.563222
12615.282227 13.198375
2327.425049 23.504589
6302.232422 39.933758
70.473000 14.911776
1189.490601 30.261923
6156.184082 77.447678
1082.822144 155.696426
5496.157227 116.346291
146.281296 75.365494
1180.258911 44.865891
405.034729 23.079790
1190.312622 32.116898
23.868135 54.197926
5460.438477 112.517670
3033.345459 223.165970
4135.003906 244.901505
1796.458252 124.637383
2494.728027 59.070763
972.466614 33.215054
2531.936035 59.067528
5671.427734 43.359074
7057.333984 30.815941
434.127014 12.753137
6465.133301 529.687500
1479.499756 357.539825
450.863251 204.641632
668.586121 104.864792
1149.412476 66.351341
3143.463379 74.944038
1360.846924 85.942970
56.419449 91.102097
3043.523926 71.628403
2757.326172 74.584579
870.512573 69.988617
1543.845947 65.111816
1594.778687 3.839555
3273.253906 4.162557
20.688400 23.613272
15455.948242 62.069027
1071.598755 19.582542
3091.938477 23.371523
4480.245605 22.297215
2673.940918 13.684662
938.796875 39.368366
900.591187 71.639290
1259.063599 111.369522
3745.062012 149.398560
5207.629883 6.322755
4148.319824 5.294533
134.708939 8.545187
984.192322 18.691746
3247.611816 6.221295
1863.452881 26.297045
7294.318848 74.624046
1048.652222 157.620224
3527.256592 120.131798
2036.830688 55.497604
4017.232666 19.988804
192.597977 5.236031
1764.811523 44.574207
1585.950317 17.626734
1699.347168 4.713055
5147.776367 0.489678
5122.327148 410.939728
5786.428711 296.678223
7932.148926 184.074387
360.818665 97.580521
64786.761719 64786.761719
64786.761719 64786.761719
0.000000 0.000000
0.000000 0.000000
0.000000 0.000000
0.000000 0.000000
0.000000 0.000000
0.000000 0.000000
