2185.251709 639.425171
505.801392 911.647644
4560.309082 1270.522583
28975.332031 1626.630371
2425.003174 646.581543
2224.306396 546.327515
539.809204 482.297058
1324.316040 499.022461
499.546082 575.900330
2063.660156 687.236511
2721.164551 1080.574463
12391.189453 1781.361572
4232.869141 3060.713379
524.591736 1985.266479
195.187668 1199.736450
832.550232 738.382996
296.884186 93.668625
814.095032 10.611140
276.469940 113.884666
1874.241699 410.201904
15642.224609 978.074280
246.052673 776.213806
1718.632202 545.683289
4089.412109 299.143341
10.028589 330.372833
2033.849609 565.216736
4404.240234 1056.436646
8567.244141 1790.577026
2701.014160 1185.969971
845.270569 733.639160
767.757263 446.575500
360.969879 307.154297
478.773560 528.798767
461.513519 404.442017
9193.533203 428.347168
9398.391602 694.584473
6495.212891 2702.180664
1117.444946 1826.617676
469.334106 1183.430054
318.797272 772.828308
64.797760 243.596588
191.327606 200.964081
372.937988 164.521423
2391.940430 119.669182
542.039429 542.495728
2771.646240 484.047333
2093.135742 394.556030
716.793213 307.793610
1390.196899 150.954315
1224.559448 191.087341
7147.656250 235.167511
30508.189453 273.925842
8171.002441 68.715881
2788.905029 78.949791
1979.954346 95.783768
892.341675 119.213318
211.679504 267.968445
2142.533447 427.387756
60.582218 726.931152
14529.881836 1092.280029
524.244934 1220.049561
347.511322 835.058228
590.475891 499.538422
104.329208 293.285889
174.242294 218.185333
500.316589 117.409698
2001.643921 77.952629
6587.003906 206.253845
12816.371094 702.472290
6919.391602 466.143433
1282.892822 360.178864
1533.987061 300.277496
1005.052368 23.666668
1607.537231 1.322086
4942.728027 14.307447
564.475037 84.673851
4017.271484 486.817383
1908.162598 294.828796
1118.612915 157.872040
1182.232666 72.769577
647.413391 343.956268
1402.332520 500.372742
5895.043945 702.620605
15236.039062 917.800354
28.133701 23.815435
3694.973633 75.613785
363.729095 148.350876
280.672943 233.062317
871.090393 144.321075
1465.997803 96.525940
80.705811 263.333679
796.078247 619.412292
2426.321777 1600.839233
5007.208496 1180.001343
866.035339 752.315857
465.640503 382.831268
213.401306 143.225479
618.483765 295.891113
143.534988 522.873657
1378.257080 794.188538
1841.101440 97.913025
177.154236 45.961655
1847.189209 35.202053
1564.097046 62.701107
97.659180 475.233002
276.455780 697.974243
457.438568 1261.716553
14413.941406 2088.920654
1746.404541 1712.890381
5464.029785 1255.627930
793.904541 853.818726
1242.082520 560.348572
1656.653442 657.722473
3704.364746 512.720093
372.912292 497.763031
2454.730225 742.778931
4769.455078 2586.040039
2494.581787 1771.993652
50.288925 1216.640137
272.482544 876.876221
3626.893066 132.698380
624.468750 113.305878
629.536133 134.417786
5536.308105 212.483200
6865.041992 626.694336
7427.413574 429.918030
908.608154 282.292786
561.935913 186.630066
523.508118 7.536963
327.403442 22.879519
2514.809570 95.668274
1378.704712 240.885696
21452.458984 898.524597
9926.863281 504.973816
551.892151 220.571869
237.845978 62.552639
520.713623 146.661514
1923.298096 173.960648
2060.851074 334.899963
11257.595703 595.028442
9275.001953 566.801147
5673.138184 485.126404
404.601990 363.402649
2113.085449 230.110641
833.202759 100.123596
191.638153 98.736702
2216.425049 135.824326
16727.511719 221.682007
6160.070312 1001.896790
1155.461670 617.912476
478.133362 329.139862
139.141006 163.600067
596.626953 31.799932
1332.756348 19.311361
99.135223 13.169644
5870.403809 11.735537
5614.163086 117.902893
368.337616 99.831398
765.735229 75.507507
748.247742 51.208534
10.940059 106.734619
1370.938354 127.877808
9102.956055 151.078308
181.017166 198.703354
1132.861084 20.247438
321.604340 1.652755
622.010132 28.987076
342.038239 72.189796
347.387146 287.682190
1480.410278 297.683533
912.361694 408.479187
389.220001 559.518311
1558.304199 687.019165
8789.342773 654.939697
541.268921 533.126099
474.204285 383.806702
426.084137 239.600830
1255.069580 247.356598
3064.804688 323.365936
1775.000366 425.221558
10578.080078 652.500305
1806.976685 570.170837
424.752747 439.947327
362.101837 312.490204
2316.840820 224.628677
122.729843 217.822235
5643.887695 178.710342
34848.945312 117.035965
2626.034424 617.490479
5484.549316 420.880127
1752.189087 286.511230
457.427551 231.051590
351.239380 350.448975
3395.284180 467.330261
3272.201416 605.963379
1168.743042 790.630066
15622.769531 89.089668
11728.047852 53.816414
577.092529 120.178284
944.387451 232.684723
1121.173950 352.497437
1545.348389 230.653336
15778.208984 220.727234
855.993286 364.769501
3777.312012 1142.032471
1246.482422 924.829712
735.947998 724.219849
1053.107178 530.205078
317.943970 28.491423
516.701721 17.003361
2615.395996 15.124043
287.354553 20.855368
1197.307739 201.546921
1195.782593 147.123840
1255.792114 94.369713
401.397461 53.600136
1891.637573 198.447571
344.951843 215.129425
1232.445557 261.152008
11002.018555 336.917725
3397.176758 214.606064
3987.957275 205.952957
1684.370361 203.045380
154.883270 198.917023
631.232605 153.836945
1000.724121 198.959702
486.228607 324.196075
2781.229736 492.894562
5879.350586 538.219238
216.205582 426.655426
3518.590820 300.168457
910.503723 195.600189
400.722229 157.594330
1971.340332 196.790161
567.840454 342.698578
8425.739258 621.608643
1601.241455 526.158325
623.479248 344.050049
235.520233 239.766418
25.638985 180.681244
410.892273 249.646149
3120.688477 129.570282
6154.656738 47.643791
11119.743164 39.108273
7.202044 1077.500122
376.503845 810.988281
748.281677 579.806335
445.234924 396.380646
1429.760132 267.488800
797.083618 494.595001
1287.490601 820.106079
2869.473633 1207.763916
4802.935547 56.651047
9515.683594 21.640154
397.142670 51.799995
300.394135 129.241028
1971.585815 219.458054
1795.199829 152.995316
1039.516724 260.059570
5808.146973 513.220642
15895.036133 1755.123779
323.298950 1299.759033
2543.612305 840.983093
213.559296 459.770752
319.802917 11.199255
2201.208496 3.458699
2946.748291 34.166378
206.425949 145.013062
5540.369141 230.067627
141.489853 99.634407
520.525696 43.808514
972.193481 24.723124
838.030090 94.840805
344.947479 80.919769
18313.402344 88.765640
20112.185547 115.739647
5017.260254 305.304779
4571.859375 245.063065
4129.150879 183.100067
130.080215 130.293335
169.535736 122.720413
200.585754 206.931427
3726.027344 435.383301
3764.472168 805.724304
2930.592285 287.059662
611.016235 212.180923
2998.607422 168.511078
736.062744 130.270218
527.038147 77.724258
548.693359 12.892329
1211.458374 44.096546
3938.046387 201.177124
5547.166016 996.313110
5013.918945 673.457458
4330.936035 410.546661
553.801147 213.015320
222.411545 18.394613
45.309643 13.356075
5779.934570 42.265701
6938.468262 105.858322
4258.829102 208.879440
749.383484 149.537140
1109.249756 95.227028
91.154938 49.081253
1778.641113 19.894073
723.830872 18.374426
744.913086 57.328423
433.370911 151.625504
1438.673950 108.428871
2592.165527 71.119949
437.064117 53.370369
155.932938 37.082428
10.212337 14.399344
695.153564 24.148041
333.301300 58.686256
5440.128906 126.725975
13353.907227 186.471924
523.704041 101.929337
867.555359 49.254158
458.711700 22.495558
360.329437 57.988255
532.004822 26.052837
2463.782959 11.827376
3886.184082 27.781216
40.006012 367.858704
3746.012207 257.495758
25.126595 168.399338
907.670776 103.830063
1617.234497 114.411758
1723.154419 178.552353
2636.799316 233.498352
10208.937500 264.791748
298.039642 16.280846
3049.782715 8.919427
1350.445557 21.384192
384.511169 57.870602
844.380859 121.018303
1563.863525 116.521843
5243.270996 150.746582
4674.497070 222.107819
2722.214600 175.402710
254.653259 180.815384
1609.796143 172.239227
44.098053 147.354080
381.048004 2.599862
881.923523 21.503731
9595.791016 73.617920
3205.940430 176.514542
3158.058594 240.345551
5725.294434 108.571533
671.167847 35.060730
15.654339 5.498351
3100.074219 103.866898
892.520325 227.823303
3575.315430 471.745453
5619.808594 845.926147
7866.299805 905.016785
1271.332153 478.834717
1471.316040 210.567123
644.045227 93.627708
1715.469849 164.423752
326.086517 77.016022
998.146973 81.723709
5230.937988 158.966202
11159.843750 1112.864502
5615.141602 875.992371
218.769943 600.361633
348.710236 346.798035
357.340149 26.140411
442.205139 20.217226
5189.474609 12.627589
950.230347 7.536355
1044.681519 55.469048
1077.377197 41.514519
1281.684570 33.510693
210.669678 29.666645
149.372894 1.916402
679.469299 10.447155
1906.762939 28.515694
8663.179688 53.553806
4170.583008 42.401291
1319.188965 25.276567
540.094849 11.461468
1628.722290 2.876655
493.407623 82.135902
1523.929199 158.344574
415.901855 242.372009
1356.299194 366.375031
1728.079834 356.819336
1428.029053 111.699562
4828.774414 8.348776
495.058167 17.551838
878.827576 89.660301
1534.499634 59.357208
4872.962891 117.113655
3276.186279 253.097656
1522.303101 863.551025
1180.893066 624.812561
133.235748 393.569580
1198.815674 206.065872
869.461792 332.239960
592.912720 334.560974
2717.222900 418.207153
533.086731 571.669250
4200.559570 309.771820
139.922852 380.857422
2299.974609 404.048340
1354.484375 374.589081
1812.052002 141.812805
2028.272949 85.922112
405.304993 71.322708
1911.973022 73.800316
5042.389160 951.824402
4323.180176 720.523071
700.080811 471.042755
337.516174 267.801514
1431.747925 230.235825
4380.233398 394.833069
1130.871338 593.022034
265.742401 782.153503
14017.296875 75.876656
1167.034546 55.592907
642.823608 67.095413
69.234482 121.109619
1791.049316 595.632080
2953.481689 757.548828
1831.908936 1129.944580
11428.868164 1579.454712
7485.799805 1521.296997
1593.521729 1277.208984
1937.508545 956.473389
758.220825 684.589111
1219.886963 408.086212
910.295959 473.470154
1976.154541 563.663574
76.170563 728.174316
23322.542969 1911.163818
382.126404 1127.230225
1323.014404 625.362610
761.368103 418.726562
14.430733 873.808350
1582.982422 923.394165
656.843872 1029.750244
7266.008301 1144.285400
768.745605 700.658508
3195.500000 831.691345
88.124840 882.100342
861.932617 876.610229
336.597290 388.847198
332.112701 725.647949
247.904892 1339.477539
3093.439453 2124.870117
1873.244141 2124.870117
3093.439453 1339.477539
247.904892 725.647949
332.112701 388.847198
97.760811 394.745026
1948.959473 383.124512
2821.829102 648.591064
9333.586914 1195.231812
38987.574219 2282.245361
86.499146 1625.623901
481.872498 1064.343750
113.443123 639.351868
1073.519043 548.133179
310.127655 428.100159
1789.391968 389.295349
982.770996 496.032349
1767.189575 1345.014526
1454.214478 1070.582397
812.923645 863.660767
1587.684326 697.345520
1268.525269 319.632446
1247.184692 348.676025
1636.208496 380.182861
14832.318359 391.498413
3198.174316 838.151489
1265.847656 619.713135
209.641205 437.576599
337.475769 337.328949
638.056824 211.235840
1526.788940 352.757416
3401.247559 641.216675
9653.343750 1007.807495
9894.087891 368.195007
1841.019531 341.926117
3898.986572 277.021027
169.076859 208.252228
936.854858 241.913956
1578.047241 400.307037
3515.536133 744.162476
10224.698242 1256.029907
9995.526367 1372.431396
2116.468750 847.583862
193.989410 471.835846
1202.325928 267.492371
9.804689 966.488464
5199.138184 738.426270
18313.488281 521.419373
10457.896484 429.489319
4032.885254 1626.782349
500.629181 1407.707275
1547.878296 1264.793335
1843.784912 1138.812988
1546.361694 790.934570
412.310760 1022.356873
3454.303467 1390.521362
3455.803711 1792.111816
8286.945312 349.583069
1310.182373 536.588135
11813.813477 640.476013
335.126038 692.696777
81.145424 323.498413
3640.224365 241.977661
219.943817 318.820923
555.919556 589.082825
213.643295 2248.201172
3798.602295 1533.579834
1973.404297 955.580139
1840.361084 555.444031
130.226807 401.289673
246.605621 291.360229
1871.537109 156.632324
10718.095703 66.000603
2978.009033 426.360291
2071.912842 409.101746
2608.226318 432.935883
11.120316 445.850647
561.050903 253.307678
1471.582031 302.172363
3357.508789 395.694916
12841.020508 520.006958
7714.431641 67.307030
3407.605225 143.462128
4894.221680 200.909622
167.366791 230.533768
619.781006 307.274292
6394.818359 374.264832
322.323212 628.356384
1007.444458 1166.655518
1877.293701 1396.767944
1758.427979 807.200012
45.719082 485.460876
323.404144 344.743103
61.803337 182.449005
3774.501221 107.042885
3605.504395 94.573563
5437.952148 148.665131
7897.192871 1422.700806
991.391663 993.942261
1969.043335 615.568115
1517.272217 343.456726
241.757996 93.597305
427.025055 36.242096
1758.582275 56.561153
3767.104492 121.239273
10742.518555 1241.983643
314.133484 900.245850
414.083984 545.542175
647.015808 262.095367
959.086060 56.564091
207.548538 71.122513
2336.368652 98.440300
1077.536011 144.527710
7007.217285 9.196965
1183.523438 12.202560
164.411728 28.070217
244.603912 44.215046
471.530518 81.138268
4191.354004 192.300537
1093.053101 343.312531
3456.533936 531.735352
55.967182 274.006165
352.863068 99.852203
2698.827393 16.856655
0.681927 17.103964
5025.516602 312.801514
1872.992554 412.073364
289.236084 737.648865
28923.298828 1176.730713
14996.022461 1214.036987
1915.191406 1023.035522
782.270386 732.536011
364.275726 449.995544
4.842511 512.428711
844.917847 650.257141
347.375763 975.248474
627.306946 1595.505127
677.026672 1980.045166
240.162491 1134.938721
166.137878 671.908752
271.632904 503.868530
434.695801 398.716492
2048.754639 191.284760
4629.821289 55.789883
6877.976074 20.260906
2617.134277 2046.716797
3884.312500 1546.709473
1054.502319 1071.383911
1157.484619 685.701782
1113.403076 465.323944
4302.178711 716.600281
482.501587 977.012329
10109.683594 1228.070435
404.720703 55.561954
2728.530273 3.345874
1830.959229 76.418106
1053.027344 242.498505
139.871307 574.206360
828.689514 580.751282
1257.650146 869.809326
1478.052002 1376.685425
185.088608 2131.327393
3850.368408 1709.655396
1695.281250 1244.245605
349.175323 826.641174
1841.128662 58.363037
1842.696045 23.551693
709.867310 84.055222
2249.650879 297.352142
10534.895508 745.053101
1522.219604 447.499207
1104.795410 258.164429
485.676666 139.183441
304.596954 71.814415
3073.763916 13.393578
3279.551025 18.895224
859.413086 89.578667
9673.326172 551.882996
2949.059082 439.114136
452.995819 308.645630
347.786163 178.243195
398.394440 80.020958
2322.970215 196.583527
3957.672363 445.854553
174.634354 822.418274
4296.362305 61.923988
6670.878906 30.465963
1690.595581 36.308079
518.975586 46.027588
626.587769 126.864441
3618.332275 172.464935
18503.417969 371.528625
9718.856445 697.693420
4172.921387 1379.265381
961.594543 916.023621
129.309052 519.247864
2143.264893 245.400711
203.173218 641.282959
325.864716 564.741150
8893.554688 517.246460
4452.439453 632.534851
737.198547 1119.602295
594.298279 799.487915
3852.035400 686.501892
802.009155 671.339600
355.672699 534.350708
1595.715576 521.196411
560.800171 552.303467
11298.708008 561.924561
6678.308594 825.256287
2828.353271 840.845886
6166.193359 747.389038
42.880436 620.125366
1168.488037 32.856346
2659.553223 129.205505
1451.539551 365.054321
2369.025391 800.405273
3995.645020 654.398621
1825.293457 268.208069
3046.634033 78.267982
179.775650 17.586948
260.170807 94.713333
2841.504883 3.413596
971.776611 77.976166
835.226624 285.532104
11601.041016 1388.895996
1168.295654 1068.524292
3016.825684 693.486206
852.957275 342.395538
471.439697 119.021461
738.535706 107.166023
3040.041504 179.943771
7819.060547 416.001862
8765.724609 254.550323
3639.291748 132.665283
422.165344 121.393784
479.934082 132.725006
1970.011963 120.443398
1984.990479 81.382828
216.733978 129.317215
1371.209717 309.001678
2896.790771 1323.823364
444.756561 821.974487
809.616943 458.456421
23.163483 236.558762
174.952026 42.470005
1688.478271 32.921352
545.322876 47.363213
4153.471680 95.643883
5523.637695 519.582153
1420.374268 320.833588
1082.449463 171.705170
359.219604 82.853317
1256.463501 241.262085
44.235767 255.007751
5373.908691 292.463409
20596.923828 338.203217
4013.795654 510.016876
662.146606 416.562622
1177.985229 326.903717
17.447741 264.413483
2554.587402 604.790710
1378.986450 1301.574219
1915.596313 2360.378418
4870.498535 3674.502441
1272.827271 1878.663940
442.968964 965.216675
4266.431641 434.446594
1101.999512 312.665588
279.079559 915.090820
211.961212 537.638123
7308.659180 463.836304
7285.756836 864.104126
7067.563477 5116.419922
2259.775635 3595.357666
1917.715942 2387.946777
414.502441 1518.822144
499.282532 316.250732
2253.987061 283.863831
380.385620 254.170502
6752.535156 230.399384
3514.932373 351.013092
373.649231 366.422974
7210.388184 363.983124
1023.593140 345.356873
83.339180 232.277740
5787.483887 134.447693
9025.286133 71.795975
4749.831543 61.860218
5712.885742 237.074158
2711.331299 330.086304
514.941895 363.158691
111.408066 323.256836
1266.733398 656.074646
2405.008789 864.787415
6402.443848 1244.559082
18911.363281 1656.653931
1088.202637 597.626099
1935.189209 717.271118
893.416260 701.945801
973.203369 634.901611
1664.537842 827.270874
237.074524 1002.193481
5729.333008 1369.747314
29635.191406 1867.068237
897.631165 3425.852783
2828.426758 2322.340576
635.356873 1450.050049
1650.783813 948.686646
207.290192 558.615295
2115.625732 438.445496
996.411499 340.623993
4164.227051 375.541809
310.481903 1201.685059
904.477112 888.775635
8334.572266 726.864014
692.302979 645.100464
251.091690 137.424103
2303.996826 63.131798
4514.634766 52.371811
2048.052002 93.714729
27676.107422 332.705048
1002.798889 379.734680
2543.929443 345.669495
1416.981201 248.763000
645.220764 59.011982
517.408997 109.166725
3729.644043 193.168060
17200.248047 314.550293
1831.173096 92.525345
3691.443848 38.813698
3990.642334 23.351213
150.351410 32.169281
888.895813 71.720078
33.425034 272.068420
2415.374023 639.705933
5470.189453 1170.161987
8611.192383 976.081238
10627.354492 474.652039
3260.251953 161.516937
840.634521 32.849010
283.995758 230.234406
672.225159 64.851013
3236.384521 62.641556
3512.517578 299.385681
13362.920898 1731.866211
7336.651367 1227.675659
7905.256836 818.057190
135.730072 489.927490
161.605682 124.821304
23.228786 247.971695
1051.318481 418.388123
3832.161133 605.415527
750.660889 206.247772
2037.503174 116.186386
517.410767 64.557770
1306.682739 63.932789
2375.342529 285.540009
704.134155 401.408997
412.488831 753.317322
3461.009766 1335.622925
912.182373 818.306396
1066.442261 607.241760
18.203598 453.381500
359.905762 332.216309
15.493332 499.073792
2515.019043 384.676239
6640.805664 307.814484
4358.649902 319.872559
3148.248047 2052.754639
1970.034668 1439.967529
265.217926 968.858398
1672.231934 671.467285
3409.885254 787.025696
1386.619873 1043.425049
2650.848633 1320.483887
12830.908203 1549.934204
15819.146484 218.564545
1058.811890 314.227478
604.109619 433.674194
2754.453613 584.807800
1303.606934 373.787872
330.019989 498.916321
6186.171387 853.181702
742.910767 1385.445068
1630.562744 2049.838135
39.239151 1400.766602
1220.444946 856.792053
1501.434570 497.935242
357.217926 725.327087
1158.053223 588.583496
347.426971 595.648071
9246.234375 833.249207
79.437584 1268.010864
4205.691895 1121.435669
148.223785 1020.303345
1329.596558 892.206055
2305.971436 260.946777
245.671555 168.880234
1718.470703 108.750122
5306.215820 85.803726
6352.133789 1051.766602
2628.422852 815.375916
82.579964 583.613220
643.203003 395.669525
403.596039 105.210648
225.092239 119.229858
1985.389771 137.885925
4702.183594 160.517670
736.354126 25.235312
2174.182129 48.825417
686.757019 72.826851
111.877251 91.406662
586.473145 215.258347
1576.901245 270.394836
6546.257324 445.020355
4843.020508 733.526367
3217.773438 461.666412
5125.920410 372.926941
509.466064 303.218475
605.882568 242.176926
831.010864 84.383713
1070.225342 22.253122
3151.867676 2.961836
13360.683594 22.192356
553.854187 845.946838
8229.380859 611.908569
1152.302490 383.419922
1244.335693 202.520126
82.694000 26.893354
2163.600830 102.726379
881.222107 266.683838
868.176575 483.699524
15744.212891 179.734589
1217.649658 138.316559
4.911303 83.089470
858.896362 32.566345
305.857056 78.485313
1319.223022 92.484161
2664.202637 135.185242
773.262573 213.888550
3114.192627 740.752808
740.714172 443.636627
3720.604736 227.907806
1342.587402 112.608154
562.635132 149.932816
1593.196777 117.270226
6227.916504 63.673820
2952.233154 16.203478
20524.179688 85.055397
1126.830078 93.329468
1602.175903 122.401047
1219.034668 148.943817
514.557251 187.943466
97.462967 243.981323
3294.787109 309.739014
662.642700 389.784424
3313.229736 26.155111
2276.683838 35.741875
646.819397 78.429535
920.957642 133.140320
348.206787 195.367676
21.856483 134.724869
11059.236328 75.402184
10982.252930 66.905235
538.775269 679.666504
1929.439697 456.601410
18.612444 318.720184
520.581787 246.539520
307.765503 297.898651
1691.193726 319.927368
26.566797 401.800598
3153.234131 589.651428
925.378479 1.936495
585.645447 68.511887
3445.713867 181.587646
1.413684 265.351562
115.332794 80.325134
1370.302368 16.378393
1267.709106 35.458618
7036.726562 89.326813
99.713631 1251.851807
630.257568 933.394714
2411.784668 571.558777
1832.704590 266.764404
493.167877 189.094864
78.332733 228.043350
9973.497070 256.532135
12091.533203 296.080139
10924.975586 11.693958
1617.166748 8.095886
757.034180 58.287197
1055.616211 128.770523
26.004595 36.601295
517.825073 33.889675
617.458130 105.286240
5256.512207 217.335327
2564.726807 557.541016
1513.606445 428.639313
365.557526 267.815918
1263.365601 122.141060
62.327755 24.565083
495.205750 50.411751
1169.882568 103.212570
2555.021484 173.109863
1212.183838 192.539703
12337.927734 123.168945
4899.514648 65.528168
156.530228 30.211922
1517.864990 78.667282
521.687988 66.646950
2792.576660 115.179153
4329.735352 247.447418
549.669983 160.044464
329.022003 135.142838
123.200546 128.088882
112.475563 109.384407
715.746094 16.232969
1759.252563 25.203079
1227.320312 75.360733
13354.375000 161.994751
1427.458252 463.605286
4514.916992 290.778046
1637.057739 148.543304
1796.184692 55.629963
2108.211914 97.289474
6241.115723 119.599319
958.803101 166.282440
3164.786133 286.402588
6111.624023 402.957001
1245.917847 183.856155
221.610031 89.797241
136.570023 78.929184
258.064667 437.469879
823.954895 396.030365
1351.591431 451.846436
1709.144531 565.997681
6984.125488 498.463684
204.070541 631.236755
2068.335205 636.914795
286.952637 545.056152
42.429596 26.715031
771.282959 0.477735
2090.261963 26.903429
1071.261475 127.912979
4499.573730 1141.735718
6980.645020 681.177002
1360.066162 332.707703
107.135422 123.435226
966.012695 17.424448
692.299927 41.607353
797.312317 166.076950
3481.462891 359.911499
10038.664062 793.019226
3537.196533 536.218933
2697.362793 290.447662
951.548706 105.094299
413.177673 51.847961
770.872803 43.184807
6605.618652 61.955055
18567.384766 127.712311
12035.791016 169.588638
171.107620 112.447784
616.129150 84.589813
968.725281 67.844460
1675.986572 85.458084
2569.073486 211.193558
1235.146240 446.210785
16904.378906 855.349609
2027.585327 527.245300
1309.813477 163.537613
184.308487 20.005981
691.485596 17.882664
716.436829 121.444672
1245.156982 14.114767
3449.417969 14.578390
20113.304688 88.137352
15152.473633 1355.887207
1825.405762 1048.450928
5505.185547 684.023132
1108.642944 352.712738
5821.577148 48.038902
3407.492676 24.330421
6126.346680 6.987405
10150.552734 3.427485
4796.244141 35.026520
7107.184570 57.535969
184.212112 70.256912
169.375244 66.475357
126.474594 35.475029
40.946274 68.107796
1603.209717 105.533401
25791.533203 132.353180
10171.482422 53.501328
15742.711914 38.222610
7550.215820 22.895176
914.207581 19.553427
1136.164551 6.046459
392.632874 15.941118
1191.466675 70.679314
8105.149414 172.940506
7882.051270 75.995834
11852.763672 56.307182
1769.111572 41.017967
45.934921 21.442961
103.999046 80.086746
2446.887451 183.310516
2652.340820 318.416412
857.452393 462.744263
5756.386230 128.096924
12692.042969 52.276917
1418.045166 14.462484
316.514465 22.501886
139.187317 185.723480
4229.674316 302.210144
1427.397827 664.342834
40.643482 1263.733398
3412.470703 712.187561
897.817017 512.912354
1385.867676 362.705872
143.877792 237.692596
268.666382 154.974289
968.508850 37.090096
1890.928955 31.055338
113.538322 146.328033
18925.732422 1171.245239
1196.440674 902.597046
14.019825 620.795410
12.881432 360.202728
1201.341187 40.783108
2827.142090 56.286568
383.431122 144.735291
7349.551270 342.344788
9507.652344 100.436996
3423.202148 42.597507
2369.719482 40.684853
581.901672 45.309258
79.464699 294.104919
588.813049 283.286957
6107.656738 299.968658
2092.037109 347.080505
7120.120605 1312.578003
643.671265 893.269531
65.446671 564.545776
417.382996 370.982391
2428.610107 287.791534
2204.038086 307.276123
366.135986 343.820862
2908.950195 373.042725
2577.544678 316.919800
1058.850464 331.615356
188.196625 317.210632
8.601383 294.717926
265.625885 16.718164
953.584595 0.723526
974.585754 12.599806
5016.119141 58.714806
9948.325195 128.181320
1040.943481 102.365196
158.819855 76.492134
161.837006 46.325207
397.760864 227.867157
868.757446 374.853577
373.825165 608.749756
6334.547363 920.441650
4651.395996 242.681808
309.566711 145.020508
2.832334 121.687286
1487.021118 149.740082
815.628113 404.368256
1451.419312 371.918640
8437.769531 453.573242
11780.554688 745.848999
6902.210938 2292.388916
3538.873047 1420.941772
38.964390 842.512268
829.787537 536.212769
2360.617188 462.905334
1584.572266 461.451416
2244.322266 484.453644
15.055676 537.355408
11224.548828 439.808899
4391.703125 456.581268
579.240234 470.864777
1016.185974 471.539032
1029.749878 281.451233
2302.534668 209.847198
1226.768799 255.051514
857.239807 344.420105
8986.885742 1717.781982
1236.192017 1349.799805
765.046509 905.776062
301.885193 519.071350
1742.054565 183.580444
3477.746582 271.960052
1960.071899 359.710571
17039.535156 420.704163
6603.257812 111.573730
348.546906 90.522461
81.326141 88.453018
2121.311279 118.449387
1155.573242 151.419174
1906.541748 142.161285
1108.069824 142.323608
26654.652344 127.431931
12010.142578 480.126495
4821.043457 390.980011
1818.041504 282.562317
680.078735 195.828583
2025.381348 63.520393
1399.059570 111.806183
151.411469 169.843887
9631.958008 183.277420
8061.326172 834.054688
1540.488159 539.900696
1632.923584 266.176422
510.716156 100.074257
827.192444 134.908630
1155.218872 158.781662
685.033203 165.225540
2704.935791 187.890564
7822.834961 80.771027
4281.344238 16.645655
209.174332 29.960943
837.372192 84.058395
190.807053 83.720932
1150.613892 45.839794
630.498169 26.723974
2533.252686 22.618397
6158.835449 202.079224
3035.746094 206.999939
328.921753 180.685379
371.633820 133.806915
237.104507 44.959736
6.147109 97.244293
6351.252930 175.509750
5611.617676 263.204407
4975.785156 103.002762
1656.618530 63.457298
129.314163 34.524101
761.054077 25.244514
632.726929 67.506897
103.048775 53.101021
3493.572021 41.210312
6524.382812 33.683243
7421.791016 417.630737
29.942934 279.489258
293.299194 167.711502
1082.828003 99.276382
956.559814 166.560852
1288.476318 211.478073
11146.360352 206.062653
22668.710938 163.180923
7082.675781 62.749359
653.528931 12.097791
1641.792847 26.222601
862.584229 90.931473
2302.350342 413.904846
3630.030273 370.975159
8383.157227 350.947479
12363.551758 440.971252
8088.652832 229.433517
4731.533203 230.878799
1989.963257 321.055573
38.685555 402.135345
78.384659 500.515137
754.751648 432.073303
5295.634277 330.268982
6342.649902 240.311188
2402.400391 157.189713
9614.263672 288.348907
2270.866943 418.662109
939.721069 498.580353
1915.258789 318.797577
868.300293 303.693542
5244.881348 385.918152
14099.418945 581.725830
7609.794434 241.676849
4728.136719 320.275330
1120.093750 373.689270
2822.254150 365.014526
148.444305 14.320952
11410.494141 10.172904
4111.055664 78.924881
5589.335449 241.963135
11697.544922 581.818726
1472.921875 347.653992
1625.187256 179.817596
635.039551 72.008087
96.939171 237.014801
4920.623047 202.834625
9648.117188 187.060486
9133.228516 172.452194
7619.410156 403.286316
15909.126953 404.468048
2002.480225 359.207336
313.909821 294.036102
26.686577 25.891817
844.638672 16.798687
13017.955078 74.676102
2200.339111 167.708527
1977.490479 586.498718
3816.700195 440.518402
2403.468994 266.774506
186.331818 114.722168
723.720032 15.671621
1492.144775 18.864559
3354.983643 18.736485
11582.953125 16.167830
2188.934570 9.071511
1703.104492 5.331154
1276.797607 6.128467
1179.413330 10.481140
2025.773193 2.401010
907.325378 5.845457
8314.020508 17.229662
9936.708984 27.710871
12050.463867 73.843224
1945.704834 57.570068
1837.389282 33.429741
1450.139893 12.206988
1520.554932 55.824165
264.769531 60.099129
3370.330322 70.187920
6747.928711 113.773277
13279.697266 126.781540
1880.607422 51.434509
449.259247 32.338299
76.533562 43.181477
166.583633 207.032043
33.400089 233.295380
323.442780 266.105652
901.410278 283.184174
5839.361328 171.966339
1564.863037 198.160980
3033.167725 201.367172
71.646423 198.380432
841.353027 62.560799
746.596924 66.166252
1390.792969 144.290131
2586.838379 319.754517
12607.252930 357.504944
5801.004395 232.020599
1867.296509 153.284988
53.571388 98.568878
777.683960 72.229774
7.945168 56.835350
4944.800781 52.224224
17790.171875 67.819809
211.910294 293.693573
803.124634 205.156494
418.362915 139.304718
950.967224 97.442162
1065.819580 7.480464
1816.799072 68.714767
962.460083 219.471039
20104.541016 460.872131
5506.000488 191.688049
3214.915771 96.104996
230.123657 39.898140
1106.233643 7.550343
295.643219 42.408310
848.846802 205.518097
2785.514160 520.509094
1893.502686 990.835632
2539.864746 574.159424
1166.080566 252.310593
1652.343018 69.804428
120.658371 3.017134
1056.260742 168.620850
3019.161865 61.771591
334.202332 189.362122
2834.836914 585.826172
4136.958984 1539.481689
12494.888672 1135.357178
2200.151123 764.195801
763.483643 428.645142
401.570953 25.114044
1180.924805 57.650539
121.151726 176.430283
4088.225098 407.607239
6175.043457 423.399231
751.146362 224.096405
1469.916992 107.030090
229.448700 45.785278
999.516235 115.258392
1525.615601 181.064606
6674.582031 416.295990
478.939667 858.865356
10157.561523 1114.106079
1590.257568 647.860962
669.201172 343.555725
67.532211 173.793167
52.748840 379.670685
0.321930 311.730408
743.071899 348.614929
9844.594727 505.579529
6558.838867 1265.618042
8702.118164 987.970703
870.648010 736.390747
942.804565 528.308167
561.997559 225.904297
544.026001 238.611847
10571.886719 237.836807
16593.046875 185.338409
10807.013672 784.793091
1061.617310 581.456482
1196.744263 384.048096
393.146057 260.980072
338.756561 204.458221
1965.566528 276.659088
1232.212524 337.673889
4300.451172 448.451721
9284.624023 315.627106
548.256531 89.815086
1313.774536 41.875183
319.533478 108.867844
1043.039673 216.131241
296.329346 138.206741
4431.637207 72.247093
2130.244141 26.279776
5483.623047 376.824219
1816.239746 383.174316
2663.194336 352.993439
687.713989 292.890656
1344.046753 14.947209
119.809761 48.481529
9895.994141 125.383316
958.428894 252.237076
923.977661 60.003262
1784.412109 19.325581
548.062134 6.720024
1624.336182 5.813522
1174.416138 39.423012
595.627014 153.167572
975.216797 328.047028
4479.458984 564.740540
562.276978 636.933105
1255.954346 291.726074
451.403870 79.025322
520.624207 3.909635
123.203094 330.135498
495.451263 218.358795
262.855957 148.270432
11714.930664 108.428314
12477.457031 739.172241
6948.010254 720.637268
1114.773682 620.055298
329.037872 474.851440
192.712601 69.673050
1287.985718 115.492554
1129.755371 150.283493
1947.228271 165.431091
855.038879 491.640137
2204.501465 267.854065
1316.963013 112.749992
481.725220 53.259399
229.413651 311.827698
181.126984 378.266602
936.100952 478.534424
7469.754883 610.289673
2255.367432 25.733358
1167.415283 102.673477
13.131388 188.340134
2053.155273 256.768036
81.024094 36.317112
247.311874 78.659134
1588.564209 228.850143
20690.777344 485.605621
55.768738 1260.659058
6164.956543 748.059448
2249.984863 355.087250
288.972076 119.988426
163.553909 39.454872
2695.856445 108.330963
1055.963867 284.057556
4896.119141 515.117554
9149.273438 703.629333
790.775208 484.137878
414.133270 262.613464
573.987183 97.545250
150.842117 429.865814
2030.526611 481.668396
9258.167969 737.594727
2261.878662 1256.517456
3006.549316 916.451660
2651.664307 673.695679
1518.404297 553.728149
999.670105 476.978455
886.724976 92.352097
2969.338867 7.834100
10751.721680 53.052681
11684.877930 263.535095
17172.384766 1532.435669
9360.961914 1014.220581
318.282471 591.482910
626.260620 286.169006
374.704376 7.327301
5730.373047 68.798592
4061.746094 215.572052
9757.621094 454.912811
14351.452148 504.239563
1466.072266 260.840271
857.093689 100.810730
1307.082886 18.903881
576.529602 202.840378
261.331482 139.408478
869.036133 155.185104
2854.568359 255.261246
10781.396484 1045.549072
824.926819 783.421387
1247.975952 537.837952
1540.097168 338.693756
19.456831 278.814728
589.290771 368.239746
1973.743774 453.144379
2486.698730 499.624329
2410.712402 143.218674
1355.963623 158.629349
58.294178 175.353668
1834.998291 211.823761
485.951660 87.731331
154.006912 80.921967
2742.705078 117.724403
7880.455566 207.390335
2332.315918 737.018127
1931.937256 472.720490
174.863922 270.050598
841.260498 145.008759
2271.805176 310.559082
3461.803711 433.087158
5936.814453 523.426941
16000.901367 574.272339
4697.193848 11.816634
1232.908936 5.952029
2766.331543 66.534111
1951.674561 177.892212
248.361954 691.498535
260.740082 735.513855
4672.448730 931.922119
10730.038086 1210.671997
4190.656738 1219.903564
3586.062744 1140.046509
1134.647705 977.011108
14.109715 795.767578
34.292477 477.350708
702.197754 522.063354
1386.244507 623.981812
6587.556641 812.263550
5241.607910 1295.152344
1917.137939 880.137634
211.552429 614.865356
552.847717 495.047516
64.990128 339.779755
4343.625488 362.355103
6906.728516 485.618713
7801.471680 655.871399
10329.646484 935.392090
787.795044 794.216431
307.053864 605.185974
105.984383 432.012329
2925.714111 7.660730
2612.088867 41.363434
5306.970703 115.969025
2660.381348 266.384674
6504.771973 463.968445
704.280457 199.064926
1128.122314 53.720184
556.150330 3.796426
915.532043 220.623138
898.419678 124.464081
2850.639160 174.878815
6310.041992 287.695770
3192.841553 1124.688599
8921.233398 1048.066284
2750.203613 791.584473
148.917175 470.786499
564.184570 118.651672
1268.260620 188.457718
7114.774414 232.307556
1412.195435 246.760986
9845.609375 746.259827
868.227722 391.616119
704.738281 159.819565
2560.622803 82.923347
468.747437 366.075928
503.511719 422.623657
794.394409 468.886719
28198.800781 476.278351
545.874695 290.168457
9178.017578 302.666809
1333.609741 307.241058
14.794313 324.738403
627.082275 329.448242
443.948761 426.940948
184.409698 666.290527
7290.584473 1057.175049
8875.510742 657.317749
3125.966309 477.403809
1549.976196 377.490173
35.495880 326.671082
582.911011 55.848862
762.542969 28.650108
1512.361938 120.690788
7369.380859 372.090057
610.022827 968.173706
2131.246582 605.452698
973.391602 342.036469
1196.125977 163.896027
1370.058594 353.527985
1250.978149 342.282928
1651.217896 393.381378
13289.033203 520.668945
8334.644531 1586.682861
964.191895 1077.252930
598.901855 686.798828
982.644409 453.138855
20.772501 837.840088
819.961914 1008.395142
444.967377 1129.921997
9205.029297 1127.443726
2045.092285 553.501282
5295.335449 587.468445
444.887939 617.357727
1014.222656 695.094360
1200.191772 983.502075
8719.114258 1417.307617
8667.764648 2127.892334
5669.271484 3169.616699
16885.509766 2375.196289
5195.856445 1386.681763
3941.127197 887.406982
1.876676 790.842773
787.459473 1025.702026
83.984184 649.766846
2284.455078 617.230957
2008.505493 934.120178
17917.699219 3363.647461
6059.187012 2928.729004
2921.794678 2323.053955
1862.683838 1637.758545
658.621826 34.222992
363.186523 27.558596
273.017456 76.580078
1179.391357 231.956711
707.101074 564.133545
7416.294922 293.352692
839.534485 139.245590
398.949341 67.141251
331.294556 35.914223
14.509935 0.667920
7448.750977 18.612795
8584.403320 73.939369
3782.817871 714.084717
2200.434570 511.784424
808.078125 304.871399
738.744812 137.923782
504.435181 30.862579
2063.177490 20.858147
1083.521973 21.421074
2630.124756 56.113640
3545.363770 159.097504
4747.280273 83.047661
897.472473 48.903473
30.814842 38.215084
91.596565 135.784637
542.703613 137.805618
5698.590820 140.045776
3473.385986 154.533737
6964.181152 15.744285
2901.017578 46.945267
2280.531982 88.157593
111.541595 120.737450
73.558311 82.416534
1597.807861 63.376209
853.521362 55.167717
157.600967 42.526321
236.887665 338.810303
2980.068359 277.659576
874.624268 197.370697
28.312830 126.681244
458.565887 198.637039
45.135006 372.860046
296.459778 596.329041
7053.408691 852.085327
2771.821777 185.794632
1170.969971 62.609493
252.812805 32.162205
1097.465454 82.025734
1133.220215 437.059174
944.598816 524.660034
6018.564453 769.862366
2932.121826 1078.052979
8083.614258 1866.581055
6399.571289 1391.667358
860.003418 916.266663
95.672340 570.036682
286.823090 144.657623
1007.257080 86.980225
568.964111 87.987808
15371.593750 247.617676
5419.013184 876.683228
226.625809 496.377258
76.501076 295.979919
1682.569092 205.909103
1999.112793 115.995514
13.789627 115.786377
569.574951 126.551666
6796.123047 146.705124
11792.219727 414.959656
4132.790039 294.224152
5343.754883 197.268951
5568.784668 138.802124
965.001282 148.561478
1499.137085 108.148849
3468.810547 90.758270
1462.177368 86.341003
3122.000000 271.991669
777.734131 289.626404
2313.238281 262.241821
64.648575 206.703232
29.132452 185.936813
785.909668 315.473969
4833.219727 489.030487
10636.597656 737.553467
12441.490234 708.816345
1664.022461 322.332092
131.638962 131.298691
1673.468506 107.429703
92.881042 130.732178
1208.060059 30.190331
1655.021118 2.276102
3636.279053 46.027672
3087.220215 967.435608
1767.570068 752.675293
1922.338989 515.874207
451.779816 298.294861
754.338806 29.137718
449.951508 120.621864
517.754333 267.415955
2687.240967 451.057617
8789.336914 253.247559
13005.191406 120.018509
830.500671 32.514370
1187.883789 0.171178
310.229614 271.865692
1700.031738 624.671997
192.775513 1201.165771
2330.869141 1898.390259
571.000732 988.902222
1104.968384 594.532410
2783.772705 303.403473
18.686228 175.028336
21.513458 457.612976
101.753746 534.204956
8332.269531 863.874390
7429.593262 1375.083740
3621.035400 2456.659668
1335.617920 1763.964844
417.330475 1127.021484
148.243591 664.147217
789.709412 566.673218
893.459045 497.611877
1162.231689 661.480835
302.970245 1236.315674
4256.139160 1073.816162
4519.820801 778.660828
1202.426025 706.286255
202.855835 664.727051
725.949585 142.401794
3363.879883 62.144207
3789.086914 228.072357
3973.075684 662.428894
1257.392334 2793.574951
935.099670 1832.146973
3387.693359 1030.330688
994.729187 462.690887
345.534790 57.373039
254.753418 10.211546
3285.971680 2.145798
3084.174561 59.677620
9392.718750 1404.655762
797.639099 850.572815
1256.190430 427.890381
96.511078 175.683685
175.224548 159.832245
209.992340 113.069542
1050.874634 84.536522
768.046387 72.169785
1239.901245 390.952301
1216.509277 353.364502
1789.276245 291.967102
1285.357178 222.514435
1259.191406 15.658045
252.396179 56.916100
5715.914062 130.101532
22186.357422 204.869278
2176.303711 391.928741
3833.911133 250.952911
274.224548 118.371208
895.414612 33.571308
342.089111 128.688049
922.444275 110.917297
974.071838 101.677582
5979.326172 132.774872
1866.730103 158.983902
790.566162 119.494781
882.503235 120.571327
31.311625 131.650299
1261.679443 9.603030
769.490784 43.439735
269.819153 113.743416
700.289673 222.952148
6879.861816 109.239792
1080.155640 47.194294
2293.697998 14.239159
250.764679 2.250379
657.801208 76.860214
542.431519 74.040192
8464.183594 72.495270
1343.791992 64.880112
2122.938721 765.252319
1243.318481 481.988892
1925.517944 253.427719
266.352661 121.945511
875.043823 225.065933
1555.225586 262.304596
11585.041992 255.147644
6106.266602 237.752823
7424.187988 55.984043
715.959961 11.684608
3530.775879 53.925484
1639.258911 143.207504
226.186707 523.054749
1893.992920 533.824524
1689.370850 576.255249
1618.126831 654.694824
1702.796387 267.321442
380.949646 377.881744
1515.960693 467.771027
242.981186 512.496948
140.443008 236.671494
437.746460 213.116562
1929.499268 214.405823
8683.919922 201.558929
823.125488 868.697876
2363.927734 694.468872
711.408752 490.154602
117.976654 325.643738
6.883049 193.646759
187.005188 289.192139
42.238213 408.696014
415.730774 599.958923
5476.666016 220.135925
3913.081543 46.881828
1490.000854 27.073715
87.617065 97.733383
1292.708252 203.075592
1997.806885 275.216125
2280.302979 510.198792
7156.150391 788.385071
811.973572 1525.791992
7762.399414 1155.574463
1180.667114 716.789307
358.495819 360.101837
3402.143311 460.664856
3339.605957 706.876099
3203.362305 1109.276001
23471.960938 1626.090576
1281.441528 657.373962
2324.616211 466.752502
1780.550293 368.950623
57.729698 359.370239
609.045776 648.273865
754.430542 867.280273
4584.379395 1395.814209
4617.258789 2307.448975
3802.255127 3009.921631
4201.525391 1814.863770
2593.610840 1057.028687
558.785339 697.753052
855.421265 1261.018921
2760.367920 949.916992
9024.092773 903.699219
2528.928711 1170.949707
13900.253906 3503.163330
8214.352539 2930.831055
8116.036133 2329.961426
8.293764 1750.483154
161.167557 294.692627
325.501129 199.286606
5243.565430 131.683701
7962.203613 95.688286
14487.445312 844.357117
6990.793945 715.960876
3151.568115 563.906677
1732.077393 417.830597
78.647552 123.456230
453.781891 149.701172
7180.241699 143.483276
19598.300781 118.498032
11392.296875 82.741714
66.269157 33.105270
1912.529053 35.003441
466.082520 75.398315
34.279648 643.488342
2934.246094 799.318909
719.216431 1091.712646
96.483940 1551.238281
7555.753906 280.696686
5939.668945 303.227417
424.909180 420.074829
489.756989 538.366760
20.156193 420.255981
2828.327637 213.048096
3928.976562 203.829620
1315.764038 388.806549
12630.734375 2444.464111
114.175156 1901.886719
674.586975 1324.822266
83.692024 806.319946
2797.749512 125.401878
415.182007 175.177063
5185.902832 225.570282
9773.818359 263.608917
8718.521484 18.955143
4958.215820 33.483757
1170.077881 54.664078
775.445190 84.572350
3.270081 271.001953
25.988752 287.296570
7222.564941 387.797668
9835.601562 560.741089
1492.253784 435.361572
831.264832 412.789764
98.929443 371.134583
191.660965 313.201233
216.120117 240.021072
891.086731 244.419388
14566.138672 254.090866
8821.264648 301.462402
4189.202637 1060.550537
34.996040 652.364380
126.618179 385.115875
27.274454 265.591675
201.753387 445.091095
328.874481 431.752350
5316.101562 513.342285
1088.763550 711.846008
4757.382324 134.408295
230.355103 302.084564
8806.685547 432.902435
319.515045 472.539490
41.046471 290.005005
1296.589722 213.646912
4754.754395 164.955002
14458.542969 126.737610
1876.187500 881.007935
607.031006 747.492004
3656.462646 573.785706
933.120850 410.938721
3669.831787 115.070633
411.427094 353.078949
1195.056641 717.900452
4639.520996 1123.947510
634.611206 1027.726318
1329.255737 587.432373
1302.202515 240.897751
920.455017 70.925743
183.797928 313.939026
158.668625 189.763748
275.290100 108.739021
105.036011 107.754639
8326.160156 734.851746
3869.351074 649.305786
2989.773682 555.530701
920.303040 443.248047
523.152039 90.499756
629.628601 134.697601
3236.770020 163.862305
2252.330322 161.541138
9019.719727 62.695457
13159.768555 45.633984
2644.259277 38.091888
1331.227173 53.230049
149.068222 69.031052
270.591034 140.023468
2591.768555 343.168030
12434.582031 702.829224
388.952332 56.361286
619.294189 23.459131
1102.458740 43.174473
260.001099 57.214226
31.205942 3.807016
331.748840 81.182388
4645.755859 310.381317
6719.606934 678.462158
8330.434570 1205.614380
250.092743 708.982300
1550.854248 322.819824
724.848877 83.964905
2172.525391 217.227844
686.127197 185.160568
1389.813965 305.425751
2681.299316 663.666016
14410.794922 1105.175659
789.880920 705.446228
277.822815 465.602173
713.734619 318.206360
614.491760 184.229401
720.208130 77.641266
10518.332031 26.230366
24042.199219 54.214096
1766.390381 1117.530029
1816.259521 817.982300
1364.157349 550.580627
3755.304688 339.643677
235.205231 5.117457
548.878418 0.926570
7171.652344 0.439562
8059.974609 6.260381
15748.837891 158.661179
1808.843628 94.500473
672.942383 45.806282
301.400696 17.462093
9.257559 76.401955
58.676247 138.917389
3053.849121 219.013092
3042.018066 300.624603
2718.481934 6.036120
12152.839844 5.924182
3991.725830 15.279446
945.076782 36.548134
191.387054 21.679064
266.209991 16.680161
4111.819336 74.220512
8061.958496 235.643280
8558.301758 542.643005
237.241074 292.455994
469.768555 141.008041
418.647461 61.252712
72.534019 63.821095
249.833130 151.412003
334.955933 273.964111
7305.141113 425.104706
474.334167 455.400513
2268.518555 223.269440
1823.093628 78.478943
282.383728 30.787338
128.539551 289.673462
2794.322998 260.598053
40.856007 370.182800
2878.428711 582.902954
1960.968018 864.782654
166.972351 779.650391
103.404663 621.390381
954.879272 432.937683
233.091339 285.626221
919.330627 272.934174
9680.499023 287.978638
10594.277344 342.553650
2003.893433 713.050781
425.368439 538.205994
732.370178 407.470184
1037.670776 326.662018
739.435486 114.024094
211.204651 87.495758
2214.536133 60.791779
7012.843750 37.658531
2912.752930 281.962219
13182.082031 231.054443
119.002251 182.417526
467.688782 143.774979
422.950531 31.987757
1569.031982 55.741241
293.210388 107.357948
496.817108 198.022095
1295.985840 27.638838
1386.559326 2.727328
2386.214111 6.189922
209.380295 18.457027
344.989990 53.122116
2530.044434 156.689468
7377.698730 325.523956
8207.795898 569.858582
5917.429199 616.382812
985.265320 284.074921
811.280762 87.626587
1927.917603 21.008881
377.523895 255.287521
615.349243 220.838287
2401.250732 276.576263
3925.634277 392.809082
7624.480957 993.735229
358.629395 807.025696
971.007324 586.017334
991.285706 385.563110
6714.775391 1029.537720
417.531586 1384.776245
3287.277588 1705.284668
9315.265625 1903.502930
5982.608398 353.736877
2792.033691 391.162903
763.603516 506.558014
2544.845459 721.119873
3452.047119 654.745178
12.540110 879.633057
1891.128296 1340.192993
48.517086 2113.615234
11407.060547 1670.166504
13743.007812 1005.363953
6205.511719 676.930359
2541.021729 587.560730
2164.236328 16.415283
3417.195801 86.955879
761.443542 256.532990
1429.433594 482.100067
1528.096191 495.212036
31118.765625 336.677399
19.847160 175.807983
2957.004150 54.324749
555.704224 875.197144
2517.214600 1298.940918
2275.312012 1786.223022
860.861450 2288.205322
1497.081665 405.363098
4072.333984 276.158752
4262.899414 333.996399
599.463867 544.724854
241.686737 365.591522
1617.884033 497.543060
909.496643 789.717651
11486.078125 1296.973999
734.354248 1475.859131
3341.503906 860.099915
3342.765137 503.009888
402.474945 359.612946
164.144348 186.273987
1064.769653 160.127136
3430.922363 130.642105
417.193481 89.786682
19058.355469 427.749512
1376.906372 361.230408
1322.915283 285.602325
6463.918945 224.899994
2094.890137 164.479126
4442.428711 216.156921
2748.939941 277.173218
8965.418945 332.665863
864.098450 94.364410
1289.503906 99.009071
1566.023560 109.312408
1884.053711 129.279037
94.531090 509.320496
5682.062500 624.533142
3510.545898 728.941589
32604.054688 832.723877
4098.839355 753.833496
10012.642578 504.772095
615.759338 394.309570
1415.386597 413.190125
996.369263 133.638535
4521.409180 181.673462
443.964478 348.589081
1969.605713 669.505859
28672.023438 244.790985
1699.203491 158.008759
11277.140625 141.001846
2298.806641 135.827652
257.596466 2.685225
1785.588745 25.630302
240.551147 88.663223
4788.765625 203.294189
8687.062500 326.945801
3138.377930 166.783371
6243.715332 64.170738
744.860107 13.623263
471.876495 399.037720
319.034393 568.937439
5256.015137 785.228699
147.826248 996.515564
4062.751465 75.536263
209.277542 143.916260
579.857361 211.744232
404.282532 287.161743
765.442749 179.573120
3659.255859 255.858200
975.399597 404.864197
8905.114258 615.103149
5734.741211 1005.135193
1789.899536 625.987244
2874.878662 347.593903
2144.156738 201.141357
618.520020 124.394150
2561.468262 230.990524
757.817993 374.274719
174.911591 526.184998
1767.255859 4.012687
587.923096 8.820938
551.267273 26.293791
2851.734863 60.019352
271.367432 1089.901978
4164.897461 1476.502075
2055.222656 1881.850830
3669.857422 2227.856201
5040.668945 887.186157
1200.224487 701.817993
2340.018555 665.800293
2158.050293 800.996826
1403.768677 524.510559
2459.193115 753.830688
2167.625977 1139.960693
4875.208984 1732.218628
33714.558594 1225.857666
389.155029 691.855835
7038.925781 444.785370
728.420654 414.157837
1992.731445 134.059158
3948.887695 169.193619
1497.039062 264.086975
4352.802734 422.956421
7891.568848 493.593170
7001.958496 327.824402
3788.199463 213.752777
2644.097168 150.080872
1227.760620 20.575148
2295.692139 58.841049
705.284668 148.698334
2299.495117 335.903900
1872.439209 504.900787
23146.656250 212.074326
5331.928223 60.330276
706.365906 13.333459
796.254883 274.796814
2506.982910 450.164368
1260.829468 669.623840
771.549255 850.378296
10084.922852 400.395782
4268.822266 316.221191
1359.275146 228.385361
3143.351807 199.646896
141.572632 68.365616
36.988590 75.871025
655.614624 126.948570
347.620575 265.376526
16950.935547 570.842957
554.996948 301.048920
5617.917480 148.802841
1380.041748 85.728256
873.153137 32.156013
3312.110352 32.186108
64.904160 38.277260
4640.862793 49.948853
1230.168457 108.034424
1964.559204 79.268974
1697.938965 55.356384
639.383728 39.490448
472.099976 116.924042
2728.569336 192.906235
47.801086 313.555756
8320.566406 474.828918
1316.476929 8.426437
210.080063 7.109155
260.232117 33.634502
1591.468384 69.640160
67.963470 247.804199
2346.411377 317.405334
3548.108154 427.508423
460.541016 500.646973
2160.185547 724.154358
2356.815186 588.651978
1349.563843 410.586487
4526.005859 277.770996
1971.828857 373.011841
5356.220703 474.437622
5592.563965 543.856140
229.336761 541.482178
1493.439575 412.943573
681.571106 333.396271
58.262051 281.910583
244.080658 295.541718
103.120193 92.350937
1166.238281 50.989738
324.985657 29.562349
10819.906250 69.577042
15003.281250 512.751709
113.440353 320.133514
6779.052734 201.605469
2165.473389 136.966064
1131.951416 478.089447
452.669067 590.163330
751.985901 738.922424
9830.484375 939.093384
20048.177734 12.294573
10819.870117 94.073341
11026.033203 231.321381
1861.947388 365.770111
1042.487061 193.441238
321.260010 235.612137
3546.336914 406.577850
7751.593750 684.201843
4251.333984 804.927429
2415.473389 602.656494
264.259552 414.562714
1012.866882 265.390015
2909.503174 9.539732
1145.853394 7.763053
13096.445312 11.567428
1486.549072 23.874895
5605.045410 129.531464
7430.848145 77.938690
2252.524902 40.246372
1083.102417 18.691584
336.646057 187.092346
650.472229 221.544891
1475.304077 289.072815
2340.280273 369.012360
3073.612793 209.620148
78.428795 214.637482
4662.148926 202.846268
1914.133057 186.424713
3577.940186 256.514648
1656.964844 327.442566
619.471191 409.016479
1219.613892 474.503448
9313.481445 338.132599
2947.744629 276.102051
1521.893799 229.782318
1399.120850 220.539062
569.229797 291.465698
3546.539062 475.805573
657.111267 743.853943
335.327789 1075.088989
198.638763 192.795654
8801.400391 121.162407
2525.752441 123.805283
2195.978516 180.035385
1665.238525 60.620537
564.205200 30.413769
5975.818359 60.748161
1932.380127 172.881729
7477.580566 761.113281
5000.434570 489.911835
389.056183 281.621613
2749.207031 142.076920
280.034729 451.235046
310.801208 711.873474
1035.202148 1032.655640
7197.125000 1358.241455
26793.597656 8.746331
1278.259277 47.303398
18626.050781 134.639175
146.318634 263.960510
832.425781 256.972382
150.325317 379.046448
5957.256836 529.619019
988.438232 686.972290
5835.002930 1044.551270
5464.203613 624.913025
187.166519 336.426636
1568.982666 221.806046
2214.936035 0.967203
3098.665527 28.639126
3098.692383 121.159943
1195.696777 293.617065
3248.928223 56.977066
6586.483398 16.475344
1404.082031 7.749416
1076.488525 2.954893
670.549072 33.105415
1418.968262 31.769993
6669.997070 39.230923
405.559753 56.489368
1180.223389 219.290802
1636.474731 143.354446
1246.848022 84.010231
2482.066895 48.155762
2646.952637 267.358063
91.149872 418.730560
7318.719727 660.583069
2322.406494 951.103760
12126.065430 158.492981
757.798096 163.072449
5478.471191 175.509735
672.810242 198.903046
1696.720581 35.361656
604.427368 52.653793
4197.804688 133.287750
1372.229492 299.552460
3562.886719 528.283752
12533.822266 297.136017
2259.103027 146.760574
11820.326172 65.486038
826.179871 5.818233
841.448547 20.932329
352.820312 42.518654
915.592468 67.867004
4729.973633 76.330551
380.219208 37.769371
3623.713867 11.660844
1650.401855 1.403617
819.222168 69.767426
5032.770996 108.404488
1786.074585 169.782043
12499.750977 248.897568
1638.271484 21.061523
2711.084961 22.219328
1005.747437 33.119652
781.128540 47.761463
94.299484 28.414749
964.825684 57.343456
1663.792480 108.730148
1008.469727 185.453690
721.453735 98.205246
6683.622559 45.683220
2641.201416 20.800720
280.873352 16.643826
1185.035645 45.032238
408.512756 30.245054
825.606873 20.853180
2023.020874 32.637104
8345.973633 212.188934
1656.644531 133.569138
334.254211 85.358696
1752.646484 60.546574
1006.871948 75.925659
2095.737061 93.026047
533.018188 107.201599
1527.515747 121.087135
663.160278 21.594034
4017.791504 21.412212
2336.338623 34.965347
2453.013428 55.397198
1827.779541 259.540985
5618.052246 325.599396
2976.705322 386.545135
13048.359375 422.831390
809.031860 89.647888
97.268501 121.651886
1024.656860 157.586670
1870.710693 202.250000
498.043427 79.133766
1439.310059 165.160248
2049.299316 303.135132
15193.342773 494.344452
1727.444458 143.777054
9884.050781 52.591248
526.557617 21.610481
3480.954590 33.259914
939.926941 181.442612
2188.418213 413.654053
4832.633789 773.951538
1629.389038 1254.325928
6953.629883 492.570312
3095.336670 198.348495
2906.623535 64.939781
615.559021 65.811340
1226.671509 121.353737
2312.661621 102.624855
2411.142334 112.722107
3155.812500 140.911133
9903.240234 801.382874
19255.646484 559.267212
3131.735352 343.016144
5376.334473 194.749176
2403.828125 45.296627
2679.943359 41.862206
7301.140625 31.783064
5484.336914 19.342745
6295.726074 13.336218
2579.582031 20.352005
31.259678 30.982470
2924.438721 40.860096
3180.039551 81.977722
502.991821 134.575943
128.919724 202.168228
5613.164062 274.259705
16988.818359 62.120598
6963.981445 40.349796
736.262085 35.670044
24.139053 48.998341
2035.048584 154.901108
1552.900513 256.529449
6804.350586 422.751801
4746.988281 694.607483
5306.520508 193.486359
1564.428345 42.050804
1497.913696 24.720781
3438.024658 77.789543
423.270142 59.797501
1448.590210 48.546108
1449.285522 106.902008
3909.095215 230.484222
2682.773193 721.046143
580.106689 492.208801
1116.179321 290.365479
1683.399170 141.741989
847.813538 423.668396
397.893921 591.403687
2693.055176 801.515808
3954.969238 978.542725
8075.210938 226.760635
13609.677734 277.969299
10194.665039 299.770294
1227.486572 332.318817
58.257828 68.886749
868.127319 49.576183
12818.616211 39.163445
2954.334229 42.964680
6704.042480 776.021362
11633.196289 486.410767
690.181763 259.326965
3156.484863 125.610489
5711.163574 267.348450
908.383179 436.620209
1386.138306 619.556396
693.120361 770.940552
13093.331055 57.027256
238.534195 48.905495
3241.039307 73.005478
2613.860352 143.024231
1127.992310 999.303284
3265.162354 1345.527832
4554.479980 1644.365234
1692.964722 1771.298096
1954.013672 1025.792358
2799.304199 818.984680
5987.249512 695.135498
346.170532 752.122437
0.872293 334.250305
2514.980957 406.461792
1008.415588 559.317627
9720.212891 901.983521
9658.686523 1019.015015
431.361847 520.647339
554.301392 310.108582
2068.480225 287.014709
6315.728516 1001.709534
51.960415 1160.111328
1037.401855 1330.497070
1363.372559 1417.356812
7236.075195 690.725159
5228.928223 815.501587
6404.517578 867.660645
316.216949 908.831726
97.760811 639.351868
113.443123 1064.343750
481.872498 1625.623901
86.499146 2282.245361
7093.875000 1195.231812
9333.586914 648.591064
2821.829102 383.124512
1948.959473 394.745026
609.810242 567.914917
1097.343994 675.858765
646.629883 905.311401
4742.811523 1263.765503
2973.043457 1263.765503
4742.811523 905.311401
646.629883 675.858765
1097.343994 567.914917
2084.606201 510.448883
349.987915 616.020874
7533.332031 784.358643
645.666992 1003.580261
40973.781250 667.771423
1042.747681 542.585449
4143.150391 476.418304
4.596187 465.597565
4798.425781 185.498444
2068.118896 209.471375
235.515030 271.844391
7963.034180 367.521851
15057.870117 639.825806
2148.812012 447.256592
345.211792 298.328094
842.997925 211.313049
5261.359863 383.252319
616.511719 569.501465
4750.550293 813.656433
915.554504 1031.707520
10916.009766 300.302490
8447.391602 304.782715
1582.606201 286.341431
203.279800 294.625275
2218.437988 524.890015
570.632263 719.402039
11664.915039 956.192017
2234.719238 1255.470581
9734.806641 603.542053
7061.937500 357.231689
153.516937 295.520660
436.607086 371.544556
981.220703 526.408569
518.894836 558.804810
4098.140137 695.859680
10997.440430 943.081421
25359.212891 979.212036
273.224731 799.121826
2463.768799 664.946289
827.616394 570.739258
1787.069336 1054.749878
6448.619141 1260.549927
3621.027344 1491.456299
4227.196777 1638.232544
32444.937500 597.743896
27424.892578 764.920227
22138.816406 854.641235
2730.197998 927.331116
7093.807617 373.278168
1349.607910 436.074951
7428.300781 542.746460
3540.142578 760.915344
3844.991699 1209.276489
2826.587891 699.621460
1760.732056 426.736633
9693.323242 348.303986
16.494476 122.276154
1499.692017 116.344254
1635.479370 181.260193
1173.803833 322.408569
13884.451172 243.896210
3296.453125 228.825012
1995.219116 206.489487
94.066040 165.022507
412.519958 510.218353
294.254120 547.037292
963.932251 589.517456
10049.630859 619.950562
4617.203125 264.345245
946.458984 363.188232
3931.105957 434.234741
816.274536 477.909973
809.902222 353.935577
1149.955078 795.024780
348.617371 1513.622192
4091.307617 2476.418457
8969.470703 730.557739
7067.636719 312.209412
773.682373 134.771866
165.396484 149.167557
210.038544 196.424011
5286.519043 196.157928
380.992157 282.479492
1288.410400 487.225494
7336.011719 1184.224854
3585.580811 755.092590
209.803482 451.462036
1297.105591 274.580078
1520.278198 83.140297
346.656952 27.865034
3025.666016 9.255435
233.390961 43.803799
4451.121094 1143.733154
8852.223633 736.779663
13592.355469 409.168884
130.254211 197.117584
1222.995605 135.568909
2312.783203 198.698044
766.095093 289.318115
28.240093 396.990082
1179.078979 63.030899
1106.162720 59.980541
1758.940918 72.962357
1587.246582 96.643150
522.033813 108.406288
865.791870 217.351669
413.699097 385.560211
2543.239258 619.492920
112.016113 122.604782
11.462326 25.221878
191.775726 7.727107
24.978275 40.715000
414.597748 706.559082
72.105301 949.231079
2160.457520 1180.755005
7472.011719 1293.451904
9780.908203 838.166138
13555.273438 688.577942
10623.806641 566.055969
2593.738281 561.683899
378.466705 687.985046
511.176636 1138.921265
1397.340210 1830.345703
10195.147461 2800.837402
20297.695312 813.035522
15129.761719 359.973877
2722.931641 266.301849
2707.863770 402.438354
963.275269 209.859802
644.528076 64.938309
2493.469238 0.812251
454.784088 67.246651
9112.734375 1584.268677
968.636963 1108.143921
6645.457031 713.427124
1202.895142 420.207581
3242.149658 503.503662
742.023438 724.143188
4139.185547 994.184570
15457.207031 1302.944580
4539.955078 4.791839
6538.037598 33.748859
183.391449 154.040390
1401.793945 316.924744
1231.919312 773.440796
124.437622 921.139893
178.881073 1148.547363
123.580620 1391.939087
37915.414062 1504.482666
9220.558594 1177.047119
4779.697266 905.965332
695.519287 761.609253
715.475342 60.196415
3853.009033 110.119576
6186.175293 251.935547
2455.126709 511.679993
3035.037109 250.331573
175.708527 126.370407
2134.881836 75.311806
1704.520996 57.303116
1065.907104 8.607901
850.459900 33.942005
3918.123535 73.564903
5407.786621 113.178177
27.983368 269.220825
6570.860352 160.056274
4659.588379 68.313942
1208.872070 16.226965
678.374390 235.035828
643.263000 394.370361
6971.411621 640.083374
1165.093506 925.584839
4732.097168 19.998766
1989.072998 67.421799
7198.716797 111.482758
1977.683105 154.656143
4059.676758 368.406403
2069.532227 521.805481
1938.182739 659.727722
642.367493 785.266113
7990.747559 623.514893
13073.097656 338.213196
1176.522339 212.679688
3021.750977 241.935455
3316.027588 422.357788
692.693359 594.511719
23107.109375 947.905640
3991.877930 1501.790649
17220.535156 542.977356
1199.890259 381.645081
4527.595703 342.250824
3023.717773 357.740448
1702.182983 647.578857
3113.322266 600.619995
2047.960693 546.917480
1820.468262 448.721313
1065.668823 1027.663452
14720.533203 967.550232
1268.064819 845.792358
4011.997559 726.852173
337.680359 126.938286
5210.529297 320.219086
2503.410156 691.382385
237.253265 1270.019287
116.683838 256.068604
318.048096 50.765686
7.479766 4.153799
1663.424316 37.232113
597.426392 90.564308
1023.732056 162.467743
1717.679077 247.300171
1582.381836 312.511200
6049.157227 832.142700
1266.293701 493.361572
2817.150391 227.433044
193.791656 94.477798
1775.017456 300.118011
1375.149536 464.573242
1808.541382 731.525269
1252.336548 1094.538086
3463.858398 19.422215
7794.955566 36.101597
15959.719727 110.376602
1147.300781 196.734833
2163.908691 27.465462
1691.426636 172.271606
2420.944824 470.582428
670.314270 922.110535
5673.465820 926.884216
1485.186035 471.637634
1988.159058 171.446808
1728.263428 26.885075
216.206024 133.679047
860.658508 179.649017
1163.750854 287.177216
1502.282593 468.837250
2911.324219 502.095032
1868.117310 309.014526
1438.411987 190.989243
100.392479 137.043304
1770.652832 373.572083
1080.365234 418.115997
1471.038574 503.012939
262.659943 619.197083
3819.741211 706.124207
3914.580078 552.057373
6194.369629 438.281128
754.158447 378.257599
2759.657715 1370.822510
206.966995 2305.625732
6822.703125 3396.496338
5953.130859 4561.808594
8518.338867 781.269104
111.231041 270.508331
3009.313721 257.307617
737.164490 659.226990
2164.384766 541.758850
979.125183 400.161438
3008.732422 586.861694
4781.458008 1276.572388
2159.905273 3236.236816
13361.810547 2127.831543
890.493958 1368.255859
1768.104492 870.011353
119.323044 154.362442
894.556824 165.576828
4006.554688 200.945068
877.981079 251.417572
4749.561035 250.233307
2074.222412 224.652725
2626.218506 194.055420
2347.136230 166.764481
228.526688 182.799347
2876.818359 190.230576
426.460876 222.092224
8709.318359 249.097031
2507.926270 286.323975
124.970390 293.256470
2135.333984 258.035004
549.037842 210.458191
1764.190186 901.662415
1316.997192 1184.665771
13635.888672 1489.391113
1754.762573 1650.730103
2876.628174 806.120300
3729.228760 821.098694
8795.727539 762.537720
204.959030 758.069763
2559.660889 1098.964111
3921.527832 1348.244019
2996.875977 1569.963745
12824.346680 1830.460815
5825.595215 1979.588623
6732.463867 1216.505859
2329.984863 866.658447
701.227600 883.214905
2233.939941 316.864899
7051.142578 270.309204
5150.766113 370.945221
10403.721680 676.914307
21568.023438 628.679016
109.082619 534.136841
626.073486 483.719086
3077.254395 411.639008
5863.886719 109.120270
2423.226562 144.753845
9422.006836 222.890518
3419.591797 293.506561
2054.701660 295.742828
1886.954590 279.672241
3640.613770 210.762909
703.429932 137.633820
2115.142090 201.625122
2986.500977 305.701660
4376.226562 450.847809
1305.283203 624.669128
2120.844727 117.601364
621.362549 87.216324
2313.762695 96.606171
610.100708 134.638260
285.394531 282.795349
28.897051 587.330017
318.988647 1015.537659
14711.303711 1570.066162
25626.396484 443.330261
3822.785889 119.244957
8148.557617 18.571815
5034.868164 88.799225
2630.906982 103.666992
1083.501953 67.870567
1351.858398 179.706360
75.155876 489.909393
8091.380859 1057.755615
4240.483398 685.304688
4520.779785 418.077179
5405.973633 228.995316
168.552811 102.504753
1626.390137 176.490311
890.536377 260.847870
6209.946289 351.489960
1700.572632 68.180557
2810.480469 17.576975
2684.500244 12.360214
1087.774048 44.569340
2699.045410 614.879089
1733.536743 895.635864
929.200378 1271.336670
12339.534180 1673.479614
4596.104980 410.156586
1180.323364 364.696106
1353.252686 373.888184
1137.398560 447.638855
143.555527 326.673096
177.641846 304.305939
909.632935 316.632416
1737.236938 430.198792
7046.584961 1216.489014
4625.506348 769.488098
0.008939 497.593079
461.368011 373.774689
1001.683228 847.181335
1272.059570 1082.008423
3491.465332 1328.677246
18724.996094 1521.072266
1446.000610 234.648773
19903.359375 363.746826
866.191589 501.518890
1383.347778 655.552002
767.190552 551.839294
83.126709 638.580078
228.975906 804.420349
5827.918457 1081.433105
24832.894531 1277.504883
13454.754883 866.033875
7965.484375 626.252258
808.660583 537.343506
700.854553 775.409790
50.402519 938.940918
1638.989746 1220.404297
1129.718018 1581.126343
8801.494141 627.656433
1305.731934 646.853027
4619.384277 675.763550
1610.772461 705.810303
1458.619385 78.450951
2397.709229 53.222092
84.385048 86.123978
68.509178 179.826080
11857.523438 815.577454
8719.886719 551.026123
3012.693848 325.984436
5975.779785 167.034393
35.326672 104.640152
1351.105713 106.381233
6452.758789 114.772240
10706.268555 127.723251
969.245056 66.459152
2869.165527 88.198357
1407.148560 101.595993
427.497284 105.424828
1546.074707 308.405151
1664.836792 519.085571
3004.074707 816.743225
1991.796021 1135.899902
7491.172363 271.134674
11889.888672 217.473816
1106.764038 187.113968
1161.781128 204.840271
1032.264038 28.786884
1506.595215 9.279602
2500.223633 6.750593
12335.674805 38.367176
4255.907227 559.514160
1902.769775 332.572815
699.240723 167.672150
1714.970581 73.134583
2379.352783 124.686264
1930.314697 256.736877
2398.506104 413.336151
3670.966797 542.490112
35270.996094 128.255478
16761.613281 83.244293
5706.099609 46.956524
1959.728271 53.069859
1040.397827 139.007278
1485.878662 147.880157
227.384796 147.586304
5116.521484 185.377869
7935.129883 342.528870
2916.948242 165.796432
6810.273438 101.228394
884.458923 111.447166
334.413940 48.345055
1168.442139 23.845686
2589.730225 14.804806
2264.520020 34.467621
3672.227295 40.894199
12954.858398 57.810600
4605.367188 71.788277
231.577454 68.830414
1060.386963 311.340240
740.050781 358.527100
3498.760010 402.863281
4816.447266 447.455750
208.183075 28.984125
6907.630859 95.357086
2026.691040 177.225281
122.051666 252.268280
1211.781738 104.023758
1126.213745 27.818972
3266.677490 15.671113
2971.509277 119.135109
1760.914673 487.502655
1372.751709 356.582123
2369.650635 270.246826
923.324585 191.935043
2803.870605 277.346252
461.499573 458.943481
2032.057739 797.816711
2213.881592 1247.807007
5739.469238 36.199966
3019.580322 110.767410
1156.727173 173.800385
867.305847 210.271164
800.699402 79.571854
1557.965454 31.188293
700.648743 5.359697
923.530090 9.359344
1223.979248 1115.867432
1038.055420 718.710388
1410.366699 392.921082
96.521973 184.757217
660.712219 221.550537
9682.365234 311.446472
3149.405762 437.159424
10568.868164 597.256409
4138.057617 11.772676
3094.006348 30.679554
1756.022827 85.804588
191.787872 151.049896
299.719391 23.805098
447.348724 51.230221
959.564209 116.668922
8268.932617 194.678589
22051.265625 483.801514
3190.597656 316.803040
1134.431519 161.956558
6836.522461 58.316246
2483.772949 82.971329
2179.791992 85.292191
2114.544434 86.636650
2173.955566 94.625099
1884.192017 96.564308
2265.325684 75.746628
1240.853027 71.605835
6670.760742 76.947159
547.784302 142.222763
1528.287476 213.776520
1552.196533 333.927246
7744.338379 485.530853
6749.706055 49.842155
781.831787 68.921501
187.813477 90.071808
251.587646 108.925377
2062.638428 57.979111
1221.772461 148.262466
2059.380615 255.521454
6040.759277 367.444336
5265.942383 255.588226
2855.786377 103.908066
366.508301 17.916969
5250.367676 6.688904
2429.093506 35.640686
676.194885 97.946442
61.920395 269.979828
10765.762695 572.400391
8753.883789 229.839691
14441.106445 109.563766
2413.322998 57.238464
767.895996 33.979725
3876.650391 645.812134
2527.499512 777.841187
6908.698730 943.903320
9011.435547 1050.724609
8491.392578 600.019226
1400.284302 646.431274
1056.311523 622.349976
159.337570 599.434692
2304.813477 13.731589
33.888840 44.847820
1931.119629 167.953384
3123.096436 437.954895
9854.885742 867.378906
15450.296875 430.341156
2404.231201 168.180588
4269.188965 47.160103
362.455902 55.264030
836.004028 139.533844
715.550049 250.747314
2972.684082 376.045776
10019.209961 571.278076
4723.068848 294.336792
968.666748 106.309174
399.912842 31.747849
759.498291 41.244862
4.702191 82.954262
1710.025391 165.604675
1777.455078 282.918640
9502.203125 93.495071
3725.115234 59.892971
3044.309570 40.382530
1254.484009 31.628759
1209.377075 131.909912
7264.604980 339.770752
1140.287964 754.033936
8119.016602 1402.549805
3392.741455 213.392761
3124.185059 32.202957
992.964233 3.866682
756.916504 41.779900
348.650421 62.619308
1334.644165 18.580460
2474.927490 0.946035
1921.367310 12.726042
5418.806641 1086.260254
7298.027832 698.869324
4210.559082 376.411102
2176.820312 167.651794
1941.953125 57.797325
7627.300781 38.865715
15395.940430 25.913694
5978.724609 19.043831
28441.238281 111.471756
8301.439453 111.292900
9113.899414 99.505661
2882.616211 79.773743
921.330811 30.549166
1911.944946 41.049835
441.872040 55.563133
498.859192 69.334351
24463.707031 75.264267
1515.052490 54.552654
3707.650879 37.287014
5552.894531 28.641050
3203.174316 12.258828
476.786102 36.927280
3062.329102 98.183441
7458.395020 186.719971
30462.203125 44.388424
16623.152344 39.708344
10042.755859 29.658379
16083.136719 15.750249
38.648941 93.217064
6.256517 150.997574
1377.505371 221.032425
7031.509766 304.425964
5429.357422 27.900536
3969.392578 0.683280
6116.997070 10.964417
2740.695068 45.412151
2001.249756 355.879639
2698.506836 544.354004
5856.593262 878.655945
2250.111328 1305.986450
1482.701538 401.064026
1264.811523 348.230042
828.676636 310.999146
951.942322 296.943726
112.507225 146.947937
1207.968506 184.038559
352.400238 223.648300
3242.946777 259.920227
6478.940430 538.270691
4885.309570 340.241577
1347.402710 200.892258
3715.606934 141.263763
300.776672 215.303253
135.984573 351.345978
2577.239014 549.057007
451.376923 785.817383
2894.233398 0.264544
7033.274414 20.706163
7287.511719 68.686371
382.729706 129.420349
231.184006 183.502518
1097.130859 266.642853
227.457794 387.695221
1042.769531 556.468628
7151.762695 885.992737
72.070717 500.055206
2471.745850 256.316803
48.225521 163.646393
35.753227 255.782928
1183.583984 234.681229
62.384209 222.438110
11938.388672 208.037292
4197.348633 344.867432
5266.521484 350.653381
4876.057129 326.599274
221.397079 289.247559
1886.521118 30.546991
2978.308105 54.242340
1144.691895 89.729088
4002.554688 132.522034
10648.303711 35.866741
19381.458984 22.327923
3027.258789 16.641695
1095.676025 18.756445
120.674644 626.772705
2077.635742 934.567810
3195.307373 1257.601196
3401.715088 1543.486694
1536.352417 40.036385
8585.808594 61.703289
61.831516 175.724121
1491.278320 367.947662
641.850342 158.735901
2293.307861 278.369385
946.619629 666.343567
1350.234741 1400.653809
4681.666016 1505.374023
1087.897949 824.662659
546.954407 419.718536
1500.772705 215.129700
15.929374 532.006531
118.848007 641.949707
2261.284180 812.008728
10594.712891 1017.231079
3258.111816 506.423035
7275.764648 474.925171
2081.961670 465.791199
94.128151 479.473816
1516.994995 244.315247
337.151794 184.729187
2188.584229 148.928925
1147.238892 129.832062
3773.384521 1585.130737
3531.122314 1090.898682
1245.080933 664.920227
1842.808960 384.579041
223.747314 276.151276
2594.049072 426.157074
1969.648926 550.806885
288.070251 621.652832
126.465355 41.839397
7158.842773 16.137056
3008.318848 46.846596
848.864075 138.763657
219.994934 261.459167
5650.654785 279.840851
441.947296 277.540375
9541.995117 254.861618
6832.045898 433.665375
7043.409668 327.583740
225.781845 261.351532
717.698364 245.098190
2040.692627 102.379158
909.323730 110.622650
725.359985 78.453033
1251.524658 29.935249
17926.111328 669.637207
480.621246 354.611603
7261.033203 159.034042
5940.880859 93.511894
4375.395020 114.545387
279.022949 135.062027
752.047729 190.935043
823.288452 311.447449
9168.624023 9.710325
5290.927246 7.629267
7487.482910 49.654907
1605.445190 91.599991
330.655487 71.170845
404.028900 53.177170
2458.307129 46.144066
79.070137 39.508934
12897.776367 221.326385
10916.740234 197.842072
319.357208 153.291061
1724.938354 106.089096
1510.807129 98.020401
2041.946899 186.161316
73.572884 283.984192
5169.533691 369.939117
1250.594482 53.907013
275.352173 19.643005
6272.221191 11.363884
1191.369995 36.987446
1556.568359 86.053131
1322.163330 49.880527
2061.355469 12.011687
8684.390625 3.005419
1185.396362 291.783813
7543.972656 191.766800
1623.282959 136.717575
639.452637 110.223221
317.716461 106.548935
3001.795898 87.106537
375.838501 58.987457
691.233337 61.845490
12516.381836 26.143555
878.948730 14.430038
3946.244141 50.025902
4547.703613 92.139053
3946.145264 319.989441
3510.131348 281.629974
3168.242188 356.325867
7495.567383 582.257385
31219.808594 161.514877
1575.687866 274.316376
5523.560547 367.304138
1784.082275 376.769714
2857.674072 250.148911
279.864807 190.923706
73.027847 184.018143
862.220947 233.067749
865.589111 219.115433
8396.060547 318.527649
692.060913 355.637482
307.738678 322.210968
190.921066 415.210205
3555.103027 483.645447
3649.954590 629.026184
2598.244385 810.137512
7579.435547 265.271545
5625.533203 366.235809
8376.749023 409.887268
418.015991 408.662384
1768.241699 10.637894
5116.858398 79.783348
11553.597656 225.016953
3874.951416 448.495117
6436.142578 345.951324
6199.508789 167.369263
218.401840 56.240654
287.175171 5.216940
1664.954346 206.618088
5827.352539 244.295929
2595.733398 283.007751
8009.314453 290.757172
10630.575195 339.716278
11302.432617 293.133881
1805.039917 235.014481
2646.391113 200.309204
3959.216797 25.299078
3235.479492 16.766779
5461.704590 31.560322
5966.531250 65.461365
9288.281250 527.413269
3026.441162 338.418335
14264.575195 178.453400
6362.674805 73.837593
3152.574951 15.658453
837.660339 29.062119
5380.856445 51.487591
1558.511841 81.780991
5074.821777 28.169456
9139.231445 15.547876
456.186310 9.911362
3295.523193 9.857861
1060.056030 27.263992
219.952576 22.289217
4488.857422 23.157887
762.939941 28.759409
8670.910156 141.498978
2108.708496 102.226227
15904.011719 66.678955
1810.074707 41.247250
879.479431 73.091751
2118.602539 130.347122
6313.661621 217.131699
2566.635254 341.301636
9369.879883 54.755161
1238.925781 6.864103
1976.564941 6.550534
2561.748291 32.793804
2574.883301 208.200333
35.951805 196.435989
3725.016113 185.537918
1894.752563 163.069412
5830.926270 268.906342
5007.427734 274.914886
1014.832275 255.978256
1876.554932 229.075104
1008.134766 118.636162
1626.481201 219.096573
2146.147461 373.731293
267.591888 575.576660
10108.041992 146.625641
10960.595703 70.342834
3875.708740 47.195244
3966.303711 64.128845
243.035599 22.409298
1134.770386 21.706827
2809.223145 38.373173
284.628235 80.418770
1251.259521 214.351227
2912.474121 129.097595
2110.875000 70.657745
88.604637 37.380936
802.275696 92.602707
6481.473145 218.281677
2177.332031 403.532837
6224.256348 626.674805
15597.154297 67.674072
5279.650879 13.932173
3707.112305 1.068688
6225.154297 24.520315
2805.896729 196.338364
615.386475 385.619568
2886.365234 675.497375
16220.138672 1072.728882
6297.364746 170.570847
3796.119873 28.910166
1663.712036 14.044673
3636.375244 77.348701
126.193031 197.800461
2218.170410 329.646454
170.104904 571.490662
1633.436768 898.462524
1631.089722 788.499023
12.028349 494.742615
2168.775146 286.790161
3425.327148 184.352554
1434.823486 65.410294
4480.216309 157.051010
1029.639771 310.943542
2163.538086 528.235229
1489.610352 134.823944
4299.748047 41.686214
82.612602 10.002030
3132.365967 20.018965
232.827286 277.568573
19.672689 465.712311
720.989258 751.302734
8178.071777 1145.330078
440.478729 472.985107
12363.996094 228.223206
5180.922852 140.190094
819.881348 167.819183
145.048157 325.348816
840.661560 496.749573
2297.193848 734.016846
2196.167236 981.755249
254.311813 725.508789
5408.033691 495.793121
42.366745 326.840118
975.701416 263.644714
276.385193 275.393616
981.011230 237.363617
3865.516846 157.662628
510.529724 60.137981
14848.007812 611.191223
4364.333496 444.758759
2149.279297 337.109894
1731.168457 292.919708
3022.112305 196.587921
2157.430664 271.063019
6799.793945 425.546997
2896.544922 724.070190
363.873413 105.565186
8815.794922 11.503420
2088.255127 50.815399
317.662842 129.967056
223.254562 170.497040
687.859741 100.512482
31.541697 51.286060
1202.823120 21.151165
3038.332520 447.874207
2735.444580 415.427917
10248.764648 345.043243
1056.801758 256.596497
971.011047 66.366890
1270.177979 173.962982
2636.995361 344.282990
6932.385742 554.867737
1882.144165 34.890629
6046.180664 5.975972
5972.048828 0.336368
520.248413 15.359941
26.528902 64.103058
826.432922 188.992828
10314.423828 406.476501
6673.647949 739.957275
19791.566406 386.882263
6222.718750 131.177155
5327.012695 17.329374
709.872375 6.157628
579.117920 413.153931
403.473846 374.039612
2168.246094 320.296112
3282.866699 235.955444
14803.700195 672.952393
10778.425781 618.191406
4948.832520 535.972900
987.545044 462.964172
200.017990 13.605361
3921.772949 22.500189
3028.754150 67.557083
5783.542969 182.024490
6448.824219 455.835571
596.039856 223.027496
1172.545288 87.180428
2801.019775 28.868042
850.968628 544.664429
1965.772949 686.721252
91.500565 847.751099
1129.032104 991.365356
7290.053223 124.499443
2821.809082 225.102417
563.522522 328.082855
768.190491 429.636261
226.258682 46.638058
316.636597 142.697815
388.940735 339.770050
274.110931 668.509338
5342.215332 761.961792
1959.643066 359.735840
851.288391 125.733147
5655.476562 34.921505
298.815643 157.229050
1690.418457 213.531189
2558.445068 279.544464
3045.495605 338.172729
6838.738281 457.913574
3898.475342 300.650574
2349.159912 186.514526
2680.705078 139.927612
110.417747 683.643372
732.692383 1016.801392
6712.466797 1515.497559
6410.947266 2127.802246
5838.379883 331.058258
2820.149170 308.408569
2527.625732 371.913666
2307.870605 487.911743
2477.509277 7.730614
1382.328125 90.172928
1517.284058 293.934448
7534.003906 633.654053
3115.632568 918.297302
11800.479492 482.242340
3223.441650 188.891434
2727.409668 37.244850
1954.144165 53.326260
171.594513 159.117233
5027.693359 332.277863
3182.406250 574.540039
13024.215820 251.987091
14141.878906 89.912979
12451.298828 13.069778
2384.729004 5.062038
488.397827 184.613174
4064.739746 183.843582
1436.404053 207.712936
7756.520508 262.405670
14995.108398 687.833069
3363.271729 474.647217
5740.869141 314.271851
3434.749023 221.304428
436.463531 333.562897
4868.988281 447.659668
2489.781006 537.159668
3170.238281 571.695374
13256.881836 85.826035
2481.022217 107.102203
8423.744141 151.018707
2463.302490 227.631805
2005.997437 65.359032
3187.559326 37.959850
333.134552 60.736168
12455.904297 177.751572
4693.892090 507.480682
1655.633789 303.789795
2680.888184 181.708557
1084.026855 112.291672
3323.736328 257.261169
1741.261475 371.005310
617.899780 499.647125
13625.076172 638.803101
6914.204102 6.992764
6440.032227 11.253731
798.632507 68.824524
1434.905029 155.739578
1979.105347 945.084839
1020.384644 988.661438
2174.732910 1026.332275
1415.966919 1007.311646
16167.010742 1119.672363
4574.363770 1074.433838
5607.198730 996.687439
218.235077 943.320251
1088.389526 477.936096
78.471039 655.622742
69.980576 898.529053
3024.803223 1219.731689
6102.940430 648.781250
6299.425781 404.257996
6067.232910 320.123230
7654.203125 359.128754
1604.267334 358.053223
487.811768 528.287598
4343.734375 732.481812
6020.526855 895.237427
5734.052246 643.866943
1255.658936 478.333527
1941.532715 337.479889
153.051514 287.061066
4168.794434 15.352504
1207.857910 86.894836
1124.492432 273.180603
1701.620117 600.965149
3593.611328 222.786499
4326.750000 80.342628
11596.169922 23.384573
223.329865 5.468052
350.970581 371.294861
1789.701538 389.186157
14071.708008 407.022888
1680.579834 352.245056
12075.701172 1136.186523
6410.498047 899.406738
2881.666016 630.118347
7833.631836 439.162262
291.098602 95.220825
637.671082 186.393265
2835.347900 284.240295
9779.250000 423.910339
11674.763672 534.307861
363.616913 196.862244
1378.155396 35.461472
2948.035889 24.632641
1718.004639 350.786469
146.328217 309.204865
190.363037 261.250732
4813.691895 205.907150
9137.561523 404.801270
4909.935547 423.073425
2128.074707 413.858093
7347.925781 386.875732
2250.022705 600.008179
762.769226 820.356323
1060.817383 1110.107178
16323.694336 1444.951538
11991.072266 253.676712
8200.276367 249.474670
721.340759 321.642700
244.524323 439.391602
29.263021 67.748795
2954.432861 226.928772
1189.182007 507.845917
213.145401 899.038757
18650.003906 487.640533
2832.270264 224.822693
5744.687500 71.439789
148.482635 19.537846
4684.895996 285.028931
226.624252 377.594543
4981.262695 518.271545
4605.633789 726.502075
5349.512695 1024.650757
2876.226074 603.362427
82.494576 348.705078
244.701508 258.589020
2622.943115 1021.441895
306.647308 1079.320801
3881.655029 1034.357788
1001.254272 871.847046
11788.859375 573.306335
2365.865479 671.966797
14436.341797 781.282349
1338.566162 906.161987
166.400711 1188.060425
3352.307617 1681.695068
3805.543457 2500.593506
1515.987427 3706.897461
17617.472656 1145.446533
8610.434570 731.002380
1270.732300 704.825867
133.295181 884.089844
3494.055908 934.432617
208.335236 986.400391
2901.338135 1185.065796
6565.187500 1430.485474
8475.004883 2270.255127
18663.376953 1875.610840
16595.263672 1436.875732
863.543274 1090.540771
394.820404 53.680649
2898.661133 158.865326
2830.403320 359.827515
2681.188232 667.592102
14556.625000 206.285034
5092.755859 66.241234
8609.505859 12.554299
397.411865 11.778030
1139.570923 0.395668
2217.726807 22.745222
99.723328 65.763351
2050.780029 119.169914
4033.376709 508.860962
1558.968506 292.671326
147.834488 121.452652
2804.060547 25.002382
886.874207 15.262410
2192.447021 4.416335
1806.798828 27.034702
9420.527344 98.929634
11579.272461 87.184937
1341.954590 61.455669
2388.686768 50.110504
4700.364746 35.621033
1763.036133 133.833328
70.676659 183.410461
1662.117310 262.055420
1555.421143 359.718689
1517.046875 31.454311
1012.072571 55.854908
1134.509033 82.497841
229.951080 105.403709
290.932434 115.722290
2469.977539 88.112457
6832.127930 63.344872
1844.304199 43.517101
1496.468384 403.362518
649.852234 305.975403
402.724976 218.305283
1719.296997 155.372314
487.051056 355.949127
253.978027 592.061646
3859.342773 874.766357
1075.824951 1174.677490
2057.172363 49.455753
597.744080 6.538260
1692.498169 55.751728
3496.968262 175.949982
5596.108398 658.937195
5837.591797 825.559448
7532.011719 966.528503
22605.923828 1053.269287
5337.122070 1216.214233
537.504822 829.897400
1457.316895 593.748291
2549.180176 550.831360
4723.601562 42.969296
1985.232422 46.403725
900.265930 213.525970
811.355774 610.055359
11246.250000 388.282440
18209.662109 224.111511
1382.761230 155.038910
906.824097 100.418022
3833.847656 61.129261
3463.562988 73.508354
831.069214 119.025528
14238.342773 212.454590
4287.874512 320.561768
15210.416016 190.582718
11658.636719 111.046432
4034.237793 72.358215
1185.306885 320.028137
2648.629883 301.182556
4534.525391 283.493469
461.459137 258.084229
6208.018066 453.686829
11404.089844 430.092438
182.770203 389.305267
1276.074097 349.104279
2816.718506 251.168991
5737.691406 507.240356
616.907715 887.900574
8223.302734 1408.519775
2306.992188 384.856903
6581.760742 103.908333
1006.603088 26.262791
919.944763 90.419121
37.063599 42.204510
806.472046 1.054822
6555.828613 28.876352
7780.786133 126.295776
10675.573242 839.182678
5041.756836 574.707153
622.231628 335.837219
2891.127686 154.076492
124.705238 75.428886
1710.704834 189.532730
1433.173828 352.330170
779.700500 548.879639
15286.769531 149.854980
12997.848633 48.520710
3045.519531 4.160349
1187.274170 13.684566
1541.478149 467.631378
1960.116943 817.531799
2321.296875 1279.262939
194.981934 1774.773682
1154.088379 606.955688
4080.920898 364.156219
3910.687988 244.392319
702.531372 273.653107
1514.398315 930.830383
1424.858154 980.553467
6477.084473 1001.776733
5383.770508 1032.309814
349.629639 1353.290039
9423.762695 1042.638550
703.155640 889.593994
867.365173 876.414795
292.347839 821.994873
835.178955 1270.697876
6115.230957 2017.597778
2064.818359 3013.804932
1062.552246 259.370239
6156.861816 276.274078
3151.218262 410.839417
55.432632 577.760437
905.323547 53.051376
1363.379517 364.053955
564.450378 930.683655
3715.367920 1709.900879
68.657028 1920.652588
410.355408 995.487000
623.003113 349.124207
1094.819092 36.742580
446.146912 34.324444
3418.589355 15.576993
1350.205200 77.962555
9.171385 292.672119
4874.815430 989.911438
5974.802246 529.444458
5652.796387 245.851135
1091.003662 101.617607
199.138306 142.270294
67.318634 129.083740
57.611099 140.458466
2223.823730 172.642654
3517.808594 462.885193
1658.679565 357.432251
1089.553345 259.188385
634.284546 185.130524
1255.534668 48.778271
2077.672363 68.566284
1062.528931 82.696754
1221.654419 96.305679
248.458588 298.287933
147.216919 158.098465
286.332794 69.940117
4171.614258 39.947113
931.386230 149.929245
2717.473389 169.415009
6282.715820 213.333496
12159.024414 293.825714
20973.683594 45.909489
1197.871582 65.264572
1042.432007 102.238747
755.453125 132.375900
9277.588867 88.667557
557.862793 185.137878
1550.645386 317.307861
6684.928711 464.468567
14472.918945 69.549355
87.108528 29.018681
4159.012695 16.293079
2470.062012 33.897099
1075.318481 98.117599
585.489746 61.883408
578.518555 15.963914
6158.834473 8.293068
5465.602051 530.183533
3193.143311 300.392609
2000.030029 171.126724
311.678741 121.122185
425.556732 150.638245
129.422333 163.219376
1272.121704 200.288864
605.708801 299.930695
5741.409180 9.889240
10671.882812 11.814101
3533.355713 66.644409
86.552094 122.305237
2160.346436 541.205200
3224.343262 609.583374
8988.066406 711.220947
1523.571289 806.919250
6473.435059 312.165863
935.330566 419.747711
2464.903564 480.265381
168.751144 508.230743
945.285461 341.154785
41.462612 322.613892
4849.108398 256.530487
2254.125244 148.944275
4793.529297 652.019897
3945.830322 500.514435
4955.025391 392.306335
858.647888 347.890381
999.129395 217.382263
2604.653320 388.290344
3906.808594 687.933655
2581.824219 1127.820923
3434.911377 58.673531
862.888733 2.339316
500.010132 43.100677
2673.941406 117.625542
855.011536 294.216888
1341.901855 353.435486
4886.326172 431.163422
1062.181763 474.645447
7280.981445 1284.723755
2151.330322 886.136230
2390.154053 538.906555
2794.593994 336.819672
212.488327 994.448486
9106.110352 1362.361938
2170.555664 1749.759644
20601.212891 2095.553955
3133.672852 202.881683
8421.724609 266.215088
3454.220215 432.961548
4396.070801 679.844727
1370.009521 897.949585
5034.790527 1354.013184
7331.623047 2090.086914
21748.964844 3157.477783
161.615753 1415.761719
8631.555664 789.336792
1312.840088 574.785645
2489.724365 641.407471
1677.125488 987.714600
3981.612549 1049.524414
3093.601074 1309.686890
10024.751953 1703.359863
41668.277344 2390.262695
28300.093750 1930.427246
6190.675781 1483.934570
4772.526367 1143.992065
5791.040039 143.325302
3505.421387 77.475327
1916.094482 55.724892
4275.178711 83.188766
848.818054 629.246643
10402.203125 504.553009
13.446222 370.163177
1547.274536 244.733490
1814.453857 75.389999
1276.346680 50.619328
2613.118408 26.955767
1009.532532 33.142212
4032.856445 66.203705
17.877649 51.806923
3661.952393 65.599586
2880.365234 80.341606
667.473877 844.873962
1651.941040 1162.089722
4998.759277 1638.365234
1364.793945 2203.052246
22090.791016 162.864914
2293.927246 325.461060
8912.414062 497.927887
2935.038086 652.147949
381.741638 248.266205
155.924362 232.709503
503.916809 317.591003
2586.430176 492.927673
15173.671875 1747.794556
757.455017 1186.168823
1335.570679 713.224915
140.497528 398.025024
274.205780 63.895306
278.683350 88.507545
981.980896 116.897781
2061.286621 140.616180
140.044327 14.260981
5837.004883 25.285913
2606.230225 35.224728
851.425659 46.691963
877.464355 471.419281
1799.095947 598.323669
5008.483887 725.535950
5869.906738 809.493225
13668.800781 283.830811
937.337463 300.256500
4308.036621 324.570862
2669.162842 377.268372
1025.698120 118.163307
387.924408 105.502548
2049.393311 171.544434
15169.017578 376.185089
22601.619141 699.349426
2936.874268 411.133179
618.304016 248.010468
1717.640381 164.864426
1222.032104 497.326447
44.047813 676.591553
6211.952637 968.630859
2048.652588 1295.124756
17055.363281 188.347305
6997.918457 320.115265
5469.334961 391.453461
2286.986084 425.360992
1111.733032 274.402557
575.642456 250.118683
4152.453125 239.986877
1805.500000 238.328888
2465.172607 879.573425
1903.412354 659.571472
477.650818 467.043762
924.957275 338.521667
162.230453 214.257553
9055.613281 404.752930
3375.309082 634.809143
19172.712891 899.167053
13348.846680 665.880676
3022.094971 300.458984
3888.592773 111.500183
2654.326660 98.006973
1344.314819 312.699066
272.679657 277.409027
2424.801758 242.194244
2552.615967 222.082642
7334.632324 401.970337
5475.677734 376.842041
4583.996094 358.247437
1822.156616 339.350616
16.261902 56.577606
429.981567 40.773148
597.713501 21.711821
1396.465820 6.167436
7064.182129 127.163261
12680.439453 100.720879
2682.936279 81.513481
4255.359863 68.593353
429.177368 265.607178
640.872192 453.650543
592.185059 752.573242
1783.443481 1122.070312
2073.096191 3.534938
863.057251 45.130165
235.752502 104.100471
3941.914307 166.265015
825.611694 168.704300
1459.318726 360.656219
3521.282715 587.255493
26374.363281 856.114624
2469.740234 536.703613
4642.087891 183.078903
2763.373291 22.376621
433.204102 36.952034
1448.786621 285.193604
577.659424 453.528015
5625.205566 772.865234
1383.234131 1250.916992
41066.847656 472.681122
11129.951172 287.433624
7993.713379 218.323120
29.795290 219.542999
1330.949707 36.705452
4351.885254 21.941071
2432.198242 75.670708
9150.831055 205.965515
2505.615723 760.428345
6102.268555 488.063965
1088.072266 268.007263
7744.346191 117.508781
1742.176025 0.294191
1295.596313 0.796673
6775.774414 6.871343
12821.788086 25.091623
4384.594727 112.286911
18492.582031 56.043106
546.062195 20.995602
2879.907959 4.981815
320.684204 187.757019
597.307861 267.149231
991.104614 341.046265
198.848648 393.956360
666.962830 1.435427
6679.852539 19.987049
2603.461426 58.609749
7343.570801 115.665207
286.128143 5.942276
543.619202 70.912132
1072.571411 246.994156
3330.638916 555.652954
3374.430664 321.157806
1688.134399 145.135071
2050.622559 52.425480
216.660919 8.871700
313.303192 59.985134
303.376678 134.559860
3442.604980 259.881073
480.191742 458.360535
7542.174805 274.160065
446.548218 96.406738
1516.290039 21.588070
268.250458 19.603596
1163.735229 396.197327
8183.120605 417.500153
731.979309 475.070740
6210.106445 519.869446
3192.278320 783.883606
3834.504395 690.648804
125.787827 557.329529
188.040588 444.497803
934.430603 280.505493
179.977722 372.500610
4486.584473 478.527985
1507.809570 594.424622
9196.116211 353.389496
1177.502075 239.564987
1305.755615 195.124084
2559.259521 214.854141
2377.084717 32.557133
398.778015 5.468336
4641.379883 6.423377
6434.235352 39.865700
6960.311523 278.664093
1207.023438 209.239990
13320.666992 141.176910
6482.699219 80.247910
288.010071 125.884964
809.411926 214.797699
2078.215576 345.004852
1665.860107 503.409149
3147.981445 35.054016
10247.740234 24.777779
204.231461 40.117397
1789.424683 72.011902
1474.257202 113.692932
2246.361328 267.653687
712.302307 508.395203
1386.780151 851.452148
227.167953 337.917664
903.963196 103.456924
2833.906006 12.636977
1641.725220 27.098972
1917.228271 252.386993
48.693634 254.827988
3143.742920 288.507141
249.972473 326.482483
18982.343750 818.688538
2609.371338 630.385193
4602.565430 444.706970
395.494385 311.736206
41668.277344 41668.277344
41668.277344 41668.277344
0.000000 0.000000
0.000000 0.000000
0.000000 0.000000
0.000000 0.000000
0.000000 0.000000
0.000000 0.000000
