405.738373 318.569092
2037.470825 378.315216
4204.541016 406.959564
10404.822266 387.885498
8250.139648 169.865417
2966.223633 180.102325
2233.054199 205.240417
588.750244 253.708588
2643.655518 374.225464
1289.068848 436.808350
6895.261719 549.573914
1719.615845 681.574280
11212.991211 491.323303
10332.942383 451.523224
15503.835938 403.632202
905.294373 368.721344
2430.746826 47.375626
891.145874 46.309181
3269.284424 97.564713
5329.454102 167.957199
2574.285156 233.938828
4694.556641 235.595093
469.046021 180.521057
11363.199219 102.483116
884.650391 284.174988
160.370499 313.900757
4156.910156 420.989746
4792.251465 549.885742
6295.471680 406.634064
77.231613 452.866760
165.235382 413.608398
724.629761 334.088501
999.437012 334.557129
1364.531372 268.330872
744.910706 272.622009
9556.724609 381.454865
3331.120117 223.150391
2026.883911 327.398804
1545.887817 401.576569
407.216919 399.713501
268.929443 66.050278
2565.884766 62.853706
903.539917 44.025658
4835.521973 19.675552
13195.815430 11.800795
207.143555 14.048147
8333.519531 30.906879
981.745972 52.567406
273.821716 38.114952
4394.452148 46.828636
7185.753906 48.728458
5729.476562 43.082863
111.026474 1.261692
1288.998047 5.397744
3763.406982 13.847960
738.997009 25.768175
1121.776978 147.558716
237.647522 197.020233
8259.601562 258.105927
16809.496094 289.590179
10754.646484 380.637878
17943.275391 298.745361
1148.923340 205.484314
1738.821533 146.978989
2635.104248 123.000580
1823.885254 81.028267
1014.687622 102.102478
2339.292236 192.687881
34386.332031 101.145889
14691.290039 180.057373
29509.011719 212.669968
9263.993164 184.345596
5315.433594 17.268833
4828.989258 2.285934
684.782593 14.160128
5797.763184 57.066994
4774.770508 23.790878
2270.827637 45.272263
1604.122559 53.411907
765.945740 40.987312
387.071594 73.065643
534.209534 126.062271
372.990601 166.859131
2394.572510 176.906418
5647.602051 29.840042
782.913879 15.100035
4690.618164 10.810200
1483.075195 29.962418
2168.191650 85.758453
1127.851929 108.181007
774.327637 188.600586
9326.091797 278.184509
2154.917725 389.357819
18214.925781 343.302124
2079.179199 242.465286
1839.883301 138.788147
797.790161 4.858193
1651.956543 35.740719
1360.445312 76.963783
3759.582031 102.655106
2387.140625 127.654900
4484.291016 88.319702
3243.751465 38.297382
550.791077 4.799844
1733.011841 311.276123
1186.965332 346.045319
306.015869 465.342285
4820.440430 583.801270
7181.492676 688.310730
1808.986816 669.600830
3791.730713 541.675171
2167.741699 391.212952
1308.214233 403.322327
501.682800 340.424957
79.478996 355.439911
4169.448242 486.493988
37709.425781 174.085602
2607.997803 323.655304
9163.532227 438.375763
98.373207 460.369019
6572.363281 5.560510
797.133240 0.045577
1800.772949 12.957161
3063.188965 53.099205
3039.850586 0.212840
6468.180176 4.900774
3233.494141 13.471066
240.598999 13.849352
2883.343262 40.174046
139.741028 35.177780
2078.741699 51.418968
5151.598145 91.531036
11932.912109 69.726227
11595.801758 69.985947
2412.971680 66.532417
7292.206543 54.785370
303.973877 122.147476
949.027344 130.562561
226.166656 161.508759
6396.098633 193.804413
2781.137451 192.456039
3184.468506 198.990021
3297.978027 175.359360
5126.664551 141.631836
320.848694 82.008224
916.771973 74.481445
3129.103760 73.387543
553.507935 90.850342
27815.935547 77.093346
1007.464600 71.758881
2503.259277 78.524635
1764.426636 84.403183
1480.954346 7.893267
2123.593018 5.406070
708.316040 4.637566
1820.217407 5.428234
652.808044 34.159405
3718.036133 26.601517
99.824860 18.858044
2134.458984 12.384385
2093.691650 40.709663
3945.349121 39.951611
4486.053711 45.490265
7949.231934 62.832157
5595.599121 5.077738
2747.120850 16.239002
1397.492188 30.486561
749.177673 39.301620
620.706116 98.451797
127.167931 120.531204
1389.966187 136.517822
2714.658203 132.495605
10848.414062 198.911774
13779.768555 150.534012
279.851196 108.269989
2010.048828 90.036278
250.071350 98.582863
609.056030 112.534142
503.530884 129.862183
4987.507812 135.978043
18673.589844 135.978043
4987.507812 129.862183
503.530884 112.534142
609.056030 98.582863
1611.372559 54.621567
2290.897461 44.901413
5147.477539 30.929750
4756.308105 35.113995
73277.625000 47.452999
5430.380371 23.279964
6641.107910 30.528355
723.487427 47.814297
8128.791504 101.426575
40.697254 122.030685
4027.592041 155.597702
3444.361572 189.933258
4980.581055 67.806198
9653.449219 87.132324
9569.699219 94.217865
4958.827637 95.068298
753.442688 141.124268
1906.707764 124.726028
158.969421 149.466248
1830.538940 214.089615
1558.442505 169.274734
1962.647949 199.408035
8296.187500 203.065720
556.350769 177.179657
353.165680 3.119864
2487.201904 1.530424
4827.633789 0.256029
5010.626953 1.117105
2503.043945 3.017430
13980.580078 2.057204
993.151184 2.831178
1689.542969 3.595108
841.143127 77.519325
841.948853 71.754646
585.148254 69.958641
51.433800 72.277565
10335.527344 77.053925
17525.734375 85.315353
1459.325806 87.798363
1640.740234 84.252106
1186.196899 92.844795
343.764740 113.631897
1668.396606 132.191483
153.412735 133.800186
1002.504944 141.820557
3447.705078 120.560486
5937.508789 96.435005
155.710663 85.014839
332.299377 117.830910
968.962158 135.562378
354.803925 190.410110
750.596863 265.230835
1812.297119 107.129517
4145.125000 140.878067
251.956879 145.679443
771.156372 129.595947
1554.318359 69.690018
320.447357 41.567719
134.535339 42.064590
4089.226562 85.753174
11354.968750 67.564606
6356.487305 91.303268
3039.675781 107.534248
2659.975586 99.138412
5053.375000 73.415649
2105.094238 141.415527
40.875675 220.608887
4439.997070 275.076996
29260.347656 98.189507
3853.246582 78.576561
9577.353516 50.565754
2787.293213 42.283726
2415.147217 148.478790
2524.790771 150.826080
4099.312012 197.179474
9647.982422 264.162079
869.614197 279.428986
1086.982422 281.567261
5764.704590 243.749405
3727.489258 188.052795
1010.970215 19.000881
1539.074951 1.697545
2543.347900 16.407253
20745.601562 62.007301
5668.044434 46.013561
918.935730 72.249275
300.840912 74.501717
931.071533 51.311249
921.458801 2.078776
45.172661 3.409327
1841.476196 12.300984
400.305206 23.958467
13303.120117 26.552973
10079.520508 26.310062
1376.896484 18.809322
1509.979126 8.634287
564.368591 65.843842
1061.755737 98.828201
2479.130859 174.232605
156.599136 250.086563
4325.419922 224.059052
15583.441406 210.425690
367.773987 152.804932
629.662048 90.459961
573.592468 53.837929
586.898560 36.404591
2436.980469 60.105064
590.468628 116.932693
18529.945312 129.420746
17928.707031 150.650482
36.902100 137.796036
5255.289062 97.212906
3327.677002 9.591574
186.960968 2.870017
698.716431 10.607513
163.344116 25.824131
6467.210449 66.461700
2331.950684 67.935555
1245.701416 52.874817
192.819305 29.374313
1826.004150 23.879284
109.150803 17.853464
1153.294800 34.019924
3147.215576 63.443859
76.540260 73.669113
4102.812500 84.894714
2246.851074 73.431274
2149.955322 47.497559
1066.268188 2.806081
239.870300 2.760973
575.799622 14.523633
1184.270996 36.187496
13921.400391 10.059288
1281.935059 16.591774
7528.177734 16.528278
449.692932 9.994274
552.948181 27.947828
2426.667480 11.901306
3352.505371 9.153089
2752.277832 20.926849
4944.254883 50.788013
4456.922852 63.307812
1508.068115 62.834969
791.647522 48.636227
1135.624146 20.344055
1382.172363 32.588291
3842.188721 35.708828
4283.993164 28.961456
352.178223 34.748322
1359.613159 11.673326
760.675476 1.727621
577.072144 6.694469
2107.218750 61.360962
2596.263184 62.607517
3924.989990 76.343697
3745.139160 92.639114
3563.423340 86.706268
2453.857178 96.990631
300.439087 89.534424
2007.966797 73.311897
359.385376 22.526594
44.107521 29.648140
1788.102905 51.630238
2048.172363 89.703644
6201.948730 1.650608
19455.625000 9.652761
629.094238 18.307320
3217.491699 21.719398
169.216736 113.375923
1187.864990 138.732590
262.639435 197.453751
73.724205 282.379822
260.860779 113.454918
4017.974854 116.769287
8476.787109 116.795410
347.978577 111.749107
3744.496094 83.066910
326.173737 68.369362
111.256828 66.640999
2992.044434 74.047585
6434.755859 184.543671
21635.794922 169.291718
4899.464355 141.549026
5481.011719 109.636627
316.536377 15.466341
1438.476318 9.592622
9881.007812 4.812220
8751.738281 1.860706
1206.166626 20.548489
3802.990234 23.978479
1636.369995 24.098755
566.089661 20.883228
61.462585 3.451656
1975.775757 7.697237
3148.700195 17.399405
2649.084229 32.882309
21536.433594 32.590996
9490.971680 18.059847
11212.525391 8.602580
339.851105 3.857758
1171.040161 55.213348
2151.325684 66.559387
909.424072 89.201019
856.311218 130.242798
5271.865234 1.407784
3110.053711 8.041795
4956.199707 26.681393
2898.587402 43.937328
206.775452 52.011795
970.539429 45.136662
46.097900 54.802986
2344.591064 76.804192
7429.212402 174.504059
11754.414062 144.516373
4512.543945 108.603493
689.755737 74.967743
2628.765381 127.759247
2506.659424 146.588562
2816.639160 175.307007
1052.877930 198.455048
1275.755737 104.406181
3684.755615 124.530899
2243.728516 127.468452
3002.847900 123.859207
116.368134 34.174770
488.195190 33.863426
2231.352051 36.279659
4431.800293 44.026451
946.932922 100.373352
24108.625000 69.457397
1578.294678 48.570293
2371.332275 37.921066
2205.637695 67.230705
2086.671875 101.640045
4919.738281 126.081566
6594.085938 131.028854
17338.017578 46.925949
9905.573242 28.896072
8105.786133 23.464382
2419.629883 37.263195
3258.092041 308.458435
1193.889282 364.634949
3104.474609 425.614197
7422.507812 445.749390
22031.878906 426.833435
775.198730 390.703217
1132.086548 331.655640
495.554199 295.043213
54.345425 260.372101
2713.124512 231.068817
756.035095 217.050797
2132.118408 258.654327
25498.507812 141.012344
6001.639648 168.958786
3703.273438 225.343506
2813.901367 263.380432
1984.798096 304.408203
148.537720 326.555603
2711.021484 314.899933
9188.365234 267.051300
11673.071289 156.529541
742.030029 182.101410
4587.479980 217.825226
444.494019 262.426880
426.084137 312.490204
362.101837 439.947327
424.752747 570.170837
1806.976685 652.500305
9878.892578 425.221558
1775.000366 323.365936
3064.804688 247.356598
1255.069580 239.600830
1971.828857 295.541718
244.080658 281.910583
58.262051 333.396271
681.571106 412.943573
4294.710938 541.482178
229.336761 543.856140
5592.563965 474.437622
5356.220703 373.011841
290.919128 299.601013
193.544540 234.514572
5491.404297 205.913589
1620.146240 234.935501
14776.497070 172.364334
2521.901855 283.317627
10886.242188 352.946381
1137.725220 353.866821
395.740143 154.793594
1384.271118 157.385254
2401.669434 126.898804
725.907104 91.846130
10318.636719 57.897602
6161.467773 33.911289
1961.181152 62.417229
1054.107666 115.205063
2260.282227 124.416039
898.205322 193.981415
785.344482 256.139618
338.124512 271.976288
626.998718 214.420212
2408.355225 159.110062
8837.549805 104.480461
1423.293701 88.299561
486.456543 193.835419
302.214081 216.433945
4109.507812 284.445007
651.939453 359.858734
19443.640625 345.409058
4337.011719 341.045044
3623.341553 289.462860
3681.676758 226.171097
2643.793945 324.898071
741.411194 240.972198
3680.238770 201.182938
3361.028320 251.891495
5347.344727 122.363136
15371.778320 250.545990
687.258423 355.356293
2890.987549 380.534058
1170.265869 160.791550
8167.067383 259.729706
3394.071289 343.919769
10678.003906 356.408173
9653.154297 322.895294
26372.150391 229.597412
11098.566406 139.406662
11007.741211 110.190147
519.259521 193.126587
875.425110 165.204773
5349.734375 202.508194
2392.984619 293.447113
6987.001953 297.266357
10784.750977 336.300323
3934.480713 321.367554
2705.371338 260.652008
466.486450 125.703812
2038.970215 82.413208
1686.049805 56.339344
4384.177734 77.118805
17610.031250 17.748558
13019.225586 73.291519
2983.029053 128.149338
4389.873047 148.303406
2529.489990 43.504364
225.129349 57.818958
1085.748047 83.425377
3459.802979 102.012833
4371.248047 153.570389
874.653381 125.850052
12274.818359 85.509712
155.525330 53.103317
2315.757568 228.004852
1005.257080 247.373291
405.494995 361.235107
2873.903320 569.912170
4682.695312 127.079834
2199.071777 203.147247
2973.125244 252.883957
2640.791504 251.061584
4786.746582 11.719432
266.833649 2.024229
1404.412842 8.959740
9167.466797 47.434624
8810.779297 70.172180
485.293518 41.018074
4588.437988 29.981852
4382.781250 22.779150
2127.701660 40.014458
736.004456 23.912842
2168.177734 23.767893
31.667736 38.380825
28547.908203 255.569824
6636.940918 189.887024
2798.677246 125.702393
4015.109131 74.008362
1432.210571 34.058029
191.263168 43.170296
379.290894 54.948666
4844.539551 67.376465
676.030518 17.242836
4624.340332 19.619396
1297.452148 23.231792
523.776245 27.753588
513.228882 35.568768
1089.734009 60.481709
1623.514893 85.388275
2661.551025 105.058823
16733.662109 20.923157
1833.677979 9.289651
265.147491 7.193900
325.694366 16.392817
1999.165527 203.781967
111.052650 251.931534
1326.602783 315.745789
9527.690430 342.668915
10135.259766 422.422119
1535.357422 368.189056
1914.100342 279.215973
4764.535156 211.888809
1441.337891 389.895630
91.239243 414.239624
93.824265 520.331421
1756.184204 708.739807
3246.739014 205.836090
1101.378418 305.161316
840.903137 378.460907
569.306274 397.855103
629.309814 109.302017
2221.578125 53.544456
331.242218 25.267975
1669.187256 49.897293
3362.753418 182.315369
8754.120117 184.869339
6918.857910 184.397903
810.407715 159.852753
1492.076782 109.784134
1605.158447 168.909042
40.251160 215.569550
2069.407227 237.058487
5499.063477 39.352215
3323.355469 20.668491
956.763123 24.722248
2723.986084 56.499813
4106.701172 297.415436
398.820953 319.994965
891.484192 389.630188
2122.606689 452.303894
17136.373047 622.416016
12939.750000 568.882935
14708.054688 457.686707
313.655914 349.171692
1701.755493 77.084206
1049.782471 57.963512
88.274399 82.972816
147.664352 145.694168
2139.780762 108.999985
219.664734 150.130981
800.014099 153.090561
1510.673340 120.038673
1809.870605 23.728947
354.121643 13.223261
1801.910522 24.299206
4249.464355 49.262905
25638.951172 78.327507
8885.741211 89.887085
4572.133301 77.988617
3769.453613 50.451183
967.419067 36.613243
1743.743652 69.770393
149.543488 137.211212
3102.452637 201.165955
11577.476562 175.923218
10775.445312 159.146729
4927.024414 106.588982
5153.084473 53.753899
1496.850830 153.109344
36.634380 150.423386
4506.093750 186.503876
964.140747 237.366302
677.023621 259.552002
12165.470703 275.607086
4443.474609 245.909286
1870.630127 193.471420
736.805481 303.393951
2923.154297 249.902420
7739.619141 248.653427
3045.854248 341.626740
7961.150879 80.420479
34.528950 196.915848
776.668152 302.118652
624.186218 338.222870
591.630371 107.519402
73.916489 129.366241
3755.595459 122.893982
5634.876953 84.769440
13871.466797 187.981781
37839.250000 119.436028
2703.853516 80.540024
8281.109375 81.533943
2070.584229 43.614918
1116.871094 85.080734
1317.541138 181.656586
1946.218750 306.663818
4253.936035 76.490189
3172.591309 91.472916
935.740356 78.492599
1204.930786 51.501175
1123.982788 62.457283
1183.872437 53.902458
3845.280762 89.733398
4119.112305 141.797668
36256.289062 254.442215
3406.747314 249.266327
381.977112 193.247864
1690.658203 117.612564
1296.786133 120.440422
2883.102539 91.275185
155.219116 127.108780
1138.164429 223.037537
19558.933594 132.210175
3223.551758 201.996307
1158.032715 218.988770
3698.842285 180.049118
131.150177 107.910126
516.459778 90.233017
2142.761719 116.675140
836.078308 214.237762
4070.833740 55.053558
5696.757812 79.065247
4447.681152 114.882652
318.456909 126.026260
1112.960327 1.318559
20.092327 2.659552
294.445953 19.878788
3028.267578 63.974899
11879.096680 21.397205
131.373047 2.987827
53.548683 1.194679
293.690735 2.670631
992.708923 40.342384
158.819366 49.334908
5422.996582 62.404961
5525.895020 84.447342
10906.910156 48.555225
9176.911133 30.174332
876.302612 26.877165
1196.649658 32.281063
1626.364990 406.300903
157.951813 611.502502
12094.496094 875.961548
10202.294922 1103.582153
3270.958008 422.958588
3977.065186 384.037659
1496.889282 326.320038
1250.187866 314.427094
123.210152 433.116425
420.232269 310.935059
3297.006836 336.673462
5512.980469 531.872314
1928.697754 681.238342
9975.638672 751.498230
7684.458984 735.497375
2962.265381 610.212524
608.816162 54.593082
5099.697266 48.854046
1347.998535 40.643650
3744.185791 31.114435
12988.966797 47.583652
369.327667 53.455677
6465.945312 56.826706
1052.051636 57.280952
1960.088623 46.379757
1867.724976 18.981277
2162.802734 18.839436
12360.077148 36.911575
7443.750488 164.411835
3270.420898 171.521912
615.941895 143.805344
2137.504639 94.546066
297.846527 176.706573
568.326782 261.738312
5124.757324 331.165253
4085.674805 334.157776
16595.687500 339.707642
15084.018555 250.554718
3774.622314 164.245636
2682.151855 134.180038
1182.461670 472.616669
72.708694 473.250122
12078.928711 508.700470
8844.063477 570.470154
1631.129395 563.697998
40161.906250 556.443298
277.210052 532.502869
2657.354492 498.621399
324.250641 252.481628
3064.919678 197.566818
9718.402344 161.826309
1681.318604 182.349716
265.173584 97.305023
1539.049316 174.959106
7398.906250 249.928589
2269.411133 279.151978
244.146942 38.140137
702.126465 53.678829
2338.242188 72.860626
6702.986816 84.218529
35576.500000 58.225800
948.414551 53.206280
11246.255859 41.763969
634.969360 34.187626
2424.609131 26.036987
2421.712891 48.286118
7401.279785 80.169258
7503.480957 114.236229
39889.519531 5.692390
21320.863281 8.230127
1354.420166 10.486826
3494.143555 14.715164
3916.066406 97.747116
2154.176270 164.145508
5610.972168 275.861298
5346.735352 396.817902
11984.092773 152.218750
4104.649902 140.858368
543.087646 110.943596
553.479736 86.097458
2746.012939 101.377518
757.714844 61.021187
1996.019775 106.881813
2601.666504 221.375580
3043.802734 307.222076
2571.730225 336.425018
16827.054688 294.567474
8107.211914 198.623856
203.308578 6.413567
632.028381 35.805687
1494.013306 70.776123
2842.170410 89.430725
507.384369 111.974449
1187.830200 72.766663
777.377563 28.379963
581.646423 2.142032
201.527084 190.895676
1414.707642 210.504669
1779.413330 306.520233
17755.544922 421.385437
2461.266357 414.548218
46.181114 430.132355
2307.487793 359.279358
158.841614 255.715347
286.445587 244.071411
732.575989 166.109879
1613.830200 121.129768
1900.890015 149.677948
3669.610840 160.098846
3140.619141 233.445694
5705.234375 294.077606
165.615036 299.064911
1186.380859 215.577896
137.656052 303.542419
1064.624756 346.966919
4927.347168 326.840637
3315.403320 97.590775
3969.091797 61.056171
1366.886841 65.677963
12760.245117 123.152260
984.433716 219.428406
255.986954 254.001953
2279.952393 325.615234
989.550110 387.864685
1300.308350 563.368225
1060.283447 471.463074
7541.812500 349.952332
2082.903809 252.836319
1874.374023 348.732147
876.399231 302.434875
545.227966 315.459015
570.673340 383.290863
9670.708008 283.327087
8050.716797 400.764252
3767.057861 446.398224
190.716171 415.812225
966.640076 81.332794
1464.433594 74.718086
717.834106 64.884727
298.798126 70.879372
42.379868 50.734337
4826.969727 39.302521
6291.682129 53.275600
1028.082031 72.976723
547.650146 9.160246
3836.723877 12.316134
4.440383 15.286436
7088.262695 15.702018
2912.463623 18.303093
2295.687500 14.630672
292.074036 10.414922
376.201965 8.214588
480.099731 119.502823
2040.739136 148.700470
751.436401 203.957916
7812.701172 263.914185
505.120850 128.330017
17819.859375 141.952728
1225.118286 134.342316
6080.308105 119.605804
2038.681152 27.323433
138.280853 21.336452
2450.760986 22.305187
6590.239258 32.616920
4640.767090 63.090549
16421.806641 54.047085
801.127930 45.566868
1847.507568 36.406181
4050.433838 28.317230
1144.253540 53.558689
3311.896973 94.218712
22209.937500 126.398605
18671.173828 119.480530
4202.865723 99.551338
16429.843750 62.848259
3024.891602 32.667553
145.467697 72.766479
2172.103271 59.591076
182.043686 61.458530
4560.360840 79.203690
35866.078125 102.143372
10287.448242 110.403702
2842.268066 107.380447
394.719360 92.414719
734.554993 33.603832
3087.412354 17.162109
744.717224 5.939234
1602.371094 9.364743
4479.336426 9.404936
3115.691162 25.333820
4350.192383 40.022160
6388.136230 43.512840
344.585236 54.465923
2359.318115 61.199799
2332.328613 76.003571
1793.714111 90.254761
4944.842773 61.440331
3614.242188 69.389404
303.579437 65.890236
2584.420410 57.844238
238.951965 62.778809
3227.361328 32.405079
7667.525391 19.077307
6203.501953 40.971909
1981.279541 63.941544
5796.890625 76.463257
5959.198730 90.138054
150.454529 86.736656
377.539886 76.594322
2296.329346 112.009079
5572.243164 167.315201
9049.794922 230.360428
3998.833008 16.275921
6653.212402 35.449890
808.303650 49.278725
94.972878 59.389484
152.217758 21.444029
349.749969 18.248829
773.198792 21.331089
7.125212 25.035442
25357.525391 239.442841
517.538940 160.677673
2011.440430 89.663979
2502.189941 42.399040
401.181335 73.392487
3109.668945 77.239525
3005.009766 81.314865
10756.525391 91.425804
6027.602539 7.748063
97.283104 23.198118
1629.230469 44.964252
3045.271484 63.305054
309.787781 26.860458
197.668457 46.854507
1618.869507 67.162796
431.759399 76.215607
28109.582031 126.790398
26746.894531 80.762466
6315.596191 40.969917
1576.987549 21.948826
2265.931152 26.231350
2941.619141 30.832699
267.896454 37.574921
386.704041 38.957787
2004.388550 84.075752
8484.635742 67.116936
4414.414062 46.119221
3911.891113 30.753025
906.029663 52.189678
1295.096069 49.789734
1109.466431 73.344452
4291.221191 112.037003
6755.918945 83.173073
3746.082031 103.807877
3394.197754 98.237625
725.150879 74.541153
457.227478 49.530693
1972.260742 51.970684
4826.533691 63.642860
1981.520508 87.558418
341.316833 16.414438
9154.810547 28.685862
1874.816406 41.580235
2249.039062 48.346359
1368.434692 61.358784
1903.635254 48.418640
1279.129883 59.704010
4742.565430 109.722305
963.632568 35.193031
2209.708984 51.035179
412.727783 70.504883
4336.433105 74.412560
3451.052246 119.852997
308.181641 147.570511
3040.316650 176.972122
664.878784 186.461639
675.273438 164.847183
6419.908691 150.999237
13337.120117 126.304283
1428.366333 111.641907
2512.261719 11.460674
2496.720459 18.028162
2943.989990 47.017647
3710.853271 106.282448
1299.658691 55.050945
31841.312500 29.566305
8913.988281 19.654097
4600.851562 14.556640
115.429024 30.837749
1065.353027 46.026520
464.131104 88.139442
1709.705811 135.965424
1882.734863 170.483490
2736.606934 142.358566
7769.258301 95.017181
3501.403076 50.466415
1676.060059 1.927495
4352.565918 3.775972
3840.787354 29.526596
1459.944824 73.568581
5972.584473 21.557453
2870.217285 33.341732
3497.444092 30.825418
4523.659668 16.082096
1478.455444 43.067387
1469.909912 86.920090
3500.823486 184.077545
11887.325195 313.008881
371.052612 83.659340
4560.001953 83.709824
219.931030 67.961739
307.097229 45.552147
338.645966 26.592213
2864.360352 8.339567
69.105507 13.883578
864.867798 29.104794
39239.570312 277.216736
4051.713135 223.239960
2521.421631 147.724472
859.398132 75.442154
3741.948486 23.010851
1898.423950 6.572974
342.439423 0.618068
5097.062988 0.836223
9366.038086 120.167847
4514.567383 107.963249
4543.465820 81.459534
1902.936401 49.908211
652.750549 14.779991
6312.481934 27.913435
1427.584106 32.449448
3153.027588 25.568928
44516.355469 45.789146
22715.990234 18.127396
4828.076172 2.253032
2967.617188 2.711333
3864.177002 3.729242
3403.819580 18.250141
1200.613892 45.038448
2436.150879 68.797928
1463.483643 72.667664
6011.619629 58.387947
721.418823 32.319233
2376.075195 9.648228
7534.839844 17.010305
1143.546509 45.685326
671.487915 71.912903
677.062134 80.591095
4015.889404 74.044823
12056.402344 41.473709
12939.843750 12.617956
3282.091064 2.979618
150.970154 113.547165
1233.676758 160.234268
2633.661377 270.026398
8671.347656 376.435089
3957.669189 417.214081
10682.137695 376.169800
333.764252 267.759399
316.463409 158.260971
2147.283203 94.192848
979.550415 63.762154
170.402405 71.483269
2154.282959 106.552979
27230.585938 180.703751
11630.164062 213.552628
4124.530273 199.196640
6400.514648 149.449158
3390.207520 67.769440
1120.462646 48.876324
1610.135742 71.232635
3076.467529 127.927368
5208.451172 121.028694
3212.447998 151.819031
5958.325195 146.925308
1258.528564 110.600105
1393.944824 167.890274
1687.539551 145.627945
32.093914 126.150635
3511.547607 142.152588
13804.610352 64.870743
2647.123779 83.274185
1816.337280 128.556915
1468.999512 164.096008
788.851685 70.429489
99.774925 86.935875
138.556168 86.396370
2334.287109 66.318619
9255.993164 95.103439
2046.801758 61.379917
1360.108398 44.947441
2519.102051 50.882172
1728.523193 10.942509
804.309082 11.830147
325.404053 23.829361
1115.032959 42.212524
2906.584717 28.727884
4874.588379 33.741703
6996.531738 29.368761
925.951904 19.175644
448.255524 153.672424
481.343964 179.755875
1247.492676 232.874268
6057.179199 294.361328
2911.729492 99.670662
8628.691406 140.131790
2286.161621 154.765900
4358.635254 151.924652
1662.022949 223.406158
3785.531494 208.277496
2007.572510 255.626221
1273.903198 399.184265
5901.150879 207.408722
4180.314453 212.548431
561.293457 240.607193
3980.373047 246.373016
3268.697754 53.027298
706.021362 70.794502
199.149994 93.144150
3195.118164 116.345238
87.866570 36.782455
5395.095703 33.583134
668.178833 35.031586
3902.900635 41.235756
467.917725 90.658554
36.789299 88.241913
3967.108887 94.656761
7914.709961 99.516579
9005.430664 393.830994
1540.614258 286.169434
3538.547607 186.547852
2249.745117 119.542557
1202.884766 68.724915
886.235474 97.183914
3048.729248 117.418640
9349.700195 125.698471
8741.760742 5.082656
2699.694824 3.994573
9.656414 15.683556
3443.603027 39.020107
3836.019531 26.732983
1241.699341 24.525793
5667.841797 18.824024
6078.303223 11.554969
328.406525 84.834869
6399.779297 56.978691
1159.610840 37.762112
9100.612305 29.051462
468.882629 39.789181
1626.726562 47.839890
3634.261719 41.033321
5212.309082 25.321032
30927.365234 122.911179
16881.306641 60.734840
4813.894531 28.769665
1120.320190 26.966692
646.400391 51.777401
381.001160 51.044147
2207.719238 55.633743
3769.777100 71.570801
11491.570312 4.173194
9159.965820 19.139454
3658.796387 37.216133
3990.442871 48.927876
611.936951 17.589096
107.873154 13.373384
1355.810669 10.373358
692.346680 7.405995
7999.876465 42.141323
2091.465576 38.462597
3977.530273 31.447559
1601.179199 23.803928
4583.997070 33.358841
675.874756 53.430500
1524.988892 72.190361
829.955322 83.428055
1665.043945 18.826988
1691.428223 13.031854
2954.755127 11.655771
1542.602539 18.262617
31.505987 25.018032
1243.310547 16.625725
5631.273438 10.767004
256.753510 11.075608
284.865662 67.186104
3894.753418 53.453957
3254.625977 42.651943
2135.806885 33.682827
2780.002686 34.405869
6090.215820 30.862381
2470.964355 19.445765
3566.346436 11.611189
4801.689941 8.398601
1014.245544 1.022992
6581.006348 10.524040
199.863464 25.738213
1733.356934 102.322586
4585.070312 89.308708
11928.942383 110.622353
15282.550781 160.285110
14705.116211 122.432510
1332.762573 156.063171
14261.197266 159.320618
2053.674316 134.442566
5408.908203 75.350052
1248.864746 57.137886
1097.956177 40.803078
1822.234619 38.293201
14934.425781 18.285688
9511.672852 44.498829
3440.952148 70.171478
870.359985 81.934509
3779.268066 98.202209
933.531616 111.957558
2906.225586 155.576035
109.551926 200.804443
878.207397 195.162140
1480.800537 199.733963
8039.411133 166.491592
6611.710938 122.108528
1377.134644 23.671751
37.586060 25.822197
9235.772461 57.453781
6553.847168 113.924019
20757.666016 48.124432
3834.123047 59.122639
40.318886 56.317856
2608.423828 39.963970
3626.503662 55.643955
310.891724 54.451561
1295.305298 45.728397
11064.829102 31.825415
33845.148438 22.852844
12239.991211 30.402405
3150.477783 40.263325
2264.706055 49.911480
3166.205566 6.772083
1453.374756 19.124561
2820.953613 39.452980
4635.434082 52.152596
27603.824219 180.512863
15051.790039 121.143181
147.343262 59.834728
297.819824 18.431038
484.754883 5.725288
3701.970215 4.649490
4165.215332 3.722173
7310.920410 5.066302
1800.029663 36.401711
14581.125000 20.990242
2098.292480 11.433241
1429.960815 7.203884
2903.166992 0.101184
1028.468750 0.987277
2404.528076 1.803981
1898.934326 2.573519
21343.226562 65.350266
1858.453369 36.057106
2868.537842 14.175014
1056.555176 2.888788
2232.996582 30.871805
50.183895 23.629093
2353.848389 34.271072
2628.005615 68.188309
203.511185 8.242045
6203.820312 27.279707
13.156069 41.371651
2542.689697 41.361786
265.012207 38.847660
1010.001831 49.034176
245.794174 46.384220
648.948242 30.844566
18810.722656 51.413628
8520.137695 28.126072
8100.944336 18.579590
275.676880 24.684223
1037.396606 41.765408
1562.959961 52.386269
763.412964 98.936760
2945.037109 165.505051
6564.507812 76.506058
10702.397461 95.426430
6688.114258 86.830688
5985.847656 60.852333
663.090698 9.585065
1968.642578 1.712785
894.088928 4.103539
1173.571533 21.701284
2930.429199 2.618780
2805.628174 11.938541
1259.262085 19.227930
398.276733 18.069283
3760.115723 6.443864
470.094299 39.092640
561.251709 103.438202
2071.890625 172.805756
3390.301514 69.928131
5550.852539 67.724403
210.697220 41.567501
2419.462158 12.318272
1305.629272 42.923615
1768.774414 91.060478
694.387512 184.554153
1798.131348 281.111603
8320.333008 167.279297
7349.657227 154.565140
8191.135254 105.037506
1771.786987 54.295998
2355.718750 129.339157
1328.513916 110.516876
973.786377 184.113174
1245.922119 310.823456
6670.202148 341.854126
15277.006836 383.056946
2872.586182 331.733704
1197.588379 223.798523
1305.785645 16.029480
1391.552979 11.519716
1046.450439 50.271206
952.800964 119.232628
4002.655762 81.842857
6022.419922 102.830818
1032.359863 89.728195
891.846008 51.681442
3197.057373 137.858673
2001.509766 122.974098
1531.569336 182.147141
6.451289 292.749207
16956.167969 239.710373
2197.400879 288.301727
1332.281006 271.186707
2916.392090 204.590988
1534.266357 238.935883
459.730011 203.196289
94.369408 196.108124
2484.766846 232.658875
3625.416504 138.213806
10639.175781 212.068848
2152.510986 262.969391
327.981293 269.258148
1850.872192 76.952675
1284.282593 76.814392
6392.753906 51.829441
2473.963867 17.655521
7212.522461 75.923752
7779.680664 38.009064
5148.667480 35.250217
5490.557617 56.213245
210.351440 80.342239
868.589111 86.824028
4941.278809 114.649559
6516.978027 171.429993
17490.785156 22.578085
3255.756836 40.897865
2588.147705 64.362045
1023.712097 77.551086
1513.075317 35.904366
1709.352539 19.080160
1558.139648 5.878636
1874.672485 0.121380
40203.484375 61.709267
9822.366211 64.247597
3576.809570 61.229897
1373.458862 51.303799
623.427185 14.784395
918.237671 41.083736
1254.451050 80.490967
1932.113647 122.059151
4167.708008 13.085119
1457.008911 10.716394
299.365662 6.024229
803.963867 4.670477
658.684326 40.537941
764.493652 70.411713
2216.087891 114.143845
258.007324 166.345932
9930.944336 89.337936
6973.478027 53.035492
8631.948242 31.715982
2796.871338 27.355661
3847.174072 95.891724
672.854248 67.898659
1951.605591 47.113007
8197.817383 30.751350
11629.939453 191.043304
18115.894531 187.612885
16658.724609 164.135742
2891.699219 130.133820
91.106461 29.001842
719.156372 38.993301
274.831329 41.869892
1478.321411 50.617096
6472.494629 85.690315
4069.333740 26.273033
754.267822 5.389716
188.491898 12.796238
1552.902222 98.488579
478.806824 117.269836
766.423950 142.054031
9667.284180 160.892426
9991.471680 71.919083
14166.422852 85.802788
5635.373047 89.490921
1680.338013 90.597679
541.015747 73.937302
3729.622070 96.880234
1717.978394 136.867859
332.077698 189.737411
11846.972656 126.971970
981.961548 95.987450
1499.334839 75.870155
753.303833 67.757820
3524.764648 70.244827
1264.032715 82.301315
627.291870 101.161583
2279.547607 106.928825
391.832367 231.899750
2391.132812 184.144806
757.510864 126.006111
2782.843506 83.360291
1077.402100 272.732056
1693.318970 297.618622
2159.478516 390.053650
1037.783691 516.523193
3793.857910 248.085754
7292.884277 323.129181
4535.935059 335.055664
3781.197266 301.491089
4476.921387 73.415787
380.946198 63.009907
2534.094971 100.187241
2829.864746 188.261993
1427.452759 88.019760
25863.527344 114.199120
12702.087891 122.997551
3786.836914 104.101616
144.110703 14.792356
115.615005 25.995422
1508.453369 70.183006
2812.425781 132.340973
11211.475586 79.144485
3698.393066 81.552269
2613.749512 62.469460
2734.419922 33.088268
636.326355 108.993584
92.036163 75.769859
822.123657 73.453827
7095.912109 100.000854
34329.699219 200.918335
11765.558594 216.558533
8164.070312 200.821121
984.841797 158.498993
5087.945801 93.537003
98.349907 123.636177
3067.974365 132.050018
5317.990234 116.437317
6570.419434 12.737453
4292.983887 7.615095
1587.703735 21.813789
399.478241 54.232185
826.798950 34.708309
920.205811 39.010067
973.570679 61.258228
1548.949463 94.495590
15802.199219 162.320572
4363.785645 123.470680
10232.272461 82.989471
842.405029 50.609879
457.097809 71.690994
586.652222 92.103989
354.084625 97.333351
3760.294434 93.400864
2527.367188 15.227702
9019.017578 0.287748
9385.401367 11.522499
9582.267578 40.403725
5826.020020 238.673706
2199.873047 244.877289
3011.665771 266.649353
7379.287598 266.065308
10544.818359 524.799194
5080.666992 462.399963
13186.703125 363.607971
2618.105713 278.073395
1018.016602 262.437866
765.524780 256.428223
1.016845 260.398987
1022.772278 293.291962
9434.171875 101.433266
6938.442871 153.493042
2765.374756 213.503555
2927.239746 252.782425
779.106506 188.919647
957.246887 231.025681
5797.635742 257.223389
6017.535645 258.501556
2455.546387 136.969101
3096.159180 120.424400
2162.829102 122.350143
1020.698669 147.475937
458.398895 15.205025
1395.220215 22.347092
4966.567383 43.917084
16916.566406 84.812851
5103.166504 33.715191
7496.202148 18.632370
4306.347168 14.674910
5146.495117 14.263592
2434.403809 73.619537
200.282227 68.787506
1168.800659 77.001129
8351.291992 71.478424
5789.488281 409.053833
10714.952148 317.996368
9039.320312 206.706436
776.401123 117.658569
560.339783 92.565895
3729.551025 91.556770
3601.990723 81.680313
5612.749512 91.858803
21820.082031 22.489475
27715.669922 3.636711
706.513672 29.572819
2447.560547 68.930588
1649.861328 95.778091
5266.593750 100.947159
6616.231445 82.368530
3033.521729 47.245514
2454.176514 104.915894
7709.424316 70.879776
1907.265747 62.392509
1863.111084 76.371353
1758.491943 184.205505
169.709747 218.827866
1957.344360 288.840454
11497.193359 361.088867
517.254333 207.656708
1836.179443 232.963913
6246.007812 219.436829
1217.747437 191.630371
2309.593018 92.035751
1335.050903 88.553406
331.592651 128.649033
2210.991699 213.364807
5251.734375 57.746559
5801.760742 99.155792
14259.219727 121.231316
1314.161865 113.466080
1158.360229 218.101913
1345.000000 175.724258
6358.599121 161.273117
7479.070801 202.135132
9665.820312 164.533585
3372.115479 205.087952
2061.674316 243.709305
708.261475 249.331436
4127.063965 224.556396
1220.119629 248.187439
6992.017090 219.668030
15041.916016 147.766937
6928.834473 109.607155
10180.730469 91.541885
14106.328125 113.596382
36.102528 167.986038
1970.075439 508.738220
3471.155273 612.374084
1431.757690 775.962280
1963.350830 957.349731
4038.720215 515.580688
9689.410156 503.503937
3315.290771 482.514526
6013.729004 473.056244
1643.088867 453.880676
1182.325073 406.603577
2603.251465 425.376892
3450.966309 481.363586
32419.101562 629.919678
1497.937866 685.596924
8949.791016 649.148132
5436.045898 552.101318
2352.587891 84.928474
957.672180 68.889687
179.711578 79.475449
7060.584961 128.721863
10042.107422 19.456297
3487.457520 60.815632
10098.536133 94.250565
1413.951538 101.023132
2170.556641 28.051268
3018.332031 24.112991
3688.591064 25.720634
3134.947998 36.387779
226.035812 39.457256
1389.168579 36.265778
5673.757324 35.221081
151.820221 32.723877
558.456909 19.532692
17.722212 6.589134
6313.040527 7.782243
902.265869 25.561201
13730.083008 35.722530
903.515198 46.417835
1144.600220 47.757515
1503.638916 36.906818
3263.430664 30.472532
317.955017 35.235821
1411.350952 42.505836
1255.421631 53.242455
8076.748047 4.850202
1229.274292 10.861380
5789.564453 18.888897
80.954285 25.643929
57.657883 16.010983
486.880676 10.467941
1328.557983 4.320361
6217.801758 0.454183
1108.864380 82.335396
6575.115723 54.543022
2453.562500 34.210377
521.701111 22.482895
583.791199 105.035072
941.547913 149.004196
112.051376 191.610809
6384.394531 222.694901
13403.602539 25.287365
12921.889648 28.819759
863.001831 42.564251
238.241257 68.101807
2507.945068 267.630829
642.085083 305.137390
3883.076660 339.268372
22598.039062 346.882202
5002.773926 378.186584
6063.121094 325.205444
3313.046143 274.977203
6328.833984 253.093948
419.624420 89.016762
522.212280 68.119865
8441.665039 90.323547
10099.066406 165.821991
25958.906250 77.366501
20594.800781 112.650040
17748.646484 132.805252
707.746094 121.189194
4345.459473 2.781672
591.959106 6.414840
3078.611572 13.211857
1402.851074 24.616217
31235.617188 54.531246
4466.757812 27.797598
5253.147949 10.650367
9577.749023 3.221790
168.545822 47.025684
265.491119 30.638893
4648.383789 21.762300
2588.261963 16.840712
3442.883789 179.175873
5438.568359 148.891647
4977.703125 110.218506
3369.954102 73.950638
1118.620972 141.488525
3302.551514 175.388489
1576.495728 222.936401
3859.063965 295.792633
7784.163086 30.512123
618.939331 32.426186
5931.505371 65.677513
3692.506836 106.304840
496.094482 25.062134
152.803314 19.794596
682.028809 30.982113
985.453125 57.010452
6738.638184 138.963577
11703.235352 106.902145
7127.060059 73.817986
3144.959961 44.658859
3680.435547 26.331072
151.550476 58.126480
226.870163 95.144669
1012.145020 123.495148
12379.480469 74.192924
19869.710938 44.738167
6236.508301 20.042728
9395.533203 12.121038
493.930328 194.773605
2208.240723 290.974365
869.227905 392.228088
525.535706 447.720642
6208.367188 389.565002
1420.871826 286.493866
2441.784180 191.465576
580.481750 154.346161
1132.031860 334.779755
2213.637451 328.690887
8435.127930 352.695221
9340.340820 362.214935
4495.880371 690.703613
7254.679199 629.551025
1190.751953 512.849731
5134.120117 399.289917
425.648560 394.624664
133.945068 371.380585
628.864014 461.194244
285.662537 653.914246
13036.707031 241.427612
10079.294922 411.773193
3219.169678 491.916168
1971.639648 466.133728
1360.992676 175.138947
1824.469971 185.686264
1650.054810 260.092102
4526.926758 419.262238
11544.186523 123.294846
13989.392578 137.870636
3205.750244 169.831528
179.431290 182.078308
258.302185 46.321964
3941.197754 15.686888
2265.037109 6.713754
7703.677734 47.494061
9996.988281 66.218613
684.223145 57.958359
3155.774902 68.016098
2718.619141 68.135162
161.614273 26.867184
612.647156 19.070904
146.986893 14.418687
679.159668 13.386566
5740.376953 62.946457
4013.822754 56.517796
1393.123413 47.243710
1112.961426 36.768349
194.225830 16.783066
1389.681885 28.897980
6453.321777 40.043633
3090.518066 42.427948
5479.541992 101.532433
160.720139 63.723412
64.638916 31.205700
1394.420410 15.025076
1519.023926 67.631599
32.274956 54.603409
6357.230469 55.818504
4708.147949 73.805603
3014.354492 41.432400
349.444336 70.529610
1186.864136 85.991608
177.410965 82.750710
313.766937 9.901567
821.184387 20.210957
1561.509277 44.025356
3682.371094 77.055672
16804.839844 4.872409
2170.632324 10.539248
20446.005859 12.006140
2384.383301 9.713298
741.347290 44.603733
3299.348389 29.723684
4291.495117 15.810699
11518.276367 14.457497
5594.435547 89.961182
3183.616211 68.313087
4916.223633 58.920177
451.051178 53.737885
311.768860 56.381477
2673.958496 53.433300
943.146118 50.034081
439.811584 57.685513
1008.208069 0.133446
6097.447754 9.346016
3912.120850 30.389891
2416.596680 49.077141
1298.998779 145.965363
626.376709 152.647018
3937.140869 162.253265
5667.982422 166.563751
1655.045898 120.032616
5186.770020 138.778717
3686.507324 145.130249
2177.114990 144.878204
1646.231567 87.977142
399.090027 83.690826
2096.555664 68.133286
4823.828125 43.413883
16574.230469 131.478195
12469.159180 107.475830
7190.158691 91.918617
1205.030396 87.434181
1830.896973 109.279251
712.202209 129.543045
578.522217 158.992264
2837.854248 205.085434
1872.780029 6.837282
13495.237305 23.447386
3789.401855 55.606571
1369.162109 86.476967
2845.386475 142.242508
721.047546 169.852158
5501.527344 182.681168
3565.350586 163.053009
1056.365112 387.270447
11327.907227 271.408813
3014.039062 177.305176
2573.074463 135.009140
3269.959229 308.058563
2802.283691 366.048065
6846.419434 432.291412
19996.552734 470.757690
15098.713867 240.178879
9247.964844 269.773438
2123.280273 274.311371
1951.142456 279.048004
2776.354004 506.791809
1084.812134 527.976379
3102.247803 631.167480
2374.195801 804.269165
22805.962891 434.961243
4874.542969 508.933533
6979.984863 543.903442
3296.008789 530.933044
4306.497070 552.465942
1592.795654 478.706696
2653.721191 458.129700
382.081085 505.829437
34699.863281 519.818726
24206.931641 617.734131
21525.705078 660.908020
21528.175781 630.805603
2653.447754 73.365295
338.630829 72.464706
9585.285156 61.499702
433.312164 50.947456
5122.411133 55.573780
9265.500000 42.158993
6693.312012 47.645054
3366.735352 62.388916
1186.616089 26.227337
3726.274902 15.218947
1980.026855 5.837263
1036.228516 7.819756
10433.517578 19.687111
600.104065 19.749004
7418.978516 26.483919
553.935425 30.557350
4682.514160 239.826782
644.640137 292.546570
2630.779297 376.342163
3692.770020 457.963043
13911.288086 181.948792
4986.877441 221.227646
10303.179688 229.241196
2663.464355 225.262985
298.069916 160.701843
886.292725 135.633896
707.995850 162.185150
1550.352295 228.614716
28133.087891 350.162537
2063.352051 341.790100
2852.846924 294.795837
2354.532959 224.033005
3162.437988 12.763476
543.512329 23.389072
654.631226 28.259861
517.092590 24.194592
11821.131836 27.363304
762.450073 11.616867
1721.980713 2.383538
2059.347168 3.508738
2657.947266 128.754379
5.688481 126.737038
3070.713867 150.299652
3762.853027 179.876205
1809.768555 194.457016
1550.442017 213.131790
1233.423096 194.531158
229.206558 157.465698
239.712570 117.899872
1463.098145 99.989120
2202.808350 85.667679
2861.214355 104.095650
7303.549805 77.004692
5466.383789 69.891624
8150.913086 93.125145
194.245560 116.188400
1399.739868 109.105484
5434.879883 149.568497
174.160416 215.174469
4466.371094 277.887695
297.344116 104.526245
13435.161133 122.066933
14328.950195 114.900711
3159.662109 102.166458
65.605705 36.236439
622.241089 23.825254
2623.036865 12.808348
4532.377930 8.607223
8314.215820 80.596634
17426.804688 66.694557
2310.097168 56.177673
2071.457520 46.902843
146.168106 90.701134
1832.211426 160.848862
3853.875732 229.904861
14308.388672 266.477356
6686.821289 268.346893
12747.975586 166.197586
2522.238770 84.890465
569.693970 57.682442
1383.636230 114.693268
1270.512451 74.362976
2195.484619 64.720207
3139.034424 82.231209
35405.371094 174.481491
2601.587402 213.728851
12849.467773 210.135986
262.605469 169.251602
1939.051270 9.390248
3248.394287 14.593551
766.053955 11.008880
75.740341 3.190277
6019.489258 73.648727
9662.951172 28.245722
1449.341309 4.378853
8099.017578 1.673318
1163.790161 37.920795
4193.008789 74.519272
6176.615234 159.313553
4189.181641 256.118439
2328.227295 133.022736
3976.829102 137.142319
863.847717 101.734070
185.976135 55.464703
1663.226929 74.502983
1061.717651 96.915291
1612.577515 164.206879
8231.677734 250.921906
4970.138184 139.382248
2754.502441 152.834503
834.317444 131.858185
1174.816528 94.858017
1070.653442 187.698944
228.472382 152.648941
2420.452637 197.418839
1878.569336 315.366364
18929.966797 201.596405
20363.578125 287.704132
19519.296875 308.472198
5109.106934 260.565247
119.503166 83.513008
3044.974609 53.462593
2302.432617 41.910439
960.211914 67.912453
6511.038574 56.013412
22240.902344 80.061386
3282.189697 103.623489
1841.846191 105.815399
2460.672119 10.509630
252.593338 2.939302
5348.912598 0.205430
720.715271 6.764675
11431.443359 6.735942
22059.982422 12.064645
8811.943359 16.940659
5597.581543 16.581196
1582.167480 25.234722
1545.641235 48.820328
521.834595 72.914680
522.124756 87.158531
15365.253906 16.014467
18865.236328 11.748283
648.807434 7.513834
8910.910156 10.646870
497.454163 21.191555
1588.088623 31.155439
409.815094 75.519203
2221.462891 148.895691
4254.079102 55.921520
2185.047607 58.189758
705.908020 51.022499
1632.239868 34.144073
999.422913 12.708358
1578.681885 32.103470
167.449081 57.107075
364.298065 82.807014
921.385376 63.398243
480.409485 31.897041
5033.287109 10.780794
24.472155 4.369846
612.619812 132.697052
1008.389709 121.042953
544.910889 134.508133
5801.586426 147.225861
4244.221680 362.850830
1698.589844 329.962952
434.035583 258.114349
1310.732910 182.060181
366.220154 141.249496
1261.417114 136.003784
957.960938 134.797058
22.340839 147.093948
28117.531250 46.436562
9617.875000 80.499451
9518.270508 115.594940
766.112122 137.099167
4896.403320 20.675667
146.975571 19.624147
4013.230225 16.251474
2651.153564 18.726782
5426.720215 30.630550
12120.498047 13.316824
2134.173096 11.001665
1480.399414 16.381863
372.281128 15.891735
71.193588 28.757271
992.861877 55.465816
17.339970 91.147141
9488.078125 8.346663
19928.244141 13.519549
2330.829102 15.176044
3749.546875 13.868069
770.631714 61.434849
1548.911621 84.563004
978.073059 127.643089
2082.953369 187.444016
7808.664551 58.939240
721.452576 52.011063
776.875427 51.061642
3918.142090 52.907974
64.471802 128.852539
354.302979 111.471329
1428.193115 102.063293
241.893707 98.927948
18509.347656 225.087433
4962.677734 208.774124
4910.336914 182.649460
1977.905273 153.823456
1480.023926 111.539642
1496.106201 135.689362
2154.135986 175.381424
22033.906250 223.885605
3615.216309 138.499008
10920.331055 120.728302
26.797621 108.240532
1173.695923 103.624451
897.044312 217.061203
1630.532104 291.972534
14.065504 462.375336
14030.448242 708.700989
70314.835938 172.754822
4937.505371 197.645767
6043.220703 212.059753
2622.555664 207.428802
3528.276123 22.940149
120.481079 37.937458
1577.009888 75.864098
537.449219 160.471649
18829.808594 97.448952
24016.132812 25.085564
3274.019775 5.363296
363.223694 11.759129
3115.408447 157.497742
2949.743408 169.907303
2609.802979 217.513107
4963.914062 343.601196
5459.379883 39.398125
2772.078369 29.559378
10457.049805 80.086632
1196.697754 132.753967
1176.225098 158.875687
1031.112427 196.490829
3112.583984 220.337891
4052.843994 254.460419
22539.542969 212.648361
10770.987305 104.411255
1200.171143 77.873444
882.780090 109.401108
3868.481201 1.153712
1072.248535 0.576786
703.886414 2.799929
5657.848145 3.595265
4665.632812 107.474030
12800.515625 70.183533
7640.633789 35.024990
3637.485352 11.240406
123.800201 6.458061
1029.559570 16.803976
5105.235352 28.749155
19458.705078 36.706177
7109.827148 32.376163
11223.285156 19.923153
4170.706543 8.270248
7927.202148 2.960391
2825.966797 112.920143
1752.024414 120.549889
5669.577637 200.645508
52.293678 362.479492
22705.835938 23.972105
3444.239746 80.765160
4618.734863 125.899704
605.921265 131.038193
4098.109863 33.497101
0.504269 44.012119
2489.351074 47.925671
455.537231 57.055840
48808.640625 132.485580
55772.390625 56.296791
7363.174805 21.184322
4769.164062 20.079811
611.851135 37.951080
1592.372070 36.225849
940.642029 25.599691
3611.836670 19.323996
35806.550781 16.981300
8921.741211 2.119639
1938.629883 9.544899
754.295654 26.493010
1062.410034 53.994301
2436.780273 75.537476
2514.621826 109.293472
51.445938 137.540527
857.908325 86.936325
315.228821 84.654411
2881.890381 68.412926
3095.143555 53.267254
81.739220 94.067902
254.910889 80.498863
1752.556152 112.179474
6488.441895 228.893372
23434.939453 4.290903
4214.311523 20.606503
11032.051758 69.856552
7039.166016 99.936493
3745.135498 67.973999
142.003723 96.075966
156.325378 150.277206
1060.981201 224.477051
13365.771484 72.866753
625.949707 65.464134
3422.697754 61.762062
2770.825684 60.173244
2989.633301 206.744370
1496.029419 208.635681
3492.118408 274.478638
78.675156 470.388916
1362.013062 23.821529
869.452332 33.552792
15433.715820 118.051506
2480.273438 188.313873
2935.586182 147.165527
224.960754 155.908875
524.716431 148.819016
12785.900391 159.148239
11383.383789 346.466980
10640.629883 189.879822
7697.584961 123.132210
1027.518555 124.212929
1235.491455 9.636063
78.437134 11.904110
3349.884033 10.328525
26772.148438 7.647870
35807.886719 47.767010
2342.189453 22.400593
8278.207031 8.750608
2476.399170 6.396459
361.465546 35.802406
1778.435913 49.717430
517.108398 84.693649
3133.283691 144.319778
8459.412109 1.970385
45249.839844 8.247795
6846.776367 21.258331
941.098755 30.107742
947.224121 76.419319
1479.210815 87.771111
514.175354 87.352188
1032.863281 94.249939
9912.377930 32.968513
6093.794434 3.359352
12148.389648 15.263099
3577.041992 47.843903
404.779297 41.168446
6.916940 66.265388
985.734375 109.246155
3574.852295 163.438034
17475.966797 39.303452
2680.365479 34.261364
6095.782715 31.632782
542.158508 31.947182
653.310486 12.186921
1153.282837 14.428066
33.094997 21.905071
2938.225586 35.119183
21552.210938 41.900261
3157.570312 28.824352
2249.586182 19.650017
1188.653564 14.134389
4220.737305 27.710579
2566.908691 43.251530
2943.608643 51.661846
364.313416 46.010357
7773.895508 59.726765
1102.625977 36.365871
7774.359863 19.262014
484.103271 16.669868
1247.863770 102.875397
727.486816 124.167297
344.008057 132.477661
948.092041 129.973343
20174.957031 28.265505
6761.565430 27.547022
21303.132812 44.488125
1646.970459 73.077690
1611.372559 47.814297
723.487427 30.528355
6641.107910 23.279964
5430.380371 47.452999
8426.563477 35.113995
4756.308105 30.929750
5147.477539 44.901413
2290.897461 54.621567
833.733887 56.774811
430.327454 67.337173
11618.969727 80.882973
3017.239258 86.905876
7999.191895 86.905876
3017.239258 80.882973
11618.969727 67.337173
430.327454 56.774811
626.128479 64.293579
3070.593750 75.016571
311.179291 103.669617
6044.461914 141.881165
172401.125000 63.480118
2845.821045 75.769447
5296.112305 76.096489
988.662537 68.420853
3245.877197 95.942963
6881.351562 118.378204
1110.698486 124.250679
1726.943848 123.247070
1087.629517 96.172134
2288.599365 48.012287
966.362122 40.187077
408.918243 63.307190
415.951569 2.402675
2031.595215 3.853116
2502.329102 7.355253
2939.543945 13.695896
1306.261230 10.127548
1308.503418 5.176564
9894.045898 2.830215
7101.405273 2.125742
235.087326 57.184444
1375.425659 83.715950
3950.029785 99.920502
776.446289 100.978996
5160.499023 27.592064
11185.017578 14.288690
5324.335938 14.522929
9754.580078 30.611183
873.612061 36.372742
896.292297 52.819324
942.659973 88.362396
4048.791016 143.330994
18821.925781 26.046103
92.796242 23.474243
591.500732 27.126860
7483.494141 30.707745
894.713745 61.420422
776.894836 65.590187
1638.445435 75.369011
2095.933594 102.317749
7516.237305 58.367554
16351.607422 40.356850
2937.132324 43.344955
735.696594 53.827324
2376.520264 50.915203
807.778076 51.958702
2703.913086 40.917988
3473.174072 31.442760
7550.091797 63.967960
7532.802734 29.032387
1466.640137 23.837538
2544.071777 37.205406
1280.322021 105.548103
1661.920532 114.590485
1743.870850 141.802841
4140.841309 182.350525
37471.933594 44.633121
20021.914062 79.339188
5297.608887 100.616371
621.124207 105.917168
4804.029297 90.306763
594.786804 70.199173
722.896362 68.803734
9382.009766 131.688980
11020.218750 37.627033
1646.511230 20.736155
2722.417480 54.279728
4244.970215 87.794952
310.576294 17.582199
880.969543 27.258785
1841.192749 36.550888
4102.538574 47.543419
1857.851074 29.387833
27403.507812 10.621881
284.120117 4.544713
577.135742 8.581958
1867.364502 2.167892
4668.520508 0.209035
1900.076660 8.427040
5050.265137 33.110298
7319.257812 44.976593
9347.827148 24.350010
11121.786133 13.846880
6123.136719 7.526704
510.744751 81.159973
121.423309 93.446800
1730.171143 122.485199
2743.865967 177.746750
34318.636719 2.458287
1398.584351 18.259443
1790.651245 46.499634
6246.860840 68.987190
2671.438477 30.798401
1394.475830 36.258400
2328.267822 55.846886
417.406067 108.502701
28662.511719 28.888695
8817.476562 2.262775
3630.988281 7.567933
10199.543945 22.075468
2615.267334 6.045571
238.981888 5.730756
2854.568359 15.209715
1129.015015 43.763313
16841.488281 45.477882
9749.427734 19.684908
227.916336 10.266269
2757.338379 7.931901
924.322449 11.556589
712.009766 10.706858
1776.755249 12.290226
10742.385742 26.311792
10694.179688 17.194313
13273.688477 1.339145
49.367939 1.742014
1006.455139 8.095448
3938.082275 5.887245
682.476990 6.323227
651.325684 8.658521
164.826233 16.864563
11698.533203 11.360181
8965.324219 3.376900
8059.315430 2.479531
4347.291992 4.477724
994.896606 11.503675
231.781921 11.035463
35.305351 14.498383
8237.634766 30.817680
4701.759277 12.564939
13775.994141 0.827392
1911.774292 2.822824
285.836792 8.795001
665.847168 33.568554
2265.526123 42.963085
874.101929 64.166573
5866.220703 88.231705
7687.133301 55.089996
15188.077148 56.549782
5594.707031 48.346893
152.961151 37.449459
1657.809326 11.297946
1349.714600 5.504352
8628.448242 5.468223
1401.612671 23.404819
12417.548828 31.567566
1457.788208 12.970579
2020.183105 10.815065
518.226074 13.219409
3430.553467 5.698364
1549.986206 7.966689
1991.490356 10.623488
9695.728516 14.205978
53532.632812 22.699581
9989.970703 12.322904
26034.072266 6.288921
3890.681396 4.574564
3376.090088 140.813599
2975.407715 177.163315
1733.070923 214.792511
6845.298340 251.868271
301.210297 33.190414
3782.907715 45.255112
2690.803711 71.987129
3437.041992 105.420959
1393.734009 35.959805
38.960602 47.430542
2406.034424 66.141212
1425.923096 105.516685
49994.968750 31.637960
8830.623047 4.505314
753.140015 6.755825
4941.310059 21.773491
3920.160400 9.950735
273.766571 12.195816
1703.443115 17.799767
13134.033203 26.966017
27817.416016 30.624493
253.595734 20.874041
7787.321777 14.236057
221.044418 10.664525
1330.761719 1.330967
1017.440796 6.054892
3456.574951 13.991117
3514.064697 25.178242
2850.048096 23.976467
4051.222656 10.942860
1173.347290 2.980249
353.697083 0.054058
744.026672 33.921658
1190.067871 45.242886
943.614868 70.282623
50.557777 98.076469
606.228699 51.699947
4582.218262 56.992470
21377.419922 49.672417
6022.345215 38.006508
414.637207 80.144745
3229.342285 112.927231
575.511597 149.206879
2046.930786 189.071426
2801.828125 4.824673
13124.190430 4.871008
2530.568115 22.550798
1165.008301 49.561512
216.353622 54.836430
1808.024536 57.008671
5182.842773 46.801743
5741.282715 33.666039
14202.058594 92.325714
15040.380859 52.022186
4878.044922 37.734970
2313.560547 43.742668
1557.149902 48.158306
978.993042 35.173752
992.316406 26.458948
1155.054565 34.550373
21697.537109 15.344119
11793.020508 25.975500
4766.375977 42.930264
4065.284180 52.417484
358.905731 106.401123
2428.460205 125.552620
4026.629883 142.536072
3147.534912 149.385284
7205.520508 48.232796
26094.273438 64.591141
1681.184082 77.464539
98.832878 90.273666
2835.831299 169.745865
990.550415 156.636414
1549.157104 162.384811
1121.243530 227.046066
1225.114624 64.632652
9444.629883 71.841003
26090.261719 120.246307
811.914856 161.549164
187.661514 138.913223
2714.933350 192.788971
3291.803467 268.638123
3897.097900 349.158905
18097.695312 149.259827
24531.003906 127.641457
7098.015137 113.137421
1247.512695 113.710220
3503.101318 66.297272
1469.138916 97.344383
4945.574707 121.708763
16447.792969 124.726669
6941.662109 220.225510
14510.071289 140.085663
14483.359375 77.618309
3348.754883 53.288071
2316.840820 231.051590
457.427551 286.511230
1752.189087 420.880127
5484.549316 617.490479
2860.879395 117.035965
34848.945312 178.710342
5643.887695 217.822235
122.729843 224.628677
103.120193 136.966064
2165.473389 201.605469
6779.052734 320.133514
113.440353 512.751709
13896.646484 69.577042
10819.906250 29.562349
324.985657 50.989738
1166.238281 92.350937
505.837952 70.139954
1144.088501 93.200348
3903.061279 96.266785
3260.960205 99.426643
22172.808594 252.911957
758.301697 106.732208
1557.711792 39.002239
337.127075 39.479252
482.676636 63.544304
730.121521 113.779732
6728.230957 162.453293
6306.614746 179.977295
24.143446 162.838699
14331.289062 112.485954
5189.627441 62.269592
325.059784 42.012211
1620.182495 62.351532
183.505341 94.963875
881.906860 151.099518
2118.754395 220.512894
65831.656250 29.840433
141.801498 38.959160
10479.150391 45.350533
3184.816406 49.740879
3052.898682 122.367889
5618.660156 147.714615
7877.166504 233.547180
6869.295898 400.216980
17551.070312 20.745411
5476.173828 40.326801
2087.486816 84.313782
96.306061 112.591248
1078.954834 137.769714
12426.412109 161.306717
4258.984375 136.539993
12086.103516 78.806778
10061.456055 370.922302
2913.570312 193.912720
11006.705078 102.337128
2659.924072 98.570259
1092.544434 128.699585
1568.505371 133.288574
481.419037 170.762177
4822.850098 231.408691
33408.210938 93.139488
27982.425781 137.449600
5810.223633 153.939667
8161.020996 144.106018
1717.314697 101.766510
403.303955 88.120407
7490.200195 118.123627
3350.437500 238.006378
2526.050781 62.221451
5935.887207 45.841774
5949.843750 79.068848
22603.101562 106.046387
1103.558716 32.630733
77.041702 53.826866
2915.476318 56.623421
11056.345703 34.843136
3628.432129 238.744446
1819.894287 126.442497
8195.702148 47.783623
797.368896 20.494347
499.206482 12.677589
521.272217 16.202599
5131.805664 36.328079
4303.332031 74.623871
12709.356445 1.788451
17010.265625 9.686773
8709.145508 16.354509
7979.483398 16.142782
2522.329834 248.712769
1086.460083 284.419830
2683.171143 279.756073
845.148071 249.291092
45843.859375 144.716309
942.421021 106.757042
1723.885010 125.691467
386.016083 184.777466
3363.439941 22.915512
680.159424 37.386818
788.982666 61.084999
1007.373535 95.066498
9345.815430 16.775238
1164.416748 7.771229
855.583313 8.441763
2843.646484 14.020474
446.822205 80.436432
28.348293 89.755363
903.430969 113.315491
346.469696 163.312683
18595.169922 5.018368
6557.654785 16.833855
19049.910156 44.575291
704.212891 68.236649
1632.530396 5.259810
205.374084 3.456458
583.033386 3.391782
3646.040039 2.547290
6237.779297 54.172726
497.324036 39.784500
1113.086670 24.002619
5679.447754 11.758071
723.956543 41.085014
779.874695 77.186302
3431.397949 133.135269
2058.231201 191.130981
2963.525391 25.180525
2242.572998 33.201675
2392.512939 31.253654
2627.228760 28.916260
1443.634155 89.315704
1808.798340 94.229729
4823.494141 137.204834
10067.159180 249.757111
33992.847656 27.220098
22304.152344 21.024141
4654.761719 53.665161
151.244690 82.115257
1243.045166 215.658813
127.114532 251.097183
2352.207520 298.322083
660.373657 362.019501
31952.304688 228.233688
24546.996094 184.843903
3040.464600 175.242828
1703.526123 189.016464
4135.170898 48.585663
100.733917 74.249557
5347.161133 99.915344
672.808350 134.758057
8014.917969 67.470123
2310.402588 17.951241
1315.571899 6.738695
946.291016 22.457050
1421.744141 123.247437
301.670776 151.967056
7506.254395 206.376404
3339.958252 257.935425
16811.142578 156.733459
5689.317383 171.205170
8.081047 154.355408
1825.142456 129.006134
3862.430420 178.695862
365.055298 207.138535
2439.262207 274.638306
2147.672363 411.912537
53489.183594 52.381058
7411.729980 51.121422
10418.325195 99.355606
956.614014 148.746948
3374.517090 22.518044
1749.866333 45.372105
315.429565 81.416504
4456.398926 137.280945
231.897705 61.047424
1863.108398 17.370541
5074.344727 2.875432
1144.218750 7.651729
1627.023071 3.342568
2106.758301 0.666797
787.421936 7.554871
1114.745972 43.941666
12899.539062 69.392563
26398.566406 17.721470
2859.482178 1.624991
2264.315430 2.570156
73.006699 58.630379
1026.255737 78.227196
1837.371338 111.507347
1781.651855 162.591507
7451.590332 1.286068
21828.144531 6.803972
149.637436 24.654430
1121.680176 42.932499
2047.696167 61.515366
6784.381836 58.731655
4940.554688 99.672585
5622.251465 223.580109
2329.473389 29.087116
643.115601 9.199724
6989.349609 36.333210
5984.591797 60.881874
209.234131 145.804855
4629.569336 195.190933
748.867004 204.282288
4093.008789 166.032883
35430.027344 310.570160
519.855835 175.623077
7104.581055 98.721596
1200.500122 97.235268
1706.243896 17.179455
77.770493 31.793953
1258.100708 59.953003
3516.958984 90.335083
4974.908203 58.687229
7694.578125 50.693829
5600.585449 34.592800
31102.304688 19.869928
2110.691895 63.969463
634.721619 85.139420
181.559219 139.107986
4883.429688 222.142456
13392.791016 20.556925
3071.712891 41.438988
5155.021484 57.327438
5154.795898 61.319996
2039.705322 31.615868
1016.318787 16.133949
4252.608398 32.498230
1672.608887 127.664482
889.737793 51.134407
2052.390869 3.299165
8570.588867 14.870564
217.157852 34.639893
236.267151 30.887352
443.001709 35.507893
2168.483154 31.027126
0.957718 36.350548
14195.398438 93.816422
21786.855469 26.944843
9877.754883 5.778444
647.848083 15.316278
582.620422 134.842789
229.393646 170.604874
1829.409180 170.842163
444.400665 140.827728
14148.398438 73.994781
458.866943 34.559994
4171.571777 38.824196
4512.402344 80.829079
1308.424683 35.078480
1166.227417 44.912121
1207.425293 51.239021
1248.048340 52.310120
2658.814209 4.147281
10282.604492 7.993856
2408.523926 14.781754
575.963074 24.263426
613.335022 5.849236
907.692810 7.716938
3084.362305 7.892620
5728.999512 5.916412
11859.272461 9.699367
2499.522461 5.836542
8474.823242 3.651544
1315.915039 3.910149
359.055023 386.508484
1110.475220 381.634857
1330.070801 463.387146
16537.507812 650.491882
28388.681641 142.413467
4033.195312 272.761902
3720.821777 377.052185
4629.225586 408.234467
3023.705078 244.810471
543.281860 331.595764
418.220947 454.940277
7641.541504 644.951660
1169.630981 178.125214
28944.685547 89.273125
622.546082 102.652473
3590.924316 167.340607
3191.181885 24.343954
6580.489258 23.479666
922.060059 40.229065
653.775757 69.905319
4848.916016 246.262070
29599.101562 168.209808
5757.383301 97.984566
7055.821289 48.414391
1252.299561 24.489248
7245.922363 24.567776
320.647339 13.208424
145.402451 6.549030
6408.008789 58.081367
8613.866211 11.720840
393.283875 0.471442
833.318359 11.637284
357.873169 168.315048
2792.996582 179.891006
2665.882812 190.844315
4093.229492 205.109970
5975.743652 52.642757
4732.712891 84.117004
22097.892578 120.099030
6289.809570 149.508392
710.670349 287.243866
833.030945 295.670197
19922.136719 368.395081
4272.612793 546.687134
973.841797 122.847771
2166.491699 156.798477
24825.082031 229.828644
10592.599609 278.479675
237.001190 56.319611
3179.089600 129.214401
4992.950684 201.704666
5928.156738 238.673904
79647.937500 283.458221
2996.761475 163.187134
6685.100586 64.363770
2728.110352 26.113766
10322.175781 3.378607
67.943398 2.455468
1201.832642 1.012853
6216.824707 3.440249
14839.328125 65.217468
10581.516602 32.209080
10322.640625 12.470698
6983.231934 4.837435
96.539368 4.552020
832.214233 3.874305
12287.920898 7.033558
19629.009766 13.335020
10803.060547 11.337041
4734.850098 12.354407
1502.235229 11.016888
8492.064453 7.741903
148.778076 117.811600
645.123962 125.165894
2169.040039 173.510254
4011.796875 270.225800
63447.847656 22.789963
23326.904297 67.759384
4194.444824 107.698959
1078.390869 121.787056
2268.260010 73.026108
4.788797 87.114700
562.756653 122.565300
5890.175293 207.673279
30618.875000 35.189087
31199.347656 4.488197
6220.338379 22.612970
3282.645020 53.111771
567.369568 37.582504
854.651550 51.299316
2124.983643 102.255188
1277.706421 186.869965
8342.086914 82.278366
8698.906250 75.050194
422.245728 64.554016
1531.016602 48.210461
1764.104736 145.441238
540.731323 156.632935
1261.139771 183.468582
21602.593750 262.542633
7789.857910 21.034052
601.533752 14.691090
5384.713867 62.251244
2772.708496 115.794037
2746.757812 103.641182
1009.546631 127.421997
981.105957 139.411057
6498.393555 158.825974
11272.424805 145.777405
12709.481445 65.789566
765.146118 46.236698
1087.336670 69.052689
4411.913574 127.973328
452.671631 145.332504
6032.792969 188.593033
4163.959961 224.769119
4994.443848 247.506851
15099.152344 243.690613
4914.049316 200.466690
25.120235 150.815292
2027.802002 178.498550
642.954834 233.115860
7503.055664 372.820526
729.960205 602.417419
34585.000000 25.036974
9166.768555 74.537643
2480.668457 131.587936
6640.751465 161.428772
2671.771240 86.434929
1441.483643 109.066605
2678.027588 119.212479
456.400360 139.379211
26660.160156 279.334900
4736.419922 129.648712
1562.133911 60.699810
933.735596 58.933792
1347.256714 42.738113
3173.111572 54.381554
227.823135 60.051109
3958.148438 55.187675
29969.417969 119.453415
4577.476074 77.742859
2209.845703 47.388306
3649.351318 36.706852
331.293121 9.850052
5727.542480 14.731815
778.545044 22.125164
978.092651 29.111359
3148.004883 8.427630
8172.608398 9.901066
2171.042969 9.279841
59.579742 8.451713
344.068542 97.799683
404.574615 110.139099
2127.972168 113.320595
3802.259033 115.832062
40198.093750 51.223724
326.715027 40.005558
11045.535156 51.668781
3357.369141 75.465515
744.776062 7.335140
3749.336914 6.114706
4011.765625 16.859167
5399.853516 47.850681
83.911568 13.080284
1728.151123 5.629565
4801.884277 7.943031
7332.999023 9.750589
186.971146 57.703583
838.296509 55.861794
723.609009 56.201969
7612.004883 70.302544
28884.806641 1.459560
2564.211426 10.869158
1993.613770 32.234669
7266.497070 50.673141
139.365448 27.754686
472.005524 30.678169
1110.171265 58.405346
16990.152344 120.735672
7148.677246 8.421929
1045.531494 12.336873
12628.272461 25.029808
2564.387451 30.547718
521.695251 3.720259
1679.120361 8.077549
2201.277588 10.691156
5677.748047 7.803933
14185.694336 89.388000
16601.998047 52.574104
105.054352 22.111454
5058.919434 5.996949
1617.897217 28.136257
1891.287598 27.426935
921.540405 34.588070
344.011627 51.053894
2318.313721 13.378883
19571.656250 22.703314
4356.544434 29.741743
1587.052490 30.898174
42.894508 44.668617
1848.526367 83.945808
5964.118652 123.893608
11568.251953 151.124390
10723.630859 44.735680
2309.888428 24.793718
1569.569336 13.173846
1284.443359 18.951056
1580.474854 60.951855
896.505432 93.233017
4648.058594 120.504486
6078.015137 122.482346
13590.072266 135.754959
7806.820312 98.367676
769.783936 61.366623
5901.366211 46.516853
968.521912 45.709400
2791.724609 48.467411
1203.353149 76.415131
1591.178711 141.680878
2814.088867 6.111675
5995.191406 15.555214
10232.781250 35.453663
5630.799316 46.394550
2898.962646 25.360649
748.036072 34.737747
4019.241699 43.640114
14892.981445 41.838379
10606.618164 108.995621
446.663879 78.642090
6051.544922 46.909645
2631.208984 27.503405
1377.562500 39.632385
416.520599 50.615608
2040.830688 70.206970
193.797058 98.355469
11786.662109 4.662165
5796.783203 13.208219
7333.671387 24.001303
6428.592773 32.466675
1246.481323 10.117754
1464.708984 24.571390
1246.865967 57.454197
1595.571899 106.825829
8977.607422 0.037948
11321.876953 2.632128
11232.145508 6.201753
4246.487305 7.137625
506.824463 17.987944
2007.473511 21.496716
599.780640 24.218458
2444.980225 35.098995
127.097900 38.142014
4701.866211 11.262301
296.753021 4.894594
171.938934 10.648153
874.843079 27.712702
296.699463 25.704414
10417.768555 18.705637
1204.226074 16.761936
16101.916016 24.766613
1545.944336 9.609965
7152.444824 11.504951
3585.282715 21.182987
900.672241 92.433105
2523.804443 147.214844
6914.889648 189.914764
7406.896484 202.938293
54676.660156 34.863438
10080.200195 23.037022
9732.895508 23.237247
637.179199 46.527458
7491.565430 20.371658
438.964355 15.886370
8762.884766 9.143147
4559.083984 10.096867
4591.058594 84.778404
1493.933350 44.702839
3212.441406 25.454050
3568.647949 21.034195
18.428301 29.858192
728.760132 27.799017
3677.703857 44.893028
9627.760742 82.885437
49980.511719 14.557014
5567.608887 31.395996
32906.914062 41.501652
1939.696777 38.987888
2004.160156 72.569229
137.784180 56.249775
1512.408081 56.704628
1648.074463 96.269775
5704.871094 2.233228
13522.861328 24.320087
2752.997559 58.818707
1986.960205 78.071808
1569.728271 7.220350
539.693787 7.607502
2543.232422 4.997621
4933.847656 3.037061
5865.105469 21.730513
15274.920898 7.635006
1803.834839 2.614045
200.709686 4.183011
2316.197021 118.713768
1290.962891 163.639175
2177.102051 233.194717
9817.039062 308.723145
19197.996094 40.796787
4530.329590 70.465141
460.678467 87.844856
1203.061768 98.357986
968.925659 33.174816
5721.538086 30.152277
4080.697998 58.419250
1146.346436 143.171310
50337.511719 60.775761
452.079926 30.120930
19622.417969 32.494312
1692.046509 38.035713
2758.557861 5.516982
6167.275879 3.258050
2588.101562 5.694375
9266.708984 16.015469
42062.902344 65.117966
99.847656 39.296635
794.281067 21.606451
567.687805 11.180163
645.407593 10.992268
2157.543213 20.329556
12421.179688 37.897911
3673.821289 56.057457
14874.288086 32.509682
11042.171875 29.970320
22192.496094 21.187355
6652.389648 12.463171
2211.384033 14.642603
1248.252930 19.906225
1549.179443 34.407978
901.823792 58.357628
58048.796875 1.229389
24528.339844 6.383977
3196.409912 11.617350
7455.666016 13.715255
1608.593262 23.208672
1590.586670 43.708527
2664.285400 93.772018
5796.057129 164.197281
24035.246094 37.013447
32467.089844 40.540215
1902.256226 36.057285
139.730453 25.827366
536.692017 136.712814
2198.386230 174.417587
2675.062988 248.548706
1335.212646 370.660217
2576.822754 3.254060
4935.034668 23.899685
4275.375488 68.713348
4959.558594 108.032562
1232.813232 9.895667
45.437019 4.822942
2092.052734 22.678461
9430.061523 102.031319
14133.847656 103.539871
16267.837891 20.752804
442.389740 1.897440
1286.127808 8.556925
190.527496 18.801426
773.162170 21.872646
230.164780 18.514019
1891.818359 24.553347
9022.905273 74.708351
15312.437500 18.832785
3891.223145 0.504169
5779.574707 7.196411
301.564331 110.011650
1209.001099 128.695297
1321.782471 127.096863
72.070488 110.629776
10964.255859 118.312477
8934.345703 75.195595
446.246521 64.142761
977.131287 81.666664
1094.395508 28.112585
2195.608154 44.444180
3776.580566 74.123604
13860.023438 103.242416
1915.299683 59.534580
3247.651611 58.051643
9576.234375 44.435349
1221.330322 30.148661
411.862732 1.243441
33.748341 0.180338
421.292114 5.589634
9370.117188 24.325417
32001.339844 20.520727
8888.491211 6.184779
3288.861084 2.531864
3354.500000 2.440505
1294.112305 69.422432
810.382751 62.578457
716.097839 55.708321
4037.467773 68.273331
20966.792969 43.077827
2445.858887 31.189203
4455.013184 44.579578
204.888062 62.795013
1207.998535 232.546463
2194.726562 309.177734
3525.092773 378.769592
10144.986328 422.059753
899.516602 152.387024
21525.238281 132.850189
3792.839111 136.011459
1094.828979 170.057007
3639.637695 43.021370
460.065674 45.226116
1953.450439 50.182236
5421.828613 53.298367
43416.929688 123.374001
4125.569336 94.961411
6324.648926 67.665787
368.073486 49.479439
4188.652344 116.597443
948.951599 117.955429
2863.979248 136.661835
14280.337891 191.339828
5460.581055 3.574658
16069.060547 31.736584
1956.279419 75.592407
4353.621094 106.994400
1929.116455 80.291656
3253.117188 58.863697
3282.454834 36.053478
4127.646973 17.094645
1856.269775 92.853775
19622.830078 100.942062
6024.469238 102.559967
733.652283 95.700218
2131.215088 6.069673
604.578674 0.774921
3721.106689 4.492338
409.083496 23.135120
17777.455078 0.126285
8886.706055 4.072795
8768.234375 10.255418
205.244553 11.253756
2122.480469 42.911896
1156.671997 34.230850
2325.336182 49.962399
8688.095703 93.590347
2648.156738 19.948692
20220.218750 47.301453
27766.236328 63.019051
2406.974121 58.829849
1011.187866 18.695564
1008.029236 27.612289
4894.025879 45.450203
8278.990234 60.765858
7644.421387 69.235199
32603.878906 60.901566
3012.473145 42.166573
1307.237305 24.610229
165.832520 3.697975
1331.576294 5.786077
86.477699 6.365558
328.733978 7.483731
7942.554688 18.366802
12652.584961 5.757838
816.890564 0.350916
436.963989 0.833659
2412.246094 31.871983
87.114296 30.841396
2431.957031 30.326977
2695.379150 30.947124
7604.443359 19.502222
2789.541748 25.269424
7899.777344 29.837496
1495.702759 31.970894
326.190643 9.369482
69.490303 15.922190
9003.425781 37.592964
3969.685059 73.357498
19675.498047 3.230077
1736.854492 9.118182
2097.068359 12.737312
534.914185 11.261641
3802.279785 21.283352
509.758850 33.870541
5703.150391 59.728348
10129.957031 84.377243
13038.940430 75.125557
7615.305664 68.707130
12512.220703 48.472763
2805.281494 28.045872
1265.138794 62.544270
1613.883789 98.710136
6125.595215 142.805481
22006.238281 177.536285
25785.902344 84.018677
17467.189453 68.267159
6852.655762 51.330338
2332.295898 46.367561
4255.130859 39.823429
1110.598633 69.912498
693.622498 91.132675
8965.892578 86.806114
42705.824219 147.073944
11344.423828 90.102264
9302.313477 42.568180
2651.198730 25.155638
2270.374512 51.904308
1558.833740 61.859829
3193.008301 75.089516
6991.208984 96.347160
3317.444824 38.701164
26587.683594 28.362389
313.262451 31.733574
7145.409180 41.533638
418.846527 48.591385
287.397339 57.776203
3044.924805 64.878105
676.787964 77.734116
23988.132812 8.675344
12824.434570 2.883771
5701.349121 14.589016
2783.968750 33.090847
1507.578735 11.259039
9633.516602 13.415468
703.856445 11.064684
2111.452148 8.101147
5219.654297 69.390701
12909.369141 33.286343
17322.234375 13.055880
7029.588867 8.242670
2476.080322 41.959869
3121.930664 39.989750
605.307007 59.882133
1679.083740 108.627380
1032.285156 9.585233
626.314148 27.040731
53904.140625 44.189941
2830.813721 48.403286
423.351288 12.152132
574.250000 23.236656
2583.344727 38.230583
3739.565430 53.346024
2109.360596 42.572044
740.945435 25.872150
4896.843750 13.329904
3881.334961 8.359940
670.900757 5.666719
692.014099 9.860892
4610.639160 19.097567
1504.376709 31.992842
32545.185547 17.439997
19129.683594 12.934449
4233.681152 8.900324
9369.998047 5.929471
1873.747070 35.420456
699.869202 35.284901
646.527710 25.799686
8597.270508 12.789717
27199.128906 28.477556
12653.059570 17.245394
2522.247314 18.393032
6523.604980 27.364893
2315.000488 14.163780
248.321823 27.946520
1293.766724 46.936810
5254.955566 61.750149
16110.396484 30.645884
1216.006104 26.651369
431.571228 17.503325
8319.172852 11.087861
1846.923950 46.362022
2528.594238 35.262077
934.208740 28.026352
4176.940918 41.989681
25679.667969 15.918266
7808.279785 15.797531
4157.129395 32.140347
96.972916 46.225388
109.492630 1.856083
892.446533 1.770057
6826.780273 1.253914
469.687897 4.805771
5387.839844 25.216856
2478.202148 7.891178
350.675385 0.750112
620.036682 0.461276
429.758301 24.092510
1602.446533 16.123470
359.114441 22.583305
7161.409180 54.858368
41282.558594 2.696970
17999.660156 10.626118
3864.019287 24.633348
982.785828 30.216381
1678.714111 65.048897
1086.415283 84.399788
2548.644775 153.273605
990.017334 276.442902
12362.568359 4.666406
34651.187500 30.902393
269.566956 57.880585
2674.107910 66.235802
1801.190674 75.097679
1964.248779 67.790649
549.242798 80.067444
6012.155762 166.012482
11533.957031 65.106400
6009.233887 3.411627
18721.244141 21.116310
593.846680 59.571705
485.795654 14.704389
810.918213 16.886341
1838.437988 31.145439
2520.562012 72.296471
2207.864746 54.989540
9291.443359 18.819918
319.799072 9.850742
665.218140 12.461874
33.872757 118.579300
4350.834961 133.154587
2920.922852 162.241989
3280.967041 237.648193
16875.492188 22.143927
35995.812500 6.982625
6090.098633 43.444534
372.326324 89.743805
136.510422 102.523331
1883.208130 124.132446
740.373413 111.107307
232.019226 85.676094
12568.407227 163.334961
3651.605469 59.964802
5472.058105 30.137070
699.894409 58.147625
2836.995117 8.412925
1435.807983 17.750771
2502.303223 47.102173
5091.386719 86.512527
38679.703125 49.743546
1163.370605 48.868515
1565.614624 35.775349
1563.695068 17.943460
2856.453125 70.998924
816.144348 85.386337
1039.872681 116.181824
2874.316895 148.688278
24329.781250 89.600136
9797.871094 98.675049
1443.259399 90.353104
2906.983887 75.909966
2813.876953 8.437247
157.375458 16.096914
953.393250 19.291407
5258.445312 17.411320
25466.730469 44.160114
2485.567383 19.068478
9126.448242 4.237132
4115.460938 2.047088
132.737350 29.138786
570.938232 32.833893
3519.832520 37.077751
1966.614502 39.203243
1450.121216 21.910275
11262.724609 25.649019
3150.576172 26.850079
1250.544434 27.351620
46.569809 94.900528
1071.732178 128.056290
1799.319458 184.350723
848.901978 249.940811
26873.626953 33.263706
1118.629272 59.857811
1634.411621 75.146294
1721.266846 82.074272
641.735718 3.696939
2504.587891 4.363748
2174.863770 12.486063
1195.413818 43.169472
40241.562500 67.632355
5567.444336 19.745277
1300.831177 2.320792
10320.947266 1.669505
1089.316895 66.031296
1268.080688 81.783958
796.844910 113.044106
2948.183350 143.913254
7228.285645 84.958359
7662.269531 93.833023
11363.577148 84.682587
571.444275 70.039490
2505.098145 25.365242
753.712402 24.698166
1118.890869 23.644686
8672.421875 23.738823
4338.912109 51.394234
2332.117676 38.189880
197.726181 29.865511
105.507515 26.314808
1439.263672 68.240944
1529.949463 97.834427
2119.396484 157.864182
546.086914 241.821762
587.288513 25.428795
17718.042969 40.220230
10828.709961 52.880123
863.655518 58.850597
600.555176 56.805511
607.540894 89.675644
4579.694336 154.028809
1268.649902 253.223373
42572.292969 3.713821
516.778015 4.653037
1211.695068 21.648588
938.140686 38.957680
557.581055 111.169830
2256.826172 132.401459
3936.655029 160.332336
1992.881592 210.856812
686.114868 149.488785
7736.645508 89.443115
1300.067383 75.387711
1521.906128 89.315933
1092.663208 49.549896
3580.958984 57.791660
2857.628418 67.003372
2192.185059 95.889442
37381.019531 51.996277
9734.313477 13.523711
7552.988770 13.737778
2536.373047 32.499100
3857.291504 60.468033
286.531250 67.677170
2022.476318 85.987381
504.402893 124.244362
9164.364258 7.613935
1547.942139 15.344584
23037.835938 34.912884
3196.659668 51.706539
937.897583 67.420036
559.286255 75.696091
3065.472656 84.446991
3640.576660 115.580902
27400.343750 30.345169
2419.698730 3.673718
7428.102539 17.371084
6410.979980 46.111572
2008.752930 45.558025
2374.813965 37.649078
883.802246 35.337963
8442.163086 32.459328
8715.640625 117.357750
3844.156738 107.344864
14898.898438 85.779694
2533.844727 62.462498
1530.526978 52.211842
236.476318 64.346069
1547.667236 105.777283
8934.079102 174.361923
5068.073242 12.994910
1692.961914 37.090549
5577.726562 53.284496
568.736694 54.947357
264.376709 81.758194
1530.544434 104.231155
7145.845703 132.872772
4920.691895 148.780060
11141.113281 143.634644
12211.757812 126.281342
7500.946289 98.686829
3844.465088 79.594635
1089.033447 135.978973
1276.058105 159.875946
134.141693 211.881546
2985.777588 308.745026
63607.839844 32.503941
190.621323 41.838165
4722.440918 79.059174
2450.166992 113.833771
7259.233398 118.507072
5213.012207 144.670395
2310.708008 170.871216
2600.393066 194.185577
11788.695312 202.331848
8337.172852 143.106232
20469.458984 108.387619
5566.045410 102.396629
206.918106 78.897026
5303.595215 86.347633
2896.872559 92.492714
1221.789551 97.986580
11147.832031 119.828537
502.446838 92.496643
526.962891 76.882721
1157.153931 73.774170
562.301025 49.608185
2903.245605 113.653259
5625.048340 194.911179
12820.620117 266.639496
8928.090820 14.185423
10098.703125 13.837427
8637.018555 9.512506
5217.006836 16.240818
395.845490 36.133984
1485.821777 29.484144
931.040161 41.342476
1452.900269 103.400314
14375.331055 40.455326
25267.623047 6.337433
9774.149414 15.482402
6847.447754 33.001324
165.395569 85.721069
4043.864746 86.181450
1106.584595 83.082214
10753.945312 73.035431
8069.144043 109.090073
24455.294922 101.779251
10876.468750 92.604782
7450.642578 86.823158
302.403748 39.138031
105.368828 77.207741
9705.830078 126.154434
1049.232422 164.772171
3581.384277 50.107899
18175.310547 44.696754
22638.101562 30.834026
1303.986694 24.384468
174.624344 79.010086
1176.357544 88.173859
2207.970459 126.154083
4964.081543 203.311798
50060.628906 73.661003
1720.007080 66.335823
4330.792480 73.822914
8558.480469 78.839279
995.746094 47.865471
1172.923096 60.824966
4505.484375 67.006401
2799.168457 79.563187
42646.406250 73.668053
2899.495850 24.449711
193.659302 13.181734
904.485718 27.485096
621.275024 150.027451
110.711365 173.924011
210.356339 175.821381
8103.326660 173.194336
7135.787109 78.754524
1421.704590 44.800632
1423.594971 60.318409
7145.330078 105.181892
1100.031616 50.949150
567.833923 68.097702
7097.120117 108.590157
26179.187500 150.305145
61154.804688 148.445480
9686.282227 135.947174
6661.467285 101.173744
4792.705078 65.375923
4590.512695 388.248688
1657.973511 520.934509
4693.308594 743.872620
19576.019531 1003.137756
5537.400879 255.743301
20972.968750 309.050079
3641.825928 332.055847
613.704224 341.243164
3231.538086 117.026932
18.174374 144.859879
747.136353 181.720154
531.045288 278.330780
3326.619385 288.780640
45262.144531 110.701958
29902.111328 56.557762
2732.645264 78.256180
4.067510 19.896061
908.233765 42.703598
2793.950684 60.145443
5601.296387 68.266891
18107.951172 98.301758
2195.891113 43.525795
1732.028809 10.077892
2982.514404 4.349566
1581.722412 22.569668
398.830566 24.289692
5059.464355 23.352871
4655.272461 29.800116
279.289093 18.255243
984.184387 1.095462
1043.698853 3.040513
6123.667969 13.896006
1024.565063 27.197680
693.641357 44.172260
5470.937988 60.072868
667.197754 71.710663
29860.804688 3.152418
1877.107300 0.135971
10157.014648 3.194991
1474.455444 12.631879
4270.570312 19.199358
506.318420 25.135250
276.745453 29.292648
576.976685 27.482613
31712.378906 62.679836
7860.853027 43.154514
7255.174316 26.226835
5432.361328 18.029905
1408.438477 15.377770
595.392578 19.321037
1917.298340 25.774826
6141.776855 35.960976
933.843750 0.570789
2042.107666 2.346308
1813.353638 7.028471
4015.841309 11.700092
254.042358 74.922943
2037.187500 90.656967
1464.872192 114.353790
1001.432312 135.975510
7941.929199 67.709671
12715.469727 74.511887
552.420105 73.256599
3041.110840 70.565163
2058.277832 124.017403
1053.723755 128.207703
2176.576416 174.207993
35280.765625 280.723541
2245.337158 63.378777
27174.617188 79.488113
4630.251953 110.706841
1395.839478 126.573746
396.083435 42.720867
970.628723 98.551414
1330.210205 168.949997
15029.486328 231.145035
27919.439453 81.614189
6977.753418 49.968002
586.576782 23.031021
1640.266479 16.958155
1763.882446 34.622055
832.342041 47.191597
5628.328125 79.538574
5868.703125 127.488426
32432.714844 88.680298
10335.843750 69.705132
22519.294922 52.417389
3510.811523 38.698891
2816.507568 8.705499
843.820007 13.017006
1683.959229 24.430140
9002.559570 48.826794
33606.589844 37.747734
4908.819336 15.409035
12363.427734 7.179157
1002.357178 6.691604
6817.644043 119.652809
1400.890625 142.555847
2461.015137 168.915390
17255.296875 182.494171
3065.131836 148.750702
80.735039 139.454803
5651.601074 122.434090
1437.181885 112.503967
1310.751709 30.663233
1463.375977 41.265457
5833.732910 54.817310
952.788452 75.505463
8929.572266 7.895904
5162.351074 1.729985
4040.040039 7.956515
7266.922852 19.377724
601.227539 51.156265
175.201477 68.415886
10.552297 98.948242
3783.809814 135.769165
42517.492188 18.136688
2710.862549 32.728367
5312.414062 41.303234
935.413452 44.891762
1480.110596 230.071548
139.295059 310.235107
533.980103 431.545471
4255.726074 574.979736
20.508089 33.186859
7860.174805 87.280411
8799.256836 139.038589
768.464111 181.136292
1210.697388 102.286804
3221.227783 177.394974
2405.631348 367.573578
4012.212158 691.671448
2563.967285 45.515682
11598.274414 26.440327
5396.205078 55.138744
3497.291260 79.440186
220.950073 93.428253
1012.813965 125.439186
1158.567871 141.029358
1035.732422 159.551376
27007.142578 392.965790
11240.085938 189.921539
37.714565 81.915581
2701.034180 63.665005
638.930054 181.203003
667.646118 212.495773
724.141052 207.136017
2113.694824 189.301956
1970.721924 122.058365
2063.127197 56.331795
1628.946289 63.763191
6751.066406 119.859024
1001.969116 42.005962
90.014244 70.566422
1071.784546 107.752808
11248.255859 151.163025
7694.871582 6.337657
2083.906982 0.413994
4237.675781 6.740052
105.964661 21.093533
1206.678345 3.010677
1289.204102 0.508778
283.005127 2.429948
1433.114014 11.174267
10145.254883 58.002609
5323.988770 35.518250
3647.555664 19.236862
5434.821289 8.944610
1809.133179 29.739647
382.879272 31.325308
16012.053711 54.109226
2303.048584 99.413544
1678.800781 9.858159
3657.190430 26.667160
3798.198486 37.781525
892.610657 36.718391
657.343567 11.339463
28.524582 14.850134
158.218826 18.889147
1157.101807 24.728418
52325.371094 53.573196
2218.605713 29.879799
1777.784668 15.308970
688.244324 10.192166
3775.230957 31.981092
71.876114 36.094925
5687.235352 32.148781
4421.199219 23.335114
8193.056641 1.472684
28081.490234 0.842390
353.937225 8.644873
2809.597412 21.100594
131.751999 24.701464
2133.647461 33.898746
1497.038452 62.447769
15913.506836 111.063553
11343.886719 2.928814
1305.817993 12.473790
13657.664062 21.831741
2841.466797 24.516670
928.382935 34.802731
3524.526855 46.110706
4248.817383 66.630959
1665.038696 80.494759
689.025635 110.841827
17465.382812 96.036667
971.316650 67.640305
3599.522461 42.720451
714.161682 65.880341
3525.784180 79.972267
1004.852356 86.233665
4205.740723 80.851517
15164.950195 90.607277
3725.558594 66.650658
304.601746 52.642960
8216.231445 53.576523
3280.562500 15.508490
2193.459717 16.041544
3486.609131 37.083286
2754.242188 85.054245
2142.042969 25.341455
1590.866943 21.999334
8891.863281 24.137030
6579.675293 21.805132
2326.142090 60.768085
163.270920 107.631645
1278.662476 161.377304
2277.452393 192.094269
3692.384033 123.324562
24667.476562 97.698395
9935.767578 62.332031
79.124077 44.338215
740.220947 124.182022
143.892410 172.315918
635.587708 248.125565
8640.738281 351.831512
20529.080078 7.248314
5447.417480 22.604374
6419.917480 55.687962
3532.271484 89.700699
15.073384 78.312576
1211.858154 104.615540
1819.895142 168.806503
26367.218750 273.631287
10112.388672 102.883522
1669.506714 81.614105
1429.805054 75.792015
4365.368652 73.785294
946.701477 283.599854
623.883667 391.365448
9295.380859 547.444092
12924.046875 742.946655
77741.578125 201.583069
530.498169 165.036911
15499.639648 174.991272
3136.951904 215.057968
7312.916016 202.839294
5261.863281 275.313385
2453.710938 320.841644
2606.440430 360.716187
19485.570312 363.858673
18053.539062 169.400757
442.940369 95.314362
7056.353027 124.654861
900.330078 15.551603
2082.156494 28.959528
8042.639648 50.607071
1752.996582 67.447609
32348.324219 127.200912
8629.680664 89.783234
14523.667969 49.265198
2700.070557 21.566257
2482.584473 41.498402
71.577232 60.964657
2527.646729 82.082733
941.307617 96.576378
12548.512695 17.470951
5543.659180 21.331999
7884.650391 23.600084
9005.621094 28.991121
4476.768555 140.251587
1536.334961 183.303345
3943.978516 227.708313
140.122437 258.296539
59706.695312 142.388428
4361.496094 120.759827
3489.519043 107.400414
6482.643555 112.753784
2145.352539 116.678711
1440.664185 118.144432
1922.905884 126.819557
959.328369 182.325790
323.360779 64.076675
8387.203125 27.332790
2416.359375 52.058144
239.379959 93.546143
85.187752 32.809196
486.461426 40.137970
5279.579102 56.098450
353.099213 73.835915
8473.945312 73.557808
605.816284 63.786385
12229.304688 49.327065
1508.166504 36.806076
810.006714 57.209503
2990.478760 51.007618
7326.503418 45.271992
6167.556641 63.705643
35304.863281 34.518986
3180.683594 14.004261
1133.797852 26.778547
3659.676025 48.067287
976.630188 84.322823
5604.352539 137.272186
4655.486816 197.293182
9914.567383 240.366577
9124.566406 96.294121
4559.993164 77.083389
1064.512817 57.937038
1937.473389 56.651501
3871.736084 72.764870
4803.241699 74.711632
29.492632 66.198349
702.607788 48.174122
5417.834473 113.758530
13976.099609 86.569054
185.658844 70.306709
14454.597656 67.794212
502.421082 10.477156
1909.353882 5.996718
4352.567383 0.483234
339.934204 4.292037
4486.978516 15.051239
191.301025 0.972571
2669.892090 1.909328
9966.248047 8.202938
920.932251 151.143387
1157.358032 171.158722
1790.912842 248.005066
23826.019531 375.754974
31564.128906 49.582077
3388.094482 113.845673
1729.407227 154.317780
3045.516846 159.065018
2776.127930 13.018145
961.865601 8.757554
1230.852173 14.070375
7367.556641 51.104767
28690.460938 90.439850
1335.909912 32.041859
9279.327148 12.902821
7995.115234 12.979488
3800.928223 16.491726
370.145416 33.064426
146.268097 65.297096
1556.794800 101.322144
23226.986328 79.682579
15448.295898 62.277020
11025.779297 38.883755
216.902924 20.024616
2524.942871 33.444538
2651.429443 34.619160
4026.727051 44.905895
422.271423 75.254814
647.906250 8.348739
1274.427246 5.968777
4035.493652 17.696516
1741.619873 29.230415
332.345520 50.595608
3958.697754 39.221748
3586.335449 66.758148
2663.382080 166.867462
19117.269531 7.711308
396.505219 7.412320
3878.205322 38.220001
429.143860 57.589355
1893.890015 95.492569
545.476807 121.084770
951.043579 140.507187
6753.166016 176.085968
29693.386719 88.987106
3779.347168 26.478249
6900.682617 24.339823
2109.855957 57.614227
688.034668 35.464050
3362.332031 53.198288
57.156700 58.495331
29469.673828 56.823669
5761.073730 83.824066
4735.651855 28.664404
2804.228271 6.304399
6625.341797 13.873280
141.811859 12.036774
221.056320 12.522668
1723.382935 10.476217
1914.252197 8.396702
31301.310547 5.574818
27623.271484 2.526207
1507.104004 4.368407
739.378479 8.633234
4410.634766 16.129190
353.755554 7.702234
1414.312744 7.196354
2127.920166 15.873433
15239.979492 17.533794
8446.166992 28.257294
24375.085938 31.825464
8369.555664 26.510216
9.142861 48.019318
101.231575 63.403973
2004.879395 85.698349
6207.265625 112.277618
11117.085938 12.603586
4793.984375 19.795219
465.242676 28.879166
912.715149 37.703178
560.085876 55.610588
2965.843262 81.483765
642.612915 133.070450
401.838501 199.537857
7692.586914 38.521957
8884.041016 50.186157
126.507072 53.522800
2188.599854 51.003067
4432.019043 86.967010
134.414261 110.572586
1274.952637 140.960281
4914.724609 195.005280
6441.985352 20.836258
6032.236816 2.090262
1163.104736 22.274452
758.560242 56.814445
973.834045 51.957958
1941.797974 50.779366
818.998901 47.533394
120.532036 48.985989
6285.858398 132.254608
12231.319336 86.918724
4538.693848 61.136806
3488.968262 52.562111
1318.864502 21.219101
703.354858 33.795509
2226.060791 46.238434
11025.724609 50.310070
34587.519531 44.882030
15400.814453 34.240376
16727.927734 21.996141
917.145142 16.356869
512.783325 14.145973
177.455948 13.044319
1600.707031 9.649868
106.502251 5.679519
13972.941406 14.335302
7615.523438 11.431120
2545.063965 11.392775
3200.278076 13.025973
2091.253662 88.112030
716.012573 109.392471
1746.071655 141.660583
4298.231934 179.495865
3276.754883 26.484779
2690.731934 45.520523
13693.023438 62.324764
98.000359 74.847305
282.819214 81.784271
185.946426 112.309410
2071.742432 138.857681
2007.147827 168.089233
2487.871338 30.100166
4708.332520 7.770126
7491.212891 17.505636
1495.102295 47.122669
172401.125000 172401.125000
172401.125000 172401.125000
0.000000 0.000000
0.000000 0.000000
0.000000 0.000000
0.000000 0.000000
0.000000 0.000000
0.000000 0.000000
