2403.692627 520.569031
562.692566 686.925171
6634.239258 888.398865
27564.714844 1076.922974
2465.689453 429.297485
3234.112549 389.160339
2998.868408 378.808350
2885.909180 417.211853
1147.664917 426.154083
529.043335 507.204407
4753.228516 959.723999
3687.879395 1836.592285
3377.034424 1216.004883
5868.916504 914.584961
1271.449951 723.012146
46.906277 548.680176
2093.968750 5.671298
1172.874146 9.910892
914.766602 89.774483
7968.468262 301.351715
8880.037109 474.980591
4283.956543 221.744797
250.161362 90.304413
1425.240356 32.422031
2142.412109 465.335236
1315.286865 545.072144
2932.493652 724.647583
12640.591797 1130.842163
18803.634766 376.211029
4279.678711 188.659927
249.804962 239.998413
403.335083 368.291656
505.637207 367.838776
5807.271484 420.281830
1140.168701 498.758026
8102.829590 696.928284
3468.656494 1386.914307
637.995117 757.937195
1364.824951 426.864197
63.147160 338.489929
68.049019 78.504951
2101.892822 66.913666
3635.360352 63.351105
2445.938721 48.814045
19560.675781 457.107391
9761.397461 339.427429
7739.448242 215.554169
2958.172363 123.891716
3640.230957 82.366486
8529.734375 153.033401
7802.019043 232.278900
17697.164062 295.149872
9006.358398 43.950294
8261.679688 30.283035
5491.967285 23.669481
2188.143311 38.005180
2044.896484 286.413574
2199.105957 251.182312
3638.384277 381.601776
41645.496094 752.553406
16629.492188 308.888855
445.871490 312.053802
2418.080811 361.493805
790.777527 354.945038
1320.197388 115.875610
235.096176 116.096924
458.864899 134.348724
1977.540894 221.325119
24615.951172 461.234375
1068.769043 242.007324
4359.929688 139.077362
108.931267 114.641785
1210.462646 17.891771
4403.347168 22.042412
2749.600586 22.474367
4609.713867 56.360424
19073.490234 235.576599
2220.618896 76.518341
552.787292 8.093261
832.182373 3.479906
1523.267090 217.578186
340.486084 378.821808
859.630493 611.217163
1687.976562 842.992126
14959.699219 108.258041
2286.237793 138.722549
3111.808594 140.017059
181.290894 148.336548
947.968140 182.961456
4436.307129 111.366615
1017.675537 152.714508
11049.574219 436.710083
3298.093994 421.842712
14439.853516 253.854630
2566.363281 237.115158
864.702454 238.173035
871.549194 109.729752
2294.060547 234.538162
98.254166 450.526550
2126.917236 733.588623
11296.288086 72.467949
11577.838867 46.569717
4754.363281 44.664387
342.345215 58.266281
263.907166 615.751770
993.375732 607.581543
334.868561 722.259338
6219.422852 1147.990112
7746.993652 481.710205
9183.904297 322.707428
1888.476074 425.140533
54.575222 567.751770
618.866943 501.234039
900.316895 530.421509
140.152557 543.003662
8881.917969 649.598145
10137.955078 1485.364868
3054.810547 845.417358
662.385742 524.799927
176.606064 459.790283
1803.079346 31.840904
788.080017 29.941109
107.548569 48.803883
428.015381 96.989319
5535.219238 427.773712
8956.540039 256.386902
10006.332031 131.391846
2682.789551 60.386242
4786.650391 16.797993
2434.759033 31.280663
391.495239 119.136314
10163.107422 326.707672
54486.195312 246.725006
9194.601562 100.513565
3218.655518 43.989761
1484.077515 26.040865
1156.380859 201.744171
969.012268 277.739227
2641.748291 336.340820
4595.096680 389.511597
2439.196289 277.980255
22614.619141 136.569855
9941.961914 90.447197
1545.158325 125.749977
484.141418 50.727669
923.405457 63.995552
4557.630371 145.303604
2196.282715 311.120148
2612.381104 391.869598
3166.167969 242.514099
3238.648193 143.654587
3830.190186 81.494835
101.523926 12.472763
4089.538574 18.775169
632.895752 30.956898
3581.368896 50.315533
6861.525391 44.467468
6643.109375 25.250635
361.970703 14.579588
4261.641602 10.926720
2642.401123 92.107025
5882.921875 167.031219
6132.291504 240.270126
18398.970703 286.965729
15842.028320 36.755165
7992.268555 20.034689
3263.753906 15.723427
186.310242 38.185913
377.508942 238.107224
995.535095 324.948578
6312.225586 408.336121
5841.719238 451.761017
10005.434570 359.813843
10407.153320 271.066467
6759.879883 202.891266
484.770599 189.481171
54.345425 263.380432
2813.901367 225.343506
3703.273438 168.958786
6001.639648 141.012344
2542.415039 258.654327
2132.118408 217.050797
756.035095 231.068817
2713.124512 260.372101
187.661514 113.710220
1247.512695 113.137421
7098.015137 127.641457
24531.003906 149.259827
15717.218750 349.158905
3897.097900 268.638123
3291.803467 192.788971
2714.933350 138.913223
920.967346 240.363998
475.367615 300.136566
2166.947510 430.554230
13632.710938 628.341187
4327.750000 61.637585
2397.226074 121.208603
2400.805664 180.930283
216.883469 215.131531
395.988312 215.447159
2113.119141 254.351990
27.980291 310.193787
3820.933105 396.265717
9368.203125 670.176697
10271.108398 420.866486
12267.335938 266.146454
2341.246094 207.776794
1604.896973 7.376431
1182.551514 8.819407
12513.812500 16.812908
8655.722656 35.190228
31021.328125 84.600891
11436.445312 47.285416
4487.198242 23.342411
340.727356 11.366749
1361.180664 139.083389
79.852257 215.337936
845.536499 292.396973
910.221008 344.257446
20864.730469 163.348541
22378.388672 113.906898
6562.307617 83.226791
96.851631 90.250473
2837.045654 115.011993
419.554596 133.041321
396.736664 204.180649
1115.477417 330.224152
10194.376953 236.675018
7840.465820 192.058167
4510.179199 159.299713
2755.103027 130.762299
1297.062500 181.605743
682.416199 224.049286
2244.678955 310.836792
544.007629 473.491608
19728.017578 249.695770
272.714539 151.156326
1015.670166 132.719009
2091.772705 152.454788
198.952637 120.913651
1842.188477 98.988892
3450.875244 63.002686
3982.184570 55.771862
1748.396484 550.428589
2605.562988 312.264984
2281.773926 178.557648
680.556396 132.323975
909.267395 270.928345
2226.544678 409.827820
1581.666626 642.566406
1897.614136 940.897339
12104.847656 15.782950
8117.549316 77.526207
3765.721191 144.396545
355.126221 199.028229
1780.251709 266.684357
4542.163574 205.580261
10954.574219 163.686325
9889.142578 269.967224
4591.221680 612.483459
8587.373047 335.544830
8803.255859 259.804932
6647.440430 274.207367
571.655273 3.745723
4608.836914 22.149414
8976.937500 71.614441
22390.791016 168.223007
5425.296875 136.578400
666.827148 51.939301
858.744080 12.660387
732.565125 1.108695
1206.463501 4.143987
351.312012 15.562584
2462.074951 46.946274
10852.161133 115.114891
41.562050 134.148972
1071.244507 50.675507
916.338745 11.709379
455.220642 1.585106
1569.648438 162.974548
879.408386 218.118286
2971.253906 363.888489
594.763672 621.502075
2437.137939 76.340797
7032.165039 73.722923
1492.758057 112.196930
648.613770 142.496307
216.486145 41.537540
40.824753 20.935986
5956.870605 51.169937
1966.303589 203.178101
2647.374756 378.347839
22619.804688 171.445709
16029.581055 86.866890
2800.676025 61.946144
739.559875 1.219651
996.618164 0.231031
1328.385498 13.850723
1485.030518 67.229263
18960.585938 106.005661
5826.626465 30.436352
533.605347 2.983762
866.609375 0.603331
478.409912 36.285049
2058.561035 33.158104
1240.980347 36.905392
6592.177246 74.319115
1730.905762 51.102951
274.522430 9.862360
5133.543945 11.323935
254.322510 27.902470
380.911896 5.953616
527.432007 13.694213
862.034180 36.317154
3217.695557 86.563423
50943.671875 96.984894
20474.960938 37.801739
7861.900879 10.927248
769.187256 4.267622
3780.122559 37.908005
1121.425659 19.387493
3523.168213 4.118680
9576.902344 25.327236
1905.976562 139.040695
1398.941528 64.434120
2990.580078 41.234447
687.831848 42.072472
88.602043 65.843689
4106.281738 107.467590
936.159729 180.056580
7238.446289 261.698730
11988.375000 42.213051
994.156738 60.476559
3621.514160 61.570370
2112.084229 56.188866
2109.633789 127.784561
3375.692871 107.612152
1792.633301 77.351974
12545.103516 65.942101
6113.860840 85.848473
240.070023 74.215691
622.205750 95.282326
1537.689087 121.509979
533.011108 11.956364
219.888474 39.013443
3660.605469 86.016212
7539.423828 157.636139
42754.843750 97.614746
17783.457031 35.958069
6990.691895 5.987842
1050.538818 0.439552
2944.357910 185.107117
120.616882 340.940002
1931.373291 579.458252
3133.006592 901.110352
16830.812500 311.023102
11232.310547 138.544601
13540.643555 76.676659
6160.367676 98.077141
904.486084 80.165924
2179.438965 61.273701
701.964233 63.388557
4529.647461 122.908508
8309.607422 464.120575
5856.301758 272.308228
3922.156494 159.780334
1376.024414 106.948151
3833.327393 21.187691
4295.410156 19.840618
14366.332031 20.296650
25424.324219 26.111885
4729.081055 43.625931
3736.396973 30.757067
1577.932373 24.586380
397.897858 22.427792
2581.703613 25.344673
1103.366455 31.004871
3751.576172 33.612797
2532.932129 31.819862
668.591309 6.920197
1713.824585 9.357136
4890.397461 13.188510
435.299286 18.782566
63.723831 64.179932
290.461609 136.873657
681.470093 271.996124
5916.037109 467.305664
16200.283203 45.460785
6263.465332 15.844954
7678.877930 17.611666
1451.664795 32.162537
31.524189 47.733875
2811.813477 87.875450
1755.039795 180.723694
378.114929 330.749146
1720.313354 341.556793
4916.530273 194.652313
147.056915 99.619759
151.275070 52.321144
2137.567871 287.441315
1940.904785 353.706238
347.145172 392.692657
2842.562744 389.393372
26741.199219 248.647202
2694.758789 204.014648
133.246902 192.165298
231.528564 223.974792
192.406174 119.027832
1637.667114 78.989624
6682.578125 37.984379
6385.081543 34.383858
7571.443359 326.223022
1969.035645 217.803680
1965.384277 164.575378
744.707153 142.512634
5724.617188 248.700592
3176.937988 391.340790
6781.810547 551.009644
3407.649170 682.873291
1296.089722 47.580025
6656.069336 64.739944
618.379944 93.175034
1246.561279 149.082199
97.268051 663.198608
2102.795410 692.783997
3459.725098 719.141846
10630.383789 810.865417
19951.472656 606.094666
9957.320312 490.508789
1955.042236 511.870300
1290.597778 594.321289
197.242691 270.095154
5071.107422 348.554138
1005.658813 531.162048
1461.481201 843.342651
1543.337524 843.342651
1461.481201 531.162048
1005.658813 348.554138
5071.107422 270.095154
4549.215332 498.020874
1122.592285 645.674561
4419.206055 788.679077
8505.670898 833.335632
92121.390625 700.313843
12305.590820 601.657471
1847.080200 482.738495
580.506226 433.589081
1219.886963 418.726562
761.368103 625.362610
1323.014404 1127.230225
382.126404 1911.163818
11192.656250 728.174316
76.170563 563.663574
1976.154541 473.470154
910.295959 408.086212
0.872293 287.014709
2068.480225 310.108582
554.301392 520.647339
431.361847 1019.015015
1208.871704 901.983521
9720.212891 559.317627
1008.415588 406.461792
2514.980957 334.250305
3006.263672 343.119781
1143.918457 395.414337
7787.046875 396.733490
3454.194092 383.597260
7081.544922 942.254456
28.283165 541.679565
1061.996948 324.186707
284.837402 286.166016
555.436218 138.279282
309.894836 255.654968
2444.786133 410.095581
8345.925781 514.266846
7930.692383 667.655945
1073.321167 472.499878
1221.058472 262.764740
3439.863281 134.202759
991.882263 172.062073
198.377975 286.688416
2777.969482 507.687683
1282.760498 782.606873
12221.540039 204.331421
4588.054688 211.935974
2003.024780 188.534210
2852.018555 156.496643
2335.088135 273.574188
747.177307 293.858368
9035.462891 475.558167
8814.241211 924.110657
3738.080811 380.944946
4087.240723 238.737549
1801.991943 249.996613
3144.744629 279.908417
1028.863525 570.375793
1334.213135 646.471436
2777.013916 609.106323
842.999084 471.643463
35368.878906 1280.701416
10627.330078 808.036621
72.142754 530.362366
612.828003 482.277313
1264.969116 569.830322
10000.301758 649.018188
5.058364 846.007385
6357.214844 1098.541138
37823.335938 368.254639
1260.659424 536.258423
1337.153687 600.256409
581.864807 582.773438
5106.465820 323.502197
1345.006836 208.575668
10369.509766 171.929886
3306.492676 401.194702
13024.516602 789.782715
20728.611328 458.489563
13786.955078 378.125275
2341.107666 378.873810
16.092390 156.604340
2196.290771 219.133423
2983.040771 242.225708
3440.290771 194.644592
13801.001953 567.879883
18519.578125 350.628723
1140.614136 185.188980
264.570099 124.468452
521.964722 153.647446
566.714050 131.502899
1079.148438 146.532104
11151.981445 207.222214
9702.808594 66.053741
3768.645996 134.912415
3422.927002 178.999512
2357.641602 180.827927
959.143738 438.407043
1440.378052 668.057983
3446.194336 926.637634
3102.666992 1234.562134
6935.582031 687.365723
485.315704 322.474152
2504.913086 192.632950
146.009216 257.827087
989.905640 53.177471
3578.608398 62.873394
6209.020020 125.362617
7861.937012 265.201630
6436.547363 502.073273
5723.724121 288.506378
2387.775391 152.619858
2661.453369 81.031548
1886.053345 52.832134
2.959517 35.632614
4619.767090 56.509140
1386.897095 164.041382
26139.191406 334.507416
18038.242188 175.780960
158.647888 102.418526
1251.661377 73.831001
443.611084 32.330936
399.800598 59.947136
939.847900 95.572754
5871.978027 127.769447
3412.954102 10.247749
13675.485352 13.234361
7.054577 13.773382
299.213776 17.797415
1486.381836 62.856541
598.059814 190.154556
6550.274414 404.577271
5154.225098 673.281372
4449.892090 23.607956
1406.720215 7.360188
1463.842285 3.268023
671.795349 12.153918
177.843491 354.832062
2299.517334 347.725769
1725.755005 396.345581
8891.702148 565.247742
36023.480469 431.524780
14842.835938 335.968231
1554.819580 334.480835
3460.660156 355.330841
1249.334595 517.641907
317.993591 700.375244
310.687866 1023.425781
2674.962891 1540.555420
20980.185547 908.365967
18732.453125 541.733398
209.948273 406.263489
1399.687378 419.636261
603.506592 100.118858
1730.383545 45.891129
624.758911 25.492376
4977.961914 90.855766
7011.506836 977.666504
3328.803955 591.858276
2252.084961 329.492554
5392.907715 181.684174
2278.963623 327.272705
539.127808 538.295654
59.228672 859.344604
5055.685059 1214.936523
646.732178 62.341187
374.693237 135.660248
2132.841797 184.354263
545.061707 227.616287
1234.099854 497.157654
1172.828613 496.361664
186.852020 618.501953
1700.907104 949.932739
4327.369141 840.601074
4960.214355 626.435425
891.197021 553.119995
698.910400 526.867859
483.807495 21.969851
987.586243 38.776855
3312.649902 127.806564
3365.446289 330.884491
766.600769 354.007568
69.690094 167.513824
5677.761230 75.589859
6143.232910 36.850780
1611.787842 24.527208
2457.432129 12.845631
6753.681641 1.764625
9199.758789 37.667953
47930.226562 270.776794
12744.842773 103.967957
886.305969 32.339424
371.551331 22.099140
2163.133789 113.027618
1585.675659 199.005646
743.031677 368.255219
174.383652 620.193054
5340.978027 7.500961
3317.733887 10.693286
5359.065430 42.862473
349.905853 73.927689
1396.294189 201.599564
1473.736938 153.179138
5396.093262 163.382507
11595.986328 367.767273
4161.150879 424.625580
194.504532 199.437515
165.246704 171.058258
295.038757 206.697266
1792.095215 428.673157
3149.428467 600.219727
14824.443359 739.286865
3758.289062 817.995239
2030.625732 919.672974
16149.046875 551.987793
3968.416992 335.203674
189.745987 309.031189
1588.132080 230.889282
2415.229736 204.829681
2071.657715 216.699554
7488.194824 224.874512
32682.447266 574.087769
27122.445312 539.213806
17400.861328 433.861267
2555.166016 313.886658
854.969055 54.680023
364.026855 147.155090
3829.608398 411.054626
4309.614746 875.413391
4040.661621 127.882782
9378.484375 49.962929
3402.000488 45.306919
5433.563965 45.412514
2032.818359 106.877777
973.474731 48.192650
9088.471680 8.691134
8754.615234 115.615257
9048.446289 445.415009
8808.715820 171.767471
1826.216187 97.571091
2564.018555 112.893387
521.950256 150.927963
1292.353149 185.633087
938.018494 212.027985
195.489655 279.375061
46457.351562 200.157623
12140.025391 60.513130
3929.048828 41.253544
194.439957 92.030037
1494.704956 134.167114
329.854767 252.437286
5278.196289 359.731995
4834.364258 461.413818
328.095276 686.924377
6071.625488 308.459808
493.653351 94.188423
528.713684 55.034195
1121.391602 39.523422
201.254028 54.768906
269.950195 83.347260
3350.439941 130.371735
19067.869141 176.973022
8754.117188 100.858383
395.319702 55.220871
1110.074707 37.544418
3800.986084 69.832710
907.808472 96.038979
4628.479980 129.518311
11858.089844 165.634628
14496.794922 193.255661
5991.143555 123.570389
849.461670 77.047920
80.082657 60.310127
5120.300781 861.466614
1503.550903 1168.125000
7594.564453 1791.557495
23683.869141 2808.167236
9741.725586 437.198975
11050.194336 357.525330
456.850494 504.491394
662.153992 684.407654
189.861633 448.062836
695.749512 367.162262
2183.400391 524.408325
5721.519531 1128.474854
175.863571 2239.693359
858.721802 1355.033691
4286.446777 865.187317
544.298584 612.117188
1106.727783 93.365555
3710.178955 155.250458
7815.408203 249.138184
4011.566895 349.857819
28843.111328 339.402649
2210.537109 225.157516
2800.454590 131.496063
1648.585938 83.554932
4295.158691 194.735794
5161.997559 205.187576
4679.321289 159.204834
12318.380859 81.798828
14846.672852 75.608093
4883.043945 45.345955
756.459656 73.565887
329.530060 137.960724
5473.179688 609.387573
1024.272339 760.228943
2720.952637 933.100952
12.273114 1062.787476
20036.349609 363.564758
7744.454590 426.230682
1962.160156 465.479675
419.570129 514.234009
2726.785400 812.808472
1657.112305 781.441895
3916.581543 871.548462
18592.320312 1274.312988
15760.420898 1228.216553
18491.265625 849.930542
3063.163086 775.926514
344.258484 812.569031
899.217712 159.736588
712.911682 242.481537
14012.891602 413.141449
12405.626953 610.559326
18555.746094 1010.414673
13045.529297 699.943237
3285.470703 407.431854
2357.989258 212.588211
1713.122437 67.870209
439.843536 66.551811
6948.620117 67.406570
16596.046875 58.172268
53968.570312 242.314606
34061.925781 188.500763
11794.328125 129.558105
7446.945801 86.592102
3891.773926 37.323402
4848.904297 74.843643
11355.885742 139.292160
22894.970703 227.035126
9560.533203 9.492567
13176.768555 2.985217
12414.661133 8.373220
2692.208008 18.658468
439.740295 161.680832
1621.578003 269.671387
2231.261230 546.580383
14798.849609 1043.239624
9320.090820 186.027359
1655.081543 77.435577
2994.435059 87.917824
393.946198 122.889664
161.201141 107.743866
528.458496 53.345718
668.956970 104.419250
4622.591309 381.066132
1826.795532 652.491394
3334.172852 344.670441
9435.650391 219.066193
829.612549 166.923447
2.844029 44.399323
1918.758179 120.505814
476.646912 292.827362
1855.256470 560.296936
5355.056641 52.457352
3827.448975 24.815424
2662.751953 24.535765
331.549622 26.493528
1053.895264 382.945404
4722.897949 443.790222
3951.781494 576.473389
22391.433594 867.912598
23517.060547 272.817627
3947.879639 160.909378
2274.506836 211.599762
422.425842 310.054260
114.230652 296.119080
488.487366 290.355591
4851.032227 258.288574
446.862396 280.420044
18738.681641 1038.112549
6759.031738 581.578247
6066.804199 343.207642
621.257324 283.670288
694.345215 512.826172
3441.761963 706.159546
759.699951 1001.661499
3459.642090 1279.634766
7081.185547 426.977325
3724.096191 506.077454
386.668793 491.244202
3541.211670 459.445312
858.247314 318.780365
939.545776 333.254517
1174.108765 601.317566
7750.957031 1205.803345
58146.875000 610.203674
15188.707031 481.569855
4592.193359 450.221954
251.218552 397.288483
1868.743530 470.995972
19.738976 518.548401
2124.429688 550.705688
671.836426 607.212341
23509.521484 917.229065
455.777039 602.891724
5072.730469 445.699829
4705.948730 424.943787
1517.436035 106.241348
1822.736938 109.931503
581.681458 125.758766
974.614319 137.002045
4415.622070 678.451721
6047.108398 459.517487
3146.777588 268.883545
1023.142456 149.884048
799.634583 46.735355
4589.814453 59.915180
3608.193359 85.503387
8263.582031 115.859207
15840.326172 34.923653
1376.610107 45.148800
1018.640320 47.402958
2206.399902 45.088123
1126.500366 251.842102
1554.678589 350.180664
2619.427246 468.410553
7754.431641 600.100891
14441.614258 254.285797
5300.582031 171.184418
5259.779785 149.505203
732.419067 180.979828
4457.296875 44.071255
3964.188477 11.073718
4502.809082 2.090352
11287.988281 54.385662
5903.027832 299.386200
7776.078125 178.497406
8135.342285 112.941147
1707.645508 76.800888
1434.019531 102.292023
3020.442871 145.510803
12957.953125 205.213959
22767.470703 292.121277
11607.794922 38.497009
12387.957031 13.235209
3504.798828 29.014097
2820.685547 63.622437
384.888123 84.208466
2530.080566 49.359692
1181.339600 60.069870
5125.208008 180.624969
6971.911621 200.285477
3366.081543 111.500946
2300.432129 101.503052
1402.197388 105.897423
111.273193 37.733093
2263.054199 44.270164
1149.105103 45.981453
4007.861328 34.797878
12593.653320 162.788422
9951.014648 111.628647
1724.964600 66.216621
999.256287 41.274368
66.812386 149.389801
77.081909 155.247986
4741.237305 181.275177
11353.954102 238.865494
19537.603516 22.059088
8260.262695 64.607628
1336.488892 111.624657
1833.420654 140.595764
49.959534 39.929668
4173.084473 50.256203
10871.626953 106.840591
19155.796875 205.957764
3663.955322 386.980225
2286.515869 257.530212
998.107422 149.525208
1497.598267 74.518715
431.665894 206.124390
2664.209717 381.709625
13522.283203 614.117737
8906.985352 823.731445
18229.359375 101.627052
4292.565430 119.162277
4665.419434 110.934929
1100.817017 122.432877
576.310059 43.843781
514.328491 9.459447
2053.738037 19.387650
456.317963 120.679474
11249.000977 297.632812
4987.593750 174.952408
3296.239258 116.243279
674.576965 81.880768
998.238892 119.547554
8943.586914 200.185303
6873.098633 288.010254
30942.101562 351.345123
6451.400391 56.594734
10792.574219 52.841217
1496.546143 50.572170
1777.499023 68.439888
57.143612 30.700964
218.960434 54.035461
1248.533691 120.365448
3180.928955 222.990417
6919.562500 197.917511
8718.396484 135.594086
11859.388672 82.869110
2236.072266 44.371864
51.280769 15.253103
538.050781 16.625366
109.841164 62.403728
4168.936035 161.807831
3784.831299 40.491299
9328.333008 38.648960
11800.521484 41.200943
1788.915771 31.569750
86.763382 74.121735
4987.034668 87.117958
1017.172974 109.235786
6772.530762 158.506683
446.312653 106.009232
980.518921 55.418442
994.279175 46.396053
1094.682373 58.917084
1700.496216 53.604935
737.095215 75.940758
4025.567871 86.832581
8091.463867 106.623329
17224.250000 211.453278
9841.678711 81.249931
5101.618652 23.907022
2156.713867 26.153357
3399.517090 91.008530
5253.628906 217.587326
5899.341309 383.147888
1345.939209 552.978333
30514.574219 205.914520
2956.003418 99.430923
201.056000 33.388203
995.132751 27.347830
1829.341187 311.948608
761.134949 331.075623
1112.524292 328.423553
1758.294189 287.048370
16273.789062 307.008728
8128.451172 303.346008
7508.702148 292.840973
4641.360352 294.440552
4450.838379 8.484438
2813.837891 4.684628
308.893768 76.279633
3826.213867 266.626892
10381.034180 287.160309
14377.099609 144.833679
898.461121 76.647530
206.812439 38.725307
409.280701 87.373085
17.726011 76.860413
493.412048 105.181679
1963.465088 238.856155
11523.451172 171.775146
2962.072266 63.875664
7772.071777 57.219307
3775.019043 81.988556
1176.395264 2.062871
2762.027344 7.156919
6655.128418 24.552139
7422.240234 64.851418
5492.733398 118.660492
583.178955 53.070511
386.469635 17.467960
2798.048340 4.021829
783.676331 119.372932
981.414856 298.275635
10318.740234 656.102661
24231.984375 1175.027222
3328.315430 56.866539
1889.423828 24.615845
143.891891 38.159473
224.876083 58.786888
345.374329 36.221508
712.181946 7.337180
1851.182861 21.988064
482.287872 157.453064
31364.771484 339.772308
24463.531250 141.952194
3749.248291 69.800812
5334.197266 54.793251
1336.038940 11.695835
2940.237305 11.648756
1963.292847 11.266958
1167.194702 17.431938
6652.708008 12.602718
7903.789062 1.291106
2562.148926 1.975129
2156.684814 7.727262
448.887238 15.767933
3597.206055 43.275944
4096.947754 99.016159
10358.756836 160.953339
40305.156250 59.209297
43181.437500 61.878754
10730.814453 43.580055
3939.311035 20.648321
4231.698242 8.201329
391.966003 23.722591
914.275635 83.006683
12413.581055 186.948059
14052.224609 11.233078
22494.871094 16.833597
25543.570312 21.846546
9720.594727 15.588848
3000.213135 31.360723
630.073730 103.540138
1857.432861 260.648102
1066.898560 488.379181
5220.201172 3.667554
1412.463501 10.038429
7905.729004 18.070423
1806.124390 16.927906
185.472534 215.778198
2727.065430 309.804779
14795.301758 577.933655
14237.459961 1052.969116
7533.945312 194.956146
11276.980469 151.772598
2920.258545 179.101181
1063.889526 199.156921
1062.209717 124.592285
395.702820 65.766991
133.369720 4.992007
2173.398926 50.055462
1668.417236 503.929688
8939.600586 231.324585
77.792923 135.969345
1419.523071 133.845276
242.010315 88.246628
1980.092041 119.468201
2126.380127 136.989594
2780.383789 169.980179
17667.730469 120.767395
11327.595703 20.469326
1374.323364 3.359099
47.882210 40.204895
517.676697 244.499481
3519.981445 317.718811
826.803345 354.797852
1109.730347 363.813416
4286.867676 716.338379
4797.340820 401.872162
2418.249023 220.411072
2276.455078 185.859390
530.759460 122.765633
1185.416626 138.664810
1005.508301 203.633789
6617.357910 279.516418
22955.722656 282.930847
850.679871 284.166656
3.897131 232.179474
357.731506 163.149124
1618.853638 21.777292
1879.070801 8.342804
592.496582 0.244038
4346.971680 17.660040
34565.375000 63.838806
11894.417969 31.108734
1611.364380 24.729597
93.193237 26.726480
1176.882324 319.799438
575.111145 389.369019
642.239136 448.064606
9007.913086 531.709167
8096.880859 106.834618
791.117371 63.848255
654.874817 120.357254
1000.250244 223.000076
1496.161255 279.188202
1185.245972 436.711212
2902.936035 725.753296
10191.677734 1143.119019
3549.030273 1055.779175
7705.953125 632.610596
5075.500977 364.707672
1225.009033 252.047653
914.725342 279.936279
2584.226562 366.133453
2593.090820 467.474762
1531.871338 555.345215
2569.767578 204.616806
5108.103516 200.064240
2164.357910 202.757858
1538.804688 225.474564
1934.515381 219.276886
1475.604858 168.546494
5093.684082 153.738098
7919.941895 232.256149
36118.773438 537.361816
8211.493164 383.039886
8628.422852 306.749146
3150.100098 264.954376
286.170807 241.362122
4304.831055 276.587524
536.123718 287.703979
5751.926270 273.020325
16702.800781 85.126671
872.704651 104.941971
3035.708252 142.465500
1191.937012 191.983368
1419.339600 158.454819
330.463470 122.353226
3291.563721 75.418976
7685.514648 40.573700
521.803345 126.601791
387.522247 136.336639
508.207397 156.913391
5909.607422 169.423126
1738.474487 95.378136
550.937561 59.778709
1188.924438 46.070953
6644.746094 88.594810
22800.859375 187.013214
25545.695312 143.207550
5762.576660 131.690323
7555.153320 121.961761
623.588379 60.097260
1519.765137 92.955132
2325.108643 162.787338
2836.056641 257.046967
23719.402344 56.232952
1207.592285 63.846687
1467.006592 63.308720
785.212097 56.616467
2866.505859 26.673822
370.624878 24.510609
1432.520752 19.650211
235.574219 10.767220
8835.162109 112.562401
3648.784180 78.157043
1347.542847 49.391296
560.087463 32.709805
339.381775 74.067772
2437.963623 112.169891
2825.687988 158.705658
5666.427246 205.902496
6846.345703 40.108929
6725.469727 31.724960
33.077347 34.265015
1554.765259 48.030289
1148.516235 39.704365
1284.513062 8.838680
7230.637695 8.647775
1680.586914 60.785324
11007.958984 124.402916
1344.174683 103.445618
904.042358 93.079231
141.679428 73.257355
587.146545 57.437439
6413.604492 77.708969
4559.574219 127.431282
9884.409180 191.795151
54142.507812 61.486740
13404.917969 78.202797
882.127563 76.134628
1045.169067 62.836555
803.922119 184.098114
4773.679199 224.256577
24051.738281 351.806763
47241.277344 548.289246
21808.197266 232.147797
5924.096191 247.211578
3104.950928 237.940018
2970.594238 204.785233
1854.629028 186.164062
1506.894775 262.299622
670.983398 340.600769
4302.363281 367.308502
1540.104370 315.984741
5522.374512 265.149475
5317.034180 195.549881
789.209351 159.620422
1364.780884 229.450119
219.893585 251.509949
5853.249023 315.214020
4888.696289 421.126343
6540.440918 177.840469
2373.629150 199.587097
167.919617 220.594284
1362.526001 227.401306
3437.691406 25.916010
2239.169189 58.419540
7717.096191 125.422157
7957.339844 251.716766
26370.595703 224.533524
12702.476562 84.850693
1199.730957 22.347424
369.099121 11.545774
6918.677246 152.377243
5768.497070 193.783325
1499.486084 208.284744
5872.858887 183.484406
13431.821289 239.823807
21582.162109 162.696701
12003.423828 115.582886
3629.368164 115.844383
775.432739 30.836582
1149.170410 15.200551
7405.203125 51.487503
5176.895996 165.193008
50422.875000 102.217209
32495.839844 76.971039
3756.052002 72.563324
4022.515869 58.645107
848.709106 20.278860
691.601807 48.924068
8459.424805 81.083466
14549.271484 105.139786
16893.726562 11.592463
4879.774902 5.441031
2259.107910 0.254779
2170.199707 3.544490
2978.713135 0.857385
1566.837158 0.916387
6586.829102 7.413574
1824.831055 16.855999
31711.007812 20.305994
19649.289062 20.905876
8048.312012 15.335915
2052.247070 6.947889
882.934875 85.825829
1744.007446 105.563248
2379.657959 106.849731
6108.444336 105.797668
18069.720703 68.280472
18216.007812 19.532944
1261.861328 18.831459
38.450214 49.974651
1345.105957 76.853661
287.419922 101.836197
1052.452759 149.341461
32.113785 188.985458
11507.678711 179.780334
9612.744141 169.179001
7507.269043 129.226990
3358.619141 89.158432
583.011902 109.653397
1516.173096 100.849236
1519.577637 113.633911
3075.482422 197.997238
1306.576782 120.374413
6175.289551 58.814632
1026.484497 69.838531
166.424286 99.831642
146.635010 10.583478
1054.352173 13.688565
2744.451660 18.571186
6433.718262 39.522987
220.407898 176.089813
168.863602 79.686165
236.019470 26.570669
847.853271 9.794693
1037.007812 24.976915
2832.913818 43.273773
480.725037 122.499481
3050.677246 293.417725
4335.810059 40.399002
10483.237305 0.581035
5167.501953 9.156269
2586.643311 21.994181
39.305122 68.796753
507.900909 152.224777
308.960510 413.077454
9717.029297 896.501221
20174.380859 71.166260
313.652893 11.598056
5607.570312 36.467644
2123.327393 57.130344
2358.659424 178.553192
886.064697 132.273010
297.748810 138.223572
1470.170532 347.011536
9862.859375 599.499329
25506.136719 259.085358
14036.795898 165.374207
3227.873535 181.120056
2294.558105 9.493496
1834.105347 28.281197
2650.060791 96.656448
2672.633545 260.690430
5474.815918 242.542862
285.325317 77.498398
1717.337524 13.550566
3646.900146 3.954071
2451.376465 199.016678
536.399048 243.044388
2089.535156 360.176575
3746.347656 657.584534
41999.875000 378.908997
5796.943359 127.915970
668.777649 89.892822
414.833618 145.624695
2643.876953 318.907349
665.613892 422.524353
1309.696655 451.636902
4427.175781 424.266602
4229.496094 802.397827
4905.339355 413.784546
9881.216797 213.937378
2436.518555 210.827484
971.798706 110.542587
1094.005615 61.491238
9033.284180 40.675014
13003.179688 46.240101
1264.673340 408.248993
2656.783203 349.498138
874.836304 268.825684
2333.207764 183.536011
1167.728638 146.309540
47.332008 207.737320
10404.240234 349.271698
14861.814453 572.217163
9871.124023 90.660690
5733.318359 93.281654
240.094910 114.553101
2510.522705 128.384827
339.247681 33.669216
2850.374023 26.485058
1759.216064 20.261322
1861.234253 9.021458
42295.183594 261.298584
17387.572266 180.060242
4841.674316 105.607109
80.961067 56.198090
719.152100 40.157722
4564.492676 93.314445
2552.302490 180.135361
673.764648 285.400604
14767.900391 14.837181
2236.100586 12.753798
1250.358887 13.175982
406.984009 18.041630
9.572007 73.910278
614.187866 198.120926
5195.910156 434.949005
4204.882812 771.097412
22137.158203 99.229332
508.132416 41.955811
920.762939 25.839249
735.820435 30.575348
2649.969727 183.343491
980.319397 138.655624
658.714478 69.697830
8328.548828 11.202729
18015.320312 327.847290
7455.824707 244.081680
4199.314453 207.075714
1024.166138 198.228409
49.776093 49.857861
915.536621 89.092239
92.423950 179.415833
5744.532227 299.228424
4974.969727 168.541153
9782.204102 138.449188
750.892395 97.427727
925.182983 59.571045
244.923660 234.012741
2899.817871 285.019775
1108.323364 335.025024
8516.956055 372.481903
5174.170898 52.627037
3044.505615 95.205788
1868.083984 140.805328
1903.834595 186.417297
732.423279 43.558151
985.087769 102.024208
2771.201904 289.915283
1571.640015 626.055786
6995.841797 392.115265
8055.071777 222.908691
1827.875122 124.408379
2124.883057 64.181053
575.192505 51.864685
2790.761230 87.235413
6902.600098 202.788239
1920.995605 419.826965
2170.099121 189.610596
12731.560547 104.473663
36.195129 71.074722
2918.491455 55.602821
531.693787 393.385315
200.315903 494.802063
3099.962891 676.185730
5219.044922 972.091431
2827.281738 526.101868
18946.804688 352.883728
8471.019531 306.798279
1486.924805 332.692047
1003.116211 37.406910
2269.712402 46.611687
3933.712891 106.414917
2637.589844 280.193298
1055.644531 672.817688
2320.704590 316.858978
1458.936279 124.626907
541.751465 52.905754
1146.779053 41.508575
67.203476 94.434158
5704.881836 213.048126
2934.947266 429.902191
44095.140625 134.137497
47905.878906 24.345604
10972.506836 0.071804
2179.713867 14.401977
699.898010 152.082443
3706.094971 138.025497
1575.494263 124.401505
3130.659668 176.148422
2869.383301 416.347534
24375.718750 215.064880
3856.331543 140.833008
776.063660 142.089203
1662.622925 213.129318
2120.823486 265.286316
6060.820801 322.660492
12855.089844 352.003326
41787.613281 196.134857
14654.750000 203.728607
377.684998 192.572662
147.650757 188.879272
876.945557 58.777180
3144.587891 39.490707
3540.874756 114.265709
5010.603516 314.744659
4821.669922 182.275467
2609.226074 152.347488
1544.317993 141.842621
37.541294 109.333908
112.173401 227.700104
1801.468384 379.813721
967.959717 555.203552
9333.161133 694.038086
16942.695312 59.896858
2668.648438 79.667786
4556.826660 93.810143
14.011393 133.300781
3611.924805 512.881958
3141.163818 494.517517
354.218536 535.042236
3324.317871 676.999268
8579.868164 516.225464
2644.987793 500.557617
3319.668701 523.542786
2154.119629 532.969116
382.431091 358.673553
59.416626 452.059204
112.332703 574.633728
1852.414673 727.847900
14398.067383 762.916382
13765.032227 503.704956
3633.313477 353.189270
1417.421997 314.172241
4126.165039 284.707214
3441.013672 358.427307
8951.409180 447.014435
7216.603516 516.050232
3200.784180 586.376099
2142.494873 440.424591
1721.225220 320.164459
48.708862 264.836395
4132.660645 47.759590
8541.206055 183.237183
5854.675781 420.664093
10884.808594 716.570435
22900.875000 91.567673
11440.185547 55.704300
3828.178711 23.704956
1410.800293 7.764893
28.727661 188.825226
626.739807 135.155853
5671.451172 62.233013
9769.661133 27.250185
11216.673828 284.978058
9620.509766 199.248962
1141.689331 185.040421
2352.700684 198.423920
1257.552124 150.618256
6187.996094 207.877930
4753.250977 249.627014
12781.503906 278.033569
619.256775 317.993988
17255.390625 173.154510
2555.553711 100.347717
360.301239 102.134003
115.417191 137.973450
2460.613281 193.821564
7997.314453 292.806213
8463.646484 380.830078
31266.830078 287.461914
14003.323242 272.992645
10784.370117 210.929153
5708.010742 149.748001
2470.496582 300.542145
1109.936890 332.505829
3448.676758 460.455719
19640.787109 725.470093
4936.140137 299.832153
4160.435059 256.217163
867.214844 276.123352
1519.952026 295.962952
1068.256958 61.739845
1367.849731 112.855003
2976.197754 195.961746
429.826294 343.436066
6466.575195 513.512939
176.641907 231.234833
3562.153076 80.726318
37.396851 39.872860
3736.914551 325.251862
704.057129 396.689575
7566.115723 432.986176
21590.468750 485.077850
693.393433 745.748901
5732.215332 388.837677
2143.689453 231.600159
333.596283 241.512238
1979.300293 433.044556
1188.030396 471.998230
4801.536133 540.199341
19930.525391 581.737793
5079.632324 536.529846
5217.982910 554.779297
476.509460 508.795990
100.430862 451.108032
944.953064 782.500061
4203.797852 1159.961182
3381.388916 1987.763916
4974.702148 3218.022461
6566.357422 980.371521
448.563599 826.432007
1198.340820 760.200684
2539.479004 713.619812
2076.840820 596.931519
3700.736084 526.885803
2969.299072 487.230133
3584.530762 580.675354
31215.248047 1850.000977
33202.281250 1236.529053
2485.606445 860.433594
210.245972 682.298462
313.690094 25.346573
4231.678711 87.589058
1237.092163 179.670914
2556.047119 297.804443
1730.215332 368.289093
3745.721924 176.942123
699.389954 53.811966
1194.265625 7.413033
595.818481 11.939490
5235.623047 19.903078
3233.043213 27.180012
8737.333008 53.880684
4306.128906 311.597107
2281.050781 141.427704
3236.357422 42.935604
909.012573 9.897141
38.686909 11.174520
166.398743 30.541273
7725.998535 70.066795
10203.041016 131.835876
5088.031250 70.334579
11066.512695 32.416630
3540.362793 12.793505
291.540527 6.350408
1792.948486 95.035393
731.296875 144.422668
550.872681 193.468872
1122.738647 222.007095
24943.625000 39.079048
10473.180664 42.855274
4075.298340 46.069450
2072.585205 60.932331
374.316498 34.264603
2482.201172 21.534468
5815.354492 9.531185
10101.173828 4.066180
2355.344727 104.664612
6060.400879 78.821823
5618.620117 59.654369
1340.329590 46.096237
31.123993 201.740128
897.868530 344.629517
1960.869873 541.221558
5691.259277 756.152405
5250.000000 67.972473
9056.274414 61.468300
3326.697266 77.079338
100.470245 117.863281
1490.391602 427.209717
3565.719971 406.361938
9087.679688 465.303955
49806.839844 671.864380
7870.454102 724.959351
3729.475586 556.412903
2329.584717 490.813202
1116.495728 461.345123
1549.827515 22.472616
2711.885498 78.876381
14339.107422 262.813477
11189.479492 563.944885
3294.249512 454.891724
3012.567139 296.112457
7920.411133 165.434692
532.237549 65.089233
1573.875488 48.644173
755.737610 99.671883
2043.522339 193.079437
1440.908813 325.866760
3640.310059 84.856232
19175.531250 44.094036
2033.656494 28.420645
1152.643066 29.001852
1473.191162 68.480125
1053.842529 49.505009
5996.118164 23.429731
9145.064453 3.579120
35354.117188 63.088055
1001.505493 60.492096
943.709595 67.423218
337.136292 73.471130
1127.678101 215.222092
3046.516846 376.590607
3279.394775 608.721069
9255.705078 878.496643
4286.706543 311.818146
16069.759766 192.106491
5456.474609 130.841156
2019.022705 135.126251
342.219269 20.276625
569.026733 7.539797
506.563995 33.960140
4437.206055 115.261017
18171.556641 394.616882
6114.401367 243.103928
10485.002930 133.128220
546.745300 61.686989
947.437317 56.290749
1466.313721 147.074066
375.035645 306.224121
2060.986328 514.605164
3306.457520 34.109833
3518.475830 16.795755
5412.841309 13.986650
567.909912 21.016687
2173.257568 349.092041
843.230286 645.886963
745.964661 1149.120239
524.159119 1795.473877
15520.249023 271.877197
8456.250000 208.894165
489.817749 197.363220
2630.913818 225.745117
1656.521362 327.684875
3372.850098 248.990967
14494.767578 409.675568
31178.349609 952.431274
6736.437500 808.901306
775.304749 594.097168
2143.399658 528.757812
413.446777 455.675110
87.348526 437.006409
658.492676 588.635925
1998.616089 779.307373
1276.387573 1038.291260
4430.733887 909.812317
1365.354492 521.654236
1984.208496 340.415070
1334.631104 335.387573
264.204224 159.079224
1958.480347 309.047058
7463.280273 487.719055
7713.354004 732.078003
14660.457031 1345.234863
5505.697266 631.656982
4999.885254 213.001892
473.019165 88.822342
39.003895 1.667422
3963.064453 10.307944
3781.727051 77.843826
14207.042969 242.090652
10113.871094 502.493073
7901.143066 250.184067
475.511749 100.700813
195.428955 28.703487
434.915710 39.412235
1942.202148 58.226208
353.281860 82.193314
695.955750 113.629692
1120.330811 136.340851
4285.688477 73.824448
2607.066406 38.508152
671.325439 29.803596
1576.531494 34.302780
2672.469727 29.975925
6921.407715 67.865173
13018.474609 166.162766
10095.939453 63.108753
1245.963135 50.419304
1490.169312 54.075706
295.221222 49.560806
2657.396973 79.182930
1822.130737 82.377327
6765.154297 91.240540
15224.153320 116.481476
8366.388672 128.371796
106.352966 90.104889
2074.789795 75.882675
491.836609 75.812286
2255.766357 59.606178
81.759171 100.519287
1220.305664 140.958984
4703.916504 179.722443
7953.346680 58.013569
2340.990723 17.341806
8030.601074 7.469238
3909.953613 24.945053
519.101501 52.437233
6032.796875 20.213711
4343.864258 21.052660
16836.740234 92.108421
7160.591309 208.357681
991.477905 135.011063
1374.537964 104.237473
1026.188232 83.439873
517.939087 103.820488
1222.698242 149.978027
1159.511597 227.719757
6981.607422 314.815979
15940.698242 76.900803
3983.441162 92.673897
4549.607910 93.827629
1311.453613 90.580582
4809.395020 345.846710
4130.645996 416.644745
2323.483887 484.686737
4566.138672 517.362793
3138.857422 280.459412
833.512207 283.963684
1643.134766 282.584320
255.666901 298.781982
894.477539 171.041718
1246.217407 105.970642
740.515015 50.911705
4276.389160 40.601181
10408.373047 355.450806
10991.664062 295.079529
2008.534424 257.484589
145.194931 222.035477
470.971100 138.083237
889.658569 323.829163
340.741852 595.074097
4554.464355 880.989258
338.363220 125.900658
7772.640137 95.105652
921.925049 61.441425
1171.428467 59.567265
2541.205078 171.441437
1963.814819 238.350937
8061.710938 390.078613
10762.591797 620.692017
631.260254 537.808838
10900.771484 365.694611
2730.280762 245.521713
17.290657 178.418549
800.444824 391.530090
9630.205078 503.724396
11310.940430 720.089111
50781.371094 1048.758301
1970.982178 328.873047
3524.397461 284.040558
2421.491455 301.473267
4822.159180 337.443085
112.567604 571.598206
6771.174316 831.428223
10349.805664 1376.651855
2394.141846 2258.001953
51527.230469 1301.724487
11268.812500 793.319641
7668.069824 557.931030
15.886139 497.655518
1498.998047 705.173706
1215.903687 788.303406
6243.257324 884.397522
10423.848633 1014.018677
23277.339844 2159.187256
3447.739746 1416.562378
8647.059570 919.551819
3453.449707 708.629211
1946.140259 87.140274
1549.554199 59.819496
5401.861328 80.015839
2158.684570 118.706726
2054.961670 622.802551
2842.021240 491.465698
5294.453125 326.609192
488.531921 179.278839
2.435896 62.440800
650.325500 86.523811
2895.934082 120.416595
9292.003906 158.780136
33038.656250 35.468975
19089.716797 35.745319
1596.236084 40.108231
232.432587 48.072647
687.471191 496.598328
3648.378906 713.814697
11512.138672 1028.182983
3604.994385 1373.269409
22993.703125 288.671417
12413.832031 309.352203
3559.525635 336.118469
1979.458984 383.469513
88.354279 274.137665
846.435669 208.936356
2313.519775 178.411713
231.663071 293.618958
2246.615723 1009.664673
3974.419434 604.822144
1526.359863 401.483215
1688.055664 324.196564
261.542511 71.564117
511.394897 121.128067
1803.136475 196.096741
2448.481201 272.527802
10483.779297 80.574463
1807.700806 76.397919
7158.984375 63.154148
1579.559570 55.388519
1962.925537 290.353363
2255.194336 288.618195
3184.860352 263.205872
11996.707031 262.633759
5194.486328 191.417374
1179.219360 146.812332
819.045715 182.198242
145.162125 247.539200
667.299255 104.347321
3482.567627 172.742264
3520.797852 312.810364
4298.541016 498.365723
1010.416443 548.775940
972.618042 365.588959
9012.855469 213.143753
2037.793701 119.510483
1124.134521 347.841492
4552.875977 429.323914
3137.909668 525.013184
6552.356934 598.652222
31106.130859 203.489731
4641.264648 245.261902
10661.416992 270.655762
3392.551025 297.494415
3049.889404 163.126602
176.545746 165.339783
1.848764 146.209503
2464.011719 126.583778
3929.057617 293.658142
2880.618652 190.076523
7820.373535 144.650116
15.544170 146.359146
135.993652 176.891571
6616.536621 282.946014
4013.293701 558.827637
21794.771484 1014.884888
7814.774414 178.080032
2551.304932 145.488571
711.429565 158.172440
871.168762 161.851456
1156.224731 200.562286
593.848816 131.319229
201.489609 48.432518
2900.340576 23.242279
72192.257812 376.544739
26358.908203 253.562164
9398.458984 220.113556
3432.437256 222.569519
2526.741943 16.845491
1442.993896 37.182526
1723.762573 88.800995
1791.346436 146.013840
1.443314 125.669731
9977.270508 114.961990
4459.881836 76.861588
691.570496 34.997665
1688.749268 104.858307
5173.210938 146.656387
6817.450684 256.195923
8169.669434 454.894043
3581.690674 12.578688
4440.494629 13.239852
1822.075806 51.833946
2779.209229 84.392014
198.351196 80.266655
656.720154 72.509003
4685.649902 149.791901
21429.216797 431.081055
1719.751465 319.346405
1729.714111 85.334518
860.165955 44.918350
115.189529 73.519699
2376.316162 209.402237
341.445862 269.478790
3233.664062 373.827209
4346.937012 594.262573
29193.730469 563.072998
1788.781006 259.042053
1327.652344 147.602600
731.558289 158.019058
16.681454 48.439671
2332.030518 60.033371
4243.305176 72.850967
10824.294922 100.395416
1000.260864 657.951172
5395.680664 361.057526
2521.806885 158.270416
3822.441406 65.007965
1770.807129 5.621043
828.338867 7.418402
4426.042969 5.593131
1676.766846 9.329365
24458.623047 71.641380
956.341125 24.705757
1952.226318 2.948190
221.668716 0.774811
2450.588867 73.621895
466.379761 80.087982
203.629623 105.117310
1765.383179 151.106934
20174.099609 11.629840
36689.652344 38.402573
20869.675781 61.862244
2172.800049 72.229813
27.737932 20.410639
2257.770996 59.911179
901.088013 173.961716
3639.809814 375.154846
2439.761230 165.359329
2804.128906 83.238266
1644.530762 43.851479
1523.358398 23.239471
211.900909 48.933903
1231.268311 146.888474
1896.737793 334.455688
795.671204 603.401855
12025.582031 38.002193
430.234222 3.153008
1928.427002 1.216846
1568.632935 12.166631
357.260132 215.085220
3620.813477 229.878372
1199.570312 270.197693
9943.088867 366.042297
2525.879883 345.388184
1437.639771 240.724792
823.218323 204.067200
2093.597900 204.858871
809.846375 222.130249
262.876099 239.442627
1651.921387 243.385620
7952.271973 248.159225
15285.239258 454.048279
1763.030029 305.548401
4163.211914 223.506409
1108.951172 205.611969
1339.648926 29.341808
1160.474243 39.805847
6667.000488 65.723366
3921.690918 86.255104
23738.550781 218.346603
19830.574219 166.749802
9074.017578 101.707039
2791.687744 50.013893
44.333183 51.327507
159.747589 76.869301
3520.237061 109.632957
295.323181 149.670105
7531.845703 3.255968
7213.373535 1.247359
3973.889160 12.496957
682.610596 30.252535
1141.148315 101.665741
1763.780762 203.848099
3321.516602 385.034424
5918.439453 648.116882
15345.461914 151.742523
16121.888672 62.605381
551.082397 38.718033
837.205444 53.240826
2146.634766 160.642944
257.753448 200.481064
3187.364258 249.973206
98.588722 315.792175
4146.803711 464.559631
7700.020020 285.925751
3670.483154 178.392548
1039.627563 144.123352
91.875816 624.084717
1830.302002 543.058716
3089.415771 417.038239
3745.918457 288.214355
19857.392578 415.271973
1540.796631 499.515930
5272.132812 585.262634
3639.832031 636.451965
7546.517090 1051.755981
448.493744 1175.984009
1226.707886 1250.766724
32834.289062 1165.983765
49490.796875 1529.395996
2212.112305 1336.494019
10602.933594 1119.550781
3598.806885 1010.328796
5121.918457 449.369263
1305.338379 442.380890
77.652504 411.610352
4996.334961 337.632477
26244.492188 520.015015
5455.346191 513.776917
9509.599609 483.823486
8913.596680 458.824493
785.113403 811.468323
2393.546143 829.670105
7141.615234 823.045654
8300.737305 718.626831
12648.129883 1222.015503
9342.077148 1125.237427
1410.483276 967.887634
1114.837402 847.898193
244.739838 764.135986
2372.688721 799.277588
2847.233398 927.331787
3355.456055 1037.799805
10654.215820 1089.607178
299.562592 1136.947632
2909.578125 1024.075562
1779.652344 859.178223
11.838983 102.997368
432.142609 54.978363
3445.417480 22.278379
2398.651367 21.496113
17415.847656 63.934097
2853.966797 113.932091
8139.545898 144.692474
9821.333984 139.911865
6796.833008 32.009315
2020.661987 27.871452
2613.174805 16.988346
86.958565 7.656411
5574.218262 9.582371
4655.621094 6.861489
5517.020996 15.091022
1595.233521 26.378536
5213.332031 419.150818
2170.994873 401.795593
507.987061 381.158569
805.499268 321.255371
5857.937500 864.042114
14323.382812 743.914612
601.265991 594.372681
1692.630249 477.309143
1877.323486 350.552307
3032.552002 462.690216
3066.934326 570.112427
9957.554688 604.057983
18257.802734 380.666199
12333.078125 354.865112
10166.968750 305.639313
22566.449219 292.889618
1223.892578 38.676743
2125.399170 48.951599
1166.970825 97.413765
1770.764893 149.807327
1961.625488 228.629791
3161.811768 210.627472
433.414062 148.323120
1078.686035 78.080078
376.995209 130.678528
5262.344238 140.999786
6115.681152 100.855995
4442.375488 38.410477
10151.192383 63.489170
4333.176758 9.267715
3109.183105 22.091267
2967.712402 77.955856
3605.743652 420.857300
185.956894 426.656189
1262.827759 446.093384
4035.952148 418.267242
16455.960938 865.998474
14796.361328 769.990234
11492.640625 614.606812
318.545776 481.446167
2622.607666 76.023361
124.325180 97.020615
6860.775879 97.146721
2344.065674 78.855156
3804.504395 272.219360
5544.859375 149.515884
668.422607 74.962143
5542.558105 57.435425
2304.366699 977.676453
2961.953613 915.835327
12234.854492 837.316895
2173.805664 679.948975
8881.000000 1598.406250
12668.507812 1482.262695
3125.169434 1278.407837
1023.891113 1092.002197
430.120148 914.220093
2287.790771 1028.929565
8670.975586 1222.429810
15013.061523 1367.039307
20750.035156 985.866333
13977.171875 1078.636230
3558.398926 1024.569336
5152.587402 930.119568
1147.724731 39.416138
16612.279297 57.614063
6708.714844 100.024307
14215.528320 145.744888
10320.849609 102.865959
12268.523438 102.604492
3043.694824 79.247543
1262.248291 50.796455
3623.800049 109.734024
1251.738281 135.470047
7773.496094 199.057877
151.303223 244.503708
74438.859375 450.489655
23455.636719 384.728271
1581.883057 265.178864
801.302612 156.355042
9145.867188 423.849396
2595.906006 346.600372
886.502075 255.802628
6877.636230 172.063919
11832.384766 366.077820
10587.747070 432.372162
3721.100342 470.764526
3226.900879 468.625275
1938.344116 174.340561
4677.283691 183.106415
1859.388306 220.366394
1123.763916 249.957413
12920.427734 377.569458
6406.237793 352.930603
2405.072021 284.151031
531.505066 212.192154
2473.682373 30.421761
1421.343750 18.403406
4565.699219 10.799667
2045.563965 6.888575
6414.016113 78.922226
1538.802002 74.135162
4123.163574 61.882854
3046.841309 45.910160
479.269165 72.122185
3571.755127 95.912209
6914.075195 107.364441
2679.979492 103.014984
1471.140625 16.177645
6650.956055 13.925141
1684.085449 23.340963
6100.689453 44.712074
1043.987671 299.813995
244.434708 210.018021
6346.358398 114.634277
233.855087 62.665348
22937.298828 194.295990
34289.691406 254.470963
2625.968018 317.898804
3234.810059 340.441803
1984.798096 262.426880
444.494019 217.825226
4587.479980 182.101410
742.030029 156.529541
5135.002930 267.051300
9188.365234 314.899933
2711.021484 326.555603
148.537720 304.408203
3503.101318 53.288071
3348.754883 77.618309
14483.359375 140.085663
14510.071289 220.225510
13041.873047 124.726669
16447.792969 121.708763
4945.574707 97.344383
1469.138916 66.297272
3142.493652 189.621307
1808.824707 253.235519
2145.249756 276.636383
5249.171387 237.036911
3921.797607 249.813248
3877.153076 169.959793
9060.208984 121.862839
636.674744 132.068939
4610.293945 436.267029
8377.411133 444.308075
4087.023438 449.015442
15777.048828 432.953094
3337.636475 402.758331
1107.742065 434.276245
3946.596924 440.012634
11056.221680 435.814056
473.709167 13.477811
3159.811768 2.932664
2775.627930 2.648957
20325.484375 8.856186
1910.193237 65.904343
10871.878906 65.932419
9607.569336 52.847626
2046.222900 32.455704
346.816132 166.868713
332.813416 140.295273
3761.768799 103.513519
2876.637207 70.385986
22807.857422 141.893646
2414.737305 153.179016
18769.757812 167.877884
1378.144775 175.489685
2227.757568 286.340790
948.205322 249.743591
5063.892578 193.061768
17044.179688 127.497467
11230.507812 277.473206
896.210327 290.916168
5680.830078 300.149506
1589.312256 301.194519
1955.382446 376.561096
914.585205 435.863953
9279.624023 463.912781
2684.047852 427.547913
18589.500000 356.611176
9264.267578 337.321167
1108.658936 317.293243
1332.101562 328.466003
1243.456543 164.267151
3896.299805 185.441803
10131.333984 259.596069
4429.825195 345.509674
16253.078125 276.396851
12246.202148 299.915802
3454.798096 262.965668
2364.421875 201.102829
91.581268 206.482010
2848.798096 242.947525
6717.537598 220.669724
4719.501953 143.581894
18359.164062 252.100266
12278.262695 154.804367
6975.073242 118.206375
1930.394653 147.336380
2261.991211 480.779327
3148.700684 443.841736
2636.238281 463.797150
10891.021484 485.324036
14520.763672 794.333862
4069.509033 815.864624
7749.945801 725.163879
3338.138916 588.323425
1012.139404 67.447342
4863.216797 119.733795
3627.044678 169.617264
1975.736206 184.906662
30800.394531 189.789581
22.500370 130.894577
2708.658203 71.940338
39.200863 46.498817
431.433838 13.614822
8976.932617 7.650765
17988.453125 18.843761
9430.298828 35.079781
23671.261719 145.259323
21306.986328 123.079567
6341.823730 82.837463
889.625793 41.069439
2400.315918 312.071075
587.319092 352.150024
3349.259277 335.642426
16445.326172 248.776581
644.063171 422.621094
8506.873047 322.325439
6308.999512 261.072113
243.253647 264.471069
912.982544 210.201782
249.537079 234.385330
8322.220703 286.007202
6059.794922 310.761475
5078.134277 496.990814
583.155640 447.754456
21017.417969 344.440308
5087.356445 249.224030
463.071564 63.703217
4133.928223 56.149277
4426.832520 60.142151
5281.744141 63.094269
4452.420898 199.280029
389.998352 174.651031
6732.427734 132.178986
1019.714111 90.309578
458.754333 99.023544
484.083130 117.724007
2104.202393 132.250809
8733.804688 126.508194
13135.510742 160.284882
2203.697754 136.945526
626.228088 108.618042
2674.794922 93.499321
2904.787598 23.984367
684.417908 40.044708
4592.882812 62.824612
5849.181641 77.565285
6030.172852 96.582214
12413.958984 75.135544
5337.377930 46.321724
4876.003418 25.818197
639.749023 54.520546
423.322937 55.062794
295.394318 77.759895
6344.680664 100.189232
20574.703125 199.052429
2226.559326 183.410187
239.799911 136.824081
3387.232178 85.353706
2909.112549 10.489885
2178.663086 11.091819
5503.494629 9.683032
1919.899414 11.595963
13707.527344 67.209595
7001.070312 32.502388
1629.184570 13.898046
1272.466797 9.110943
1460.281250 174.500229
2575.942383 174.133331
16365.765625 164.191986
28977.107422 139.521042
295.450989 145.676620
732.327271 161.246979
1911.783936 167.990753
1268.679321 171.549835
1248.410889 86.594261
2187.417480 132.775101
4320.570801 175.204773
2771.501465 192.627365
28563.453125 64.906403
34416.347656 56.981213
8598.714844 48.693787
11001.922852 56.102104
2984.773193 321.282349
2462.939941 356.765503
5645.634277 391.762482
9668.707031 385.935913
1779.953735 529.465393
6839.145020 464.846313
4876.956055 380.747101
3409.987549 324.980713
1299.750732 270.457153
456.862549 199.608734
5783.004395 159.827606
11890.261719 144.536819
19200.818359 420.795685
8841.975586 457.825928
17095.693359 431.350891
197.075119 358.034515
356.539398 14.846055
554.228943 14.612911
10317.250000 18.411404
4987.503906 23.525698
9663.100586 53.311188
8328.045898 43.402184
3278.709717 31.178183
1046.073120 20.637722
1952.085205 45.522770
1398.041626 46.874256
1196.252808 45.148266
172.530609 39.914043
23083.367188 32.420914
6106.811523 35.624813
3080.038330 38.889179
2191.702637 42.410595
4490.015137 76.886810
1608.360107 154.393738
105.571648 231.166260
7774.004883 263.293884
10947.286133 189.565582
3094.862305 127.662491
3672.915771 64.267296
2414.065918 41.253899
177.146545 200.335709
1919.727661 158.766388
2767.125732 131.215820
22989.378906 112.653221
612.380005 377.117889
1170.002930 359.911743
4157.310547 313.874084
2520.019531 255.239029
207.389618 357.355225
4285.195801 329.895325
3153.686523 262.905762
9654.688477 182.651520
1284.664062 121.321075
13268.962891 189.117111
1756.460205 269.445221
864.525818 334.009766
676.713074 87.792175
3262.873779 67.778084
1361.367798 95.247955
6321.741211 152.783478
23606.568359 207.256104
6804.125488 230.488205
6264.642090 203.688446
2767.776123 144.173187
423.177856 116.888443
2643.730957 98.522926
9200.173828 65.322540
8994.369141 38.207783
9808.642578 107.919785
195.074783 89.984253
4197.960449 97.390083
1541.324707 113.143730
2798.666504 795.802429
501.915161 650.637817
2790.034424 507.024872
1482.372437 389.174438
48873.070312 827.767395
25998.113281 929.355164
884.447327 958.660278
282.011383 908.874451
4549.215332 433.589081
580.506226 482.738495
1847.080200 601.657471
12305.590820 700.313843
9539.980469 833.335632
8505.670898 788.679077
4419.206055 645.674561
1122.592285 498.020874
76.573181 590.071350
3799.448242 481.530457
9381.197266 317.863617
10392.720703 176.158630
13444.569336 176.158630
10392.720703 317.863617
9381.197266 481.530457
3799.448242 590.071350
14.430733 876.610229
861.932617 882.100342
88.124840 831.691345
3195.500000 700.658508
96495.242188 1144.285400
7266.008301 1029.750244
656.843872 923.394165
1582.982422 873.808350
6315.728516 908.831726
316.216949 867.660645
6404.517578 815.501587
5228.928223 690.725159
371.215057 1417.356812
1363.372559 1330.497070
1037.401855 1160.111328
51.960415 1001.709534
64.942337 655.591614
728.079529 622.555176
2184.910400 617.661499
21152.500000 612.039978
12720.794922 603.010620
3831.292236 721.569458
1422.608765 749.037659
2601.429688 710.848999
1630.814453 259.715912
104.918739 204.585983
10515.076172 165.281219
11480.653320 173.886780
13635.252930 135.612671
2744.754150 205.975342
3630.113525 269.181549
97.150452 289.507263
80.181808 440.523376
763.587402 405.678040
938.533508 290.964600
10947.686523 144.266510
18826.871094 261.147705
11311.129883 255.578796
2938.144043 313.264404
2143.824707 395.002808
3835.141846 557.118347
894.896729 573.098206
4808.938965 587.414185
12367.482422 527.379578
16105.918945 1097.609619
164.788849 959.419556
7909.846680 764.687866
3955.267090 613.567749
3520.358398 618.967834
10055.165039 646.998901
9599.496094 733.657349
36420.417969 838.851685
3346.043213 447.652710
4628.901367 588.264587
9369.851562 645.098816
5932.159668 636.401917
967.941101 404.843750
4306.629883 378.639801
4977.280762 254.199814
11133.045898 99.457611
5403.975586 250.584625
31059.115234 183.306519
7452.475586 229.495148
9757.956055 333.129456
121.482704 519.321838
1218.200562 568.351562
8311.563477 697.336914
11723.792969 781.505859
12588.658203 1116.665649
22379.603516 1046.616211
17658.857422 835.047546
6960.224121 619.304260
1385.438232 238.334015
313.371948 268.438690
4746.088867 310.061859
5612.611816 355.595886
17456.351562 69.127281
1490.834473 129.258377
4138.445312 179.363586
3349.758545 213.085831
4400.719727 123.853348
1554.870483 139.672974
2599.453125 126.184875
10487.693359 87.953094
466.300018 121.098747
17792.744141 82.036163
8354.105469 73.225845
1348.966309 93.498550
1887.749390 645.207275
1011.069275 790.786499
4468.832031 931.535278
3090.117920 979.477295
10924.028320 693.243713
1468.073853 654.577393
100.410461 588.187805
2615.076904 570.730347
4045.044434 20.814981
9310.065430 8.180725
928.505188 57.475101
13179.420898 126.602798
7288.131836 341.444641
12124.062500 316.491608
7323.809570 220.567810
4115.350586 102.867500
68.722015 130.095657
1085.840210 60.303131
540.369812 56.060123
2141.071533 92.993927
20720.892578 519.108459
38246.785156 498.829376
17.979118 397.845184
1161.172363 256.548157
166.389771 82.394142
4271.652344 98.282364
1903.458862 97.305710
1967.798218 79.990913
1878.695679 1.109024
2080.356934 9.345562
4227.798828 28.725180
2492.221436 55.919464
223.526245 75.993431
4973.599609 104.345963
4905.446289 112.198349
12244.070312 88.540993
2734.552002 180.582184
3137.808594 111.165817
3061.714844 63.223965
916.696899 53.869457
404.189636 712.186157
3480.903809 592.562378
5990.176758 443.502930
28454.679688 288.854645
20371.722656 737.813110
9764.683594 798.453796
2256.997559 816.611572
1302.823853 788.368164
963.587158 928.933228
728.266479 1124.849609
3999.460938 1300.929565
2384.427246 1326.022949
20533.562500 1086.890503
3085.859863 1006.875366
181.443985 881.664001
1681.555542 834.661743
433.041595 233.752457
2206.516113 185.866760
513.121521 225.134949
10644.418945 305.109497
245.319473 567.929504
4277.465332 595.144653
3179.379883 508.378510
5855.594727 361.309784
1214.725830 137.627579
161.367020 183.236328
25087.673828 183.616684
20359.207031 140.040573
2353.030762 228.535599
4054.074707 113.771538
7173.434082 62.481796
299.955688 81.144791
825.297241 910.859192
1810.822388 816.428650
1939.806152 703.123291
386.616119 558.520752
45698.296875 1205.754150
16437.609375 1185.944946
9408.875000 1105.350464
1807.082520 1005.912720
4407.148926 284.425354
2173.450928 343.578278
6004.091797 394.034180
5883.730469 385.080658
2749.287598 449.156921
2174.674805 390.143066
128.633148 311.208435
961.878418 267.401062
835.793213 149.371384
1375.429688 128.824356
3169.446777 132.652008
1633.375000 143.379883
16059.630859 280.822174
7197.673828 286.503510
9461.618164 250.717133
856.157104 195.802841
497.194427 240.024689
10223.530273 281.882202
1790.794434 265.022888
16783.806641 186.750748
25739.833984 291.393158
8051.159180 196.339279
1268.715210 155.497101
3621.263672 180.347198
421.688904 462.814850
4200.509277 429.547821
19592.552734 442.406403
8564.446289 436.756622
8411.609375 914.605591
11094.495117 880.877808
9837.334961 739.591064
789.593872 574.930786
619.925903 610.652405
3161.636719 710.328796
1096.705811 816.838379
41223.839844 876.456726
9496.851562 436.024078
15604.198242 495.022766
1112.269043 521.669067
1152.162476 549.415466
5313.371094 221.034637
4237.844727 139.770355
1429.370728 49.742161
6414.321777 2.364536
2882.277832 74.190727
17442.126953 137.754944
53460.167969 212.448578
7858.437500 249.191788
2172.292725 246.202759
340.078491 405.608887
9359.390625 516.454285
1158.505493 501.258331
1647.601074 480.949829
6724.543457 305.766113
2738.063721 165.890015
527.642944 143.221527
68.354164 348.644379
5839.809082 284.352783
624.315552 274.613525
3235.712402 278.194214
6046.061035 704.179321
19580.814453 712.858704
3147.138672 616.614258
2607.638428 472.813538
908.240845 350.747192
2877.988281 447.502930
5265.753418 524.735229
426.133789 528.713562
27264.839844 334.837402
15051.623047 313.273804
3435.458496 282.121307
674.745178 288.095215
266.965485 273.973785
629.946533 299.565338
3056.576172 389.134827
3216.000977 495.333832
12392.666992 392.296997
14138.016602 424.277832
6962.684082 385.690613
437.866882 316.121887
817.162476 4.771346
2959.681396 23.367857
119.781151 68.710548
11130.973633 115.499619
24272.128906 119.514183
3316.619873 104.910599
1908.984497 64.328255
1886.744263 22.342173
759.617004 54.419254
2700.456543 63.192375
5970.950195 90.894264
6554.876953 128.498108
8510.488281 48.034653
17521.089844 66.375992
261.794403 69.155663
2811.591309 60.759968
1667.570801 1061.624023
932.162048 1202.850586
5273.549316 1266.516113
22868.025391 1147.039673
3692.078125 1567.573608
2720.098389 1321.613525
1712.769409 1085.521362
3770.060303 991.129517
1854.474365 1115.782715
1559.492188 1197.290771
1839.899048 1405.435669
5787.592773 1523.430420
36217.246094 2225.614502
3516.277100 2069.660156
13468.605469 1676.368164
7930.128906 1290.712769
901.484985 87.731529
1788.005249 50.263393
250.277283 21.979057
6991.169922 9.185494
10182.503906 220.369904
36.228622 197.513412
16623.976562 165.762222
9633.752930 127.949257
529.307922 116.141136
5169.656250 97.085724
489.631897 79.907471
10093.090820 65.304939
18014.738281 106.846786
449.872955 130.856293
5667.174316 139.173691
1320.315796 132.449402
3315.076172 500.732635
11013.836914 392.436188
224.795609 218.766632
18862.730469 70.370033
26169.435547 254.029938
38561.804688 295.981232
2149.721191 403.892090
6390.601074 497.127563
8032.075195 973.820862
1982.068970 913.398560
14608.874023 977.565552
17240.781250 1040.469727
10706.647461 1851.999512
28643.964844 1801.978760
12357.382812 1534.025635
4640.346680 1205.015381
2075.053223 543.360352
958.440674 585.094116
7085.836426 598.314453
1930.506226 561.607605
5860.691406 400.408783
6924.290039 436.044708
911.453003 463.570984
10420.733398 498.197968
18.104786 238.429901
350.853729 208.388184
4595.809570 146.687057
4469.725586 79.456802
5113.524902 35.838402
13690.676758 96.486732
15862.149414 168.083374
15192.232422 222.991730
1161.106323 79.976227
3137.695557 121.181831
14717.918945 142.501144
13518.989258 133.303864
7424.447266 26.165735
4139.514648 11.671598
12118.199219 13.307104
2305.655273 38.207916
1861.790771 343.467529
4721.373047 442.486084
4461.000977 521.052368
3318.064209 504.348389
20236.816406 698.603027
5181.907715 546.307373
35.932213 388.058167
247.458603 310.804352
297.209503 373.579193
855.605103 443.017487
3521.671143 543.741089
2368.593262 575.574585
4120.512695 895.740295
1428.580811 770.935059
1584.829712 572.204834
12021.787109 414.645142
1166.463867 44.503448
1293.241455 49.574425
841.054810 49.997780
5311.450195 35.093208
2526.387939 316.013428
4420.378906 207.089661
3779.670898 113.085281
1273.914307 58.927334
240.028610 645.759033
2206.898438 652.623718
472.287994 614.313232
8358.933594 494.109558
1303.042847 907.396423
4201.513184 818.853760
3653.193359 714.717346
1843.426025 653.390747
4058.837891 412.567352
2974.323242 383.388580
970.626282 471.191895
4061.703857 598.471375
34962.062500 795.739075
1552.309814 847.493286
497.707458 741.741943
5168.326172 558.723083
1006.635803 334.008179
1360.437134 326.874847
12519.803711 246.296936
24769.078125 149.702026
9410.453125 130.058960
7999.987305 94.695679
677.523987 156.565125
3385.385742 261.087921
1705.699219 656.084961
1814.886230 635.172241
2063.872070 606.941040
3494.459473 513.065735
19189.589844 1351.259277
4031.054932 1159.084839
4052.336670 923.075378
3909.600098 741.784302
487.160248 891.147034
67.372375 907.436890
9491.605469 880.960938
3177.761230 785.685913
3848.809570 664.417725
1197.420532 762.322754
5184.456543 820.068726
3967.250977 858.928589
1108.259766 199.948212
1515.703003 187.676483
4175.184082 206.174362
7830.659668 255.223328
14950.679688 130.223846
3651.430664 190.997589
9123.591797 223.967255
451.960663 221.515808
222.547409 13.889813
1169.205200 16.075386
9690.985352 12.093411
23755.259766 5.341849
10998.071289 19.079536
3587.218750 5.740881
212.636292 2.626157
153.450073 7.417800
2264.587891 387.269287
8423.234375 392.034943
687.748535 357.193695
12528.250977 287.233459
2486.108398 281.940582
13549.574219 293.285828
7244.847168 318.945129
2340.489014 355.828613
1537.604980 88.571754
3796.964355 80.531242
9652.501953 106.377411
10308.023438 141.337936
14526.335938 234.875305
12304.359375 237.762451
7613.296875 194.957733
2301.481201 133.815323
1484.043579 172.754211
5785.252930 149.783585
1678.611328 110.544434
2556.361328 63.418816
10505.499023 194.126831
11322.504883 186.708923
3812.898926 182.957886
427.658081 181.036453
1931.838013 133.858704
488.754608 144.341202
508.220520 193.431183
15000.608398 229.905396
18307.978516 471.586304
12845.333984 416.113678
3742.682617 302.233398
192.471069 191.032562
3398.594238 53.787865
915.923035 72.256165
1162.973999 92.049988
14957.750000 107.229599
7123.116699 11.205441
11253.818359 20.315651
1410.478760 29.270599
403.377838 39.633251
406.147552 89.563919
144.245361 109.619293
1746.011841 115.513794
2503.687744 96.729706
7091.451172 147.297546
13647.311523 109.707367
4098.926758 80.846664
133.288116 74.729622
3992.738281 106.732788
1621.717407 127.995590
4878.833496 165.606842
3524.926025 190.957611
3123.352539 260.336945
1332.814941 225.418259
5769.524902 168.468842
1295.167969 121.041763
934.285889 263.885406
3799.340332 332.309265
2099.749268 314.590210
7528.880859 223.307022
10401.622070 50.359402
3684.348145 2.883299
10700.158203 39.606586
1649.483398 145.057205
632.006531 117.241783
3426.735596 48.755653
12034.211914 33.089703
2468.124023 54.739902
35790.156250 420.945679
6068.414551 415.225433
7984.882812 340.748657
1559.288086 226.742722
2979.045166 105.798485
2722.091797 136.238449
20137.500000 147.523178
246.626877 137.340897
6245.440918 12.122524
5053.811035 13.602009
285.254456 32.555519
2545.002197 66.691345
251.433609 150.171967
1213.419312 118.661644
1958.673218 83.106064
846.699829 55.928741
10948.761719 163.124817
42224.636719 168.874359
3152.124756 173.357956
4210.926270 168.882309
355.947174 83.762856
3407.802002 78.292976
5510.591309 67.976318
4907.629883 47.151234
889.323914 194.099030
974.981445 158.151337
2582.371826 120.953125
7647.060547 95.399696
830.994019 203.822479
1066.315918 230.837906
857.026855 234.440308
11413.004883 202.810989
1627.441284 158.527954
1410.696899 155.126144
1575.713379 156.479187
1004.984192 173.651337
877.451294 132.012939
211.180054 123.467163
14594.541992 140.573135
31391.666016 169.101791
2127.577148 166.593719
8246.822266 197.300079
4488.487305 191.468506
3095.740479 161.611679
682.993652 123.866768
3611.085449 159.739670
890.500366 194.634598
304.268372 205.290771
21958.650391 244.224228
11989.006836 190.245499
333.026428 137.682953
1708.998779 112.487106
1180.422119 376.026337
3479.316895 317.423706
19746.539062 209.824921
16071.349609 98.663864
23152.804688 73.614685
3484.881836 167.551224
3348.177002 278.418396
6110.164551 360.284851
5754.786133 47.189735
857.102295 121.961319
3858.184326 240.246155
349.990356 334.588715
50809.484375 302.605560
32172.917969 243.469162
9285.141602 139.629364
2355.947021 56.342316
2906.125977 160.697693
2893.102295 143.568924
580.602173 158.288666
219.129272 172.832642
19354.671875 439.164368
455.590698 404.513367
2779.949951 318.543732
73.926025 224.127167
5786.135742 48.930473
4753.750000 82.866440
2141.447754 111.922127
1482.040771 119.644455
4457.246094 66.445107
2733.320801 46.228729
2366.529541 28.440136
5601.805176 27.817083
909.471313 177.037430
1491.713501 323.101990
9370.413086 416.213562
18221.031250 388.908752
3787.473389 535.524658
2088.900391 302.547668
698.806396 125.459221
2734.387939 84.507500
1070.818237 156.618423
12279.605469 71.196350
14405.563477 48.648911
21286.591797 59.623428
1818.137573 611.670837
29419.746094 585.475708
8270.332031 465.089142
7900.508301 301.623993
2625.179443 25.847807
17887.037109 23.847225
32348.753906 23.851570
33453.546875 23.986172
781.489807 85.737808
2289.652588 65.938950
2408.046631 46.720535
2489.314941 32.882381
745.283569 27.176390
1048.700684 22.306681
15186.823242 10.769905
16743.667969 3.102442
11930.125000 29.925228
18361.089844 13.593498
15503.511719 14.008439
4478.291016 22.326870
400.462769 67.830536
8204.410156 90.391838
3378.528320 89.751442
2139.636963 62.951820
32965.222656 105.937729
153.616257 57.294945
7812.666016 33.470417
4910.080078 41.146305
777.506836 47.817375
2697.573975 59.234131
140.926193 56.149029
4223.339844 33.993008
11702.875000 213.192719
107.709564 128.499939
3607.559814 66.886620
5978.297363 42.771584
1030.394653 529.381470
1771.593506 567.538086
1243.281738 522.529053
526.240356 374.820435
15829.750977 803.464111
4191.757812 628.361267
3201.931641 506.539276
369.107758 482.930298
1127.159790 336.898621
1313.424438 307.789978
2445.354248 326.524048
12389.464844 348.198853
16192.671875 607.448425
8501.757812 617.985718
4944.604980 539.195923
252.027588 425.124084
6131.078125 233.102768
2367.000488 269.640747
75.455688 293.218109
4272.522461 281.128723
2623.021484 220.650375
15105.224609 215.941498
2247.915527 204.706909
1276.923584 207.773590
1596.586914 292.518219
3954.200195 262.502777
451.580811 312.502808
4257.613770 417.038574
11885.972656 371.659454
161.578278 453.809967
2669.683350 448.859924
0.704713 375.430420
1379.769043 139.184875
38.638023 114.587921
3836.968994 70.780518
14557.671875 34.729607
6449.089844 73.982758
14396.634766 75.040016
3747.006104 102.594299
5292.071289 132.153091
471.705933 82.014458
2364.947266 101.516251
1909.146484 118.428558
10399.114258 122.318939
15675.240234 71.294235
6642.166992 70.339973
1650.609131 66.913437
1034.384766 69.393944
2557.340820 368.859558
1917.531982 389.183838
2232.612793 388.619843
931.759277 347.274170
17314.292969 332.900787
12906.925781 346.549988
1490.105347 345.790558
696.296875 350.717468
6239.268066 521.601379
2166.608398 636.806519
6948.144531 800.667725
15593.097656 912.533691
14128.176758 880.800903
1585.509766 789.086426
525.064331 636.903259
3904.957031 523.124268
219.226135 73.796432
1420.659912 79.256203
10268.777344 68.782784
697.578247 44.541771
5547.981445 68.539307
24110.646484 52.726448
6913.953613 49.912434
1070.822021 59.954559
1798.344482 265.212830
4040.266602 164.044266
2072.835693 133.283249
10228.185547 164.346375
25932.468750 610.818237
3568.826172 620.319580
6949.531738 544.976868
1621.624634 409.527008
5205.286621 85.627716
7878.915039 94.315231
8501.046875 107.728699
10231.311523 128.044540
40244.363281 24.300432
4655.956543 41.011745
4420.990234 60.595013
460.131775 75.850327
5008.041504 28.253714
5531.646973 3.474207
5082.344238 2.318429
1146.322632 18.784674
5304.188477 116.782578
4840.718750 127.124886
1128.680298 108.206917
1192.983887 69.086395
1656.787964 62.891464
8296.038086 20.845440
2175.486816 35.948471
1296.216187 91.299438
22894.521484 275.633301
35548.515625 286.197388
2590.583496 236.117065
12458.000977 147.618378
1718.075317 78.935158
3953.674805 131.297516
2395.088623 167.470581
10277.730469 168.349777
25892.257812 79.900887
5808.465820 45.292675
1638.706665 25.525505
5305.124512 37.206211
1739.606323 64.599129
79.089050 43.474213
1170.209229 21.663498
1389.051880 7.054965
33195.460938 37.241024
540.199341 58.552048
420.498352 73.900185
341.633240 76.381332
2119.034424 80.440140
2823.137207 79.108215
1391.156006 70.268913
6715.433594 58.261684
4313.633789 49.928154
6036.892578 53.534336
4547.726562 62.981422
213.990387 73.837372
2253.667969 33.892204
1482.671875 34.859535
2831.262695 54.196445
5162.470703 71.906914
2748.690430 196.872818
7103.124023 166.854843
456.705414 113.570763
248.481171 62.184769
460.221069 7.629907
1089.871826 27.566765
8674.459961 54.383114
3319.496094 75.579590
8452.203125 80.398132
3970.078125 51.355888
14010.833984 21.906864
12232.616211 4.951193
244.981552 257.126587
642.347778 349.073669
2601.009033 379.418274
10827.660156 322.607300
2161.957520 282.312836
20271.082031 180.171722
13438.177734 131.515686
7731.919922 164.685974
1098.273193 119.345284
6249.500488 129.964203
5358.237305 119.956200
11938.377930 103.599983
3730.701172 8.722315
26868.078125 11.555316
12129.235352 43.230412
4358.431641 86.170341
632.892151 338.876404
10456.176758 365.415344
20288.468750 326.595490
9249.504883 229.570831
8647.669922 226.387482
15779.596680 199.299377
8941.010742 216.639450
7340.962402 274.523865
6671.219238 121.138840
9243.291016 148.314255
5658.569336 184.983429
16502.667969 199.614380
16462.146484 257.280518
12753.308594 224.443146
2901.279541 169.859299
202.707245 127.788231
622.189636 95.842506
2835.926270 48.410530
854.317261 13.515854
19666.355469 7.900417
39346.148438 69.562553
16200.664062 111.612328
15972.349609 137.389862
4425.904297 131.541229
5227.153809 75.565384
6818.337891 56.209114
1911.976929 47.019791
10333.949219 40.928970
6733.190918 254.647278
67379.414062 214.133759
5469.661133 160.676865
1380.298706 110.882401
455.711792 5.726206
5200.158691 7.099485
3374.498535 10.887429
1089.674927 18.991331
821.704956 32.535542
10243.760742 17.850050
6659.201660 9.440426
3400.256836 6.108981
1770.918945 12.741940
3753.365967 13.013321
9095.069336 17.272993
14920.691406 28.445896
21708.220703 16.744564
2788.282471 12.386235
18438.730469 12.322055
1743.309570 12.988367
1798.392090 58.367706
2271.904297 96.457985
2023.981934 145.754135
1440.336548 182.469482
9153.246094 79.567322
759.755127 73.926994
6158.940430 56.344894
3718.214111 45.779442
319.564209 61.055317
1222.886475 39.583279
4623.493164 12.219746
7125.904297 0.058461
12452.865234 15.268863
804.866028 21.319103
15532.325195 43.722309
3329.863525 62.139881
2215.964355 180.078705
5407.100586 236.974289
2515.595459 286.221252
2504.472412 290.964783
5906.408203 248.584076
34.107307 212.542679
4054.061035 168.438385
95.390259 152.343246
165.778946 7.634461
1836.255127 23.766216
8631.354492 64.265388
12765.025391 111.356506
7231.794434 82.553268
77.321487 74.679596
1626.450562 48.538136
819.770264 19.718498
1413.326172 118.358200
7397.675781 177.720474
8855.521484 213.398560
19435.755859 198.767288
12452.823242 196.772476
3452.482178 128.797592
2368.722900 78.791672
555.658020 75.561165
80.864342 235.963226
927.435791 326.129486
4416.348145 381.216095
9025.047852 341.225464
12524.762695 636.760620
7889.158691 442.522461
3149.019043 270.317352
6226.562988 197.973053
1684.208740 567.909668
1464.394775 593.551025
1200.115845 637.922974
3564.954834 621.893188
1098.738525 928.248352
12315.132812 879.583801
1723.828247 745.790466
5283.942871 619.614441
521.790527 128.107880
2353.498779 182.229431
11612.892578 246.233231
17875.478516 275.477936
1481.798950 347.537445
5080.250488 271.037598
1369.423950 180.247086
558.237793 123.885315
669.663818 427.788269
3175.048340 465.036835
585.567993 525.196228
3518.450439 523.852417
35863.714844 917.397949
18314.798828 811.119873
1184.873047 631.686829
1676.362305 481.671204
3184.996582 557.626953
1712.924683 482.444458
5042.986328 451.033997
16080.875977 457.044861
11127.281250 505.941772
5672.773926 641.905151
1240.507324 686.393250
2339.241455 643.765991
4197.504395 86.720657
573.362244 41.501957
3675.889893 30.853956
1057.399902 57.132938
1885.924194 151.637268
2850.082764 186.754684
4922.702148 184.427505
1222.459229 144.274719
718.644470 128.802734
502.865326 241.861191
837.238159 343.600647
1279.296997 375.373718
10830.733398 294.013092
68.253075 189.117249
9781.057617 94.909195
4550.928223 68.889572
1179.659058 71.155792
545.191040 41.809414
1153.036865 18.308857
6256.087891 8.835051
4265.308594 59.433548
4854.577637 85.818390
17343.324219 99.505592
3682.193604 93.808197
1071.142578 87.157562
1195.118042 124.806625
9282.283203 133.657394
5675.092773 109.287956
2329.868896 49.326580
7654.909180 16.901756
348.170410 13.079922
23.407635 41.517448
999.752441 100.540398
4046.143066 142.238693
1608.028931 184.718048
1341.920654 192.182465
3703.592773 397.455963
721.205139 281.437012
3931.086426 167.331039
2168.529541 101.838699
3980.200439 208.459732
3063.647461 137.571106
170.369705 84.801132
5942.910645 55.353001
6954.536133 273.456482
884.869690 321.790222
24788.949219 322.560974
508.630035 278.482025
1233.765869 27.478426
3228.909180 50.086720
3664.685303 97.341797
2939.367920 153.863434
5815.702637 149.380051
7926.859375 110.738632
98.721069 67.833099
2186.809082 35.381527
1215.696045 193.644791
2802.719971 205.585693
407.523926 179.517807
3243.774902 124.246849
138.910889 55.171585
4158.575684 67.484131
2533.538086 103.380226
3176.241699 152.557953
317.211914 249.235458
2973.748535 282.228119
9213.132812 327.351044
11845.919922 337.866577
21999.716797 506.781982
9640.279297 440.501465
1486.140503 342.465637
2188.924316 267.467651
2311.258545 289.159790
113.806198 221.925705
287.517853 156.184448
531.287964 92.619461
626.625671 516.254333
172.063446 488.198425
2531.231201 429.897858
1938.313843 359.553528
5131.222656 823.632996
14485.099609 917.485107
614.676758 924.572693
2044.824585 802.988403
9870.969727 667.080872
195.627472 653.192200
1473.931519 656.292114
6194.182617 716.736938
1112.007202 294.415375
11255.251953 329.534973
3472.435791 411.418762
9245.375000 475.530182
8796.436523 511.530182
8036.284180 507.910767
12988.641602 427.747406
697.249268 335.314758
6896.393555 97.189102
2862.141113 121.862747
1244.162231 155.380280
2389.347412 159.131104
4443.485352 390.150818
24438.310547 302.675812
3648.868408 195.452148
3119.920410 118.311424
1184.602539 265.453339
83.425026 217.891510
247.486633 216.905273
10861.967773 229.633591
26250.408203 559.136963
10027.266602 559.455383
14986.066406 479.102081
503.932526 363.321655
2433.994385 121.408211
85.091850 106.845886
6669.999023 81.572243
2122.542236 66.409927
1524.616577 13.763882
15673.808594 37.086487
3246.442139 77.195816
2497.548828 111.010620
802.346313 98.678574
992.122803 132.805725
90.251732 177.261871
4381.086426 191.535965
10866.599609 417.250763
4536.217773 312.553986
1531.073486 194.536072
1630.904663 114.907059
1620.680786 41.436897
3807.621338 56.550560
4260.621582 64.984940
7316.777344 74.227837
619.579041 61.241055
6558.307617 21.290792
4535.742188 10.640158
8773.357422 22.138760
11.189016 593.832947
8350.537109 486.446594
7548.054688 359.523346
4151.179199 234.042831
26514.062500 786.308167
1293.873901 771.816284
1572.011230 733.347290
2712.435059 675.100403
1054.706665 534.821045
263.688110 555.624573
2784.362305 592.155090
9157.663086 609.640076
36623.890625 509.885071
20645.546875 562.158997
10671.335938 563.490356
8497.479492 542.886963
1187.613647 477.572998
5450.011719 411.892029
504.918335 329.332428
8618.808594 268.650452
725.198853 240.419983
3262.582764 342.030060
289.881989 439.109009
309.044220 490.690430
28.075333 57.076038
10518.154297 106.427582
8930.954102 134.226196
1771.923218 117.701378
17243.822266 250.631348
16827.507812 138.414673
4614.422852 53.737034
4970.297363 28.028254
1892.880005 359.856384
8807.617188 217.243805
13280.757812 96.220688
13605.248047 24.151714
47831.089844 452.701416
17730.705078 531.546387
8049.787598 544.949768
748.198792 481.930664
6104.392578 87.955185
1371.874878 113.821274
2968.265381 208.146271
20021.357422 338.121429
15817.875977 165.555969
15884.421875 194.648712
10526.583984 172.714813
2757.884766 121.542053
1086.175293 125.434265
1259.425415 83.611450
9209.203125 36.753639
4318.571289 15.317986
12596.931641 109.937790
16119.839844 110.049400
1751.157715 129.047699
1716.175171 140.716919
1368.608887 543.454529
3469.271973 603.090698
6319.917969 602.233093
3112.016113 509.296753
5759.124023 541.823730
3468.893311 495.323792
7004.482422 462.880829
71.140511 481.149200
1770.765381 350.173492
978.433105 394.209717
1539.486084 446.941620
4928.457031 464.799438
11701.334961 373.393158
378.484467 390.207703
5166.091797 366.916229
8649.302734 342.606659
2553.509033 398.230530
1366.522583 354.086823
4361.982422 406.909241
4379.319824 504.825317
9380.566406 699.968140
2342.523682 751.334717
1244.652344 675.761108
2857.542480 528.583374
104.047829 248.395004
14411.358398 170.626404
832.053040 90.978554
5608.063965 51.320427
18083.283203 153.250671
6498.065430 209.554260
15136.297852 266.304657
757.439270 285.118591
362.459900 1219.120728
347.277527 1417.037598
4304.742676 1487.274536
32891.914062 1322.013794
22445.826172 1761.280396
1119.687744 1415.372070
62.488403 1141.781128
3547.228271 1079.283203
523.451904 1403.772461
2646.801758 1248.065552
11083.034180 1080.760986
2716.743164 904.569763
13374.493164 1260.343384
63523.312500 1475.327515
8202.290039 1559.244507
3422.219971 1522.078125
718.187561 241.500290
13216.126953 287.960968
377.738892 330.745911
3012.351318 339.304901
5021.895508 215.064148
7559.652832 223.505142
4736.418457 215.325867
1028.734863 215.808151
91.591736 113.660889
944.374756 68.628639
9680.450195 60.232162
2305.874756 81.477394
10894.021484 207.636917
1108.511475 245.768738
8715.520508 232.788071
834.114502 178.943420
106.528366 35.002785
380.539764 47.344536
6569.818359 61.451366
2821.568604 62.808929
4900.681641 146.066254
13567.174805 108.679100
2680.245850 66.957619
680.501648 39.620209
64.546776 57.981644
6122.360352 72.239548
3925.564453 72.110596
2340.229004 60.059578
7798.352539 5.116358
5331.475586 1.102525
6595.032227 12.300200
6216.722656 34.559483
2668.807129 30.298946
455.550262 6.177616
2701.320801 0.637937
5555.548828 14.016088
10299.862305 91.903755
4676.380371 100.462708
6896.943848 90.161095
1661.097290 63.074478
400.142609 209.723969
3830.296387 237.045258
1352.207764 231.420105
5641.837402 190.900192
10139.637695 166.053955
2765.186768 140.801254
9067.637695 140.925018
878.346069 169.211090
2665.849121 655.909119
3963.304688 559.912231
3775.966797 493.973816
8386.265625 445.211670
15610.847656 877.889832
1486.600220 919.587708
2430.551758 874.372437
611.416809 772.048096
7583.353516 275.760529
2138.255859 384.920807
1468.206543 462.092285
11272.848633 450.280243
40499.765625 406.831635
4323.286133 306.614075
3318.574463 220.358704
3654.071533 206.443207
1792.997803 23.052734
5443.132812 12.975332
8097.040039 17.443659
16106.458008 22.185078
14771.253906 236.746552
10736.608398 185.228073
5331.358887 117.868378
1058.951660 58.514755
1708.023560 96.859344
555.758301 62.909706
9034.698242 34.556740
697.586121 16.875736
34513.265625 154.387955
5277.277344 160.309875
177.479141 151.627869
1589.960938 128.904816
3354.202148 287.088440
570.809692 383.159912
8614.525391 473.190430
8768.922852 513.962158
8166.843262 288.783600
2836.900879 251.423737
2625.416260 219.193451
4449.298340 226.510895
759.067566 132.714645
3011.769287 112.821228
2288.682861 114.062363
15239.241211 125.659180
38.725616 240.325409
23920.771484 243.344498
10689.772461 215.606903
6230.824219 171.925262
333.037842 98.437759
895.319641 110.890038
2729.891113 106.483223
7770.426270 80.857574
3680.125732 198.547150
2867.419678 139.408035
5184.718262 98.703735
4848.772461 87.661705
122.491890 581.569763
408.875458 530.872192
4724.212891 420.841248
13197.733398 273.803864
1628.642212 871.888062
9678.402344 730.925842
1660.744873 637.345093
1084.436523 599.817261
2636.483398 931.601929
770.178223 815.537231
2982.527344 708.833862
2983.426270 555.427124
14728.424805 1703.691650
19529.943359 1583.972900
3707.553711 1350.009277
1425.541382 1109.728638
941.058289 1202.345215
831.854858 1403.441650
2890.709961 1486.642944
4072.050781 1375.595947
5873.020996 691.477295
3431.168457 754.982239
11117.249023 836.985413
660.325317 988.689453
119.963028 616.755249
1518.552002 622.784058
1381.703613 722.108398
5128.864258 848.808350
9264.516602 725.209045
3289.728516 827.605225
12624.548828 800.812073
1441.138550 699.706909
63.343880 55.886005
75.611855 59.591522
7405.084961 145.396225
7162.917969 246.787170
2301.812744 497.769867
12630.962891 452.679565
91.872597 313.244568
497.201538 154.142410
976.431763 44.233322
578.991089 18.867327
1460.276733 6.664790
29.622343 6.701900
2262.640137 99.844048
21291.050781 111.234673
6406.779297 101.834534
937.635498 75.856323
1258.956055 64.063385
306.436890 45.484924
15779.907227 40.206768
10925.958984 39.866013
2809.842529 214.540009
1029.559082 189.401505
1705.549927 145.742996
977.083435 99.377533
235.629379 142.301453
598.002930 175.124023
2156.929443 199.148758
7031.262695 196.736023
11065.050781 123.155151
5677.648438 119.657310
927.491821 113.258110
516.624146 118.913910
883.356995 54.293968
828.591492 63.448669
11066.193359 67.935524
5041.783203 63.112633
23204.064453 51.297028
2182.627686 47.624241
9419.914062 44.612499
13391.976562 46.679081
3000.210449 50.101635
1374.914551 33.782372
2472.938965 67.305046
10411.385742 116.196259
30884.859375 345.920349
6096.207031 316.855621
178.011078 228.551498
497.309204 123.821350
1782.544189 56.473099
1418.169556 105.858017
1959.826660 147.185562
1607.626587 162.445908
8090.442871 69.576797
10808.825195 35.694412
4784.587402 14.608242
627.144653 21.246498
273.384796 287.164398
4522.166992 274.264282
1817.629517 222.225586
10652.094727 155.108459
1933.252808 130.808014
6300.217773 152.438751
11696.433594 202.480438
722.341736 257.177002
1268.906494 169.755997
7898.590820 108.606873
1654.569336 79.370697
2728.355957 79.710831
15235.892578 280.570374
7832.741211 318.380249
16574.134766 303.456116
2001.990479 244.857651
2179.152832 218.723160
1099.055054 300.862030
6627.747070 333.200867
5448.144531 299.007080
4447.246582 155.790680
3338.754883 94.979004
1493.868408 81.951065
4121.006836 130.499359
2895.833984 473.160370
1047.490845 312.335571
2771.812012 176.313721
1541.102295 101.605545
4247.755859 658.439087
10311.681641 703.823486
8657.189453 693.163208
2597.594482 612.278198
260.427124 749.149109
454.471680 746.477173
10110.969727 665.148621
19053.183594 503.822296
4061.222900 638.603577
1725.907837 647.184326
9463.995117 666.853149
741.721924 708.338074
505.457642 1285.322510
3574.806641 1394.412109
8588.000000 1474.286377
15948.536133 1393.880249
996.557312 1772.432251
29833.847656 1635.519043
937.874756 1420.479248
4776.224609 1278.956055
625.519592 1400.582520
6592.628418 1257.482788
436.322083 1132.327026
410.072205 1025.946533
80.143745 1244.137939
30716.791016 1471.085083
3953.872803 1562.479004
19841.474609 1522.628662
10852.075195 205.188568
146.871658 188.026398
1710.468506 166.044434
7694.904297 152.697037
11959.228516 85.667976
11835.371094 131.727203
2175.677979 176.606689
535.888000 203.365906
1217.357910 5.002765
684.281006 11.339909
5059.794434 31.159657
1054.477417 51.877090
1182.133301 125.918854
6616.424316 94.138123
17015.914062 53.527588
8217.343750 19.837412
1706.727051 618.400635
695.940918 691.214294
9317.571289 640.487061
739.208618 476.613678
654.200439 375.391602
1403.928589 318.467468
22055.484375 355.250610
1897.433838 477.469421
837.021851 537.266968
622.317993 480.082916
2071.784180 489.848206
2168.149902 516.851013
27060.455078 851.821960
11972.721680 891.059204
928.795227 808.118225
1558.819824 663.851746
3504.105713 2.992696
4488.618164 2.610461
11420.600586 0.117961
2852.835205 3.642001
8279.833008 54.959988
9067.236328 18.913832
519.964783 2.533023
478.109497 0.564042
190.733490 335.547546
302.600250 307.623352
17325.033203 271.284302
18152.699219 220.730301
9756.761719 359.541626
5560.289551 382.825012
3890.341309 379.013550
25.820875 360.019836
1899.559326 200.758423
684.829651 220.461411
7680.297363 270.710510
10424.007812 319.454346
20633.265625 360.887726
657.977783 338.158386
1918.404419 282.058441
431.457428 225.529785
2856.954834 373.419220
3225.137939 414.661224
767.145386 366.980957
15751.320312 254.246643
389.337158 53.050884
12063.034180 61.203148
15725.933594 141.199188
10119.706055 264.251129
3357.371094 38.340435
6433.042480 2.949518
7670.215332 10.114302
17622.896484 52.297016
4875.181641 139.533264
12028.929688 168.590149
12891.085938 152.063599
1295.383423 98.916756
1230.902466 265.230652
1583.282349 252.040878
2897.130859 241.562241
5410.027344 211.839874
1492.438721 669.969421
3313.489990 544.268982
1608.689087 410.487946
3202.110352 312.543030
1212.090332 268.156403
1348.865845 273.174133
6867.668457 294.843628
3936.587891 299.606995
7385.693359 384.266418
17353.269531 390.592010
11915.539062 349.413147
8564.136719 297.258362
1485.983154 0.798852
219.166397 1.125414
346.206757 9.393370
226.826904 33.734520
13886.497070 44.990414
367.915405 17.218107
2517.396240 5.475382
7258.616211 2.159432
4104.541016 269.745178
646.901611 364.232391
530.457703 392.476074
5728.662109 331.726593
167.391373 211.231033
207.090515 135.705658
1962.381592 113.591446
1528.962524 166.704605
648.908203 303.089539
5508.387695 333.104034
6400.724121 405.711456
4716.046875 442.126862
3562.332520 735.643066
9088.572266 663.957031
2001.502075 510.472809
219.145599 366.288086
645.138000 545.142944
815.775635 617.026978
667.922729 687.966553
6555.948730 681.122925
954.445129 746.309570
10157.988281 703.413208
5773.124023 606.986023
6690.711426 537.747498
2110.218018 216.052673
11126.435547 190.433533
11286.268555 210.908157
11057.264648 257.170105
9553.474609 288.774048
4237.242188 341.901367
12416.653320 331.248810
238.052139 275.627502
846.600952 8.887195
1791.377686 2.080727
301.667023 13.143906
6696.322754 32.499535
15826.724609 84.537674
18300.302734 83.945938
91.990784 63.036507
1086.749390 32.885605
3017.967529 55.041531
1065.816528 66.043335
1602.026367 63.724464
2291.770264 47.580849
18147.835938 37.852333
7861.258789 27.042215
15654.510742 26.991444
15060.485352 38.564793
1407.365356 115.451111
2230.440918 192.299545
1497.822388 258.958710
3349.474121 271.513367
269.057220 269.184235
88.009666 184.861923
1340.735352 105.906219
769.176819 78.104370
353.832336 25.777760
1355.729492 41.633659
1645.427002 64.789871
19076.017578 69.296326
2262.394531 317.178009
3501.667236 218.942642
6056.897461 116.001266
2432.137451 46.450520
2151.918945 425.278046
1766.175171 332.668945
9401.041016 232.239166
3436.130859 140.001999
2849.982910 554.391479
1635.078369 566.218262
3089.302002 546.967346
1897.919678 498.846069
744.755310 294.013458
2274.881592 298.410522
1545.801636 317.579437
8386.096680 336.484772
5571.784180 227.572845
18193.382812 283.622314
926.906738 305.573517
8472.294922 302.202118
364.869354 43.392437
7538.307129 44.937790
37.711411 52.339661
10164.208008 70.187927
1246.341064 23.944901
6346.695801 26.857996
8510.189453 34.928566
274.044861 41.211212
313.099670 70.272064
1808.979004 106.161026
2047.130127 126.079613
603.324463 120.256737
13967.872070 20.133736
1740.333862 10.489841
8125.201660 13.221489
2415.408203 34.651432
1707.278076 156.982498
2782.314941 204.674011
12220.233398 255.893799
26.669538 270.425903
7591.418457 361.014069
6517.187012 287.437561
1457.698486 202.608353
2800.555176 151.859024
1577.095581 338.224152
1019.043213 240.507294
2024.384521 165.933868
11303.125000 127.269646
19062.353516 447.634491
27490.134766 495.877106
506.974243 490.809113
306.794067 431.789459
96495.242188 96495.242188
96495.242188 96495.242188
0.000000 0.000000
0.000000 0.000000
0.000000 0.000000
0.000000 0.000000
0.000000 0.000000
0.000000 0.000000
