515.785095 908.772888
2162.329590 893.340454
11087.666992 788.801941
6050.127441 630.498108
3872.240723 579.439209
6914.588867 632.941772
5607.046387 731.627197
1279.657227 841.046021
5451.947266 1002.736633
5259.966797 1163.632324
3425.546143 1527.564819
19427.591797 2070.791504
2598.582764 828.305420
59106.085938 886.326599
8871.681641 945.914734
6464.006836 966.334534
738.464844 112.546600
1673.874146 207.754929
1070.562134 253.460846
6950.557129 234.154205
47636.398438 464.857117
25737.351562 208.542328
28032.121094 54.749657
4678.957031 35.444630
2866.462402 906.843506
658.081177 1052.658447
1625.644043 1099.572998
20646.447266 1042.731934
25137.470703 710.987061
8781.475586 594.682556
2655.424072 600.925903
7448.913086 726.479919
1673.145020 638.601685
4080.187988 817.625732
2443.627197 1123.064941
1612.360352 1465.135376
48409.789062 868.292236
7059.538086 792.408752
8343.857422 686.348694
1105.733887 609.542786
6959.504883 90.830879
1268.616089 50.919594
1816.183594 16.498484
838.753662 1.800574
8205.070312 171.052521
38328.367188 158.993729
10897.952148 145.625763
4774.258789 123.991081
5271.801758 77.533058
8833.429688 92.274139
2838.967041 105.807335
2247.671631 111.421112
3659.890869 69.149666
9490.459961 67.132301
808.106018 64.980392
1471.447510 67.672852
1815.393188 538.115601
3159.432129 481.947449
168.519257 419.801086
20678.359375 463.890381
22672.212891 273.036316
2951.768799 267.823669
4768.559082 385.421844
1535.121826 505.174652
3874.845459 184.066818
1321.700195 322.914124
3515.806396 538.298950
6526.234863 716.184387
41931.894531 557.863647
11715.546875 471.638184
18934.023438 312.921753
3548.381836 187.123749
1906.965088 53.632019
477.154724 119.884888
208.559357 199.109329
7180.189941 270.804565
44054.515625 59.036896
34648.937500 26.505413
8519.139648 8.095589
2222.626221 15.049760
4133.502930 320.114227
3990.738525 397.800415
5885.157227 446.781189
2236.107178 441.893921
18868.466797 114.960678
4991.348633 145.559555
356.531525 184.225739
1800.838501 242.778366
5792.779785 395.847809
767.289673 454.830322
915.831604 460.184753
6516.526367 480.456665
28958.353516 359.994934
37326.023438 176.031464
1129.354736 171.874329
4913.390625 278.795593
5136.544434 125.790970
1453.887573 180.920135
8908.105469 212.646225
4191.665039 217.995163
8194.945312 28.147068
3619.296387 4.058060
3288.258545 17.181377
246.496628 63.663227
2639.378174 1044.839844
6649.583984 1128.870728
7980.187988 1035.206299
5853.135254 854.791504
644.415100 909.839844
16434.660156 637.658264
1502.381470 636.064819
5289.291992 828.616699
3716.770508 880.798523
275.300354 1047.523926
16467.974609 1316.868896
5891.086426 1570.818970
21267.939453 1090.035767
34802.675781 1066.774658
193.980835 960.958862
12837.929688 865.707520
1466.943237 40.863689
9031.998047 113.553329
6755.587891 213.083466
1702.373291 309.215179
6901.425781 31.736181
14675.277344 21.800262
1398.870117 8.219188
8266.931641 8.146887
438.140625 90.124603
917.224854 125.592834
8062.708496 237.768280
2666.592285 432.697266
33433.152344 52.640396
17276.125000 65.316605
39787.929688 86.944168
12854.707031 91.106430
4397.185547 352.816895
5033.844727 469.442810
2647.472168 485.701782
1473.608521 392.001495
5663.698242 379.786102
27569.050781 204.134842
11614.302734 142.607910
2931.622070 211.689224
343.452942 136.996063
3364.727539 153.567673
2244.259277 267.255920
136.943329 479.628937
21048.968750 144.092712
19884.246094 175.789734
1750.358643 191.146210
7114.067871 168.948044
2510.297119 16.440825
2929.436279 25.891434
1124.127319 46.360477
7389.403320 80.221375
8258.515625 81.101685
11418.086914 45.621464
5138.925781 24.638058
2257.858398 15.856348
2281.883057 116.133392
4456.526367 199.255783
6037.044434 312.683289
3288.533203 407.158905
3076.412842 149.441544
2532.018799 141.888062
1463.076416 109.521309
2895.921875 89.257439
3486.160889 321.950256
173.051361 399.622986
4428.068359 393.738129
1204.648560 319.738281
19765.496094 272.097839
5586.236328 140.914322
747.362549 122.051285
5616.916992 203.833801
2643.793945 380.534058
2890.987549 355.356293
687.258423 250.545990
15371.778320 122.363136
697.844238 251.891495
3361.028320 201.182938
3680.238770 240.972198
741.411194 324.898071
1078.954834 98.570259
2659.924072 102.337128
11006.705078 193.912720
2913.570312 370.922302
5822.520508 78.806778
12086.103516 136.539993
4258.984375 161.306717
12426.412109 137.769714
1960.111694 332.339752
165.073151 374.685303
4976.120605 450.370728
8298.890625 519.558838
28524.748047 303.466309
100256.953125 352.660339
106.421265 353.113953
10482.657227 333.072968
3776.395752 323.100433
9083.507812 495.602356
1476.683594 674.980347
14114.717773 786.899292
5541.222656 510.375793
12170.987305 368.278717
9187.877930 253.708572
536.593628 231.134155
2656.800781 0.263523
1336.442505 0.739542
1250.844727 8.542490
2886.305420 28.956360
94581.335938 9.977522
5214.944336 1.111055
1700.951416 0.201758
7965.944336 0.916139
7963.941895 138.360748
135.861649 201.792068
5871.529297 263.714294
562.274658 292.454437
10175.263672 226.569733
5005.298828 170.456955
6714.756836 120.351524
9784.845703 106.127495
3463.176270 248.586609
749.456665 243.355911
2223.941650 212.354446
8194.928711 183.727142
10972.332031 234.554962
23680.414062 187.546814
5489.711914 192.057083
1170.463135 223.973984
730.809082 400.407104
434.131042 521.767212
13806.679688 625.759216
13050.192383 662.593872
13115.747070 344.556335
5067.896484 309.500519
14784.660156 286.598450
2971.980957 313.294067
2412.494141 126.315010
8111.589844 186.601242
9293.210938 281.568604
905.685181 389.483215
97.858994 227.778687
16533.736328 174.014938
8270.154297 129.839340
843.590393 109.253136
16.177385 489.180450
1549.916626 612.842041
4746.171387 677.615601
7677.725586 662.045776
57856.746094 102.303078
22391.195312 140.601471
19079.652344 222.064606
13976.219727 345.884583
2338.864502 502.862244
3667.709229 530.408569
3790.732666 482.389130
805.205322 430.055786
2580.574707 402.780426
22147.214844 263.105835
14428.385742 283.571411
1918.812500 397.119995
311.692810 18.192911
1905.885864 102.626968
661.481201 227.953125
3296.885742 338.855408
1628.095459 140.039200
5972.335449 108.170242
7338.271484 47.529274
100.656540 3.584595
499.452057 19.285202
4622.577637 14.784375
8390.638672 6.412921
23885.906250 7.617978
15083.583008 67.059181
5443.616699 27.833208
607.171570 14.280857
937.927490 16.292698
1128.819580 316.904999
20.849556 458.780670
5210.821777 548.549377
5905.316406 551.514893
108049.734375 265.579926
30530.101562 163.823608
188.664536 128.931351
2381.240723 187.245285
12479.233398 105.622711
2342.484131 161.005661
1259.318848 242.639191
7271.465332 342.362732
21608.080078 233.765503
32031.025391 147.581329
24261.945312 95.959030
6837.490723 82.490463
83.437401 16.146399
2084.353271 24.611515
1926.040527 22.333651
1132.258179 15.343110
19531.607422 89.940659
26557.167969 33.564392
2687.506836 5.517658
298.309326 4.386760
1552.117798 65.089325
1593.864624 103.825645
465.682129 129.048141
5040.972656 123.920731
5097.891113 138.663986
8807.086914 84.842705
7719.782227 45.289928
271.538818 39.023338
1872.980713 23.739887
1385.181152 52.773163
4153.533203 86.343628
6821.103516 113.282669
13104.881836 13.091361
19310.498047 7.255715
7523.898438 2.920123
3744.879883 6.802393
1144.969238 27.426508
749.319092 27.137199
341.617920 41.406502
2234.253418 74.402077
360.491852 102.676163
10491.646484 72.018333
7667.190918 50.988194
18.661123 36.447414
1081.823120 80.952850
1021.511719 77.034248
375.357300 90.597343
9227.637695 128.459290
11080.151367 14.937350
203.766296 46.831367
19875.289062 74.625656
7088.125000 85.206863
152.180313 193.074921
3210.103027 200.253342
6819.186523 169.680878
11538.747070 106.024765
17904.550781 231.742676
2661.174072 178.887222
263.957825 156.608566
590.801758 168.285477
4728.773926 89.179321
3085.188477 153.100403
5265.954102 239.575256
5939.020996 317.961029
20772.894531 49.608978
5051.233398 60.304043
4226.341797 57.978397
8121.795410 60.463989
790.250610 447.261230
411.966736 656.805542
10488.481445 908.892944
1360.316406 1143.800537
35605.050781 174.212662
12733.917969 189.950806
1193.644531 229.115845
154.318680 307.090424
2645.097412 128.707886
578.132324 136.585220
3324.552246 138.147964
3217.725586 166.844269
11766.144531 310.320740
67467.164062 167.360214
22112.052734 108.839821
1111.719238 109.982727
696.139587 39.531334
2929.875732 28.922506
4199.504883 24.109455
6481.959961 25.314108
2373.793945 72.423203
6945.941406 72.220963
336.722717 65.249969
3158.442627 53.082294
322.811249 60.173389
2321.847168 117.663643
290.560791 184.048187
2026.225342 248.578934
18867.824219 32.300941
4713.395020 5.830586
4282.279297 1.208046
414.529358 19.778585
511.253601 173.669891
60.122063 233.882782
1819.897461 394.372772
10395.944336 616.873108
501.938660 124.919434
6215.294434 199.160187
2165.171387 216.898056
9825.270508 189.266434
85.426567 105.043076
1991.265991 185.715881
2217.344727 293.072815
27553.658203 422.715393
3415.818359 205.184280
1277.555786 98.923157
4203.549805 51.010387
434.264130 56.794609
1920.465332 425.651978
2793.810303 531.906189
5544.958496 553.305481
2681.248779 456.557129
118436.000000 428.847809
25504.839844 320.252716
22044.496094 269.014801
3377.406982 312.969910
4635.099121 137.604599
1533.990234 116.392273
913.349304 95.140388
1728.835938 125.528641
38809.191406 70.665253
16481.091797 40.994186
14168.548828 76.308243
37.625042 122.786858
2974.576904 356.794403
714.878723 425.740479
7926.608887 454.302063
10817.200195 438.473907
838.089783 56.929924
13.303442 98.059326
7731.961914 170.940155
413.632080 264.134094
1982.233887 1060.396118
1299.276367 1067.025513
5694.359375 866.019531
2636.407715 577.893188
14928.146484 657.701477
292.503723 519.726257
16133.839844 623.944214
19145.207031 864.575806
1028.863525 482.277313
612.828003 530.362366
72.142754 808.036621
10627.330078 1280.701416
1522.436646 471.643463
842.999084 609.106323
2777.013916 646.471436
1334.213135 570.375793
3520.358398 636.401917
5932.159668 645.098816
9369.851562 588.264587
4628.901367 447.652710
24671.757812 838.851685
36420.417969 733.657349
9599.496094 646.998901
10055.165039 618.967834
9.804689 1138.812988
1843.784912 1264.793335
1547.878296 1407.707275
500.629181 1626.782349
6075.111328 429.489319
10457.896484 521.419373
18313.488281 738.426270
5199.138184 966.488464
981.220703 570.739258
827.616394 664.946289
2463.768799 799.121826
273.224731 979.212036
9548.321289 943.081421
10997.440430 695.859680
4098.140137 558.804810
518.894836 526.408569
380.045105 479.979370
3610.393555 555.806519
1391.522949 649.469666
3628.164551 683.604187
20350.566406 967.547791
36060.812500 807.729187
85.273033 619.384094
2380.818359 494.291077
1003.875366 244.909866
1528.550537 263.458710
8759.617188 354.018036
673.967346 499.975983
17290.033203 240.030243
6682.166992 289.195160
7356.711914 299.693176
7906.796387 272.751160
2636.084473 421.695740
1258.425537 495.424286
1016.307983 490.029694
1012.940491 414.049103
1886.742432 279.290436
29990.789062 205.688187
8035.030273 218.444611
4917.335449 307.901764
1126.000732 577.542786
144.550415 608.472839
4868.290039 651.959229
10359.229492 749.890930
8697.591797 461.993500
9999.488281 421.044189
2848.299805 460.906494
1976.515747 527.002563
2622.635254 579.047241
16463.988281 734.496582
558.280212 947.455811
38015.000000 1080.464600
45356.699219 1080.464600
38015.000000 947.455811
558.280212 734.496582
16463.988281 579.047241
6909.863770 715.840027
5098.330078 761.199829
3041.181152 665.251160
26928.160156 463.138458
403581.875000 394.642273
36878.453125 351.691071
46934.589844 421.026611
6571.646973 571.556213
14456.932617 505.149780
1501.207275 497.055847
2457.158447 531.833923
926.067505 663.082642
28777.431641 539.528381
9133.925781 473.288269
11453.075195 481.562622
1630.975098 504.199341
2355.273926 138.967361
1077.124268 238.151505
1747.715210 403.442017
4600.887695 535.107605
10334.076172 499.818878
133.515457 432.594788
1056.953613 287.838898
5791.969727 162.156067
3644.489746 152.092056
4794.464355 151.096161
3533.637207 121.541183
609.880371 69.169739
33822.859375 223.390442
12339.776367 168.462311
8762.238281 139.581772
6314.373047 139.902344
571.081787 913.096130
418.906525 1414.051514
7049.174805 1957.177734
6529.988281 2338.559570
7299.793457 533.448730
20030.859375 514.931641
764.264771 495.403625
1371.370972 599.067505
1002.087524 26.579239
12140.563477 106.859917
2049.243164 286.937012
15885.629883 572.277100
1774.134888 91.357376
24708.187500 26.520069
4002.852295 8.177790
866.080566 6.241249
276.117493 64.503830
686.819946 83.075104
228.273666 143.138458
956.476196 304.535034
111015.546875 194.113800
20833.927734 48.018089
12166.761719 18.745577
12506.430664 41.767548
1102.820190 106.920097
1130.583252 143.640625
5059.679688 186.373169
2239.037598 215.018967
345.565826 135.130081
4908.998047 119.190407
946.497070 99.028610
2281.066406 91.307274
1528.187256 139.814590
6414.471680 213.592041
4614.755859 343.444153
19283.238281 503.884857
1237.774414 29.532009
1496.461914 71.311142
157.042633 98.242744
2025.151123 111.944145
1268.097290 669.690491
873.747070 674.693420
10294.718750 516.354370
10280.873047 297.405243
85748.921875 575.613770
42810.367188 358.322693
21685.203125 367.666321
5578.608887 523.596008
5188.139648 1122.325562
49.634251 1440.786011
1180.517334 1897.820312
2742.518799 2334.898682
35739.457031 873.585388
49100.757812 973.169189
24177.851562 983.631714
5433.347656 992.330017
2287.285645 46.981586
1758.488037 81.484268
2149.241455 223.803543
7188.089355 476.894104
18133.207031 417.067444
12952.476562 276.403107
4371.183105 169.467239
8565.083984 87.918404
3328.242920 491.028687
514.738098 576.933899
17664.554688 706.270203
12052.024414 844.265503
18261.414062 178.326004
11599.132812 302.555450
3898.541016 389.435059
1962.446777 440.819824
2248.168701 785.727051
606.897095 869.892517
6339.646973 866.420532
912.391418 837.691772
8894.244141 899.997681
50850.695312 615.016907
3419.680420 546.329285
10208.255859 642.539795
595.359619 102.703949
4696.808105 191.784088
1843.828369 339.131897
13587.076172 484.509247
4738.955566 339.071747
1873.558228 270.157745
963.749512 173.477280
8481.806641 101.554871
821.627930 64.471222
1989.632812 82.328003
1569.649292 67.111130
526.097290 31.501335
6019.476074 175.120560
22675.388672 69.918831
13791.517578 23.374447
4125.413574 32.209251
1081.966675 218.958969
5958.971680 355.757538
270.963562 441.304199
23695.859375 432.073120
33319.777344 199.308762
662.988403 103.465538
14759.294922 58.163586
2671.720703 100.801910
155.745590 443.852661
519.945435 411.982697
5214.248535 338.761749
10735.812500 301.878357
64865.980469 380.392914
3232.460449 296.425262
8959.756836 328.003845
3195.654297 403.779572
6339.001465 593.031616
3396.346680 875.976624
1891.239136 1292.243774
22368.576172 1637.501953
60044.519531 911.964600
21052.474609 871.537659
6023.373047 694.273438
7756.142090 548.116821
14561.853516 211.200775
7859.350098 147.416443
409.213104 60.287529
6608.817383 2.859335
123174.250000 329.079498
12028.751953 248.753403
10027.905273 228.295853
1742.921509 231.040527
6470.812500 285.153870
574.378418 497.017181
7996.791992 789.829651
3119.147461 1074.661499
7450.502930 139.218399
391.416290 164.769073
3558.039062 165.265106
3519.348145 184.982712
134.678040 235.891998
3539.965332 245.855896
345.992493 169.120529
2915.229980 84.010506
11041.402344 338.654999
1727.619629 112.166039
2677.113281 68.273499
3115.122314 147.017349
1337.113037 249.824417
1095.620117 412.114044
2069.087891 587.004761
2211.853516 667.000244
53413.445312 525.147217
23852.509766 410.771027
27720.658203 265.732147
12857.695312 192.981644
1731.714600 343.535156
522.744385 605.632996
1085.156250 932.470215
4073.952881 1228.063110
7454.982910 196.575211
19986.457031 171.727753
2318.865479 155.472992
4534.382324 196.511337
301.636047 67.948677
3728.204102 168.477844
185.867065 328.551300
6362.364746 524.057617
4190.407227 26.459055
4931.875000 10.108794
1572.516602 8.580911
1275.807617 21.849735
432.114075 74.465553
3329.784912 104.524620
98.486778 152.720505
11789.880859 223.066956
65008.101562 124.826309
13376.078125 75.331680
5195.733398 55.830070
7000.137695 57.939304
7663.629395 2021.309814
1082.943115 2296.245850
10134.814453 2465.617676
23840.003906 2564.350830
23942.511719 501.018066
15868.547852 757.212036
1975.636719 1175.592285
2991.286133 1631.754395
9004.888672 616.979919
6590.260254 891.505554
396.056702 1498.290649
4050.978027 2334.780273
46214.812500 1428.427246
4277.934570 1135.815186
25841.802734 856.882019
542.871155 644.269897
5210.060547 101.211662
1777.154907 116.664886
861.437866 156.073547
1540.698242 209.321106
25450.267578 318.035980
4063.583984 237.123657
8393.512695 165.137131
7145.837891 117.152710
3163.872559 86.099419
3252.117920 156.679810
2162.834961 189.501923
15851.597656 162.117462
8908.127930 386.145935
895.189575 195.837021
246.274017 67.026077
1747.466064 36.774700
4941.885254 762.924744
8145.680176 865.162781
4133.160645 763.683716
10753.759766 505.611053
106081.898438 400.628723
5514.647461 261.867828
4387.754395 318.745270
7117.581055 530.927673
15613.550781 1273.298706
5989.516602 1193.382202
2235.241699 1169.617432
9809.341797 1355.411743
84320.031250 882.372925
6843.014160 927.096741
4841.252441 1112.393311
12018.777344 1260.263916
7505.204102 238.786713
145.799332 354.801147
391.442505 673.193665
9753.075195 1040.250244
49121.437500 883.544312
21710.359375 836.783508
7500.196289 615.707458
720.202209 359.215210
2818.109131 125.520866
2698.442383 179.422256
3578.626709 189.249023
7178.247070 144.376495
102.764877 243.164719
26364.773438 127.382607
2894.955322 63.616669
1771.063843 70.703285
1397.562866 136.134277
2897.221191 190.413040
2252.044189 244.798370
20654.675781 277.916534
11414.224609 62.507404
6771.274414 70.948387
5377.754883 78.732643
971.001221 97.769249
665.434021 563.110413
2042.196777 718.047546
3096.150635 892.743774
2761.450684 1074.468750
76230.132812 113.561630
61586.710938 176.755951
13159.278320 290.079224
6796.536133 422.413696
7889.597168 165.360016
3708.221680 306.759521
1025.003662 522.580444
1092.415894 770.429077
55516.285156 510.691620
4342.098633 320.709351
24453.144531 181.244476
3340.803223 123.065826
268.871277 110.320618
1262.177734 113.042664
369.866913 117.007004
3514.846436 150.081421
15275.980469 28.442942
1889.941406 18.126556
9885.382812 49.141018
2831.250244 88.293396
1234.701172 638.404175
1104.228027 831.065125
2857.678711 912.704956
3032.469727 851.444763
12550.986328 643.966370
15411.541016 426.638062
1200.995850 347.661316
1652.727417 438.510132
3361.419922 340.381805
5629.998047 352.625305
4530.842285 476.185181
10009.800781 697.513428
3670.445068 612.798523
13418.375000 565.681030
8698.363281 494.920807
233.989182 406.027161
2223.027588 758.380310
2256.475830 777.764343
17243.503906 761.550964
6974.434570 708.034363
51896.585938 363.294098
7389.774902 496.864441
17089.076172 615.005615
5009.297363 703.906555
3312.148438 602.824463
488.705811 641.790283
1136.991333 747.075500
10378.301758 996.459229
77460.421875 547.100342
56204.289062 445.799835
12958.137695 481.228912
2792.414062 554.186035
2438.447510 671.764893
1132.490234 818.330505
15027.747070 952.695374
5130.895508 954.736450
3913.678223 1308.778931
28583.269531 1059.938232
4500.066895 791.338257
13761.892578 643.538940
1154.684448 159.745728
1284.163086 194.145218
1339.948853 266.942017
11060.049805 366.434082
2012.846924 182.794312
45854.714844 176.598053
10107.428711 167.193405
458.858368 156.631622
134.818192 27.651255
90.010681 32.180676
6603.163086 36.320759
17954.167969 35.237984
78.311981 47.514771
5450.638672 41.497253
5919.762695 32.964218
3429.569824 27.417978
3062.133545 465.137634
12002.638672 633.652771
700.472168 737.222778
8217.374023 726.157715
76245.140625 321.597656
7125.949707 248.099091
5947.935547 232.087250
438.938660 309.922119
9564.275391 51.690105
1486.635986 34.142548
8721.120117 39.854095
1817.526367 100.624023
49196.085938 75.455711
3687.157715 46.859818
857.750122 53.318001
1675.817505 61.178150
5256.448242 228.688919
2514.853271 299.867859
1312.353516 296.714935
6689.353516 227.668915
63731.574219 93.220856
45421.832031 22.139318
4617.434570 34.273129
1948.783203 119.816399
2062.619141 143.668961
1020.958191 103.702179
832.045166 116.457329
4177.524414 216.056931
37123.765625 135.391754
11792.470703 157.176743
7596.680664 186.705994
10908.020508 183.419693
258.384308 14.617910
1224.601196 23.833469
296.946106 68.510773
13607.649414 118.769806
50550.054688 188.898499
16230.572266 170.415558
11448.316406 113.634384
48.141228 50.277687
2366.979492 169.609131
216.080048 171.800110
3722.640625 170.841202
2717.533203 161.364868
32859.148438 148.709305
5137.341797 162.104614
17339.865234 166.981354
2650.583008 168.110626
1478.656860 23.369982
2070.756592 97.808350
633.822083 289.793091
477.509186 543.852539
1890.227295 223.556854
9510.029297 211.594360
94.455002 144.429428
7793.300293 58.530991
1490.658203 313.636322
2398.123047 579.019470
138.218597 880.653442
5162.166504 1082.782471
31597.644531 353.777222
11187.093750 290.634766
873.587646 199.101990
3446.782471 182.948532
478.456604 56.465271
2207.140625 39.980896
4298.669922 53.278076
2195.255859 178.251892
10534.324219 168.978012
1618.699585 25.986336
181.723236 11.808736
6492.475098 44.684189
900.886597 190.341446
6430.549805 242.129745
7327.789551 332.101807
7515.748535 415.083191
26450.847656 249.283264
6178.085449 261.571045
513.836304 230.814941
4566.197754 193.174088
6359.809570 131.891861
1624.404053 164.126556
562.947144 178.374039
359.458618 197.575714
43957.949219 80.698235
11676.615234 22.973457
1207.679199 31.490786
1713.342041 79.843071
6092.274414 45.565575
2049.889893 31.119175
764.568481 30.242523
6086.770996 59.735352
20551.070312 68.741669
988.349976 55.188488
12069.880859 56.640285
4261.621094 56.209816
2137.095947 138.434464
2766.140625 210.967514
1502.414185 266.411621
6235.332520 265.983887
11203.833008 264.441711
980.380066 184.751831
2121.598633 115.311882
944.838745 97.035385
3517.929932 182.513275
210.937576 218.331024
4776.079102 235.440094
12832.773438 235.400879
25573.972656 58.794865
1962.028442 61.835335
2065.268066 90.116997
5760.043457 135.169144
2130.988525 131.994354
691.164429 330.514526
344.806976 632.830627
14432.757812 938.310913
35281.921875 149.016510
31832.728516 149.119812
11232.496094 102.133659
2019.357910 69.818359
1836.709839 385.692688
5924.225098 457.219299
21114.707031 433.336212
2449.610840 313.458038
2105.249512 524.456299
16724.437500 336.394226
2693.890625 251.391174
3249.391846 286.609192
2187.866943 78.379349
1677.155029 139.059219
2764.506592 308.257751
275.965851 588.452332
4786.458008 1.224574
27667.529297 28.102699
2833.642334 63.183662
12877.001953 72.890594
57.043671 237.383362
5260.010742 271.712341
1242.533813 265.804657
1549.822754 268.400848
10411.115234 89.603760
14608.636719 18.622683
6531.287109 57.657963
2430.260742 152.925751
200.807343 51.747982
5542.493164 125.587601
2168.411133 202.378021
532.126221 247.954086
24343.742188 65.972008
1981.481201 37.413696
5025.284668 9.896445
2063.898193 10.083963
648.889282 318.208954
2285.441650 632.215210
7813.349121 1076.685303
8172.041504 1523.799194
11800.301758 95.104004
3488.729248 135.586075
7696.284180 141.517151
633.608276 172.148193
2117.136719 32.423878
7240.417969 24.322498
7611.559570 27.290375
24994.650391 122.031532
16107.813477 319.780670
41991.378906 83.517548
11136.258789 4.913677
5350.645508 14.780001
5098.197266 7.470268
3366.123047 1.033498
12403.375000 0.655752
35542.515625 4.102937
83551.898438 207.774826
42516.804688 134.604095
6193.942383 70.735298
7533.937500 28.183514
11274.117188 43.985622
455.924744 40.299313
7855.404297 43.782734
30167.646484 62.783943
59364.320312 1.695144
474.599426 14.859466
15096.584961 32.666767
23341.951172 43.527676
7676.800293 56.683155
4231.877441 103.125061
211.567459 142.375748
2009.811646 161.888535
41408.359375 50.168545
85510.640625 19.813009
56201.953125 6.988116
17214.111328 20.217546
791.701721 90.584656
3589.815430 93.061478
2143.550293 111.930542
2424.459717 164.024170
26818.412109 0.256477
8586.138672 19.671267
19168.947266 55.234970
6307.527344 81.828423
2356.523438 460.898315
1204.020142 670.300232
2142.957764 823.079285
5853.028809 877.194458
17247.228516 473.902405
544.973083 282.282776
585.514954 207.232788
3751.185059 278.959717
726.077942 196.062271
1701.910278 182.790512
2689.316895 128.365417
1610.998779 69.759903
14447.666016 419.841400
7273.690430 255.695175
7384.456055 181.210007
393.849854 179.038177
4702.438477 144.285797
454.633240 257.625671
985.827637 354.604523
45.910461 371.723145
63042.937500 341.084351
16622.250000 226.961288
8207.266602 120.343613
2997.656006 86.197739
2867.322266 377.477051
5530.771973 430.772308
176.877930 528.211304
14787.059570 660.483521
2891.546143 271.554993
3056.136230 300.910614
4771.673340 331.270905
1329.298340 352.490570
2964.990967 147.942825
352.070374 128.678009
7291.738281 116.280617
2293.395996 121.260582
46642.843750 172.680084
6479.627930 169.593628
10286.638672 169.272354
8916.735352 163.142471
1744.463501 50.003906
1302.897949 60.850758
2518.756836 59.076706
631.434448 42.414024
48770.406250 79.687180
38832.562500 51.874989
13246.217773 36.196152
1709.242676 37.575420
100.856674 576.347473
4980.106934 668.633728
1241.860352 682.329407
1231.380859 596.006104
11079.678711 332.336395
6217.884766 330.528534
5277.708496 367.969391
5448.012207 458.301727
3269.358398 561.009583
4678.727539 922.823608
6799.062500 1530.479492
1633.239868 2233.637695
1623.597656 467.157349
8884.730469 501.568207
12849.151367 474.989532
1650.508545 449.297302
653.245178 270.318939
1826.001099 367.178528
8985.415039 481.664948
1755.854980 580.238464
12795.110352 332.517639
12796.363281 266.253876
15225.250000 220.482224
6217.379395 218.280853
3257.747070 243.656677
3431.113281 231.790085
4092.761719 213.794846
3475.893311 296.938416
3963.817139 293.546051
31470.353516 112.905182
11672.948242 114.253365
664.896057 192.857468
651.494873 431.335419
4836.159668 431.890625
2055.529297 382.482269
13178.173828 301.894226
12883.432617 92.791191
1134.102173 181.447662
14792.658203 285.409943
10280.971680 377.588470
3078.564941 107.247879
6065.947754 94.091797
12423.752930 87.071609
1650.997681 126.358932
53290.015625 59.366535
4198.532227 34.471012
3089.079346 61.089443
4461.074707 96.066490
10080.341797 149.614319
1745.601807 67.547348
3424.529541 22.895767
100.961037 107.280716
27033.970703 9.525532
23366.253906 34.002995
3301.563965 123.030533
16611.806641 178.231155
1288.587036 97.926056
88.161644 124.893784
491.421570 225.313370
263.287048 359.189819
33633.652344 184.112900
4260.625977 222.391891
23793.138672 197.351440
5605.242676 137.510864
278.438049 14.161592
67.046455 17.319586
3646.186035 13.307651
1196.517334 3.810951
8196.253906 127.100105
24236.937500 68.144997
16069.185547 28.553194
526.608826 13.277791
627.872070 186.902649
1066.548340 217.004929
991.617798 222.054306
234.575867 204.047226
7834.001953 25.947922
14510.519531 46.883949
1075.038818 87.591553
4621.416504 139.108231
119.885506 24.061239
282.943268 4.526134
1280.554565 33.428802
2422.783691 130.002365
10922.175781 52.654278
5371.476562 57.903526
5888.973633 66.929962
424.670471 54.726067
1790.952637 47.678211
4072.820557 24.622181
6190.061523 78.871788
4748.130859 203.964325
20323.898438 97.421417
42428.886719 153.692719
1463.856567 159.070694
13295.516602 110.940262
2529.909180 165.050323
1806.283203 293.558044
4904.597168 523.559204
2880.644287 740.413391
35661.128906 511.436218
22397.589844 462.942688
9586.426758 321.327942
9127.271484 187.776581
1395.735962 80.749435
7134.340820 148.079575
7464.104980 268.351532
8440.577148 366.551514
19998.222656 395.541443
5089.239258 335.624329
21516.238281 214.864853
3116.326416 108.350861
2038.770996 280.481323
4520.194824 385.015015
7535.814453 448.584015
7355.930664 421.022980
50877.671875 467.357239
1147.977051 332.058380
16588.984375 227.475616
3853.695312 210.018341
2017.265381 131.677750
3277.157227 244.585449
2682.471924 374.481964
21943.384766 486.413605
8051.043457 82.305954
13440.023438 49.410957
10978.107422 36.337093
3056.687256 60.252926
3877.831787 136.098175
550.979370 152.084137
2514.462891 140.050751
14590.009766 107.178520
67226.429688 171.576706
3003.995605 112.389549
3433.367676 91.536011
3905.908691 106.842224
1224.742310 86.735779
5573.373047 91.144325
2147.972412 93.868919
11495.189453 141.214249
92300.671875 84.148705
31367.013672 7.157509
13020.221680 13.601748
36301.062500 55.780853
2543.375488 27.029684
3834.709961 53.790764
6524.227539 95.956078
2306.557617 145.811401
60159.886719 36.484966
392.682831 25.023247
2719.452637 17.517765
2907.279053 16.406113
3803.812988 0.185766
2963.508789 1.036445
3124.068848 10.337435
6165.666504 35.933521
33575.046875 41.874275
29443.035156 15.372481
6214.683594 4.400095
13326.912109 1.366796
2675.809326 119.971825
211.956512 183.001999
6702.891602 260.982544
3718.171387 319.813873
14982.130859 98.329521
46619.171875 103.324905
5936.999512 93.055679
4058.785156 91.312965
3945.513184 67.154915
4976.474121 50.339684
1492.880371 30.839619
4379.312988 17.800409
7351.993652 89.505432
24008.275391 81.643333
8865.748047 79.179367
464.204437 76.311653
2318.986572 235.734039
1279.483032 321.351379
882.319580 381.759979
16083.882812 392.685242
35200.714844 156.216568
22699.218750 124.591408
12075.284180 120.520218
1021.533936 159.700928
2510.352539 1.539641
394.807861 12.408525
4771.433105 32.475555
8523.047852 56.471390
33640.621094 25.465174
3357.933105 17.103539
4661.929199 7.718606
734.995239 0.953451
1915.007812 184.718842
3712.046875 271.237640
5667.773926 318.377960
25978.324219 310.968994
18626.783203 35.367481
60264.445312 10.838408
13796.223633 27.955772
2912.060059 92.107780
3366.055908 288.466522
2399.398682 401.421387
1303.076172 528.551453
4800.890625 654.974670
3910.528320 90.050911
3735.790771 88.700066
16090.208984 127.501297
248.808273 196.075485
2339.612061 383.798035
676.092407 526.127991
4552.065430 596.879883
3199.493408 583.007690
3761.328613 613.802368
1055.674927 344.730835
17178.460938 215.346954
13374.143555 247.623184
1005.149353 64.489471
2171.020996 142.986755
2897.631592 218.114716
21928.314453 257.130829
11469.312500 112.246193
1636.711670 58.473053
4134.264160 17.490602
129.344421 16.843155
1150.868530 395.808838
1361.151489 551.056824
1619.304810 710.087769
3514.572998 833.516846
25004.666016 407.788666
15838.610352 303.326019
29443.355469 255.821396
6141.807129 287.680176
184.423096 505.274292
1760.050293 648.054688
5542.605469 744.340088
6281.758789 739.635010
31019.388672 632.502991
1886.599609 486.556488
422.857666 390.424866
506.145325 398.580078
7737.249023 131.903259
1649.995483 39.269291
1424.001099 0.638827
13024.816406 75.864723
32105.125000 93.573250
19849.998047 144.130707
2992.213867 200.852051
260.353394 201.130264
1822.320190 234.835785
50.067600 325.807800
2256.888916 552.232300
1064.460449 846.786804
23814.761719 216.533051
9712.322266 310.564514
6833.415039 313.984955
1467.326416 259.124908
4848.596680 3.802291
2907.393066 0.981269
3164.540771 9.680538
10742.552734 21.242920
3371.146729 257.302307
40608.093750 170.404556
6335.211426 88.225700
11540.620117 30.609486
11.531417 166.193497
2107.665771 276.055542
12823.298828 381.838654
6702.110352 445.722137
32767.898438 21.595547
8635.195312 25.823080
8975.330078 39.984699
1148.114502 83.640671
120.592567 233.467697
804.936523 364.202454
3874.529785 586.476746
2162.384277 875.749512
42161.093750 13.306131
28487.123047 61.361343
3006.610596 118.694893
2041.062866 167.280487
4844.545410 127.611023
4170.115723 94.211044
318.597534 43.934284
363.020691 9.827690
1410.231201 468.506653
40787.742188 294.538300
2652.483398 190.960510
878.201172 148.149109
3939.148438 114.648285
584.248901 145.528427
861.163452 270.142334
6462.526367 494.899353
19877.349609 9.837872
14103.786133 65.533661
3740.704346 114.472191
4014.525879 123.822533
184.837769 323.117432
4314.422363 372.126953
557.297119 385.903870
3428.477051 338.445007
14646.145508 329.077057
4695.085449 295.918854
1457.779907 270.043793
76.153442 279.297058
1998.082520 245.757553
1560.877808 329.553955
5269.477051 502.608673
13122.655273 766.110107
522.650452 96.408371
19819.509766 121.484528
13463.711914 170.333588
7626.677246 207.984314
1882.257446 151.273666
440.930023 150.502228
629.355774 140.953232
11856.498047 173.894684
27686.355469 202.121460
38171.781250 95.639603
1454.773193 84.813530
2321.872803 121.477219
11547.943359 778.797729
12007.099609 1016.283325
133.867218 1221.943237
8234.532227 1276.071289
6960.661133 884.690918
6343.718262 758.908875
19342.765625 639.777893
1681.665527 633.831726
1368.890869 204.871246
3157.681152 333.890076
7706.944336 502.715027
11362.160156 679.207092
15142.691406 210.259995
22087.759766 145.126907
2276.323730 115.396049
2313.406006 132.030518
8652.381836 146.891708
2200.771484 250.563110
1247.772095 364.514099
4119.426270 470.069000
111037.367188 40.396442
56758.148438 12.696494
20556.693359 21.848549
17897.867188 67.786987
6284.359863 179.460754
2037.161255 210.837128
612.425781 244.579025
1456.534668 294.526215
1652.962158 364.578796
28553.960938 231.011887
871.392822 164.462524
12644.587891 156.085815
3250.814209 356.658203
293.846619 331.457428
2874.123535 274.061737
12131.673828 202.528473
41794.453125 141.249329
45675.531250 214.713745
2838.085938 288.018951
7512.570312 340.685699
1196.338135 97.951820
3853.070312 133.842743
1407.793213 251.718109
10894.286133 463.084290
138.249680 85.126656
3578.604004 81.083923
499.562683 96.427856
2933.678223 99.370621
8142.212402 276.109222
2152.607666 323.306000
4742.298340 412.295197
9458.323242 518.694885
19764.220703 146.818085
3316.665039 214.996658
5386.625977 251.802032
6189.916504 262.465027
1819.276611 559.719421
5108.159668 547.527588
13077.618164 458.923737
8115.214355 363.257446
16054.482422 768.725342
25955.501953 539.296204
1304.342529 466.544617
1724.620361 505.685760
2364.969727 628.097473
1932.348389 693.686829
2111.148682 824.526306
3286.229248 973.823853
14115.535156 594.979370
32659.482422 650.443298
9007.182617 652.588135
9031.179688 627.960571
249.844421 568.138672
3709.421143 621.312256
2770.881104 598.833130
13870.049805 516.447388
26627.132812 347.610199
12255.902344 320.130829
4000.438721 365.759125
202.164246 465.224548
2023.540527 60.152210
590.584290 246.119965
5777.580078 566.072327
2611.684570 941.201172
95852.382812 24.291897
8864.103516 43.306858
4155.558105 26.997986
3461.412109 7.946317
7267.462402 184.297272
5954.147461 182.474304
8837.062500 92.560951
6028.320312 13.322931
4715.884766 539.091064
47210.472656 182.913910
11583.597656 61.108570
7193.815918 107.141289
4370.668945 304.805328
1009.381226 296.772186
1994.156738 361.376221
6137.572266 512.297302
36217.281250 84.299416
22003.255859 207.775391
7570.016602 301.144165
1925.843140 326.676086
2063.848633 117.680435
263.999298 83.985222
5461.034180 83.101395
4188.848633 124.236221
22906.441406 198.212570
11674.428711 202.732635
21739.160156 193.027832
17932.330078 161.502777
6631.949219 585.783203
613.996582 663.389526
7704.228516 709.580933
530.382080 697.294800
2184.492676 543.130188
25547.585938 504.814026
6076.332520 488.687744
383.004608 517.237122
333.181641 264.835236
1218.639160 428.046112
912.962952 606.611694
2726.186279 733.038818
31246.410156 257.479919
27515.375000 203.577164
1193.142212 158.810837
2744.260254 170.304504
5567.266113 442.149689
271.073578 532.335632
11965.158203 668.881165
1317.629028 837.897034
1999.511475 421.136169
12866.287109 383.345093
3597.787109 376.207581
50.199043 393.912079
91.630753 502.813751
12298.211914 335.444183
3167.681396 168.729568
4424.425293 71.833618
11838.794922 429.145752
41629.011719 528.935364
3183.498779 605.424927
17320.244141 603.186279
2369.547363 1496.206055
4978.061035 1883.036377
2528.500000 2526.797119
45430.925781 3268.900879
43125.437500 1069.693359
4513.478516 1241.207031
13711.822266 1320.035767
6430.691406 1354.760010
1037.775635 847.941711
447.567932 951.001160
12022.203125 947.295959
440.713043 831.650879
111115.531250 1749.868286
6168.187988 1198.614624
58816.945312 849.362976
13418.057617 761.022400
1139.555664 125.481049
2298.446045 245.974167
544.427856 434.725342
10820.702148 610.354858
36678.230469 250.695648
21001.437500 235.709381
866.747986 167.147568
7818.953125 108.091980
2635.267334 78.963058
810.015503 95.283386
4567.901367 100.989006
1713.083008 116.003082
10484.457031 69.787888
2648.552246 19.440498
3821.275879 19.126738
2320.721680 48.102631
872.332031 10.842525
475.239655 64.810341
409.725159 158.180374
2891.635254 259.124969
14247.942383 83.116737
23057.117188 67.113167
4141.031250 33.696819
7757.310547 5.567951
2118.658691 104.996552
3860.190918 160.443848
5674.336914 229.801300
292.814453 282.352936
4657.389160 139.262039
12256.908203 122.099052
993.141541 95.436813
889.442749 83.491302
4518.629883 6.656954
693.724060 0.337317
526.982544 8.342916
3453.662842 51.686977
21192.177734 75.969109
7283.403320 27.701279
1779.037231 12.644646
260.336182 10.859454
1067.445557 438.953064
3361.329102 525.654907
1.192258 608.225037
47.845734 659.373047
9366.317383 146.911285
3295.097656 222.868530
6142.183594 293.271301
1781.088257 362.121582
7786.281250 758.381042
1071.666870 691.851440
91.604614 570.896729
17165.669922 520.676147
4575.891602 492.864441
5682.675293 451.192932
9322.601562 562.708557
1057.641724 703.689819
4326.845215 86.751701
575.149902 272.653137
3702.251465 644.299194
7200.248535 1071.249023
20955.582031 365.498810
10724.710938 358.187866
11300.177734 241.136566
2466.860596 106.026253
3053.737549 33.389725
399.992218 76.587784
6794.976074 185.347748
4000.545410 362.315033
37182.949219 125.058456
55676.601562 72.677597
20182.712891 46.545765
11631.942383 31.438255
761.367798 44.331600
288.682770 39.026127
4767.100098 38.867653
5421.994629 60.010708
11856.850586 304.616211
9890.517578 174.934998
3600.069092 93.480835
2416.333984 56.524124
1346.536987 531.147583
6772.072266 705.382263
3196.023926 978.380859
14683.158203 1274.420166
8517.781250 218.707047
7526.160645 345.310303
6581.419922 416.324341
1160.128784 455.099335
10311.618164 50.459129
525.002563 104.134758
1488.960571 181.757721
2572.929443 288.235718
28865.457031 163.572144
8913.970703 63.930859
1399.202148 19.195795
5561.955566 19.452456
1767.325195 180.162933
362.776306 252.348206
79.485863 333.184753
6720.343262 417.056122
53936.613281 5.833473
14374.348633 19.246536
3449.718994 60.316563
2060.699463 116.100830
1678.481934 751.827576
481.576599 950.124329
6878.503418 1116.745483
13900.344727 1262.076904
10359.798828 260.364014
7596.725586 231.032547
14490.350586 339.642670
9703.177734 533.907410
4857.472168 619.093933
235.339813 479.726746
1280.211182 391.358887
4549.298340 502.160339
34139.191406 970.909546
812.739380 761.380981
9611.828125 712.973267
1828.394531 698.339661
372.533142 896.071289
574.199951 1293.965332
3801.498047 1733.768066
3413.960205 1936.303223
16876.273438 1561.483521
4605.477539 1315.896484
263.590149 963.553833
1110.482422 770.316284
3554.713135 692.994751
1382.237061 1058.298340
1504.453613 1443.456421
6345.234375 1762.534912
5710.082520 298.414795
5880.750977 231.506607
4857.165039 263.468903
1363.634033 416.732513
290.887146 7.750408
92.865952 86.331352
2265.444580 317.489502
966.783325 691.882935
50761.667969 57.331993
7558.963379 53.760468
11942.934570 50.348438
2774.985352 21.765589
1966.151733 17.396740
127.554192 24.791033
1610.546631 47.378822
394.988647 90.645058
14926.194336 212.937576
3494.282715 120.350006
2475.321289 57.847015
688.166931 26.020447
33.201855 92.123222
929.361084 69.959023
1531.580566 56.538548
4227.808594 95.758072
2272.835449 19.062576
2805.334229 10.179341
3470.193359 48.525608
4376.387695 86.410339
165.852234 108.156494
1604.635742 127.369118
2347.779785 172.895325
9051.257812 212.252380
11660.913086 250.720062
34773.859375 234.416000
1818.998535 183.260193
208.807938 130.592468
1963.381714 136.905746
218.032776 227.480576
2594.387695 301.283508
2692.920166 330.250946
10396.132812 11.152135
7428.164551 5.046239
8199.087891 16.388695
488.089691 60.280613
958.968872 46.120884
697.218140 12.309910
1497.633911 57.600430
4468.258789 222.909424
1222.365601 52.295815
4779.256836 65.546463
4242.931152 95.651680
8359.350586 90.216110
1286.099121 117.235519
254.830109 134.604156
638.680298 241.003174
8662.324219 397.359131
72179.648438 210.530899
10828.150391 263.132904
12411.058594 241.706512
632.175659 172.388794
2321.560791 352.768372
1038.529541 416.593353
4829.721680 452.006653
16037.617188 417.460449
30419.412109 473.033813
11372.106445 402.941925
2506.761719 334.624146
1264.468018 314.637360
4538.390625 185.855026
3030.532227 100.639809
4382.167969 20.323566
8405.152344 16.759092
16517.388672 198.580994
12590.486328 172.785980
1100.014893 201.653442
6260.038086 221.163193
977.234863 276.510254
626.704346 458.423401
6214.320801 760.196045
4756.467773 1070.625366
3006.147217 271.926758
3277.007324 324.438934
8275.552734 290.685059
3801.189697 241.064468
8122.992676 346.565369
557.366516 341.786194
3342.073730 306.740417
2075.495605 346.525665
8971.091797 330.626587
15134.488281 160.898773
5098.699707 176.647247
2871.432617 275.712158
835.574768 853.598083
69.022026 874.869263
4421.021484 829.933655
29355.689453 721.934204
13885.767578 706.187744
7772.343262 705.579590
3461.875977 735.010315
1761.787354 793.697998
1475.957031 1231.096680
8151.877930 1549.082764
406.859558 2060.961182
13460.280273 2634.166748
3372.838379 1143.908936
8086.802246 1164.402832
5867.862305 1137.614258
2243.902832 1122.259033
5453.084473 949.332336
3264.508057 1146.904297
2761.920166 1352.064209
2204.484619 1466.222046
193982.640625 1794.433105
7296.855957 1379.197510
30071.476562 1036.615723
4503.837891 886.199463
3041.169678 104.383560
4159.942871 100.046829
1297.181641 139.716385
18548.646484 214.892319
12441.254883 238.634796
9551.708984 223.059692
2898.407715 188.063492
7532.825684 141.434692
5406.138184 16.896484
1094.833740 35.348148
10773.012695 110.552170
35.674919 227.541183
17285.191406 42.916283
27746.486328 67.626709
560.553223 64.757446
8801.551758 38.263466
3719.535645 745.508301
3660.650391 1001.203918
3598.504883 1237.889893
2102.041504 1319.375854
10351.866211 739.580811
62813.406250 676.178528
761.061157 589.987976
10885.691406 594.287415
1673.442261 393.732971
2793.791748 473.182770
1169.348999 532.406677
7449.078125 610.634094
13500.263672 596.951355
2327.950439 352.554047
2503.167969 266.964142
2262.380127 304.966461
180.322708 77.675629
5128.695801 84.955231
8734.949219 91.128609
386.174683 96.854080
8034.859863 18.047956
1495.349487 34.598293
8739.903320 52.439224
10185.676758 67.256439
1570.938965 373.947540
346.634460 417.128265
4266.687500 381.942383
12720.863281 274.260040
15207.974609 418.793762
43948.113281 300.703674
1420.005249 258.638794
2109.663330 298.489563
1014.714233 171.193588
4124.614746 250.638611
773.861755 489.742065
6683.301758 841.576660
21484.423828 226.607040
18435.916016 282.459106
6522.771973 272.749146
2924.429199 209.481033
5510.259766 470.541199
2452.048584 676.422058
2434.145996 817.158508
5010.415527 800.430420
140328.609375 498.831177
14878.539062 378.249298
6953.271973 289.450287
894.867920 316.847412
10619.949219 34.527756
12091.435547 30.702044
4551.053711 35.308693
12937.422852 80.859665
60927.816406 165.427444
71.983322 66.510895
4515.469238 30.843609
42.883289 30.642214
3648.420410 509.666351
117.988083 540.753479
2834.587646 590.702637
18034.130859 740.272461
72006.546875 48.864594
15564.430664 100.092079
6268.880371 261.795715
1269.316406 420.994385
9411.598633 173.179459
4748.782227 146.275024
3408.543213 119.224495
5419.182129 92.641098
4897.565430 526.109924
37170.863281 400.319519
6472.906250 289.920715
4532.425293 215.225830
589.233276 11.115509
3239.607422 2.485690
2342.290039 25.615881
585.866638 89.963654
42561.906250 7.845973
12479.565430 21.382845
14717.242188 33.094231
697.068054 28.218246
99.817177 268.802826
48.662071 438.511292
3331.778076 561.454651
3166.392090 569.419800
3753.765869 247.984802
2130.560547 159.271088
2408.079102 103.460068
3397.388184 138.544693
920.964294 373.040894
3680.953857 398.015686
3334.856934 391.700317
1911.636353 404.214600
19492.982422 123.862312
9444.668945 109.541367
3897.100586 186.732040
2763.034668 294.524292
350.693268 387.449127
275.426849 601.075867
6109.287109 853.380127
1137.826782 1031.768311
98586.460938 638.519043
36077.984375 503.382751
3240.229980 358.717346
1976.682983 300.729095
1325.380981 92.754364
7346.375488 160.130234
4597.367188 269.090820
10032.630859 389.546326
14118.826172 254.917068
13298.367188 184.363129
4805.636719 118.554970
12609.123047 81.012939
1310.347168 4.148929
1250.318726 13.531615
3722.834229 33.348698
562.702576 63.111103
25870.816406 13.164658
12557.459961 6.035893
18687.925781 2.968016
746.529480 1.900201
8470.675781 175.322235
3110.285400 177.131531
141.044739 151.578674
675.856812 108.823784
16341.035156 28.180950
29884.384766 58.763268
14687.399414 102.610611
9110.507812 146.777771
1217.762085 125.081055
1752.812622 276.703613
927.230286 497.769989
1444.578613 728.492737
10649.532227 68.481483
12608.640625 66.461807
3137.459473 54.085838
332.560974 59.369766
875.832153 107.699921
1438.090698 170.867493
0.903814 306.625366
11385.761719 513.977661
7801.152344 8.402897
7316.941895 27.494535
3249.799805 60.799812
1028.218750 83.576515
340.044647 250.298370
879.526489 299.565552
9132.029297 290.272369
26840.345703 244.553757
24792.513672 560.655579
6703.116211 306.725464
5154.845215 181.928818
280.016937 184.544556
5570.259277 363.713989
2354.013184 370.989594
4675.144531 381.027222
13385.288086 383.440857
5853.576172 348.528198
693.708984 365.291748
7748.548828 367.564667
1734.406860 363.858582
529.593689 33.152390
1255.277954 62.637997
2771.257568 122.385147
510.622986 198.366455
23503.500000 45.996132
54825.777344 48.451313
17282.533203 41.486588
17937.757812 31.093645
3937.801025 123.346390
3673.090088 198.775818
2596.635986 271.793335
1105.453369 311.637421
25055.082031 66.024780
5476.765625 58.465752
7751.023438 53.623089
2201.689697 71.879189
694.693176 283.269653
4880.410156 408.035370
6140.141602 593.899414
589.273926 808.020630
7238.474121 60.549335
11722.039062 111.859024
3750.367676 163.492798
10612.639648 212.134918
430.558044 201.096436
620.582336 237.447342
1893.985962 261.291992
991.670898 288.980194
51832.191406 401.537537
8860.509766 243.802612
1245.684204 168.018463
2475.824219 165.742599
2340.426514 268.192291
10907.881836 234.301987
8643.300781 232.173981
36413.703125 264.791687
7472.919922 379.550140
6476.482422 380.070129
93.219070 359.004303
2881.679199 316.900574
118.764351 1153.621948
8391.442383 1174.759644
1268.442139 1026.165771
53771.636719 681.740479
25329.302734 2020.216675
13175.108398 1567.694824
7734.374023 1233.246338
931.076843 1116.510010
4527.690918 425.717590
728.815796 305.679474
3723.740234 236.082672
2715.938477 195.032959
5153.668457 819.237915
11987.115234 837.406311
11767.363281 744.367920
2783.039062 586.776550
315.175140 449.542175
6812.351562 408.106232
2934.186523 413.045929
25319.369141 387.488098
6100.304688 1321.165771
1689.991333 1133.316162
2550.458008 852.931091
3393.101807 598.817749
1323.058350 831.795959
4436.352051 706.502869
1995.669922 609.779907
10432.424805 500.394714
16807.552734 1427.055420
2932.424561 1381.267822
328.189209 1214.785400
2939.354004 1008.911011
2769.913086 133.277496
2164.564941 110.531204
1175.893555 108.066132
2756.191650 127.169960
43681.691406 128.678406
6095.208008 163.961090
5805.201172 175.809753
3247.147461 161.508286
5290.920898 0.563918
2387.636230 3.927234
19347.556641 20.719067
3942.267090 59.012493
13429.495117 57.834633
13172.019531 24.380814
314.719116 8.757219
1342.826172 2.712907
251.220123 340.493103
12114.368164 423.927551
19174.927734 486.028503
8581.512695 432.891327
1502.480103 1180.661011
2094.931152 863.855713
1192.612915 545.413086
1173.140625 358.263062
812.237793 372.328644
703.920288 326.207062
1869.594482 250.187393
7026.002930 164.305328
39164.621094 301.309448
2880.145508 332.344727
20177.906250 363.720856
4690.876465 382.198334
34.542809 99.421127
4663.329102 54.422424
1243.851562 41.653641
6455.458008 40.659500
5336.871094 421.823029
1594.019409 379.494080
1756.843140 287.680695
967.239990 182.759766
3848.570312 25.381781
761.450684 11.969555
6688.128418 1.488393
8462.036133 35.717052
34104.566406 100.171631
7095.657715 18.041142
147.348785 3.550859
959.962158 18.723709
1300.307373 372.592773
8763.569336 372.522064
1427.887085 426.964905
1462.305298 426.479065
31982.656250 1388.943726
12680.150391 1150.489990
587.363098 808.705872
786.004089 516.778748
2726.364258 83.781548
4822.542969 78.600204
3560.371094 72.411293
24526.441406 72.236435
30498.683594 305.421295
7795.072754 203.207718
4367.298340 131.788818
1262.590088 95.958199
4210.253906 570.880493
4187.611816 548.635254
27564.105469 625.387817
31527.277344 652.866150
35787.015625 1837.406738
4860.512695 1599.637085
629.275879 1184.288330
112.386589 791.180847
7767.506836 782.350891
21.577383 703.109375
15244.586914 657.575745
41716.226562 606.265381
24451.240234 1158.364502
1861.377808 1159.403931
3747.773438 1055.696411
1885.468628 909.445984
946.057922 170.435364
12329.644531 123.129059
37592.695312 81.378983
9987.196289 48.761356
16009.817383 260.508575
2987.535889 268.677612
12270.212891 252.260788
1924.756836 216.537277
1278.677368 185.143188
2545.979736 217.979874
10844.336914 239.758331
21279.716797 205.753464
2755.003906 746.336060
10944.722656 532.376709
121.271912 328.779480
3816.780273 207.950119
2103.609863 244.670471
3672.619385 115.566307
11101.054688 75.539207
7362.727051 115.267838
32263.093750 514.636902
3667.729736 597.937317
6058.603516 558.632263
1910.815918 418.120636
831.677490 277.769958
2101.140869 292.784943
5118.800781 273.535522
2077.637695 200.049408
3291.385254 554.638428
5390.231445 430.838074
97.423355 324.605469
779.663879 275.016449
1864.140991 23.772903
2984.872559 20.828268
8371.640625 32.620670
1224.959229 54.241913
1901.638672 168.152847
8295.764648 124.630676
1320.843506 79.975876
666.349609 44.099709
1138.096924 40.729874
1575.045410 23.411320
7603.304199 3.072160
13221.867188 8.701268
15008.234375 32.925789
2291.477539 7.393433
3396.827148 18.006182
1098.524170 37.255898
3800.582520 218.580475
1974.289551 99.868767
6851.146484 53.409760
4259.476562 85.662392
51146.964844 370.213440
982.409607 459.714783
2768.295898 455.772430
275.726654 359.600494
1170.265869 110.190147
11007.741211 139.406662
11098.566406 229.597412
26372.150391 322.895294
4178.843262 356.408173
10678.003906 343.919769
3394.071289 259.729706
8167.067383 160.791550
1092.544434 144.106018
8161.020996 153.939667
5810.223633 137.449600
27982.425781 93.139488
10497.856445 231.408691
4822.850098 170.762177
481.419037 133.288574
1568.505371 128.699585
6114.273926 119.992531
3619.440674 139.404358
442.479584 111.118607
12079.996094 56.238346
1704.395020 226.591995
4726.842285 100.091896
15990.833008 52.541382
1118.984253 74.382843
429.715027 474.268677
7698.150391 333.941376
10847.138672 221.253387
24909.351562 158.283569
7312.963867 567.136963
15673.079102 655.255310
11657.307617 668.624878
973.540710 600.287415
2139.927490 14.680914
791.805908 12.756193
3723.503906 21.379436
13690.008789 32.577267
22133.566406 136.513779
8153.230957 104.139893
66.075203 65.317627
1816.494263 32.617813
6656.330566 161.452057
1278.858154 95.484032
6678.715332 40.194660
7669.489258 21.577824
28669.189453 126.222511
9827.125977 176.086243
1380.367065 210.410828
940.902527 206.394119
111.096954 208.615570
128.892151 188.365524
2335.242188 170.872665
6370.593750 144.628906
19381.417969 328.444946
15439.239258 317.344604
745.130249 281.448364
585.950928 240.392273
3229.965088 239.846008
2502.611328 203.029602
14286.571289 164.492630
21529.253906 126.648270
4279.404785 395.716583
2654.950684 362.068115
1229.298828 319.432312
904.902649 277.754120
1303.189331 241.942993
2315.514160 196.848114
28897.314453 185.099213
18901.558594 180.102264
11590.288086 493.628906
10690.840820 492.303528
1587.927490 423.292297
439.925568 325.484070
1289.210083 69.533600
4745.072754 46.207008
4367.443848 18.178308
16068.289062 7.041790
1557.194580 347.335938
3501.000977 214.928879
8399.851562 130.757187
7724.426758 90.307915
435.176636 332.683929
3086.807129 319.873901
3240.505127 414.307068
15706.685547 492.613464
13503.266602 1276.120117
21498.191406 1134.144409
7450.444336 829.294067
763.981262 516.973450
502.497162 168.225525
1167.399292 160.828140
339.197601 127.502792
6713.368164 80.570129
1519.556519 131.306900
3647.259766 121.196785
1877.965332 131.392990
1369.359863 153.096039
4677.911133 16.031601
6896.691406 2.328553
29594.126953 26.182016
12555.377930 65.251617
23566.660156 385.731110
16238.448242 295.969635
487.929626 181.622284
8309.458984 78.806335
1872.793091 223.444626
1005.432617 173.567795
727.096069 116.671257
22898.111328 61.176422
2459.606445 435.831177
13882.357422 379.007080
557.295532 320.584229
74.026306 269.697235
363.496490 272.220642
1847.707397 261.214081
2628.715820 265.948517
3511.722656 241.479431
49749.093750 710.301697
25866.855469 611.195251
334.930908 465.204773
966.325928 338.779297
112.830032 45.008026
3385.985107 32.932335
2375.054932 47.460617
1063.906250 68.626518
1844.747803 281.487976
15890.648438 237.892868
2035.187134 165.277374
955.859131 92.451073
875.510437 61.456886
1291.927734 49.459179
8729.039062 46.345867
160.611572 44.866550
4303.564453 135.710968
315.341370 132.478119
317.715332 111.673904
153.883057 84.189972
2613.472168 33.899895
1447.457153 26.778049
8499.067383 23.872219
8946.269531 19.708649
20735.744141 140.557465
11289.476562 112.744461
7717.927734 79.216576
1984.925293 50.994183
836.151611 84.614037
1616.470459 96.736282
1309.325928 120.738205
5490.239258 130.946640
5204.442383 258.478149
1531.920898 217.265121
2752.367188 155.306763
122.288620 104.054932
2562.280762 9.858762
3386.440430 12.740272
2773.690918 6.917032
2945.292725 0.157222
1739.837769 112.696793
2442.899902 48.018898
3555.276367 12.432205
863.522217 4.472824
1862.784058 66.946220
7313.776855 81.850883
3254.494141 119.371384
23326.707031 160.837021
6977.487793 100.352623
997.452881 112.182495
4546.257812 99.593750
1402.303101 77.461449
2397.653076 53.231926
11434.391602 45.482975
19743.236328 28.601309
6071.372070 8.996092
55035.535156 121.472076
2947.777344 84.849388
4072.577148 63.068665
3608.049805 55.606697
355.215637 330.530334
5834.134277 242.465973
592.443237 149.349976
42406.062500 61.560436
11359.076172 859.757812
13323.821289 703.727417
8012.300293 550.343872
1157.267944 426.756348
448.558289 292.710602
2149.225586 234.111130
1929.946167 226.564941
10250.544922 228.433151
23955.894531 699.027710
14333.976562 678.378845
6480.266113 563.037781
604.177490 413.351929
1394.275391 52.653870
6456.227539 69.312370
15292.800781 83.041809
45918.320312 89.850685
7843.370117 23.182772
2566.788086 23.064377
645.853088 27.467739
703.814941 37.623806
1017.013306 17.863922
430.737732 34.691032
8839.452148 60.496128
966.060120 95.592720
18097.869141 47.028839
3168.195068 21.267323
3748.476562 9.472158
400.904541 9.196934
457.132080 61.003704
3287.403320 89.467499
7295.458984 78.350677
5153.244141 34.488674
4274.259766 405.464417
3648.277344 193.247345
2223.347412 64.162468
4977.461914 32.718838
2494.868896 342.668213
5594.902344 254.567902
10590.753906 177.087997
17084.597656 106.039276
259.552460 647.974731
4472.905762 620.698608
3007.684082 542.888550
9.464398 442.375397
214.381226 131.691147
4151.464844 71.382942
6432.677734 71.614120
37063.003906 150.315720
9674.365234 96.335320
7843.826172 180.990448
247.209579 223.804001
1415.311646 200.291962
4343.470215 101.433250
2428.874756 112.319580
15674.515625 166.413284
19472.126953 207.227600
32594.724609 521.516724
3213.836426 440.747742
3827.855225 299.660583
942.891602 167.985794
92.695999 50.670952
4093.859619 15.890044
5421.022949 1.263241
18781.917969 23.563297
1431.618286 193.995743
5727.671875 153.460938
1453.843872 121.529266
4779.070801 88.516014
5449.457031 358.813721
5082.255859 322.990723
15069.941406 428.912659
13084.947266 569.998047
7919.354004 1087.404785
5475.399414 1055.862305
3886.583008 838.208923
3735.988770 558.036133
1264.969116 582.773438
581.864807 600.256409
1337.153687 536.258423
1260.659424 368.254639
14069.085938 1098.541138
6357.214844 846.007385
5.058364 649.018188
10000.301758 569.830322
967.941101 333.129456
9757.956055 229.495148
7452.475586 183.306519
31059.115234 250.584625
14557.384766 99.457611
11133.045898 254.199814
4977.280762 378.639801
4306.629883 404.843750
1546.361694 692.696777
335.126038 640.476013
11813.813477 536.588135
1310.182373 349.583069
13865.291016 1792.111816
3455.803711 1390.521362
3454.303467 1022.356873
412.310760 790.934570
1787.069336 927.331116
2730.197998 854.641235
22138.816406 764.920227
27424.892578 597.743896
1362.703857 1638.232544
4227.196777 1491.456299
3621.027344 1260.549927
6448.619141 1054.749878
2102.468750 544.017273
211.027679 423.784454
8143.368652 365.649658
11747.105469 371.863037
8292.849609 562.623596
3859.135254 712.275269
1957.563477 749.953918
1893.536743 676.523560
2934.719238 324.087738
4033.109619 236.374603
2226.448242 133.982849
15471.210938 64.542847
768.122314 216.409805
14782.650391 272.368073
189.956741 333.769836
399.825348 359.225189
2428.251953 251.473846
3558.506592 177.523270
7575.338867 100.829727
34665.957031 52.435555
1956.019897 272.902740
15233.438477 291.128937
7524.566895 306.413971
697.656067 297.064270
22072.763672 454.729553
5430.837891 494.032806
32094.503906 515.528687
8386.083984 434.737366
3682.505371 1322.331421
12486.436523 1027.214478
116.958778 712.794678
1511.677979 508.147736
6909.863770 571.556213
6571.646973 421.026611
46934.589844 351.691071
36878.453125 394.642273
9282.151367 463.138458
26928.160156 665.251160
3041.181152 761.199829
5098.330078 715.840027
1255.165405 157.499588
9055.292969 137.957123
203.758987 121.529320
42137.750000 138.551666
33912.355469 138.551666
42137.750000 121.529320
203.758987 137.957123
9055.292969 157.499588
8160.845703 522.113831
374.803680 618.412659
5610.256348 745.889771
20472.847656 752.403809
148753.859375 1533.717407
16792.226562 1249.841675
401.971832 874.129578
465.174591 596.513794
6184.950684 243.985657
18.906971 145.270691
5512.636719 68.539940
2803.297852 68.463318
4143.726562 55.826130
11237.084961 167.834351
299.240875 267.875183
10.572514 297.730103
848.681763 62.172928
14494.187500 77.336128
1999.387329 80.443619
13054.430664 72.681526
10074.875000 14.446856
20223.166016 10.568476
1092.733521 20.160145
1218.452271 40.102440
3523.243652 543.703979
4487.595215 349.620422
3515.955811 184.250397
22326.384766 98.077934
1744.693604 1054.485107
1772.500610 973.999939
4778.890137 866.547729
132.840256 723.178711
61.151306 204.400711
1139.525513 217.024384
14657.622070 258.967621
1336.014648 288.770477
12340.154297 870.450989
29662.660156 649.867249
9987.487305 425.936890
281.529053 267.825958
627.271606 242.245239
483.572388 201.318695
136.765732 216.647980
4604.428223 220.421860
19651.468750 1080.596802
4430.784668 898.000549
2227.176270 632.103821
287.532318 388.864624
6517.181641 8.056742
5118.440918 3.212017
3375.855469 0.812400
4896.725586 13.393027
8872.703125 42.455997
2398.350586 14.371746
1173.864624 6.606232
674.770142 8.171878
2291.858398 94.018715
6704.831055 105.665810
7419.127441 87.043861
31924.919922 54.441795
276.301239 354.626953
5115.604492 186.860443
203.899139 93.263596
1982.993774 74.631729
2954.070557 361.563385
9185.680664 317.791901
13484.635742 373.382233
36456.148438 444.449005
1805.937134 959.100830
3502.196777 933.328491
2643.186035 755.168457
1421.867920 527.166321
1662.994873 733.313599
1013.160156 664.378784
3146.416260 528.004089
12533.314453 341.863708
13486.208984 1352.908691
1033.809814 1091.075439
4860.305176 890.232605
2062.087891 784.044617
205.421967 553.140808
4132.662109 488.686127
3255.578613 450.586243
20540.531250 393.172791
4055.988037 998.191772
9285.710938 959.317993
16705.349609 826.472778
1310.907349 671.349670
1279.211548 55.314590
9603.252930 54.414490
7730.246582 21.165981
97098.414062 1.335498
9287.861328 443.733917
1483.120605 186.391434
5073.046387 57.511391
2884.019531 36.009857
3955.556641 752.812195
2802.464111 653.265503
11611.999023 612.179443
7001.128906 553.558350
15397.462891 1532.614014
3685.243164 1451.043701
18259.070312 1218.308594
228.789017 952.089966
997.614563 351.102875
20.640577 332.155243
9200.641602 277.253540
1003.558838 186.583618
3852.637695 432.614136
7629.810547 396.660950
3535.260254 366.340515
6184.004883 354.441132
2315.484131 87.038933
298.162994 59.948463
13319.224609 100.054649
1184.457764 167.321854
2286.978516 470.547424
9298.031250 433.257385
1779.712891 321.525879
3485.790283 186.292694
88.246155 151.955048
6359.528809 107.614136
12885.161133 52.857811
48793.648438 10.036843
5910.500000 222.389572
7593.718262 197.562622
4043.794922 186.240494
81.738281 176.132324
4969.583008 300.479736
6377.702637 351.604492
18181.330078 468.796021
8717.133789 525.253906
23042.812500 1196.239258
15883.285156 989.976074
1700.408691 675.475647
3971.272217 409.576752
325.287994 569.576965
3288.320068 411.251740
3622.562500 245.830734
48907.398438 161.850128
12708.262695 401.104095
10021.837891 497.788147
683.919800 604.728271
610.035461 642.291626
1636.491699 222.037292
6129.179199 196.218079
2204.604492 184.756683
8756.916016 191.802917
92028.953125 126.124924
82661.085938 196.408127
1974.950684 238.436264
1158.029053 243.406128
2231.525146 263.926300
6074.844238 291.982147
25610.902344 244.580963
29001.937500 133.544601
35368.578125 694.993286
3240.570068 417.660980
1765.630371 252.730423
1779.672729 220.705215
2604.806641 205.640289
2747.122070 188.231110
11839.634766 316.406677
2061.326660 462.314209
6326.854004 1278.085205
14295.750000 1113.603027
2288.926270 774.914490
180.420059 421.921021
1671.898682 207.721375
1921.461792 156.744339
2371.786133 111.176826
15847.140625 88.954056
92.672302 194.361771
2437.170166 228.654739
66.820946 249.619919
2796.176758 243.067566
3940.881348 392.172394
1942.172119 227.442215
838.238098 107.689835
17231.908203 47.855530
18703.984375 792.040588
7214.058594 793.633423
2130.979980 713.929626
762.335449 568.354736
244.748322 71.842140
324.349121 65.165016
7032.514648 66.887215
5881.768555 73.227509
2121.964355 352.205444
6297.921875 248.318253
2323.598877 158.227859
138.310089 99.168816
2117.953613 25.543823
1320.745117 23.574440
9233.000000 48.961716
5822.928223 90.393990
7704.359375 261.613739
3456.140137 194.445892
2799.637939 120.953125
1794.194336 59.770844
5189.540039 526.067627
6878.547852 502.648560
4305.953125 477.154846
47285.175781 364.478973
15288.809570 2524.100098
3065.333008 1814.612427
1863.297974 1143.993652
3752.336670 703.327209
640.675842 1756.079712
3087.198242 1652.774902
4138.537598 1472.887695
4000.104492 1118.593506
45668.812500 2942.687744
17387.958984 2646.915283
5647.050781 2246.806885
4096.011719 1928.486450
7444.433594 47.826462
2740.666748 19.817204
3584.181641 50.769638
1106.546753 145.644760
9053.474609 504.239197
9628.640625 361.188904
6043.845703 230.514618
10605.250000 122.437271
2101.499023 35.781780
676.923706 13.426867
6624.183594 63.984653
17497.625000 172.187347
8415.839844 206.954544
8387.248047 221.165283
1279.189575 183.760849
1017.863953 108.006668
7426.092285 178.121933
677.797607 86.626556
19911.351562 92.252747
25618.136719 203.707535
65059.339844 295.202271
8194.921875 381.562347
1574.627197 388.223358
146.837234 304.607788
11463.506836 829.499451
16437.906250 920.596191
7138.312500 1053.394775
2692.082031 1018.393005
68925.218750 2505.048096
15650.551758 2034.560303
1549.551147 1433.427124
4361.789062 982.450806
1267.909424 801.195190
9525.873047 676.830200
14581.102539 441.517273
12558.603516 201.172531
35823.039062 280.672089
18547.849609 408.656525
8395.347656 603.601807
4927.857910 765.736877
4191.416016 108.886246
8564.483398 49.675228
8760.127930 35.856911
13658.744141 80.326393
38036.082031 130.245575
44079.007812 188.526321
18248.988281 208.118790
4562.096680 175.248947
4243.833496 6.719923
3894.531250 6.757826
31932.783203 2.342287
44499.414062 1.530532
4074.813721 91.644333
20533.986328 39.659073
581.044373 11.707541
5213.596191 4.660106
1329.265015 251.548294
215.173813 247.813614
9574.233398 222.487625
7529.290527 138.546097
20727.859375 1194.724609
5083.815430 835.587402
703.724854 513.112732
130.432373 317.274170
1151.522583 592.304688
6534.462402 563.092407
878.221313 526.892517
2493.095459 426.896179
18199.402344 1220.885498
12098.950195 1064.111572
2490.374268 852.555054
3662.349365 680.743286
862.326660 29.935778
2304.943115 34.323811
125.170593 48.992374
398.817535 55.319530
4202.028809 575.085205
1882.582397 369.082733
2978.349121 186.554077
2964.711426 71.676315
46.365662 404.209839
8003.228516 310.011963
2549.793701 265.736145
5938.121582 237.511963
17240.376953 960.536926
5597.055664 899.443176
2547.233398 744.056152
1109.846802 558.643066
3904.760498 533.758850
8409.645508 494.053955
2646.451904 494.651489
27549.529297 470.500793
17638.755859 1015.208618
8036.225098 972.763184
5555.769043 821.869263
994.312561 650.459534
9820.240234 140.754395
6344.598633 119.952286
12075.504883 82.269501
39230.343750 92.525978
4051.927734 148.740753
10812.474609 56.096298
7955.809570 64.707260
3023.862793 114.179489
619.044922 716.957153
8104.197266 745.914001
433.695862 719.305908
4667.996094 553.924622
21270.175781 1746.052734
12374.510742 1368.553589
5165.751953 994.912476
706.374207 769.270996
1579.050903 668.346802
1872.805420 532.496582
3857.161865 434.702026
43707.636719 406.849335
4045.478271 510.632324
4514.762207 693.184631
14830.306641 792.402954
1055.198120 776.184387
1597.094482 273.883057
1536.137695 209.188858
2448.763916 156.757919
301.129211 124.279221
20606.488281 300.249664
15700.673828 351.636047
2548.246582 362.772064
866.275452 332.255524
933.127930 10.324595
952.013367 7.707059
1314.306763 2.309858
40357.757812 0.525730
1489.432861 10.932331
85.758972 1.840803
1272.933716 2.642035
801.695984 7.642983
1106.767578 236.001785
4474.970703 140.651672
4145.700195 80.371147
8737.849609 76.458282
36484.996094 356.511780
16430.933594 390.799957
3415.959961 385.411560
1222.720459 329.045746
1308.995483 127.261803
11482.859375 155.715012
31282.380859 203.446075
59921.890625 224.569611
46831.289062 457.926025
7080.616211 367.400635
4755.438477 247.942062
261.645264 156.355392
1160.642334 90.085457
3803.397949 30.833969
1446.595947 12.642904
1100.653320 24.301538
24817.902344 333.977997
222.539078 331.146240
4145.521484 272.275391
1496.497070 180.308258
488.805664 159.615555
4273.838867 234.522919
10444.459961 299.349213
4305.320801 292.850037
4173.245117 589.036438
13662.173828 414.436554
2269.245117 241.867371
1033.072266 148.976288
1730.498657 87.594429
4289.749023 64.989662
723.317200 35.095894
12189.375000 16.445726
9605.568359 9.582939
98.708076 34.019798
1429.220703 66.695648
4910.377930 88.654327
640.586182 44.752144
1365.619751 62.001411
683.504089 65.649933
12310.125000 54.352692
10304.225586 96.386787
336.772186 50.335163
8061.114746 25.712713
3147.685303 27.057547
3358.450684 354.933258
2906.249512 334.373718
7294.114258 257.373230
7322.356445 146.845703
5662.140137 277.731567
1408.028320 265.152069
7084.324707 286.804535
183.551727 328.201141
1819.782227 126.355042
4550.151367 74.374969
1552.033325 15.392964
4324.103516 42.754086
4518.955566 72.589157
15005.631836 0.344839
639.170898 43.689655
2925.915283 111.659103
2375.821777 173.239929
382.504089 168.947144
6884.831055 225.623749
10978.368164 266.534973
3817.152588 1004.450195
17534.937500 803.096252
763.399780 530.202454
906.966248 295.421082
8597.466797 35.310459
4156.885254 24.443022
38216.261719 6.373387
7232.853027 12.637947
4116.460938 57.337685
793.630310 5.752017
1153.189941 4.330688
1479.933350 24.504650
86.358421 163.126083
723.989319 110.383110
1443.900879 74.781166
8408.575195 48.686386
57014.992188 389.524750
3769.484863 368.379822
1674.765625 308.937378
81.255638 233.300995
152.916336 91.740402
2233.671143 115.177528
5667.888672 122.740891
13612.048828 102.135216
19187.234375 193.925980
4821.054199 135.332169
3319.466309 90.234482
258.271515 76.642464
1531.273071 129.005203
1536.819580 94.391930
5505.121094 65.580734
5711.875000 51.939705
3863.008789 114.108948
2324.544922 145.518631
475.542145 161.731888
1170.952637 155.298584
831.678162 72.720390
1002.611694 39.643627
1101.935791 45.705391
26767.056641 68.764618
35227.566406 318.351196
1973.135620 303.309357
1507.759644 235.301117
110.580582 145.898254
145.743332 272.144165
9178.703125 211.935287
4004.766357 113.909164
16409.742188 29.595562
5740.769043 288.102051
1009.945190 242.439148
2409.620605 251.472412
942.411804 277.220459
128.910263 112.289810
3674.746094 78.718452
4170.885742 126.706543
59686.496094 261.541626
8099.806641 123.165276
28161.826172 191.320969
13941.058594 214.928802
681.536926 177.801392
3393.491699 139.203720
165.333389 192.811371
5897.604492 230.762268
9997.830078 206.806625
34386.773438 773.797119
4520.087891 505.995850
2323.068604 271.655334
1200.996582 146.923920
789.117737 126.577080
14.743731 97.601631
16731.441406 130.353027
704.005188 154.527100
7643.649414 914.935669
7807.119141 748.441833
1181.892944 497.015442
4289.012207 264.251770
1047.234375 92.764305
5956.250977 64.472862
10671.603516 36.509743
4868.250000 15.698148
4892.367188 107.796890
321.816895 120.496651
1336.944702 123.613197
2293.795410 114.105942
1536.377197 255.800781
938.943665 266.597290
251.540253 197.908997
2926.398193 98.551285
1043.240845 758.087158
1304.176270 407.795227
2958.613037 228.236176
1752.765137 208.388031
442.496094 181.709198
5802.867676 163.728088
34362.328125 254.300262
55142.300781 354.491058
7338.654297 1333.394531
15809.045898 1069.025269
14148.090820 700.362732
1620.815674 368.677887
5031.556152 36.144073
5983.737305 24.695541
51359.968750 24.186708
95174.023438 31.914024
5479.774902 119.405334
4122.173828 105.724487
844.556885 82.944427
1360.171875 57.314281
6212.986328 30.381245
9457.593750 27.921350
24276.986328 15.864463
61993.375000 2.960739
62240.109375 47.976421
20325.166016 23.826170
4567.415039 17.796484
293.837402 23.890709
968.952393 74.515259
588.648804 67.633232
7204.521484 48.134888
7573.394531 23.195745
55830.585938 110.347641
5722.928223 83.704201
867.276733 71.805779
848.509888 72.256744
997.902527 33.069687
11410.622070 53.214146
3906.620605 59.463005
9089.534180 47.864250
7334.628906 344.199615
1016.645325 186.521286
7149.519043 74.614769
2599.005371 28.517429
4032.275879 461.305084
4178.858398 374.345947
4663.685547 265.135864
1064.440796 142.312759
4112.352539 866.683167
2410.578613 756.235718
4142.916016 639.590210
969.267334 542.493286
716.225342 229.397659
5193.473145 253.988174
7928.033203 372.442535
8362.775391 491.685974
13010.205078 789.694946
15871.734375 719.554443
2065.235840 534.233887
3279.446533 336.988403
525.914062 112.782509
3802.269531 61.561829
8768.063477 31.958157
6399.657227 35.230068
9283.600586 115.787056
2626.210693 162.818420
276.940552 180.996948
591.200684 160.803314
800.820801 296.418121
5392.538574 220.243347
4174.905273 197.235260
5571.095215 203.064087
3602.301514 648.212402
3442.031738 643.739929
156.106232 553.939575
3833.190674 420.314911
1668.349121 152.251038
7721.275391 131.701523
1842.841797 91.012100
33516.605469 52.342094
12666.360352 48.075378
9030.879883 68.785583
2918.848633 107.333351
2095.462891 141.885529
191.697357 40.209839
6002.274414 47.414101
5767.942383 63.462761
7889.202148 77.320442
2780.464844 75.977478
1151.393677 75.164680
5370.001953 61.799706
1025.235596 46.509327
1112.498169 100.268806
2181.176758 84.585777
9448.505859 111.988358
791.724609 163.774689
2958.089355 328.027130
5418.229492 299.294739
1150.491089 234.317841
202.300171 157.518539
177.039154 806.511719
10424.335938 673.221741
9972.607422 465.269470
2159.595947 225.098495
11896.901367 1365.777588
12994.458984 1154.842773
5905.851562 992.092529
1750.608521 891.519714
793.568665 29.268822
2442.657227 36.765194
4073.708984 87.806412
13409.230469 196.625351
8153.454102 369.710419
9454.252930 216.441681
16224.534180 113.460648
3939.956543 54.441631
903.020264 318.745453
6919.937500 278.505066
6258.801758 315.566406
14709.013672 337.189728
7112.741211 1208.656738
22970.265625 1053.876099
9282.349609 771.580017
322.810394 491.843140
1442.426270 1.998857
5598.024902 27.280062
12072.862305 81.600723
31657.906250 148.572403
552.864746 114.094788
251.899979 80.947350
3742.323242 41.456985
4951.560547 9.754315
5166.199707 52.677246
2527.472656 140.262680
42979.804688 245.868530
15810.554688 326.645996
23402.822266 188.137070
2566.837402 114.658173
1607.426880 45.539440
2911.812500 18.074827
5620.092773 55.174564
1153.882202 120.944611
28589.216797 212.299957
596.270508 252.930923
63038.246094 650.796692
1146.824951 457.405060
2226.094482 237.572876
1241.238647 87.169258
3407.787109 82.688568
3219.389893 94.840515
2748.278076 66.219208
28433.521484 20.387497
4988.879883 103.587151
617.976562 21.911308
1406.967041 6.504959
7322.525391 40.508057
504.270905 64.210197
145.773239 35.504997
2617.196777 25.460760
8939.962891 34.501709
10456.011719 108.632454
145.374161 129.363037
452.908508 125.927025
2520.226074 99.952469
3273.020020 25.394030
6804.464844 11.302090
3732.999023 9.175518
9373.520508 19.021545
7013.575684 116.590721
6441.431152 98.577110
837.468201 74.457779
123.536842 48.221199
2099.420654 113.234863
2861.477295 165.655945
10354.241211 198.103134
1167.133667 185.451904
4800.053223 253.545670
218.879364 165.764450
421.557556 97.988068
389.956390 80.719734
4321.121582 54.231304
251.041321 80.792091
28843.847656 71.606041
12032.385742 35.053974
16761.490234 145.646179
12822.944336 44.871330
6246.165039 1.309623
2453.520508 14.610546
5736.121094 363.589874
435.997314 334.418488
6031.144531 214.483551
3857.844727 74.910217
23069.929688 119.711777
6588.888672 93.610397
2378.605957 172.415344
7039.885254 291.263092
625.913757 161.427719
2496.202148 91.894447
16629.488281 22.499762
997.439697 15.367624
2600.451416 20.190489
23788.492188 57.232887
21504.748047 130.774048
2034.343994 178.058670
2625.768555 232.742157
402.205811 177.464798
21733.960938 117.593040
2414.262207 84.873825
8651.258789 127.798981
5765.812500 179.051102
7076.782715 231.349533
614.014771 254.100204
2134.038330 181.238434
7222.822266 130.943527
6351.556641 88.313972
112149.031250 47.990135
3066.214600 455.501373
18421.980469 402.139587
5274.987305 324.451477
1019.759033 246.113770
4329.592773 22.112762
3606.768311 25.237209
17661.617188 91.748566
3163.022217 209.633026
91966.492188 157.543228
15470.488281 150.026779
4062.239502 116.564362
2223.693359 64.138329
2754.304932 103.953789
4162.644043 98.183334
2343.204102 113.197037
31339.234375 111.964767
50770.414062 564.869263
5453.846191 440.802826
800.021729 288.265930
2392.113525 165.225571
3186.135254 7.876131
4557.338379 16.098305
12613.871094 28.689545
2138.006348 50.810123
25852.046875 43.968948
4446.191895 14.058272
1364.711426 1.805503
1425.090210 1.998840
485.259338 8.131938
1283.083252 7.295082
4015.054199 8.159329
736.546753 9.069263
6233.190430 49.723488
6824.570312 36.120995
3196.152100 22.652649
1164.040771 12.892754
3497.154297 32.706486
7087.166992 23.003946
3022.554688 20.171658
14575.744141 24.686066
11438.451172 105.314285
9847.818359 87.147133
3168.069580 67.050888
1198.976196 48.039799
1055.288208 63.661293
1909.051758 45.081970
10117.956055 24.974333
36889.761719 17.166801
31191.412109 6.278057
23815.531250 28.152767
2825.569336 53.551960
1187.182373 67.841614
803.651123 108.062088
10152.205078 98.841591
9198.712891 101.414169
17555.996094 96.332062
8987.991211 334.364136
4150.380371 283.037079
200.852341 209.882690
3510.699219 145.094131
4410.494629 28.606209
1213.932617 23.795025
13755.824219 35.831200
15220.654297 51.747150
14145.095703 159.931549
2614.262939 137.841873
245.432190 97.221970
43.675793 55.391006
1564.905518 58.687431
1347.525635 45.043282
24858.685547 37.091736
8407.326172 23.259159
10686.068359 325.832275
1658.045654 245.678543
138.454437 159.908936
55.127769 94.365387
351.841248 195.308136
2514.835938 221.816254
352.540253 213.440430
10944.009766 143.969543
16415.267578 874.313965
5433.727051 573.519226
1464.260132 329.920685
2744.641846 208.090149
4100.966309 463.960815
1325.555664 386.412598
8935.255859 398.352722
8202.814453 412.036499
18259.511719 1274.305664
6013.866211 1192.244629
18393.322266 949.038940
1030.378540 667.641541
1498.231567 117.059601
1632.503540 96.307266
4427.417969 87.853867
7691.502930 74.004539
9540.625977 393.729034
236.743210 330.218689
2566.360107 243.580963
4450.353516 165.987518
689.815735 385.567017
8634.986328 330.848938
4392.930664 302.696106
19360.050781 246.782104
5886.008789 1137.043091
2114.290283 968.772339
88.550247 730.570801
6251.499512 517.314941
1362.677490 401.672424
1176.519043 235.294861
6244.776367 186.562561
12071.755859 247.617371
13734.127930 664.976807
967.756409 804.102051
10030.123047 782.788086
3152.442139 619.556885
123.948219 176.102661
17824.058594 240.581238
1684.908325 285.073395
46525.964844 277.428070
12361.668945 212.032623
2538.710449 167.838074
2530.791992 130.644653
4959.453613 131.492249
4455.476074 144.360855
1188.646362 182.027802
1864.074585 146.581497
3689.378662 60.513237
16902.865234 418.451202
16126.617188 183.684937
3748.451904 70.611923
427.461853 79.351524
2476.785400 171.561768
2841.819092 109.261566
188.551056 63.393921
7180.385742 43.722660
7204.212891 196.430618
16005.423828 245.046844
6432.346680 257.329895
265.345490 228.629074
94.705933 53.062714
550.562744 36.346439
1903.719604 13.835175
15583.066406 7.445316
1233.440674 99.681641
432.044983 59.439583
277.213684 50.151859
905.289185 54.743195
528.557739 171.289215
4962.933105 166.316574
6445.006836 130.417419
44009.632812 66.668709
741.473267 765.224426
118.959030 490.730835
3776.305176 288.479523
1201.076904 191.649841
1159.726562 183.953796
2682.119141 193.681137
5584.927734 264.020203
502.452179 354.513458
28261.505859 381.332581
22938.515625 383.017029
3269.523438 322.420013
2264.594238 238.516266
460.437866 90.837418
10216.603516 102.872452
12176.779297 87.021812
18661.935547 43.326286
16423.185547 392.218384
2145.054688 233.160309
2307.904297 123.993980
1437.297607 83.711243
614.239624 37.632542
6419.291016 34.320301
77.209038 44.119621
18104.548828 83.534760
2698.757324 6.321048
2277.532959 4.899101
4951.844238 21.532198
1731.811523 35.691990
1710.291626 338.607941
1582.815918 335.501099
8510.478516 297.294495
6714.034668 198.859802
36516.128906 922.883545
1028.861816 692.452637
984.616821 487.724426
827.799438 370.812531
189.599457 254.594788
7639.265137 224.054504
273.459045 211.773529
1883.712402 179.769562
66.334740 727.210266
2235.611816 624.163513
3001.298340 473.161133
446.280792 337.044067
1476.623413 532.550842
19724.195312 434.475861
16447.105469 325.156219
48335.832031 239.929794
21156.804688 591.460205
12169.696289 607.268555
1617.411377 614.845581
2056.072754 594.342773
995.997803 369.684875
7256.598633 292.577820
19886.660156 247.814346
12596.518555 197.757507
10021.042969 926.182922
15833.812500 843.071472
8274.183594 678.925842
2491.922607 503.187653
4879.953125 140.067154
13473.679688 105.949341
4610.972168 83.400253
41799.179688 53.683746
13980.724609 652.281494
245.714523 501.912537
4248.154297 340.098877
479.882263 213.644196
415.093109 288.386444
3372.885254 240.887619
7258.108887 245.996918
3517.712158 251.945770
15827.216797 764.551453
2753.871338 718.701538
1233.822388 576.242859
491.150299 409.854218
1449.457520 30.269611
4103.757812 42.045380
2464.007080 67.101074
21939.910156 110.825813
18628.410156 30.910828
10611.990234 17.291792
6260.304688 17.938101
2451.986328 23.547750
2603.685303 215.764587
73.880165 261.911652
8272.508789 265.683044
1182.866577 201.097672
17265.289062 603.714600
1732.708984 403.899170
331.672058 250.396103
61.962646 191.981339
5737.528809 8.936604
10745.172852 4.428584
4485.738281 0.602429
26649.529297 28.752525
21073.646484 210.784271
3273.630371 79.372269
297.702698 18.424908
6867.805176 6.508968
1077.910400 466.145264
2092.467285 429.295959
8752.268555 429.053925
24196.773438 418.458893
7346.174805 792.220459
5047.327637 783.719360
8766.935547 685.609863
2036.677612 559.825134
4847.675293 453.197876
398.899658 403.235138
9142.066406 342.645142
249.805527 277.304749
51008.503906 609.465820
20582.484375 579.018433
8223.532227 538.049500
3006.182861 496.143494
669.821960 269.840424
6383.135254 187.806152
12660.284180 162.640060
8814.980469 197.508026
3641.639404 374.880768
289.299316 442.554565
1494.945312 441.088654
5012.256836 371.371643
702.558167 262.439819
1721.172607 310.036682
682.714233 292.089630
34650.507812 247.393448
34979.351562 325.496002
4844.408203 150.511368
463.689484 109.172684
702.719910 171.711029
2396.802246 169.071609
3080.939697 125.491890
28322.783203 224.011810
9486.521484 380.150177
52827.777344 911.413452
10645.032227 847.638000
2411.999023 630.782471
2265.578857 363.343201
1020.543457 74.771912
2225.186768 81.130386
1939.843262 99.277771
7524.865234 100.765274
12734.761719 465.587708
20422.779297 340.668030
1105.249512 207.702454
6543.706543 112.619888
3749.163818 175.226608
2544.147705 145.276306
5122.388672 91.399185
24212.523438 42.266598
20896.144531 54.316795
1082.301025 79.826149
4912.965332 126.400658
574.400024 166.480743
1187.504272 344.908020
3493.344727 341.240265
6012.369629 310.756836
19565.966797 247.011017
5784.537598 511.593140
6753.931152 438.192291
2996.768555 376.852295
1183.084473 347.999084
3007.207275 330.311829
7539.954102 233.739075
5342.457520 156.543457
14890.169922 100.821991
518.372559 571.931885
4966.202637 576.246460
11907.159180 524.565063
1582.851562 434.410736
3085.986328 410.210266
2432.350830 314.173279
9071.899414 286.880127
21478.906250 279.388367
13596.638672 1029.977173
1628.836914 977.510498
398.313324 803.412842
1585.446533 587.286926
12447.683594 211.612228
6770.257812 250.998016
51633.695312 272.709137
29031.388672 277.265320
4973.793457 60.676689
9137.376953 73.980629
11820.258789 110.482811
2665.433350 160.800995
2408.657715 1198.117432
9383.142578 1147.487305
14731.973633 863.074890
19151.445312 430.437775
3440.442139 2100.723877
3781.899170 1497.040039
2685.779541 1171.155029
11564.957031 1130.423706
238.430588 1205.809448
1561.649292 966.539551
10151.842773 879.828064
40837.601562 888.666443
19547.039062 1618.663330
11148.834961 1866.160889
13717.183594 1813.511353
5053.104980 1538.939941
2902.306641 260.735748
5034.487793 204.536316
13257.423828 122.581505
18993.212891 46.026493
8216.073242 211.060333
812.014832 228.341660
7965.622070 257.739258
39.746399 276.099213
655.113953 118.677109
9.028918 59.228813
10249.121094 53.889057
15899.904297 73.252106
33153.714844 500.360474
10334.483398 473.839478
626.190247 369.423187
605.919983 233.226715
758.853699 125.038498
1819.565430 114.641602
1367.805664 84.727097
840.339417 46.117329
23629.759766 124.436768
99.226288 107.686432
941.302490 107.768883
543.695129 118.403595
100.067345 9.610486
679.686401 1.905768
4015.400879 3.546150
1267.564697 34.818371
10832.363281 44.447613
20967.222656 10.917465
11096.711914 6.426118
295.138428 11.120852
986.063843 52.288700
9717.812500 49.975937
1490.723267 61.986668
5165.268066 72.666542
15306.123047 200.755112
9427.765625 171.398132
557.660400 123.503365
541.308716 78.188095
507.275055 85.276886
1081.555664 62.274712
7506.061523 31.073229
338.668365 14.427131
5024.789551 295.974030
5352.002441 188.534302
1185.814209 125.949333
2811.421631 99.742538
2286.488037 464.187378
32103.679688 483.096924
16162.989258 551.760132
66501.671875 563.352478
12501.406250 1242.718384
6857.463867 1080.651367
6.977718 812.430908
4129.850586 575.261475
1159.977417 554.070251
2532.072754 542.491516
802.752258 408.917786
21462.806641 212.681946
21299.933594 367.969879
1494.880249 299.239136
12765.441406 345.792297
992.680908 461.544769
3461.592285 18.358503
4424.151367 24.557739
2042.199707 60.897636
20529.255859 115.180916
1168.727173 601.180481
2835.521484 378.052032
4972.738770 187.963882
1755.953125 66.520218
642.247864 80.285080
4502.666504 79.469429
2799.516602 104.495529
22266.998047 140.620331
829.668091 215.121887
3076.042480 195.153931
3234.423828 154.108475
1347.435913 109.167419
3698.488037 225.124039
1668.974609 191.107910
16365.689453 119.052521
2368.165527 43.556732
25604.667969 584.833313
15665.574219 389.018738
6699.005859 274.886688
4661.235352 236.183792
6047.619141 268.315247
10345.801758 204.152527
16419.060547 158.417755
54946.816406 116.251801
48238.976562 568.956482
9396.653320 539.662659
145.384277 457.593506
1731.031250 357.065063
3923.907715 100.404953
38.867825 77.934669
1241.953857 46.983368
731.656860 15.060083
11075.011719 387.777283
3992.173340 270.259552
993.118225 179.717056
605.351990 127.136978
670.084595 475.742004
332.320892 345.991516
5902.837891 206.586121
13950.328125 78.214729
4092.486084 1244.270142
1814.886719 1009.542419
752.512024 787.605225
481.794617 612.780029
176.909149 898.966309
9370.048828 1016.577881
1564.995605 1097.985596
24673.449219 996.248047
25502.679688 1815.267700
7921.581055 1504.263428
511.806122 1140.733521
1222.654053 914.568665
1623.893555 799.120483
1297.817871 611.280151
7889.793457 400.156158
917.012512 275.919464
661.659546 439.046814
10665.734375 606.806335
2109.484863 784.317749
3993.642090 866.526611
277.285217 694.863953
1683.190674 407.007385
2847.358398 236.170715
1074.074707 161.513824
15446.529297 1666.201172
15992.965820 1645.961426
2386.683594 1417.618408
508.079132 1062.783936
385.221344 288.774811
2342.042480 314.987152
5579.094727 330.135742
4154.156250 291.661530
5188.096191 881.310425
3942.590820 657.325317
535.147339 445.293823
2161.665039 317.748962
340.389282 35.827171
476.383087 14.847588
3246.895508 38.813808
727.577454 93.692795
20811.941406 395.420532
5408.454590 308.828827
4230.359863 202.539307
1322.790283 103.118034
5432.562500 58.161339
1618.326660 77.397987
10290.107422 105.272697
11924.218750 106.502808
2155.438477 433.395996
2399.213379 310.634705
1753.769287 177.916000
185.004807 86.483902
501.920227 123.217896
970.588074 118.864677
7246.589355 98.293976
17480.791016 71.265488
3832.669922 59.409706
2388.864990 67.234421
2428.046143 87.367439
908.240234 110.115730
1864.388428 66.652382
2579.600098 32.993122
1070.211670 12.216392
17278.169922 12.534595
30305.673828 120.596657
11070.407227 126.952438
6928.008789 121.483696
1687.811646 99.973663
1994.175171 134.034042
3482.845947 203.075439
3295.896729 264.149445
7017.880371 265.340637
3030.411377 530.346191
2080.707031 362.838257
2817.175537 204.594818
1870.121948 122.324577
1568.139648 69.131393
3968.312500 81.489342
2689.709473 53.680115
7957.642578 12.234308
9483.705078 140.596191
5985.901855 32.473488
3752.372070 0.823680
6713.827637 28.168331
836.071106 169.896225
3162.816406 119.609909
2639.437744 87.535225
42714.046875 109.662407
14642.037109 49.732559
6026.933594 108.524651
6993.301270 170.350967
3772.230957 194.691818
4103.825195 176.794327
3797.698975 245.043427
15260.007812 333.653687
1064.314941 382.313538
50708.253906 380.390381
13298.617188 326.355957
3416.952637 237.268951
119.104836 173.513519
1557.574463 195.726303
1089.817871 171.295105
3178.929932 84.269638
36051.640625 11.418877
4681.070801 230.137833
1526.896973 85.413162
2200.920654 77.819344
439.959473 144.992416
3218.362061 439.288239
4243.458008 328.531525
420.234467 279.282623
36843.804688 240.654083
36928.214844 1145.896729
576.927612 1070.219116
3581.391846 869.040771
224.601532 631.374451
5509.286621 363.971497
2614.538818 354.176025
10806.837891 328.431122
2578.111084 282.816895
12694.791992 516.137695
7324.300781 457.624451
789.995300 405.414612
3798.394043 375.296356
1378.188721 1248.291992
58.194786 1133.741699
35923.242188 904.556213
26467.947266 568.434509
49686.812500 2150.865723
4150.011719 1803.339722
4987.840820 1507.873413
451.800934 1336.640869
653.895020 1376.598022
15703.162109 1039.296631
6719.182129 808.809326
20096.791016 707.157349
21621.427734 1527.481079
55455.511719 1842.004517
12476.055664 1902.386475
5501.421875 1712.500977
712.344299 314.078094
10722.315430 269.680725
4430.873047 199.268570
15732.493164 127.426010
335.188019 143.484619
24215.109375 210.938324
2535.141113 276.484009
1098.304077 316.278137
2300.149658 51.095707
800.318054 59.731155
9914.832031 48.483032
18890.562500 23.046736
40934.875000 118.819427
14497.888672 60.278202
6743.947266 32.122688
560.348389 34.656342
4656.876465 365.999084
1731.997559 267.292145
14647.752930 134.993118
14500.053711 67.760521
16167.441406 245.484879
10240.185547 227.983307
3465.911621 299.929871
4131.881836 371.854401
160.512604 598.764221
7457.670410 498.373962
972.222717 498.973541
15986.776367 504.908203
6014.240234 1469.619751
22266.001953 1404.182129
2336.743164 1147.894165
3653.610596 835.336304
1339.873901 0.520036
3701.223389 1.473023
8470.729492 6.622368
10909.445312 24.636940
1730.056641 74.017830
4928.098633 29.933607
3430.305176 7.561633
1298.435303 0.855049
7076.376465 154.176743
1199.881470 136.095963
8962.357422 174.995193
27669.601562 237.952362
7330.635742 339.793823
8095.411621 361.943024
6424.583984 312.463043
361.197113 225.886810
4186.326172 399.058136
2349.541016 372.051666
15015.972656 280.670593
4449.472656 148.363342
9858.730469 507.166656
2287.294434 415.718445
2960.522705 375.794006
679.141602 383.934692
4075.376953 128.242584
1618.987183 65.745712
7369.867188 33.112427
2036.593628 90.453583
41737.773438 4.065928
32379.470703 46.196888
603.404419 118.632889
3901.078613 155.203445
1325.966553 44.191872
5937.704590 73.766380
6879.035645 172.162033
21997.919922 291.718079
38140.636719 444.849213
25565.876953 353.455231
2837.000000 221.227036
1955.875488 100.975914
2484.934814 229.064987
12266.876953 225.538544
7904.822266 216.993530
9363.537109 150.117447
25413.335938 1277.214233
2486.170166 907.186462
3529.250732 551.028809
2029.427246 317.576630
755.210327 262.189087
3927.296387 293.467590
8405.176758 349.039612
49062.347656 386.006042
73576.625000 342.965393
21359.046875 355.953583
7484.105469 320.283295
1849.171631 275.823608
4468.418945 23.363504
427.600159 28.343512
5103.684082 20.983551
2180.953125 10.229432
23357.562500 47.892544
8370.799805 11.070746
3867.844482 0.321889
70.441139 9.457067
871.032837 114.678207
3746.777100 86.653160
7869.750977 45.440777
7404.444336 13.130111
4419.448242 143.616486
1503.098022 118.490204
1027.263184 116.249084
872.438293 121.419357
1000.841919 172.752197
6951.180176 197.451294
32286.343750 280.209930
39137.929688 312.493988
3368.723633 1212.278076
4912.269043 938.327881
1504.306274 583.656921
333.502350 298.195648
2371.981445 520.966248
2539.904297 417.060944
3571.055176 315.407227
18324.804688 218.352646
2512.868408 795.033936
531.380737 782.957031
8639.962891 718.555908
3105.780029 624.763428
2119.655518 329.611938
11657.950195 231.206543
42463.515625 164.895050
9962.999023 126.580673
26341.476562 510.004791
886.045715 559.646545
3718.841064 530.615906
686.900635 441.524506
741.069519 23.834904
4916.200195 12.730570
1863.399414 12.908324
21331.150391 15.718010
4747.009766 149.339706
2731.024658 126.490417
1664.474854 88.778687
6541.901367 50.568901
5199.036621 2.770797
1803.080322 13.086641
5106.333008 24.811230
1646.178589 32.211681
52490.687500 78.070114
21780.240234 44.360352
4682.255859 16.264683
61.197552 2.008342
1695.991455 207.796021
771.551941 197.483154
13105.375977 149.497406
3102.887207 76.593422
2204.327393 419.252655
1039.572632 297.235565
1196.994385 223.193909
465.725769 202.950394
2253.947754 73.276711
26.889139 90.352615
5015.452637 98.056938
4169.084961 86.376968
6118.683594 665.261475
4803.001953 401.082336
1540.454712 196.822723
2732.589844 92.418945
1330.437378 366.132080
8608.912109 263.664886
22552.447266 218.378418
23335.529297 206.502487
2730.425049 681.858154
7068.401367 722.025269
4022.403809 651.668518
558.633118 512.163757
6496.856445 205.080383
1031.379150 193.096237
7618.398438 200.811737
3089.762939 216.648270
45130.312500 259.919525
2653.397461 277.953949
1515.392822 265.331696
2505.985840 234.378174
6915.644531 102.718971
7417.681641 75.944557
5123.524902 39.608849
20495.890625 10.906465
14071.093750 53.486675
3827.877197 70.644196
1342.363037 94.092789
513.898254 108.599777
1006.056152 11.700063
2098.208496 5.373987
1805.180786 0.055507
343.028656 6.801482
5611.862305 41.913719
10409.345703 18.707155
907.804565 12.152359
1117.642212 13.000051
6167.983398 175.029053
642.114319 153.203796
28647.306641 111.027077
4880.856934 48.254467
2167.277832 656.856995
1170.013916 459.823792
2846.662109 300.780609
233.095139 210.606003
1180.150879 354.511383
4475.237793 245.899078
171.777557 188.193146
9440.416016 165.485718
17367.390625 646.161621
3542.321289 687.376221
626.478088 626.330933
228.134750 497.012024
403581.875000 403581.875000
403581.875000 403581.875000
0.000000 0.000000
0.000000 0.000000
0.000000 0.000000
0.000000 0.000000
0.000000 0.000000
0.000000 0.000000
