2667.250732 308.864960
7172.631836 393.460266
13842.446289 453.649445
5517.552734 466.788849
584.645752 84.420120
1273.784546 114.597450
488.337646 159.295410
1137.642212 225.189545
737.990234 352.618774
2066.755615 498.755249
6766.691406 718.957214
7988.921387 960.754761
3005.796143 177.655762
4607.206543 223.853333
3470.036865 254.249374
818.004578 283.162628
220.961258 92.129456
743.555115 120.909073
3358.530762 200.467422
2454.509277 318.966553
3399.612549 48.807129
2811.233398 84.467918
13766.630859 101.204742
2054.286133 96.195450
597.495483 405.450439
1523.177856 442.358093
151.947311 560.102173
594.169312 740.456543
4020.495850 167.479416
4888.663086 305.908417
1726.480347 390.927673
1478.822632 409.894623
2480.562988 303.908234
2048.782227 313.706116
3837.200439 354.085022
1173.433960 476.683990
581.192139 8.722991
4648.696289 62.720894
818.772766 172.901169
297.849152 264.703278
253.647537 17.605574
141.952698 23.793959
120.548492 18.750618
1741.510498 6.977599
9556.436523 42.159286
4585.129883 11.641814
164.943222 0.155690
3513.231934 5.715332
255.358704 34.894711
5606.106445 55.146259
2167.263428 69.410500
23754.421875 72.827110
5628.259277 4.815242
7683.141113 0.826435
3356.470703 3.732080
1398.212646 15.778540
385.782806 165.778397
2154.952148 209.279144
3637.093506 305.503967
18371.298828 411.708252
3751.048340 212.722870
1997.352539 243.292450
64.667397 222.164871
1339.729736 180.651825
1658.901733 115.845055
2035.535156 113.843124
154.406616 149.655731
1141.986572 244.444763
47315.871094 10.618855
10108.387695 46.468060
1417.284302 93.499107
1532.260986 117.937958
3080.092529 27.955288
411.163208 13.781178
769.060913 18.918720
4185.187988 58.314869
741.769775 10.160874
1059.025146 20.216885
3026.920410 36.189407
2572.353271 39.917694
913.573181 69.098518
4555.920898 128.371964
2805.488037 188.014191
6985.653320 219.349869
453.926392 85.445732
500.666107 61.216896
1098.804565 36.857880
418.916595 35.672504
71.161911 109.428551
950.597534 126.008163
698.206421 222.141571
5600.457520 373.895905
25607.009766 120.726608
3575.163086 180.658600
5119.622070 186.836029
228.317184 147.615967
1782.891602 48.116455
249.116333 84.339867
701.775818 150.924362
6522.935059 219.290619
2600.284668 173.942368
316.746643 143.187469
1170.076538 94.874107
406.740479 54.799988
171.862610 449.820984
3199.666504 466.485443
5152.045898 590.555847
15778.153320 786.701660
6213.411133 309.403320
5995.649414 468.545990
1302.413330 529.495605
904.071289 499.414856
132.102325 327.111023
2751.143799 348.376007
2966.441406 408.020844
17619.464844 566.794006
19521.490234 2.034647
512.419678 47.063652
2032.350098 167.446869
2631.486328 275.028076
2592.027588 18.978188
2331.869873 20.233189
14889.110352 37.356480
28761.296875 81.129845
728.752319 69.728027
2077.342285 38.445751
1402.683716 26.461269
238.404694 22.210487
1241.626953 52.461723
653.698669 65.417557
436.164917 104.525139
4813.485352 171.232574
15531.473633 5.623135
7728.044434 24.764217
4696.571289 43.132378
5613.196777 50.529301
386.110931 174.031113
2635.305664 184.428741
3442.322021 201.027496
3730.090820 223.870026
8018.230957 49.015339
4288.129883 95.714378
2029.082764 136.010925
605.557617 161.200500
1097.719971 70.726318
2333.166992 90.888443
3939.563477 117.048157
4984.403320 152.044952
5620.767090 18.902433
1291.716797 19.116215
2400.626465 33.093178
1939.445068 51.883404
941.576111 4.348913
1096.782959 1.759498
618.517151 0.358518
10407.388672 0.031474
1419.677734 11.240520
95.277870 11.820900
976.700623 10.420671
1038.595459 7.580781
674.215454 47.243214
1214.294922 56.421246
4904.983887 60.004944
9316.154297 61.551662
5983.996094 3.117999
263.869843 3.886734
363.326935 15.558963
1874.139038 32.254742
1582.698486 108.247772
901.625977 126.810081
266.159210 134.372665
3826.865479 122.878822
23406.525391 120.840607
4288.517578 102.312897
1272.153076 89.876663
123.939621 92.330551
1646.231567 87.434181
1205.030396 91.918617
7190.158691 107.475830
12469.159180 131.478195
9846.112305 43.413883
4823.828125 68.133286
2096.555664 83.690826
399.090027 87.977142
3280.562500 21.805132
6579.675293 24.137030
8891.863281 21.999334
1590.866943 25.341455
1889.690308 85.054245
2754.242188 37.083286
3486.609131 16.041544
2193.459717 15.508490
668.836121 116.173180
882.249878 144.890503
1320.768066 191.185455
35.987755 240.078781
3314.458496 57.623184
3816.786621 86.192978
2749.128174 100.146202
8619.841797 105.289955
2741.833496 129.977798
556.919434 140.495499
1930.530273 166.838684
2005.248047 221.616119
6723.493164 31.831688
2897.342285 52.486019
1420.393188 87.887497
3853.413086 116.027359
275.339203 5.845380
764.468323 5.185103
3962.960938 5.774125
5438.380371 9.282804
14313.921875 4.530765
4526.792969 3.880677
7999.580078 5.011852
75.546532 5.992054
578.734131 95.285263
2214.186035 101.950165
1732.111328 99.407356
1257.346436 89.259239
7691.732422 33.946812
803.498962 45.847633
4026.173340 62.752655
3782.168945 80.872849
455.042847 98.416969
1795.850098 130.724121
4640.345215 168.599380
11869.573242 196.439041
487.145050 58.386578
7898.023438 69.377457
3295.678467 73.535919
210.397156 80.066406
81.230347 137.140717
2574.846436 169.745377
1206.545776 233.222931
15679.686523 322.599579
1744.133423 20.193289
937.260132 61.804325
1721.828369 98.650192
1843.309937 120.431488
897.504578 41.924953
4211.651855 32.925728
11261.148438 40.728142
6741.963867 88.618027
7657.179688 13.758690
2451.039795 8.400469
311.328949 27.247570
1376.593750 42.957016
1629.692017 112.025597
64.734154 168.831284
2209.695801 251.894257
224.833130 326.207489
1833.751343 109.638870
2416.322754 120.608002
1791.041748 107.860855
2081.760742 95.699684
391.395447 148.086304
1527.405762 152.541092
3376.950928 208.336853
4909.846680 320.525208
4172.280762 45.476086
17712.101562 106.254120
239.702026 151.372650
2142.659424 160.416672
34.509548 32.296436
1516.749512 27.868622
1607.515137 47.524071
2764.439941 95.376678
8582.942383 33.767780
420.160217 44.886608
1758.285278 51.467777
572.850891 45.403118
3537.706055 0.499996
3950.653320 4.468680
3014.237549 23.037298
4122.695801 54.732567
16545.417969 18.938225
9837.986328 17.297132
3770.953613 13.216171
2244.603516 5.963005
556.729126 121.816040
744.758850 149.068405
2387.321777 223.744293
3405.353760 318.225800
14039.497070 129.245422
2986.283691 167.338577
7067.841309 164.464874
254.342316 137.311111
3045.062500 63.580402
2717.232666 65.166008
786.841431 106.951019
167.343307 193.752945
6450.356934 13.930172
1120.752808 48.860287
1622.262451 74.604660
2907.807129 76.065063
1554.225464 22.581335
2271.068115 16.326248
5884.168457 28.100615
1029.619507 57.843166
3543.845703 45.781349
1401.502075 52.533661
411.003418 50.376331
1332.916382 37.906536
121.092972 43.660950
704.901672 37.696518
2478.980225 51.858326
12265.845703 86.837883
5577.364258 42.459343
1426.353882 59.486004
254.979141 65.934090
1059.653198 57.974422
14.604094 15.731490
470.062225 17.203785
2347.784180 31.625174
4008.663086 60.373405
677.591553 26.688831
2157.172852 25.518793
1848.498169 24.604597
2808.085938 20.512190
27.733295 25.348335
649.098877 14.895515
3565.566162 16.653620
5040.642090 37.162453
12331.454102 6.148911
97.527153 22.079256
1194.763184 34.741276
583.538269 35.399826
4502.963379 14.310439
2817.049316 26.223557
168.371384 36.961205
743.598267 37.886059
4044.573730 67.004936
1915.854248 44.513241
537.955078 22.507412
250.976654 11.340303
602.005249 62.836548
3287.820068 63.051498
11221.541992 75.877121
20317.478516 100.734222
175.580093 30.168871
1829.529541 52.108189
845.298645 65.607430
229.335648 67.238052
128.773636 40.876648
875.016357 57.854404
3126.976074 86.554291
10127.632812 128.620682
16455.730469 19.137272
7120.850098 14.745927
820.602722 20.616720
45.803860 29.842163
859.945312 160.284546
3742.181885 204.708664
5227.249023 269.017975
3893.461670 348.803986
3654.878174 25.052740
4893.054199 55.106903
1182.660522 92.744247
956.136963 126.852806
1691.950195 79.628334
288.434387 79.469849
5478.772461 88.868561
5753.127930 112.082611
8473.755859 32.973526
3697.034180 52.073608
864.811584 70.364685
3781.117676 79.372948
1069.155518 5.907168
299.228180 3.261688
980.605042 2.141740
889.983643 3.345524
1716.932007 11.871798
2017.167480 11.672915
1457.970581 10.807949
206.964996 8.780883
191.893127 12.503908
267.337433 11.377516
1075.208252 12.931313
7558.416992 17.626812
3032.755615 38.484150
7591.097168 29.188797
5082.180176 21.511917
939.948792 15.924191
8.819812 61.892044
1386.219849 91.488449
101.254074 131.235504
492.662994 178.583801
24623.353516 0.160799
27071.781250 5.536981
4249.407227 20.571419
1778.827148 39.473549
413.460602 71.761444
797.245972 79.437614
2159.068848 95.618881
1285.969727 118.129517
19696.228516 55.440422
3141.461914 62.645721
1628.792847 67.721680
206.428909 69.607864
1081.994141 124.075462
68.770805 143.632874
5011.794922 160.978867
4967.162109 173.523621
7855.079102 25.106050
636.828003 50.281082
6290.427734 77.401711
1349.345215 102.288116
1831.755371 18.575171
646.384399 15.984729
2094.126465 22.847731
397.727966 44.605515
20030.525391 49.448479
11592.485352 35.579773
34.956753 28.903555
851.003357 23.950035
1392.135986 85.155807
2225.230713 117.852234
11175.455078 142.036316
6970.747070 144.620041
26203.457031 55.734955
1869.901733 49.854645
1224.212402 47.652283
137.179962 58.869320
642.933899 326.573639
2467.845215 363.760193
210.432281 419.706116
5864.341309 475.255798
7063.744629 174.751129
19294.158203 242.069016
47.833794 284.505341
277.083649 306.238068
894.477539 222.035477
145.194931 257.484589
2008.534424 295.079529
10991.664062 355.450806
34736.054688 40.601181
4276.389160 50.911705
740.515015 105.970642
1246.217407 171.041718
1268.906494 244.857651
2001.990479 303.456116
16574.134766 318.380249
7832.741211 280.570374
525.090210 79.710831
2728.355957 79.370697
1654.569336 108.606873
7898.590820 169.755997
140.443008 325.643738
117.976654 490.154602
711.408752 694.468872
2363.927734 868.697876
6742.666992 201.558929
8683.919922 214.405823
1929.499268 213.116562
437.746460 236.671494
945.285461 347.890381
858.647888 392.306335
4955.025391 500.514435
3945.830322 652.019897
7065.944336 148.944275
2254.125244 256.530487
4849.108398 322.613892
41.462612 341.154785
117.104012 267.259644
370.154999 260.968689
3144.250732 252.808823
2171.724854 283.255615
3806.512207 2.379883
6203.663086 59.371544
578.868225 154.566269
1165.860229 234.238220
793.057251 102.149368
5661.168945 144.303055
6254.733398 147.133041
3651.707520 115.460991
13500.292969 102.221359
4962.750977 28.230400
3219.812744 9.787786
162.606964 44.448826
295.625214 145.809570
2530.000000 225.832550
3748.738281 313.376465
444.565399 365.337891
5637.430664 139.504761
14491.267578 129.923370
1479.747070 107.343811
189.202271 104.979263
597.948303 255.137115
4357.205566 296.467163
1205.692261 404.080170
3711.085938 551.723389
2730.928467 134.732681
1130.560181 221.930664
4336.597656 262.391663
2631.138916 259.825439
4538.390625 221.163193
6260.038086 201.653442
1100.014893 172.785980
12590.486328 198.580994
17903.097656 16.759092
8405.152344 20.323566
4382.167969 100.639809
3030.532227 185.855026
4103.825195 173.513519
119.104836 237.268951
3416.952637 326.355957
13298.617188 380.390381
2489.914307 382.313538
1064.314941 333.653687
15260.007812 245.043427
3797.698975 176.794327
3555.718750 179.758057
1126.274902 179.795853
3909.957764 257.502106
655.738770 425.159271
6828.875488 43.472034
4236.013672 126.975952
3480.997559 191.308426
206.398361 202.563171
637.824951 69.437813
2864.015137 63.267506
242.687302 46.453869
10211.769531 48.823784
8312.758789 33.632118
10603.578125 2.927091
1805.470581 18.510437
1317.572388 50.742588
1555.267944 76.626015
1623.731812 80.494492
7387.281738 107.970230
136.327774 143.726562
8208.275391 173.562134
13124.472656 164.762131
4402.505371 134.550049
43.100525 98.669075
356.266571 269.953217
1084.556641 315.678101
87.073830 403.666138
3889.885010 559.100708
541.516846 8.077285
1828.751465 57.906139
2895.034668 146.720215
1421.270752 222.419296
1710.823853 3.021409
446.615356 6.461712
3522.688965 25.219490
13557.704102 69.307869
902.862061 20.578501
6879.129883 2.285285
1276.612305 0.535361
2517.392578 2.726335
214.484650 53.091343
268.757843 36.480408
96.787956 36.843967
2793.158203 57.215660
9587.413086 90.906471
4253.653320 96.759941
6540.927734 92.549599
6684.860352 75.827499
681.117981 31.723692
97.952942 45.066540
2482.895020 58.575832
2139.036133 69.471825
2687.592285 7.385620
704.573853 8.368482
1510.445435 12.760108
1826.378540 20.615046
392.743103 60.609081
333.124298 106.810257
1706.966431 157.010498
2691.801025 194.155869
219.929077 11.061240
3766.233398 12.971497
1469.267700 16.284523
1419.037476 29.907343
996.543945 248.643829
4540.798828 290.696960
6484.579102 366.374054
1245.966431 444.821960
360.438019 171.178223
7821.584961 227.832687
3178.352539 245.913300
4431.693848 241.999420
120.826180 390.955109
2289.016357 483.832703
117.773712 630.707031
959.291077 839.494141
33958.281250 23.610979
999.353760 103.280838
9829.509766 215.413605
2350.829346 312.661743
323.333954 65.433792
1677.573853 49.842453
3661.022461 47.605858
677.687195 86.250519
2072.319824 34.784317
2431.349609 28.845867
3457.044678 50.026459
1100.176758 67.915588
861.427917 108.699402
5943.997559 177.183502
12839.511719 245.740875
11159.794922 282.707123
8510.793945 82.925766
1072.111816 71.797974
941.546509 58.618206
1872.228760 66.620018
1023.387756 332.350891
281.768738 367.753021
734.485352 457.731018
5068.961426 572.660095
1756.232300 237.399811
17031.199219 318.485596
133.664124 348.852509
1615.026611 339.803711
19.454153 104.276962
712.710449 120.354523
1462.227051 172.032516
11781.219727 261.021027
8807.992188 22.958961
3526.903564 58.674530
181.279907 89.850433
141.594879 102.162712
594.969910 31.127312
1515.074341 25.803532
3036.898682 44.361553
3898.880371 92.706451
12070.841797 29.003674
632.382568 39.703117
920.141846 47.926605
5933.750488 43.691765
495.232727 108.870499
86.236954 139.860840
2552.111084 211.600296
2722.103027 296.994873
7269.657227 148.689438
782.506775 164.237396
856.730591 148.289673
5293.647949 119.446396
6429.314453 188.516220
8533.052734 196.280792
4087.181152 259.060822
6144.780273 375.175079
18875.191406 67.663506
11399.305664 145.487534
939.743591 195.632202
1160.425293 202.587067
5054.781738 256.702484
78.578964 271.084839
2913.205566 278.100159
10574.144531 325.332703
6594.693359 8.938479
1196.045044 22.563374
832.991638 106.829956
1185.533936 200.257126
58.024101 66.927261
18.223740 90.901833
745.875366 103.852448
2002.700317 90.653030
8723.351562 204.171204
926.073303 136.976074
7377.033203 80.758545
2353.226562 57.231625
434.399689 82.748825
782.657593 148.014740
66.085938 276.726624
12869.042969 442.991211
4506.116211 27.047047
403.367065 58.889034
1011.002930 71.388550
318.078705 68.940605
1309.460571 82.556351
18.331366 73.487419
4251.560547 120.625595
8104.683594 226.539246
5833.923340 45.562965
2518.310303 98.727638
5833.278320 126.118500
4833.479004 113.820747
107.124123 164.733414
1670.506226 155.435791
5106.508301 186.879135
9771.207031 276.209900
1330.888672 68.966019
4509.571289 116.314789
213.265961 162.049164
9482.694336 177.272995
567.524536 119.054070
673.188599 126.149445
3030.209473 140.674591
2990.939697 198.682419
2457.115723 20.704811
4419.265137 3.594867
1854.596191 41.614246
3.801948 90.710724
425.605957 3.488523
578.738892 2.484101
250.481369 9.731233
9153.702148 34.212952
885.187866 22.499453
3707.614746 5.883409
896.287354 3.023614
1659.604004 4.269117
861.939453 41.370655
1683.023071 61.048103
1163.932861 86.988876
1746.975464 120.565269
3922.500000 55.301132
4055.676270 29.964262
3301.519043 22.077972
4082.117676 27.521297
1915.627686 494.425842
866.809998 692.098816
5113.399414 998.277466
8828.020508 1328.181396
8357.099609 202.800232
6298.362793 315.425751
637.452393 374.524109
2030.401367 409.265991
1594.317627 384.329193
582.217957 385.803528
5093.623535 494.882874
2524.320312 752.251831
3026.875488 112.765617
3264.582520 225.761826
1801.783325 345.599854
2389.979004 396.744812
1919.647705 10.013732
850.740356 10.737462
2723.389648 13.517377
1356.602783 16.638672
10500.005859 49.676151
12025.356445 35.563377
4971.389160 22.419243
3101.773193 13.536412
1359.559937 63.372360
1494.061768 30.791464
2770.561768 9.398702
9898.366211 8.888123
5400.843262 52.063969
104.824333 82.302757
2252.427002 98.068954
5317.931641 90.525146
282.329895 218.765564
3909.897461 272.529938
3387.890625 326.198944
20233.794922 337.661560
13320.564453 300.190216
6629.874023 274.319885
4995.525879 227.579910
3266.612549 201.026505
3116.449219 456.448151
6784.776855 487.382263
5796.035645 574.333862
1340.665283 721.153564
43450.113281 183.032776
9151.218750 294.559113
3159.175293 390.665161
16.421751 439.631836
4760.926270 196.763153
370.518921 232.803375
158.307190 249.847855
14807.205078 267.662720
8580.474609 18.069857
6139.713867 16.030916
261.847961 65.207344
1156.144287 135.751541
125.660103 26.081398
279.805115 42.101360
4126.695801 57.710884
2821.230713 67.197365
12146.185547 9.713020
2354.881836 8.697825
1475.492676 9.208599
6560.813965 14.503766
486.087769 40.941216
2702.492188 68.117699
1002.897095 106.720589
5960.821289 149.246582
7275.037109 16.086109
5358.703125 16.494802
5056.665039 19.420233
3017.153320 26.043438
1175.810547 145.756653
335.255798 222.396057
631.853088 362.587616
2459.000732 534.640686
870.875977 50.907894
4628.598145 96.914574
2324.496826 118.733620
3319.438232 123.390732
3925.997803 105.654007
42.832104 99.057320
1271.869141 170.241898
673.708984 323.841949
15151.101562 47.438442
9755.227539 116.108574
4420.200684 155.036301
977.423035 142.823578
2416.433105 25.792261
895.441284 57.096741
143.801941 117.361900
1989.788696 180.390381
5398.874512 113.235580
1439.926025 99.769363
3825.697266 65.459625
79.168816 32.552151
91.822258 298.421417
892.457642 310.572632
6055.331055 393.671265
4258.807129 527.996826
607.501221 183.237671
1640.464844 291.217072
1010.767334 339.188477
1299.786987 326.918091
2537.279785 196.439819
3749.658203 170.967377
1472.598755 152.249176
6451.024414 190.138382
2914.248291 9.549767
2286.995605 43.041672
1662.348755 120.441711
1741.200439 182.963013
434.291687 147.340958
3042.071777 239.818726
3020.989502 313.606384
13.017422 325.300415
3644.600586 190.059937
5833.011719 131.864243
7051.057617 84.072136
666.157898 86.129608
1845.229980 261.618225
681.276978 317.832703
1073.942993 442.786987
3053.381592 587.705078
10388.947266 261.499054
11204.804688 317.575256
9748.703125 311.560547
2406.791504 274.123505
2627.621338 325.753021
2628.366211 339.893188
1821.734741 372.479675
5344.506348 446.191223
6554.537109 26.772736
1008.373535 116.392326
2703.551758 219.654663
2372.719727 293.199036
1167.253418 37.726616
2156.773438 52.017731
449.079926 58.868263
7530.798828 71.038277
1621.255493 76.585739
7152.491211 20.551231
163.634918 4.414641
1936.960571 16.829607
81.996498 15.883129
100.338333 18.952557
2648.942383 24.287884
6848.901855 28.506529
4295.624023 34.981888
205.090363 30.050703
1317.939209 22.942900
1214.811157 17.310913
1229.960205 145.430649
667.879089 178.278244
2121.406738 224.539368
5646.259277 276.222321
4005.627930 37.962387
5539.329590 70.113144
3048.226562 99.416634
1963.867920 122.360489
857.051147 13.906286
3142.852783 18.656651
1617.597168 36.454681
3990.479004 70.561874
12429.412109 7.711568
522.278870 7.638648
4772.840332 11.914297
478.308502 13.916483
205.697113 68.865532
253.650070 82.150238
4562.028320 112.416649
1887.844482 147.613007
10376.176758 61.250916
11543.396484 79.029060
12219.830078 80.208763
1714.626953 72.054466
243.845520 70.182549
433.101440 68.348511
795.177490 90.318375
8101.315430 138.305237
4598.934082 24.637959
6474.174805 56.235817
1056.140991 77.425346
3140.302979 79.422768
1781.633423 12.540936
2296.538086 9.627818
3671.994629 5.086772
6069.637695 6.678068
5638.171387 13.480121
7288.678711 3.061223
11493.249023 4.289521
2893.937012 9.909079
868.295044 69.042236
53.613907 71.975021
28.323095 86.650803
3612.966797 106.803589
6896.254395 55.861588
749.135010 74.917145
3546.913330 80.219917
636.364685 74.994301
1097.687988 47.922302
2231.260010 45.896358
1115.266602 45.839275
3930.645752 58.822823
956.202148 23.251478
405.844177 19.840000
171.825119 30.649904
911.986206 42.972450
92.810684 77.529877
67.376991 123.829056
5408.454102 171.232315
142.514023 204.130753
781.171326 15.640334
10295.408203 18.906164
7137.681152 25.867250
1764.200195 43.856102
867.086792 25.637024
2773.799561 19.942968
3743.701904 30.269228
6236.183594 52.150089
10224.353516 86.941025
18903.919922 82.353172
7650.624023 66.296707
2739.581543 44.109749
787.868530 60.378136
6663.653320 78.958748
1069.238281 89.053970
26373.552734 91.142471
316.735199 2.501126
7095.957031 2.550548
3707.628906 15.351044
1457.278931 36.938328
1352.393799 29.938465
565.347473 52.307259
237.388245 79.726555
1865.949585 99.892761
19317.033203 60.018990
6105.612793 45.593384
6547.065918 29.331539
492.579163 21.838415
1626.778320 35.109726
1223.875488 45.882248
563.189392 66.737823
1627.410278 87.452896
16651.699219 48.756897
12081.917969 53.210960
2102.094238 46.702728
837.938721 37.271431
200.527603 71.917900
1479.883057 77.200203
217.493591 100.650230
1032.252197 142.086304
11041.438477 26.631414
2965.245117 51.221970
1093.249268 68.950539
488.720490 73.729744
969.953369 55.037811
3823.833984 61.632366
6717.663086 73.553200
3300.898193 100.521996
11706.646484 2.615598
2030.339600 6.183472
3954.781494 24.611210
57.421642 43.556892
430.037292 85.239410
476.736908 95.190933
4615.087891 102.464027
3444.524414 116.522507
457.750763 10.380498
10689.422852 16.049501
3279.237061 39.275444
3269.033936 65.951294
920.488342 104.234634
365.854065 124.459084
11884.718750 142.481705
23200.177734 147.420715
18861.203125 69.111153
15220.817383 78.899551
408.998993 83.409607
2871.396484 90.092621
1342.386719 9.466110
915.487915 32.423119
1261.624878 85.141495
1962.418701 169.206970
33454.078125 22.049660
26094.414062 6.737486
782.873779 3.738669
791.487305 3.898139
665.911682 53.715637
2454.198486 57.020195
799.149170 96.789276
5239.277344 166.545792
11185.660156 48.195442
15248.960938 77.778519
1590.100952 85.905754
1079.928467 71.762421
1027.547852 5.750942
4681.022461 10.969438
5914.543945 34.530441
2416.521484 77.187820
9267.744141 12.375097
4408.120117 13.159889
1010.583618 13.860415
537.828674 10.029215
15.485198 84.159042
993.791870 140.546494
831.252930 245.883072
7078.572754 372.383698
1118.465576 48.106110
1401.961182 75.564240
164.841812 80.230766
401.086182 73.143944
1670.754028 34.369377
2337.867432 16.454136
429.404602 30.867702
3492.195068 75.880875
11733.602539 59.563290
17346.486328 88.358047
3183.403320 91.343048
8234.634766 67.598686
898.032837 23.474987
5838.437500 7.649564
3234.560547 0.593511
15972.291016 1.923522
17535.207031 77.460144
6191.041016 76.214142
9376.219727 64.101616
7115.949707 44.424107
1999.383301 7.119477
5921.808105 21.919708
5749.268555 35.239723
7726.696289 37.496155
19684.492188 65.523102
10225.900391 38.833717
288.491699 14.008157
1061.540039 2.381402
5407.468262 10.567932
2731.964111 24.442039
1100.652100 55.346916
1432.826172 89.945908
15047.962891 46.525650
14247.492188 46.834297
3086.052002 33.225368
4941.094727 16.402391
3788.600830 29.592882
1128.877319 65.895447
5942.295410 117.723839
3075.550293 161.249939
26225.667969 77.140091
5262.164551 64.450317
406.288391 39.520519
718.192871 22.083675
204.007278 203.287949
1945.788940 250.659912
2309.653076 370.941742
4110.088379 516.554382
3990.458984 221.673508
2456.324219 279.487640
1113.941162 270.626709
1371.818115 225.706970
923.675049 89.875244
332.068268 76.487816
1372.929688 105.622337
7911.764160 190.224472
9421.152344 35.011486
241.819077 76.505592
1538.923706 109.434166
1310.679810 111.402985
527.512207 128.703201
1023.917786 115.245407
3163.853271 128.055878
1018.867554 177.638962
950.954285 103.731918
3351.824707 127.020012
11614.701172 146.065582
1396.423828 145.514496
1417.217773 132.446106
910.622559 139.129425
5941.461426 131.030701
5572.674316 140.956161
6408.520020 35.095730
257.974213 10.574409
2178.102051 42.936882
949.498169 95.682892
963.933838 43.323807
611.595459 66.244812
3682.799805 82.272087
4679.509277 77.864990
2735.140381 112.810318
1297.998047 75.938179
862.860474 43.623074
501.744141 31.885303
646.507935 12.438004
1694.856689 17.775475
3672.022949 36.490906
9426.471680 68.384979
296.452332 12.032304
7748.594727 14.439894
6056.098145 16.195971
2331.321533 14.383279
190.947098 200.253220
759.041382 224.190399
3682.800049 269.051086
3864.674316 333.922821
2901.309570 42.892124
3447.107178 99.169907
3906.672119 149.976913
1253.044434 181.661102
1066.478516 204.890747
4185.623535 248.873413
7341.809082 316.533661
5014.476074 430.634155
22249.355469 81.885086
436.917816 66.673370
325.380157 105.341751
560.775024 158.939911
1199.899536 31.780918
319.254669 49.485909
2693.326904 67.878166
3423.130859 81.422791
5471.279297 7.059990
1695.928711 8.234989
4113.610840 11.371657
1880.903076 18.727268
18.436657 94.063942
520.748108 80.601494
9063.025391 86.442856
4048.222168 107.424805
3813.325684 193.952301
11117.026367 182.170624
1581.546875 156.006485
4731.625000 122.717049
3681.524902 34.555679
3682.791504 51.276421
81.125473 65.254372
655.744446 74.324905
733.669861 16.265272
8851.546875 8.477269
1375.815674 9.474752
117.201134 19.142485
28.094276 22.140995
5578.645020 12.353266
1846.662476 5.153675
33812.746094 1.559521
14107.228516 57.166046
15895.555664 52.125805
76.822647 43.652710
1278.780762 33.115494
747.128906 27.299774
4690.532715 29.403736
6468.647949 33.235863
13858.971680 37.363911
55005.914062 78.736275
3994.367676 57.441788
5182.531250 40.019772
3262.000977 29.971401
1300.478638 38.426262
676.722168 53.144386
5534.360840 69.285202
151.373428 85.260803
17701.826172 2.719831
1456.329590 6.026398
319.309479 14.310798
4794.396484 25.442444
1260.754150 14.502487
536.448975 13.394006
1398.932129 10.777916
5325.291016 7.526183
2022.361816 9.568544
4728.796387 10.658027
4889.625000 12.367129
577.684143 13.961969
1353.609619 32.020912
1720.927124 49.643681
4599.639648 67.659187
1410.577515 80.487663
3060.842529 10.656351
3142.208984 10.367305
268.022614 12.338344
1102.981201 19.106483
867.601807 15.445164
625.564392 12.535858
848.398621 17.279509
14114.008789 28.937000
3340.798340 31.493031
344.853821 33.055244
2612.072021 30.036455
1285.342651 22.913168
2286.931396 18.621502
4639.895508 25.374468
6869.934082 26.540054
18868.042969 21.580700
5769.840820 30.068136
9098.032227 15.709986
1275.457886 8.919836
2991.399658 11.091558
3286.158936 101.350494
2350.300293 113.735001
1520.517822 145.820389
10162.657227 188.920670
5078.436035 64.194794
8534.167969 91.983276
2812.952637 104.304192
1051.681641 103.082962
2553.707520 47.194042
1276.797485 51.282700
6281.721191 41.281773
8435.458008 23.460342
11922.459961 32.679321
3962.561035 16.929737
4897.378906 18.560671
2649.978760 32.577290
4157.748535 118.330620
5797.214844 133.812500
6255.004395 173.688492
11390.803711 221.427246
3931.235840 99.812798
8784.764648 131.197113
10336.548828 136.415878
1496.944580 125.135239
892.396057 44.632244
890.637329 54.138535
3275.786621 85.687386
8822.375000 142.689392
4749.058105 1.731625
3622.397461 17.403378
94.896866 34.703644
1004.473389 42.785049
2604.563477 29.372360
3397.727539 31.562149
3403.156006 24.168758
21013.355469 11.880178
2419.026611 7.153103
4947.504395 1.750652
631.377747 7.167593
562.681458 19.016834
3106.746826 13.727894
1419.868896 17.917160
1218.030884 42.164551
11380.519531 72.357101
49341.542969 91.607002
10956.601562 86.834152
6556.614258 62.262833
5273.561035 32.055344
1698.521851 2.329088
1485.819580 2.371634
3463.247803 2.041118
5053.894531 0.665137
4987.224609 43.719246
995.953247 26.573433
806.434082 12.643555
314.874786 4.773036
3212.352783 2.265070
3480.558838 1.274111
1779.294556 3.374240
526.423401 6.407967
1203.890869 70.223099
12657.466797 46.919891
1338.883057 24.972956
3668.807861 9.561252
815.385620 35.299774
1693.491211 30.081150
5033.621094 33.415569
557.822205 56.427551
10904.797852 5.329239
1134.138184 11.191095
2443.538574 26.019030
1463.803711 35.923492
69.366989 28.107254
550.247314 43.125694
1498.715576 52.465359
184.544083 48.796539
999.763916 86.843132
4507.066406 53.888023
38.001892 28.308914
2656.693359 19.907812
2644.441162 54.989792
59.236858 63.309334
1299.089111 107.230080
1091.027832 185.301239
5906.078613 18.446951
5934.470215 47.852306
4143.098633 65.607384
2584.983398 63.773422
416.992737 1.360977
4979.708008 0.722638
3801.785400 12.173077
5373.489258 42.885128
3837.788574 26.035086
2070.144287 11.573665
116.530449 7.320842
748.884949 5.008014
1087.609253 26.204348
2237.089844 54.835037
5117.231445 126.161377
16427.789062 223.559753
15250.804688 47.460491
958.735779 58.229187
2971.054688 51.050568
836.481934 32.782417
547.290161 102.484184
1296.239136 160.630447
3165.075684 289.318359
2978.676514 450.773834
28646.476562 106.601250
5224.206543 142.591217
1043.184570 136.768509
8.438641 108.201981
1595.728516 171.933533
1952.233154 168.379227
338.948761 252.734848
10852.790039 428.961548
20732.267578 69.071091
9112.339844 160.654541
1056.964844 215.791962
68.371902 209.285675
135.238510 60.589207
1731.354736 63.720676
7920.462891 115.343735
12964.759766 215.517258
4560.323242 106.742203
146.280991 110.632729
223.341614 105.322556
206.326569 83.702194
2322.559326 218.797226
215.555939 217.182129
5790.148438 280.867126
1508.400757 415.153595
3853.159912 72.165588
2637.917969 165.868103
2312.314453 230.232407
1404.239258 240.462814
861.871216 233.345001
725.309814 230.193863
1734.209473 217.964127
309.866394 234.312897
9029.785156 1.963683
2740.138184 41.492714
399.145813 122.765564
266.355988 197.614029
4713.829590 28.898714
1195.635254 38.789360
5437.658691 36.929787
3292.412842 23.455793
7926.747559 84.776489
4102.206055 43.337143
1604.484497 19.762043
922.694214 17.787580
200.463745 73.169075
290.168304 97.144531
1376.249878 138.448807
1628.459717 194.159302
3342.706299 14.948221
1247.658203 29.330603
2870.889648 46.126965
2279.081787 59.414680
227.336395 20.340834
698.043945 15.494146
513.901184 7.262428
4561.124023 0.863543
30.836609 13.896347
4564.087891 11.703849
1757.658447 15.082850
9860.057617 19.554253
812.103943 18.170601
488.161438 43.224327
1359.144531 79.123688
3065.533691 115.667114
7538.974609 7.080092
241.023483 7.651134
2657.119385 5.994114
2227.016357 7.097521
2341.145508 61.769203
1189.324951 102.924400
129.667755 160.706909
34.610394 218.642914
2587.057617 40.859505
12010.125000 41.850731
2210.314209 39.801186
651.736877 42.699829
907.735535 72.764786
605.684082 52.482849
1488.468994 35.091263
5158.394531 27.125154
13811.271484 43.493690
14024.423828 68.879684
1286.316772 85.242500
4366.525879 86.203621
1206.825684 12.229552
27.097260 26.797548
27.723940 39.556877
4285.068848 47.034264
23955.134766 106.935829
2316.702881 54.995579
954.687378 19.038681
208.070709 6.070039
2076.617676 107.510506
763.985962 126.674431
3313.775391 148.781860
1637.535645 166.437790
15255.071289 46.151272
2805.721191 65.861290
1969.070190 81.012619
3214.318848 93.327988
2201.753174 84.554932
3934.852539 136.625443
458.641968 212.866791
2022.035522 299.911438
13917.225586 31.472124
655.830383 34.323322
1600.226562 42.399719
134.464935 56.232235
407.632629 115.250648
233.479355 139.521973
4850.789062 180.545609
4487.471191 219.544037
6202.083008 96.667770
762.935791 118.065918
2904.926514 119.094635
1422.343384 112.129280
4321.380859 307.328247
645.459045 370.411591
3463.400879 480.711517
922.916626 627.270325
13082.237305 53.207104
1797.257202 140.839340
254.561340 218.387543
2790.554932 268.211304
3342.259277 83.508591
400.717651 102.588623
2270.073730 159.883011
8923.743164 271.204498
38706.480469 1.049891
9667.773438 13.485051
57.027321 47.024826
997.332397 72.027641
2336.595947 55.747215
2479.916504 67.415466
7526.479004 113.593498
4780.811523 187.803528
24052.187500 31.331985
7336.433594 59.221958
3241.664795 71.117409
5866.682617 64.654930
1758.675293 121.916359
1061.563477 99.783173
586.420288 97.915329
11260.259766 130.450562
2484.750977 37.933739
1246.505371 86.850677
1043.924072 126.841774
206.648529 137.965393
158.039459 46.980942
748.589050 76.612419
820.387207 93.901894
759.061096 89.667542
8181.575195 43.003025
542.835876 21.038460
1672.230957 10.895334
4541.705078 20.667496
113.467590 32.665058
1322.690918 41.485680
1099.088623 78.075989
12606.767578 129.598633
1342.563477 85.149757
11006.102539 88.861717
1753.552246 73.478905
528.875366 48.610073
2892.443848 50.757885
6145.152344 81.817688
7912.968750 97.191513
1554.072144 88.949051
16994.628906 43.209030
9196.057617 17.450460
4205.921387 7.587063
2363.262451 20.710289
2765.980469 277.271057
1108.169678 277.941772
12512.988281 303.937866
15882.607422 330.952362
4231.409180 289.264709
8389.598633 335.684265
7497.120117 333.462708
41.242546 303.287476
1588.881226 223.869446
1114.596802 266.593140
1775.802002 303.219147
1567.163330 349.403992
12715.023438 19.175070
3548.716553 35.081562
671.398621 93.472580
2280.445312 164.226105
2050.162109 140.756607
334.056244 193.392456
3792.572266 230.981461
6213.162598 244.813721
812.835571 69.620415
2102.483887 50.344543
2289.584961 56.270954
891.237427 89.484711
736.111877 40.011314
2005.215454 74.560059
4682.412598 112.937088
420.135498 143.894882
13443.239258 13.641705
1153.545654 8.552560
1957.252930 7.900808
2734.928711 17.190598
4038.813477 106.473320
1382.086792 82.780739
2502.151855 75.844437
9661.610352 78.506935
45251.285156 166.163605
17957.638672 185.813782
11491.299805 174.495239
147.747406 142.144684
3522.167236 57.224281
245.557571 70.572906
1861.837036 73.423065
6594.996094 84.752434
52069.960938 55.572750
1887.703247 6.631571
5415.083008 4.437695
452.363586 29.913509
1439.816162 77.937683
5330.428223 101.053886
2048.578613 106.652939
3102.225098 85.567528
19488.914062 133.433212
9848.305664 89.594345
4337.919434 60.179920
417.389465 57.983002
236.676559 206.625641
977.314087 260.194702
6466.342773 355.874817
1322.411377 470.988770
5087.413086 75.377525
13426.609375 135.219574
2254.931396 171.429520
1303.438110 186.605667
3127.085449 118.188141
483.643005 143.475143
2524.617188 195.704468
4054.769043 288.430969
1987.504883 3.220031
3223.859131 20.424547
378.727600 60.370266
29.584942 95.469597
88.103004 212.367783
1710.059326 199.206955
9459.144531 186.664093
7979.287598 214.046722
2120.638916 25.800989
3249.332031 59.286396
7084.415527 130.567749
386.359619 191.395325
1180.273682 155.121933
1069.812378 199.531021
4681.008789 212.180328
8321.295898 178.929764
1371.584961 147.452866
2447.453369 108.406754
211.440384 90.768402
2679.908691 109.437454
4179.365723 550.500671
3649.678467 741.817627
7225.020020 1000.505981
29695.265625 1252.487915
24230.003906 259.841583
15585.923828 338.818542
8079.818848 391.661194
369.851837 445.020294
2793.035645 394.144897
1986.102417 419.826904
2741.946045 481.304138
3428.037109 592.501282
21354.384766 94.609634
10195.417969 195.818665
9157.328125 298.932495
1785.988281 364.968903
1884.137329 112.458130
488.300354 129.484207
749.472412 153.949646
1198.284546 198.992584
58.665276 20.023239
6731.486816 25.816973
3484.296631 55.932762
1117.975830 88.922997
773.948669 34.680466
2858.899902 35.842506
4964.200195 39.873646
6627.371582 56.020134
9773.675781 2.301677
12977.759766 2.248959
1655.841797 14.750565
540.151489 28.043262
2128.898438 27.957802
1912.055420 22.654936
1230.969727 23.287638
3101.504150 32.905193
3413.562256 9.364830
2431.978760 21.559326
2107.966797 30.822071
45.869946 32.597294
850.636353 22.242928
741.389648 30.227819
1284.337646 34.582222
4047.206299 34.836071
11806.252930 1.051800
7343.368652 0.544621
535.917603 4.724755
1455.074341 12.762949
76.427986 18.783089
112.351501 12.468182
2725.605469 6.141345
2031.483398 1.380677
4961.266113 53.683949
710.875610 42.708015
1064.438477 32.925671
691.325317 25.211273
2100.603271 118.614204
1373.517456 174.686783
3271.784668 230.443359
762.287476 269.930206
10643.519531 15.196224
801.697815 25.940426
1965.715210 43.897888
185.675034 73.800056
1397.048462 242.482452
297.363037 289.628479
10702.763672 356.973053
2202.451416 425.665680
27893.306641 149.451279
1720.656006 181.149368
684.960693 201.981781
1323.195068 217.374939
794.208740 91.270432
1673.025391 124.345016
2490.172852 178.987579
222.930817 254.989471
5187.637695 7.224111
14174.644531 21.377968
10690.705078 45.849335
706.292236 68.802567
1006.177368 1.818410
837.288696 5.877878
13626.516602 14.729255
6969.393066 24.075972
16886.156250 17.347263
16105.401367 15.776599
15170.803711 10.030506
7834.147461 3.932801
438.467590 60.981777
1962.509521 43.305832
154.866745 30.171415
1560.218262 21.702009
3941.078369 101.034492
13396.916016 104.600372
8435.497070 96.706535
1329.449097 80.430840
88.750275 130.581543
2966.349854 192.150894
659.504211 256.979736
26017.300781 324.154144
322.381104 25.804007
7039.764648 9.815708
3883.445557 29.949432
570.177124 74.184288
21.411476 18.411085
861.602295 25.035252
1760.145142 44.622402
503.276794 77.767166
6421.037109 42.030128
7393.160645 31.193043
6449.585938 24.687862
726.094971 19.928381
240.341553 44.128742
1124.375366 81.682770
630.236328 129.715530
4370.482422 169.536026
12831.480469 39.289246
8553.463867 37.110268
5249.916992 28.915323
2165.919922 27.330458
1092.654053 283.852936
2428.914551 394.536713
1076.939331 525.348633
19435.224609 615.979614
4756.961426 233.446198
1762.026123 244.820999
928.918823 229.477371
994.895813 230.145630
1146.734741 377.315491
54.208046 423.598480
374.654541 537.006287
2282.588867 675.544128
2872.332275 265.823700
988.958008 369.087677
2145.278320 403.157440
180.055344 387.575745
588.531433 428.368591
196.325409 494.783356
548.798950 613.901001
1024.273438 807.694336
10870.383789 32.258438
77.324844 129.451889
2152.161133 259.523438
2469.647949 362.563477
360.431427 198.674927
61.752316 250.418777
609.489014 329.085754
457.319214 475.198822
6666.443848 35.409454
7876.107910 3.504813
4781.640625 57.038513
3593.081543 135.361435
314.291870 36.429905
1060.301758 31.102976
268.484436 40.221619
6367.506836 84.115761
4955.565430 11.005101
781.666260 3.905256
3671.258545 19.961704
1583.277100 35.011841
1834.279663 16.291918
145.100922 14.582474
12.662817 14.235294
2739.225586 17.303284
6781.769043 4.904063
9427.699219 9.187654
9247.060547 14.004004
1095.886353 16.619814
2060.738770 22.189693
6510.478516 31.206530
4138.483398 51.051792
1620.854492 71.639671
564.286743 54.591606
3005.976074 52.962765
1330.344238 40.851768
613.100098 27.167006
1789.037720 58.554638
743.590149 60.583527
3633.306396 69.562241
3212.937744 90.466743
252.118622 4.562688
10320.090820 21.954685
496.681885 41.669914
606.218750 54.363991
61.900108 33.019863
2276.229492 39.431698
7916.580078 52.053799
2881.107422 72.320091
13208.799805 6.058336
4658.700684 12.259471
60.182095 21.218559
952.582947 28.216175
433.554993 32.896919
839.892517 25.793976
961.734131 25.461636
3158.644531 37.061573
6507.528320 34.494129
21364.611328 36.987137
2561.198242 40.502327
375.289124 39.393482
5078.522949 34.697792
3282.494385 47.131836
2576.166748 55.159271
1708.428467 59.291908
7351.608887 11.686607
6675.955078 5.319940
6733.710938 8.981396
1446.175659 20.379654
1882.321167 133.358475
443.013184 147.544098
2387.490479 154.461517
1588.055054 149.509094
3726.678223 69.504913
4521.237305 85.405075
4066.618164 100.771950
1218.981445 116.814499
1361.027466 57.269794
744.293396 57.021694
50.111362 56.490364
4785.467285 55.653599
8751.362305 55.653599
4785.467285 56.490364
50.111362 57.021694
744.293396 57.269794
774.632080 117.139259
1022.999390 173.504929
70.513367 222.967148
4853.699219 256.159241
60233.164062 7.910525
7881.313965 6.841778
1081.053467 26.194763
202.453705 64.859726
2011.420898 172.386612
2138.733398 212.772430
894.034424 249.094864
303.780884 259.091064
11012.860352 181.535522
8442.911133 167.730438
1634.865723 150.420486
1949.060669 148.973846
973.360657 344.003479
6162.129395 436.469574
1045.475220 547.934509
17168.304688 645.758789
53.410183 98.479515
477.478699 169.604904
1612.705322 227.469940
1816.907715 278.934875
1650.010742 565.834717
1054.309326 697.916382
993.660889 889.604187
19246.015625 1126.913452
1264.545410 92.908150
832.071655 214.630981
1865.062988 350.019470
1121.210083 463.263977
5834.711914 476.274536
1743.622314 506.793213
4954.666504 530.842896
1692.260742 589.019226
11789.911133 88.126282
16218.520508 157.115021
27773.267578 283.110992
661.494873 402.675507
2825.563721 28.977791
804.893005 49.842701
504.700409 62.111420
16530.722656 65.191689
18403.375000 70.278473
13598.198242 26.545246
1171.233643 5.684195
1576.815796 9.595660
666.096069 33.680264
3506.515137 27.695549
3576.885986 18.180584
5224.744629 9.626104
3930.643799 25.744864
2430.916504 26.451593
1928.697998 30.463655
1053.099487 34.128082
1021.549316 274.630096
814.594849 351.727081
3351.886475 443.636078
3467.652832 520.704224
387.632874 96.541451
5167.791016 147.542114
400.228149 186.354401
6540.749512 222.729828
635.448242 144.723236
576.594482 141.283371
4094.895020 182.304504
2022.561279 281.658966
4958.462891 63.084339
3851.906494 105.376114
4166.875488 145.302170
1605.171143 156.666763
2177.416016 4.484656
2714.849121 14.220910
6203.092773 26.475582
1837.089722 33.082291
4825.384766 73.093056
9622.833008 47.329243
601.053467 21.472992
107.910416 5.761402
935.502808 155.025421
2926.992676 146.930588
3841.325928 158.544632
178.744446 190.943863
4453.317871 70.860878
3190.274170 125.256073
1599.565918 159.725494
730.000488 166.177032
2746.681152 94.016533
4358.105469 116.346603
930.481506 129.172241
7054.003906 143.111359
1939.210449 53.019295
18650.716797 25.355572
1521.385986 32.945511
375.214722 62.063080
463.152679 101.329193
358.187805 132.886017
158.705673 176.968658
2375.393311 217.829590
572.923523 52.345421
14763.445312 72.146141
10548.050781 80.984337
431.380585 86.550827
897.339478 30.096680
1424.397217 23.605347
1302.135864 18.847227
3238.413086 24.062994
12102.972656 31.203442
4416.533691 25.609322
7403.492188 28.486084
3199.623535 31.879444
3045.058350 115.213181
1167.139648 182.345337
1083.315796 280.940826
15207.935547 368.122559
6485.646484 158.706451
5880.945801 154.193008
1375.661865 123.627533
1859.693848 99.530090
463.359894 85.325813
103.218826 64.786072
1121.566162 69.611420
203.853973 111.651344
264.217407 25.728344
2076.123291 68.852875
2958.847168 101.142838
6387.786133 105.098244
940.445190 1.803021
542.595459 7.330644
757.404541 14.841546
316.039886 18.165998
12034.266602 147.970825
10389.293945 89.573944
5355.579102 39.207226
1982.757935 9.564791
5.334404 87.629868
1511.060913 120.489410
718.546814 204.663971
726.324341 319.350769
2942.030762 104.134567
4573.478027 123.916542
285.280792 118.547302
373.981201 96.832306
328.672913 118.039787
1661.797729 147.547226
49.593018 242.981537
5434.471191 397.985779
9806.876953 37.443798
2602.960693 88.436707
3290.305664 121.560532
2238.904785 123.600395
300.272980 233.451599
886.651123 238.315994
3445.889893 292.789276
4534.682617 415.422119
24251.914062 28.183100
10500.410156 110.917725
735.532471 191.669601
5127.987305 231.301285
6016.932617 66.114532
12573.042969 64.344215
5506.968262 64.515396
25105.792969 90.145264
3998.769531 12.242138
232.440094 1.711730
1448.488525 24.036785
1375.463379 52.275272
1294.532959 13.013908
456.258240 6.165092
6700.753906 1.429977
8615.375977 4.981408
22150.328125 0.929340
5604.546387 4.883056
5303.824707 11.995031
1038.107666 15.730564
2251.656494 22.347258
274.755768 39.484764
348.960297 65.080269
1572.012817 89.548027
21354.339844 22.123711
4674.241699 23.991579
2538.262451 20.248856
2353.980469 17.154402
509.778778 30.535593
1809.315186 52.431492
1578.998413 102.495850
3385.267578 175.528931
4925.316406 10.255595
1580.607178 20.038828
105.856750 26.820324
732.231506 27.145517
919.723022 31.686214
449.653015 60.285454
1134.502930 101.928200
160.549805 141.847656
5156.321777 27.822781
6869.007812 29.923813
1270.161377 24.785435
1252.159668 21.617054
40.690136 180.494019
52.799229 172.987350
752.024414 183.159256
22927.173828 202.446686
8871.029297 148.947433
1329.262817 193.869843
5134.382324 208.815720
731.323853 198.524139
2093.636719 103.591751
1437.626465 119.448151
1075.776123 133.029388
2473.247803 156.605011
13078.779297 6.031623
2437.641602 11.171328
1197.703369 40.987167
28.427055 76.602821
3166.619141 6.145672
452.045715 10.812061
6499.546875 11.641850
5039.766602 10.650134
26920.015625 61.682499
1829.983398 27.387579
1745.046631 7.260570
3450.693848 2.224185
214.475021 25.688433
650.682495 37.145779
2806.258301 58.657211
3479.290039 88.466255
5829.226562 9.435350
3597.489990 12.853671
3211.483398 17.380302
1009.551697 20.807686
535.123047 86.302002
5959.074707 122.286209
3209.402588 175.872375
14456.611328 240.110550
3708.183350 15.238664
5610.650391 29.035606
853.585449 46.572609
2416.872559 63.971783
738.078552 145.600067
1051.071533 145.518097
5656.297363 140.666061
1607.869141 136.296112
3179.657227 69.617844
3399.003906 91.734924
3234.732422 116.707970
771.095947 136.221527
820.307800 71.312065
2510.627686 43.296658
12147.214844 74.419571
7161.080078 171.175674
877.259460 265.709503
3652.323730 233.957947
209.766388 190.500290
1483.987549 130.719543
54.680935 186.000549
2002.898315 83.353645
5024.669922 33.410950
1143.282959 110.294838
2736.335693 1093.187988
1808.163696 721.255737
1022.699280 468.593140
1125.836670 307.146362
182.388153 124.750320
242.721252 103.071411
2444.739746 96.785767
3482.457275 141.250153
425.184540 695.521790
14668.915039 424.115784
5086.317383 248.881561
1193.386841 162.097015
1289.573975 54.208042
1722.137939 34.164715
833.410034 10.683391
10484.848633 59.242474
750.162659 854.898682
685.862427 408.651093
1619.903076 158.646378
439.187805 71.042107
660.682495 137.328262
3219.173340 120.726532
2590.502441 107.724937
376.390961 60.880981
3056.215576 1542.901978
5423.787109 1011.640076
302.986176 544.443359
588.757202 251.860855
1357.440552 79.300720
624.531311 30.195135
349.215363 18.048807
7115.612305 27.391357
112.339966 360.631012
5709.756348 335.275024
5319.336914 259.914398
18.879234 163.341736
2831.387695 6.097952
5575.227051 22.091492
4164.829590 54.193359
4.992531 96.211723
8643.430664 35.712883
3939.785645 24.833817
458.735931 13.688570
2506.286133 5.278467
9.619260 65.342346
2836.628662 21.383114
9417.491211 11.298515
40513.230469 98.452652
783.609619 304.677460
1281.228271 166.895798
1684.431152 115.514847
559.565857 96.527885
697.455566 77.358170
342.914398 90.571815
1423.071045 75.331070
6030.816406 32.003082
9598.933594 649.026733
11956.198242 370.717316
3724.626953 171.495819
19.023815 83.645020
527.561157 0.207432
1937.671387 7.960050
2713.712891 13.188593
237.567535 7.161811
6713.505371 376.790741
1620.064087 217.637543
6973.725586 88.873070
2268.085938 18.035807
230.769562 31.761292
39.338394 34.662617
85.814278 86.334061
3284.082031 196.601334
2788.484375 50.829895
4129.353516 51.561840
535.956909 56.844555
318.071564 48.181530
438.717712 104.363678
1596.341919 63.650646
2733.555908 12.605190
3344.520508 17.477510
16811.947266 565.711304
6314.155273 298.875061
790.743347 163.644730
145.419937 122.128822
358.745728 28.319035
247.817108 61.501595
314.640228 150.687851
1822.655273 315.069336
9549.606445 296.389648
765.164978 146.755463
2533.562012 64.961563
1001.403687 30.690878
521.371521 97.534729
1761.462280 51.342350
3735.580322 9.470852
2714.037109 87.537773
18953.931641 898.037109
514.893677 420.830139
1432.765991 185.185379
1669.046021 117.734550
521.045166 224.264542
1255.490723 215.444107
3860.454834 184.995987
1978.750366 94.355682
3570.883789 1658.662109
731.526611 1094.293335
3472.051270 609.835510
2570.626465 322.242889
2350.809814 37.749596
76.727829 15.209399
1178.746826 15.729885
8143.911133 27.812914
28123.621094 460.723450
1980.364136 332.009430
1433.218994 200.600052
1061.779907 97.920341
1842.623779 11.478354
1647.516724 1.683236
103.353859 0.632822
6316.633789 14.448493
3309.591309 426.897400
564.711792 252.415222
1917.635132 119.865486
1663.790405 43.466164
118.716835 29.759098
636.352234 13.160675
6299.235352 7.373654
5301.321289 23.923677
26905.279297 301.861877
1931.869385 189.358124
1474.790039 107.327126
5502.543945 57.612782
2880.690918 30.377861
621.485352 9.336257
1952.700562 9.791046
3279.772461 25.047855
113.199341 419.850098
1652.606934 295.681213
879.203918 175.401947
292.592834 83.948914
1258.405396 25.451096
707.222778 23.617804
175.990585 25.745066
188.288620 32.078411
760.037476 71.747879
75.259315 55.445637
3774.783203 41.453506
1652.406250 31.332249
922.377380 15.468483
2163.576172 32.814621
5302.274902 47.126575
8039.328125 51.300556
2383.098633 34.355297
4196.931152 17.365271
2228.776611 5.055313
210.907501 4.224418
460.998505 52.015804
732.566711 33.165367
3987.797363 52.117306
11309.055664 108.308472
24673.417969 123.933304
247.520889 134.706711
820.984192 123.812088
1643.520630 90.586082
1830.896973 86.476967
1369.162109 55.606571
3789.401855 23.447386
13495.237305 6.837282
3102.758789 205.085434
2837.854248 158.992264
578.522217 129.543045
712.202209 109.279251
2326.142090 44.338215
79.124077 62.332031
9935.767578 97.698395
24667.476562 123.324562
953.779297 192.094269
2277.452393 161.377304
1278.662476 107.631645
163.270920 60.768085
576.747070 48.807800
1254.440552 50.093990
3320.511963 49.473503
123.761620 73.301506
26436.498047 64.914787
4781.974121 14.223744
3425.096436 12.150077
420.600616 32.748821
1778.562500 102.523590
2269.970703 85.596870
3101.533447 64.179169
2666.040527 36.259327
1088.219238 512.823730
3199.378174 353.345398
4598.618164 220.079315
1193.140991 138.585892
637.218201 25.424706
2973.977295 14.435066
2957.117920 9.366816
7680.721191 8.642277
1131.856567 116.906960
7871.257812 94.592857
233.650208 68.028343
177.907425 43.606972
228.389984 14.593311
363.070343 23.887741
1677.079224 45.534428
2296.951416 73.825981
18978.050781 93.049736
2153.922607 65.161224
64.554886 38.704758
953.623230 20.119959
163.916718 42.732224
459.082886 9.524745
1174.139404 3.253141
3083.168457 43.004082
1650.329224 178.031555
7046.784180 139.514099
291.986115 111.714966
1718.705566 80.734398
384.637970 54.978092
454.311401 41.568413
1735.891602 16.312567
6701.043945 4.991885
678.049194 331.103027
2360.011719 178.427231
750.382202 91.411713
1941.595337 61.367340
285.248230 76.334183
2462.809570 84.124474
2675.023682 86.464691
6660.282227 61.215958
8545.197266 511.570740
389.976166 346.305084
583.410461 195.377808
139.666946 103.548843
504.027710 29.789242
597.859497 28.192451
964.062134 56.055981
3594.706787 150.458847
23446.294922 55.220112
303.249451 4.364215
170.053925 8.508175
1674.570679 25.700150
2125.268555 120.459793
3984.103027 83.213364
3620.364258 34.394741
5739.434082 0.448015
5998.303711 737.252075
2320.539307 461.038574
1093.540283 267.035919
2050.934082 165.767548
19.191425 2.291550
2847.332764 3.052765
6528.362305 6.071213
11189.390625 15.011040
396.052185 336.925507
5118.924316 186.577042
560.339233 76.409317
768.682251 19.070745
1184.270874 14.762135
1389.995117 21.776470
52.026550 38.403519
12338.595703 65.637543
19220.027344 200.257538
4957.857422 116.318924
1213.906616 55.320038
311.453400 23.021904
1011.079956 27.582518
145.867264 13.246853
1516.800293 3.314114
6245.872070 49.733959
1392.604858 187.741959
13082.672852 54.465740
840.302307 13.751575
868.040649 21.360300
3564.875977 45.454987
2007.163574 32.701443
1054.770996 16.339043
7519.224609 11.192634
13020.833984 585.882385
11822.827148 339.727325
724.785889 165.009766
1453.063354 75.995071
320.780060 14.071742
1057.992676 16.110233
642.791016 25.542414
1041.813477 49.020767
1735.387695 246.941681
7365.750977 137.579498
3644.022461 62.459209
178.149292 24.928886
217.303452 8.558194
1273.253418 10.880846
3497.011230 6.448125
3882.634766 7.785167
818.851440 172.082703
2344.497559 75.326691
632.537109 20.898230
684.945496 5.233187
467.434875 4.268050
1150.814819 2.321573
11.654119 5.415443
5702.422363 15.864258
649.445435 190.957672
5900.075195 111.274094
2962.994629 51.279373
3213.295654 17.321621
115.502586 13.516870
2569.835449 14.297400
2382.545410 10.579165
3948.709717 3.398431
2584.965088 220.474121
1261.632935 125.774445
994.699219 56.067322
1008.621582 21.494795
1426.872925 14.938263
303.597839 28.930302
654.463257 64.548393
2022.305542 120.738609
2533.952637 9.888206
505.874878 11.196813
445.342468 14.056496
2005.449585 13.663342
115.960426 45.444698
334.813843 35.250084
2941.702148 15.676228
3964.347656 2.009459
811.704468 115.712219
3663.079346 66.735428
1348.989746 46.183212
44.836250 44.878029
505.946991 6.499208
992.787598 4.319513
298.737091 3.032037
1078.501831 3.337266
24358.595703 166.958633
5813.987305 99.086647
3728.576660 46.686356
276.346008 17.230715
418.887329 10.133753
594.585205 17.961807
6410.141113 40.112587
8516.665039 83.169380
5243.557617 414.869263
6327.916016 228.920181
2686.480957 96.868561
2476.291260 28.862505
1021.449341 64.322853
26.857325 25.628944
2551.118408 4.160487
2830.041992 2.867255
19780.082031 450.338226
465.044434 328.702087
5269.028809 214.452866
454.817566 125.302490
1813.829590 16.299562
8240.208984 13.965900
7515.372070 15.245611
7554.604980 20.040789
11616.581055 94.119781
150.094025 65.019020
142.245926 40.561024
548.417297 24.372385
569.075562 3.787736
2119.645508 6.937723
653.806763 11.145088
1909.913940 16.334496
3596.357178 1.998942
759.618103 0.178235
207.394882 0.216557
1996.427979 1.542866
731.602478 3.373603
629.249756 14.258451
572.633484 24.808722
10680.624023 35.905540
2437.138672 145.176590
12492.914062 70.695389
4306.346680 21.011478
409.895050 1.201511
206.662750 15.560618
1244.521973 1.529914
4112.562988 10.167419
849.833740 44.670319
7200.189453 292.142059
9031.167969 194.716003
2104.914551 111.929596
733.925049 51.874046
2215.443604 92.603386
404.512573 70.829910
1805.197754 47.355122
7383.170898 33.026478
956.103027 141.023483
14604.034180 124.955353
2084.029297 115.544006
2373.231201 106.948608
642.632324 58.486446
1719.429077 42.501270
3221.893066 31.473650
9773.000000 19.971485
23437.832031 239.357758
619.454895 189.032806
3662.119629 133.241043
188.793442 87.587219
1184.634399 25.618462
2587.812012 53.430847
1726.023560 111.167419
3331.764648 196.139252
6955.293945 4.838049
3690.012207 5.677642
341.760864 11.934946
1000.405273 16.556402
47.268547 138.461136
1623.820312 78.498955
3916.308350 46.886600
23655.197266 84.070549
4157.509277 472.484406
516.220032 343.253571
494.721741 259.692657
1221.011108 198.888916
470.971100 59.567265
1171.428467 61.441425
921.925049 95.105652
7772.640137 125.900658
6187.038574 880.989258
4554.464355 595.074097
340.741852 323.829163
889.658569 138.083237
2179.152832 130.499359
4121.006836 81.951065
1493.868408 94.979004
3338.754883 155.790680
1306.720581 299.007080
5448.144531 333.200867
6627.747070 300.862030
1099.055054 218.723160
6.883049 97.733383
87.617065 27.073715
1490.000854 46.881828
3913.081543 220.135925
3395.771973 599.958923
415.730774 408.696014
42.238213 289.192139
187.005188 193.646759
999.129395 117.625542
2673.941406 43.100677
500.010132 2.339316
862.888733 58.673531
979.426147 1127.820923
2581.824219 687.933655
3906.808594 388.290344
2604.653320 217.382263
786.404541 123.529274
4495.821289 106.255493
2835.544678 90.270775
1255.517944 47.970753
9192.214844 1020.193359
564.959778 693.561035
3618.571289 396.381989
1619.691650 203.937286
298.882111 41.766121
608.082031 25.515610
8452.834961 82.669701
7214.190918 168.052368
1056.986084 379.529297
4811.038086 362.229309
1023.043701 263.593719
626.356812 135.113892
203.813904 45.084885
1963.054077 4.345718
2968.814941 19.648378
3546.553711 130.481384
10559.749023 67.619049
4637.868164 70.319290
564.182495 91.369827
993.668335 85.747681
572.153503 49.859581
1048.845337 19.648596
1822.989746 6.609332
7057.981445 76.242630
1583.816772 688.532959
3778.111084 350.433105
709.282166 159.760712
537.518005 82.028114
977.234863 241.064468
3801.189697 290.685059
8275.552734 324.438934
3277.007324 271.926758
784.576294 1070.625366
4756.467773 760.196045
6214.320801 458.423401
626.704346 276.510254
1557.574463 144.992416
439.959473 77.819344
2200.920654 85.413162
1526.896973 230.137833
7796.379395 11.418877
36051.640625 84.269638
3178.929932 171.295105
1089.817871 195.726303
935.087524 135.795715
8439.663086 104.712776
2068.666016 47.449928
1887.600952 0.814406
29779.900391 1057.072510
7360.823730 617.924133
0.223959 319.697021
766.613892 179.704041
325.908295 95.715363
1229.408325 131.410736
843.759644 175.416992
2199.198975 185.145386
6240.028320 453.938568
3075.935547 332.523041
4044.309082 200.195877
23.753162 112.991882
1.489422 29.864151
65.111710 9.723913
2358.507080 4.206857
5042.812500 42.969315
12358.131836 22.945057
11051.785156 8.874331
1155.300781 23.910995
140.025665 36.949455
393.234680 86.083214
1452.122925 126.253746
4093.480957 133.819962
8127.681641 101.107193
3067.718750 786.701660
4332.795898 434.430359
338.364105 183.611511
75.956787 78.952751
1165.399292 67.258797
1288.457764 24.818199
12330.227539 10.052727
8522.854492 9.296296
14107.152344 568.473572
3343.336670 432.736298
5449.335938 280.978638
103.618446 152.218414
2468.343262 14.084805
1220.391235 1.559763
927.306030 6.786525
1635.074951 29.800171
4930.089844 324.433960
4950.188965 212.973602
6799.214844 117.036880
209.736084 50.398403
163.882416 14.526804
31.501930 9.688031
2315.680908 4.394289
7989.078613 1.598622
4269.657227 7.532265
284.862701 10.766138
3123.318359 14.631638
740.702637 16.393152
1924.552734 4.650294
141.179230 19.463911
10151.665039 60.754189
17119.863281 135.789764
5338.122070 91.008614
4343.942871 41.516392
435.747131 16.186069
32.586929 5.319198
1980.634521 99.283882
963.969849 32.145355
6153.383301 0.419402
560.508118 61.983307
10259.132812 399.860168
1430.278564 269.338318
7627.788086 202.871780
326.119751 157.532394
1382.534790 133.370544
950.844910 127.806236
271.075500 105.016251
1413.986572 80.604332
66.334526 1098.964844
6504.879395 652.046997
3980.057129 331.567444
937.702759 174.181900
1186.005249 88.737144
149.233383 47.472542
2458.889404 33.402157
1836.953613 16.727757
20997.298828 885.638550
1839.764404 645.471802
6004.101074 392.745636
1470.666382 197.875458
1030.125122 54.261787
3949.085449 86.696480
1742.233032 160.398590
496.221191 284.213928
4242.310547 9.357087
7628.379395 4.112912
1462.876221 21.507925
1.593962 38.827538
303.038391 152.570282
734.672607 73.977806
50.730625 22.638889
1504.027832 66.561783
38481.507812 724.969421
814.230103 468.172424
3892.683594 314.070740
1480.212402 225.932709
1617.797485 41.612309
238.455017 24.751698
2355.492188 9.760996
19123.468750 13.960295
1725.323486 621.036926
2384.831787 361.463196
1573.585205 176.417450
242.756927 79.033188
817.838989 55.674004
3945.954834 54.427498
2417.914062 57.557449
10774.896484 70.694839
2933.379883 427.427216
5409.128906 261.206238
1421.164795 139.987915
341.533264 76.119118
2756.603271 3.696688
1010.124268 0.197263
2675.979980 17.354927
134.048126 100.242989
4595.914062 189.894897
490.689941 53.862305
31.525051 4.392464
408.352142 1.331317
307.784729 63.035843
2656.576904 31.870176
2204.842773 4.257114
3113.919189 20.710552
15151.083008 770.222107
6050.063477 434.900421
1388.425537 214.901215
546.059021 107.407364
3574.488281 132.307175
3328.153809 182.510315
4648.773438 218.757111
6095.338867 187.889740
15495.084961 826.311462
5600.278320 548.106995
28.697952 294.220215
1588.181763 150.942444
1925.654419 95.154091
1110.266479 27.380867
4394.503906 25.359434
3697.411377 89.646500
17226.751953 178.766846
32406.119141 249.834335
229.169525 253.529327
547.872437 189.040359
100.970375 15.639423
3222.008545 9.062868
2096.467041 0.258115
11853.996094 38.739296
10235.228516 372.960052
2230.138428 146.138794
895.709717 36.240959
1874.211670 11.823793
1364.141602 94.185814
1204.697144 75.062859
5860.202148 55.199295
13417.351562 65.271629
7479.253906 694.377014
9646.356445 405.785858
1943.260742 215.862091
495.246857 125.867477
704.706482 30.315430
119.790482 46.734348
386.514954 35.754982
430.047485 11.334712
4872.167480 489.603271
72.491219 235.954498
5006.000000 75.534630
3122.956787 20.480183
531.349609 22.947701
1116.871582 45.440586
951.798950 79.240074
10238.312500 79.617012
11456.756836 693.145935
2700.962646 455.382751
9.023705 223.138351
484.888184 71.353508
373.093109 35.468430
180.337280 25.135319
2649.583984 23.004974
5355.748535 18.569496
5755.518555 213.456207
1472.370117 168.220612
3110.325195 111.936577
3.327297 64.005074
3002.645996 1.997427
1153.543457 10.471167
2354.062012 42.156517
7404.300781 83.257401
5688.918945 132.134277
3974.672119 101.482201
5443.026855 59.260231
330.276489 20.868549
951.309509 95.750763
4995.314453 71.302711
2234.448975 86.879791
3952.161133 256.575317
10798.304688 691.021118
506.356201 302.423950
2360.880615 137.202423
23.934860 104.045120
1169.939453 246.158432
273.208679 172.056702
355.000305 98.097435
11094.801758 32.171806
4487.535156 2354.328857
14169.688477 1505.904785
1327.216309 825.918396
368.153351 421.258820
965.709473 101.137543
1264.281494 84.752892
3707.708984 102.435555
11264.771484 145.217148
9182.761719 409.844910
21834.208984 326.433838
2638.177002 234.248688
1392.359497 153.600204
3037.450195 76.416023
1409.205566 101.046532
6605.349609 97.538849
5373.722656 69.332314
2273.588379 87.612137
2806.183594 35.665058
1344.537842 20.136253
111.872009 40.484573
2950.344727 101.758347
1499.881836 65.141434
953.484314 98.853928
214.919281 234.628601
15241.122070 22.949678
2025.584229 85.443443
3841.724609 141.095139
719.947083 144.567093
399.376740 169.711197
974.738464 127.091904
3313.732910 106.203659
14436.871094 134.216675
21866.525391 1309.802856
1751.489990 829.958618
1750.651001 471.148926
190.714386 264.009277
150.555786 105.645973
1199.402100 69.274712
7234.425781 69.822861
13831.757812 73.264076
22015.212891 811.333435
9190.968750 617.666382
2097.562744 395.513580
2249.161621 212.638611
982.166382 105.128975
3974.480469 64.496948
2425.717041 28.530563
20184.478516 7.282929
2765.782715 120.170921
12938.699219 143.211319
9660.776367 150.830048
426.907288 137.289658
5880.782715 0.999356
7518.959473 0.585981
2556.604492 2.547334
10388.205078 15.236486
2785.575439 44.196289
5974.622070 14.154054
761.697388 1.721645
2141.987305 0.140123
1028.222168 16.606016
406.637360 6.841992
3710.309570 7.750723
6461.170898 68.720367
19581.226562 429.995972
9073.436523 189.670212
8035.875000 64.801193
753.327332 24.872704
853.741455 89.805527
1415.034058 73.456985
159.772171 35.014236
7086.580078 6.701277
11147.166992 886.469910
23943.267578 495.346222
1710.245728 235.035858
28.846285 118.797241
288.669464 16.996353
239.191589 40.733826
700.304260 104.972542
887.503174 228.404877
9842.744141 220.864166
3274.274414 101.047035
295.597351 39.372646
2099.565186 16.758146
1129.311035 55.047821
4902.305664 38.217823
6450.899902 10.979288
1842.095215 43.828339
251.237015 554.543335
3307.384277 239.384659
1781.315430 86.222183
157.099792 52.024113
82.038589 89.140663
1768.099854 93.238647
6559.362793 107.307770
3735.215576 80.455162
1295.701416 1147.211304
1200.431885 769.515747
3849.454834 411.878967
1058.288330 177.498688
337.270294 122.225266
2555.909668 102.540443
6126.572266 162.932297
2980.572998 310.586029
4241.933105 60.935474
4690.222656 141.983002
3471.507080 186.063980
1324.744873 170.088043
333.218018 83.302811
234.838821 26.397499
173.220276 19.505386
10322.258789 141.189301
2496.950195 660.087708
14076.436523 374.877991
4157.570801 220.621979
2248.810547 143.290222
415.216339 192.789169
1436.657715 157.696198
2845.092041 100.782768
3877.639160 33.637051
8196.984375 917.398926
931.954224 609.684692
5221.165039 374.836060
666.975098 245.682816
722.941223 89.859924
215.020020 58.515816
685.465942 57.233044
3340.548096 58.993343
16185.997070 452.072510
688.327209 387.199921
1368.473145 277.320618
1426.013550 166.376160
810.670654 16.345078
866.222290 14.989053
7269.258789 20.506224
4027.859131 36.787975
55.434132 12.763105
429.686951 13.511855
698.145081 17.154499
362.535522 18.405180
726.193359 53.278038
2924.792480 41.610256
5311.680176 30.762718
447.247986 38.987358
27937.863281 205.384796
4983.378906 123.567413
317.370270 78.940010
534.881165 61.696163
522.951416 57.830696
8533.888672 34.382439
8621.067383 17.467600
1767.472290 7.268915
17036.085938 324.586884
2536.548828 236.958191
739.346558 155.717499
668.111023 95.625259
638.997437 3.991687
3949.806396 0.560317
12658.207031 7.128639
8520.696289 43.031784
3011.529297 92.226738
1473.308472 32.915874
271.948090 9.650183
1893.800903 5.636559
812.989380 21.883318
652.482666 13.354987
4531.183594 3.996340
853.714111 3.856997
1019.015991 367.866302
2846.067383 210.616730
1911.101807 99.265686
1860.822876 42.140697
261.909760 31.504833
198.202545 46.211159
2862.225098 62.467354
2158.343018 67.853020
1321.266602 133.869904
9465.361328 94.368652
1233.173584 55.219978
983.238770 32.329468
352.567444 25.695047
985.643311 25.248583
3435.963867 20.463345
3392.396240 26.526907
2589.072266 32.629204
4158.402344 3.860277
4058.941895 3.018307
200.602020 15.772408
1129.896973 17.796774
4321.340332 20.389694
4703.663086 32.704704
14173.529297 38.820995
6496.911133 318.775146
467.844788 215.972382
539.133118 115.195831
217.407318 45.833691
1302.820801 78.122490
2857.277588 75.247116
6522.312500 73.022110
7265.756348 85.028099
3975.651855 0.469279
7452.070801 16.248512
833.221680 44.938202
538.899292 68.928665
185.127075 34.182541
486.608215 7.838256
2135.327637 2.070545
368.376648 24.790384
5362.224121 263.965057
17510.359375 191.203415
3402.738525 127.242577
695.560608 74.787132
850.394348 26.156343
8391.840820 40.355286
6560.604980 55.404404
9170.610352 63.981308
4459.400879 35.983665
4269.300293 28.755367
2746.195312 21.058857
404.559387 19.097153
878.613892 28.390743
1175.576538 4.655348
552.222656 2.813096
2396.983887 32.633511
13023.316406 103.630936
450.533264 92.959122
465.148041 80.209213
1164.710327 57.833237
1882.527100 9.477961
1726.396851 3.469550
1794.734863 10.005819
1001.104492 42.744217
11726.895508 83.407143
6061.085938 43.331406
592.878845 25.150532
1270.999023 16.979853
614.798035 28.516684
2876.077148 24.127031
4851.928711 9.611870
972.452942 1.035523
420.568634 179.666336
2407.661133 87.886772
200.704453 39.013981
652.644043 26.633896
1577.687622 15.556211
825.749939 9.846991
4217.929688 8.392512
8874.862305 3.402146
9840.871094 277.302307
3796.392578 184.418564
573.132751 98.735649
726.460083 41.310177
2320.028809 5.299657
5600.060059 34.534798
147.735504 71.650574
648.138916 99.322403
7479.805664 227.219177
5174.543457 131.866852
1042.125000 50.115704
651.350952 6.085561
3307.909424 132.297928
1032.075806 74.050980
884.816895 26.191864
8261.711914 9.016991
3850.070312 99.819870
9894.375000 149.140961
4348.447266 179.712173
283.260345 173.868942
941.236328 21.519537
2180.494141 13.189075
108.646812 6.290228
4768.213379 0.334079
51206.035156 349.921143
2663.866699 217.866699
829.258362 111.198647
1456.089478 47.695419
828.048889 17.082600
351.596863 9.098083
1170.247803 0.343943
4623.271973 12.004756
12766.745117 265.643951
7143.595703 132.651505
30.658241 55.201382
1625.987915 25.232777
1998.104004 8.136810
2509.118164 17.806377
2349.123291 26.084517
6131.533203 31.711514
2536.098389 183.452728
3621.111084 98.477608
225.598969 37.413177
672.474121 9.555263
429.817902 14.181595
117.922760 23.898388
17516.121094 36.837353
24099.455078 89.918900
4017.059082 279.254913
69.048073 98.104675
700.753723 14.082346
814.346619 1.089325
3739.215332 54.549332
798.785706 33.633732
5046.775391 25.810114
2062.020020 46.244942
23640.990234 484.608673
4485.780273 303.738556
8781.152344 171.422089
2043.534302 93.827774
7151.750977 3.644001
3203.447510 10.703565
908.349365 17.891817
5025.944824 28.205219
10963.332031 87.778320
4837.484375 39.264660
6730.073730 10.086897
864.369080 0.596286
4725.746094 2.336137
561.074524 1.815445
2722.858887 20.810478
9514.646484 59.543282
51318.785156 11.164625
8665.908203 18.515974
1063.983887 20.083239
5176.974609 12.513955
3269.597412 11.056662
2709.836670 5.293879
3123.725098 2.910902
13691.907227 23.143005
31169.207031 43.921944
6277.437500 7.497583
2454.038574 1.695620
3668.455566 8.526870
166.702484 4.528566
130.186783 20.483461
79.322762 68.100494
340.469299 162.940277
23075.681641 85.685448
3631.421143 27.177574
450.635345 5.705122
393.532440 1.727074
1044.467163 41.913525
2774.809570 14.579010
12415.698242 7.495603
17370.562500 106.677994
2333.617676 386.191010
1038.362793 142.301895
2124.782715 52.412258
808.443970 45.270683
163.661942 115.599808
374.723389 97.589760
2201.315918 75.926674
136.608627 67.851845
4984.434570 803.928833
72.845909 495.363892
2873.462402 273.226868
103.221001 157.392731
55.528671 4.746900
629.309509 9.876342
1474.064941 6.997981
5837.413574 8.362574
1804.998657 360.859497
8214.018555 177.384354
4420.681152 58.037323
758.414734 9.175341
151.242493 52.214836
1023.322021 65.580933
2389.919434 103.123291
1942.257812 115.179092
2395.011230 632.858704
770.194763 458.478210
1379.666504 260.312897
1046.004272 112.479164
183.992920 54.289158
1016.820984 24.686821
6808.842285 33.047611
4918.113281 84.230011
68.294052 59.817604
2336.532471 102.266403
1845.507080 116.919823
1308.359741 95.415741
277.958527 33.367416
630.676270 36.027985
3260.994385 35.700584
1735.751953 40.861450
3006.547607 109.354691
1669.251587 58.657005
2396.260986 33.412003
1144.756226 29.036581
184.985687 29.356817
189.968811 29.485477
936.848206 18.579372
3956.569824 18.134232
1853.670654 243.584808
27.099751 110.691704
103.574783 40.396324
4.620487 23.565067
35.974361 83.596489
738.894775 102.156860
4280.179688 138.249756
7848.249512 157.000946
3805.938965 916.123169
280.138580 600.180054
1589.545044 317.926758
546.285889 141.713226
62.299644 130.974243
2321.634033 114.847473
25.696489 104.883224
9245.562500 104.258080
20802.246094 151.721344
3127.557129 158.159058
1530.512451 157.113113
2696.912109 147.083160
2296.528809 67.622116
2796.320068 33.366432
790.059509 25.712406
3625.080566 52.825356
6904.079102 332.809235
6238.380371 256.000488
5168.186035 183.624008
591.044434 119.698364
1388.392212 66.330666
534.762451 69.565979
2763.222168 73.575348
10037.020508 75.201851
910.442627 45.481991
4612.716309 56.502789
127.688522 62.312431
1411.078613 64.572998
546.025024 40.279602
882.574768 25.424532
4230.629883 13.988231
9433.822266 6.545881
19893.515625 75.388519
1090.954224 76.795204
728.299561 69.663986
316.155945 56.246441
2664.762207 13.090389
1089.607544 4.153838
760.713623 17.735584
8355.656250 46.641621
11433.759766 144.967300
4074.444336 121.118759
6088.408691 83.473938
1396.635498 42.890251
1660.879639 21.982607
3733.177734 30.425076
1268.111450 35.772835
404.276428 37.927177
11219.188477 48.635345
563.249817 26.624735
2115.696045 14.991672
2603.272217 14.791757
181.289703 20.936897
318.706696 9.991149
383.281921 3.139943
764.794128 0.460179
9702.850586 62.326820
3477.560303 58.064262
291.440186 47.956806
3417.030762 34.509331
153.437286 9.921549
1320.333740 7.478705
5437.408691 11.571059
1918.403076 25.137413
4579.015625 23.859486
2221.998779 19.456249
3695.041504 17.333963
153.734711 14.253896
73.745544 14.865738
1395.659424 6.527541
453.225952 1.975527
5395.342773 4.073094
25.653524 118.312943
1546.934814 79.868042
428.417419 48.879879
2167.815430 27.895664
2511.426758 18.195553
3190.247559 42.326557
581.878784 75.131699
7309.089844 105.716125
410.691101 12.014365
5140.670898 11.290540
8956.528320 7.644764
606.224487 7.532607
1755.406494 81.659966
3730.981689 81.048409
20439.843750 63.845020
10160.480469 54.256973
17716.123047 120.548439
6308.035156 57.076862
219.121323 44.324459
2271.615479 62.644554
108.651291 98.447151
1087.915405 126.748131
360.381561 161.244171
3270.944824 183.318375
17152.611328 93.895660
6547.542969 98.786369
637.149048 91.842896
2146.665039 87.487640
1440.447266 80.637375
704.598633 54.661118
2820.146973 20.299749
4478.884277 16.057983
8786.887695 81.464539
13027.108398 43.361084
1908.573364 53.507099
922.722900 77.084427
5416.929199 7.990410
2003.421509 5.887882
1930.348633 2.457688
6504.982910 2.695318
3543.414551 327.930267
2689.554932 182.858368
2679.743408 77.680862
1439.031616 23.936737
39.149410 57.711945
1133.274048 46.048237
6524.560547 50.556068
347.477295 59.558876
37788.265625 202.120605
11256.565430 179.154877
273.333130 135.933868
1806.495117 90.027893
2114.779785 19.861000
3421.926758 5.031003
4772.871094 1.874324
843.356750 30.735596
15412.542969 82.351349
3817.956055 45.536682
6840.770996 34.156494
256.055359 30.079248
1451.298828 8.402781
416.515900 22.115345
6384.671875 42.721581
21317.552734 66.538963
14640.118164 20.975420
1855.271484 10.766282
1235.531006 4.175366
221.241928 2.751499
2280.102295 1.994034
3641.085938 5.715946
255.706879 19.881443
7224.881348 44.966209
11950.983398 10.661459
4266.222168 8.124322
1606.221558 6.720146
1563.388794 4.030451
388.621307 20.536665
961.223755 41.787693
4590.440430 47.382294
7903.260742 32.145592
1036.157227 126.853683
1234.652222 57.733696
5630.150391 12.937717
156.510162 3.608730
471.189941 18.600185
1406.653076 11.090483
2549.323242 36.077087
2754.952637 89.983223
945.500122 46.424953
8867.375000 66.136292
374.148132 65.432220
593.064697 44.192730
2264.977051 43.371719
105.708298 43.608871
834.483521 21.767361
1635.291504 1.203351
17788.392578 218.341690
1774.878174 93.227142
651.108582 33.762077
1559.007690 28.968533
865.125549 8.882378
899.612000 19.524712
831.245361 40.540428
5062.900391 62.314960
2339.586914 239.575974
5362.955566 149.276764
1472.579712 70.937241
741.168518 22.899029
1757.487427 10.426392
1948.308472 12.251598
855.013123 15.636347
2954.584717 50.209679
7964.043945 183.320557
8223.369141 60.910484
2682.127930 7.946487
249.972458 2.347455
704.004089 4.396791
1449.614136 1.516759
629.339233 21.076414
3525.702148 122.467567
142.076660 412.255188
10742.958008 158.045776
172.152390 37.447010
54.880981 6.449385
455.069092 106.932281
538.972229 87.963280
1055.326050 43.710114
2214.888184 24.372902
26515.523438 963.668030
1310.544189 519.300232
2964.299072 241.732773
4443.800293 129.760147
319.460266 14.715826
534.414795 18.435671
2651.174316 38.357082
9666.517578 88.987244
2121.763428 587.129578
1672.010010 321.444702
203.515244 136.392944
551.642761 42.606663
61.864624 20.160313
55.297318 18.816706
1099.863525 6.257075
1454.782593 19.111908
2911.081787 811.310669
3437.182129 406.032227
3060.256348 146.929489
601.905151 38.729996
293.843872 84.275520
258.494324 79.104759
5825.416016 84.806000
8478.771484 65.717766
7743.287109 822.793457
2241.309326 570.023010
1265.788818 323.230469
1781.927368 154.781281
704.628601 46.758045
3320.473633 9.323784
4491.435547 14.434471
17319.589844 45.278877
15122.411133 251.949677
939.542297 252.585327
648.625000 200.640671
346.088715 120.057014
5.254732 38.942322
1014.715088 61.485390
6015.226562 70.417778
19654.578125 71.480057
2412.559326 135.352936
5264.528809 53.222885
1867.794800 13.510818
861.813599 15.162115
282.636719 28.717079
1942.644775 15.271166
2723.330811 11.465998
2581.792725 10.132328
3586.562500 149.882492
5528.416992 128.131195
7995.962891 92.299072
1694.581177 55.589836
480.009460 11.974040
3493.702637 7.831519
2853.976074 3.203803
9692.439453 8.553528
297.693817 15.239431
2455.988770 1.513321
1097.602539 2.938813
899.242981 9.540788
1370.385132 0.440220
491.092041 12.880826
3369.500488 47.525703
10953.271484 114.015800
18672.359375 189.207382
2625.076904 91.689468
2285.859375 32.376537
540.822510 5.383201
119.752907 84.995171
528.552368 56.399925
4607.446777 28.960976
5120.764648 7.653008
27774.892578 278.789764
7390.659668 217.668854
882.104492 161.445892
1080.179565 117.883087
1097.774414 11.550419
1326.566162 27.209055
1398.006714 67.555092
2188.930420 118.023819
6818.924316 63.352924
1232.165894 61.148861
1886.174683 43.354702
1043.082153 21.101866
946.915222 45.242981
1657.311768 36.910904
3428.802246 26.341808
2215.520752 28.494410
2412.470215 11.820600
1467.522705 10.373063
2559.161133 25.303333
327.487396 40.988773
1920.681152 32.292408
29.754589 4.914973
3876.745117 3.747203
5322.843262 42.073971
14813.121094 438.587402
694.102356 285.136047
1157.701660 164.929230
2778.863525 83.160019
2125.313965 24.088274
1833.248047 8.951232
681.142883 32.076057
1772.836792 116.966667
2325.453125 287.392761
2525.945068 173.848663
6265.233398 102.295975
1512.794312 56.603439
3039.355469 124.812515
2218.202637 90.747734
2842.680420 38.061272
6330.261719 16.786667
4952.673340 627.165283
2904.524902 356.305725
3197.857910 201.515839
581.938782 144.348267
592.906372 65.388275
1301.965820 39.966980
7021.615723 21.221615
3466.233398 4.533892
19709.035156 828.102722
1907.514893 535.127075
478.230255 289.105194
42.789280 134.963928
2642.358398 2.402567
1336.529907 1.477594
2112.703125 8.729574
9170.811523 41.420757
612.599548 363.208466
2578.775391 185.314301
5991.378418 70.263863
5877.578613 17.206244
1173.446045 39.011459
2894.114502 30.681873
1798.498657 20.336004
109.955681 9.210072
13594.039062 522.027344
1068.132080 318.297516
466.035034 159.821777
1683.126465 71.065559
1368.641602 57.052845
3833.884766 44.252373
5892.480469 57.934662
3032.967285 91.592499
501.764099 85.341820
2006.020996 111.617050
9907.912109 110.285004
8.598581 85.972740
799.692261 28.140215
4203.762695 16.282867
3758.158203 7.975269
1190.610352 23.533339
3395.578613 181.070312
1007.702698 97.397705
663.167847 53.464363
851.297852 36.907608
798.398987 51.137978
2025.972656 99.650703
2983.139404 172.781509
4310.515625 253.888809
291.778473 10.040651
13801.165039 16.813433
2278.407715 21.393070
782.684204 28.590454
190.317886 111.903099
1021.940002 64.202568
18.792593 45.974903
43.071281 107.299164
6745.890625 298.984192
9041.807617 206.121414
798.229370 170.004074
34.333878 148.826630
276.846313 99.127060
655.115417 86.054916
459.361877 90.320755
1314.077026 90.866081
8942.063477 687.136475
361.534698 488.681824
4562.093262 297.443573
119.747269 162.944855
2831.732910 117.677841
894.483582 61.139927
7055.550293 43.130600
2259.691895 61.947205
483.913940 326.522125
2222.503418 319.716248
321.999054 272.689697
2752.257568 197.046188
1788.895630 10.811337
6577.919434 17.623777
2362.240967 46.712978
8437.510742 101.005714
1370.160156 169.948151
8897.515625 101.746979
2280.943848 52.651104
916.726562 22.779648
2936.808105 77.505112
4528.759766 33.222305
1055.445801 4.813449
13863.634766 19.966158
42936.449219 222.318359
9641.684570 171.614563
676.539429 142.248718
3924.379639 115.328972
242.722290 19.803707
7365.073242 51.149857
5155.001465 98.955620
2100.623291 123.795166
11211.987305 308.001343
15598.172852 221.143936
4531.583008 115.419067
1022.424683 39.070164
883.582153 21.496740
37.197918 24.788231
5414.122559 80.649399
4317.348145 177.931915
10435.829102 52.509422
98.451424 82.645874
988.506714 81.519600
4789.200195 51.946030
316.608032 86.217163
3096.446289 50.294270
6182.136719 12.355621
6924.474609 25.919413
8701.738281 351.092407
776.728760 189.026627
119.653183 117.714691
84.999695 100.270706
98.917336 45.297600
355.679260 28.137671
173.209946 13.631468
551.655945 0.728413
14758.220703 649.125610
3184.392090 408.504120
2009.660889 212.812042
259.585114 95.100716
1018.657349 49.483303
2532.157471 71.791267
6918.635254 103.626923
11165.464844 103.563354
6227.147461 781.603943
2342.252441 511.015076
1683.619507 258.376984
477.108398 98.731590
2501.354492 77.699814
2001.245117 62.164436
762.810974 122.049484
2653.905518 235.736603
19558.873047 172.283768
3412.853760 223.893829
498.389374 209.807755
1222.776123 144.671356
333.672394 143.279297
910.077637 117.722755
6063.099609 160.391663
4458.956543 355.004913
11743.855469 879.110474
1940.909302 494.184448
23.576513 284.234619
723.017700 191.009003
615.553711 377.218506
3643.008789 225.393982
2037.344604 90.607925
951.851807 7.936862
21920.515625 1563.048584
19963.769531 1163.071777
3616.525879 816.239807
4927.547363 560.797791
2835.855469 22.765076
421.189911 8.671050
753.863586 5.138670
527.255981 0.774757
12826.517578 517.679199
1131.765869 341.706329
120.615814 181.578064
69.278038 73.603455
1944.357910 27.264498
2318.766846 6.379592
575.642090 0.592411
4695.594238 0.342049
12028.487305 346.312622
5872.608398 253.401611
353.619263 154.594299
1440.270264 75.375397
966.939026 0.304404
105.168930 4.672882
2852.350342 8.677954
8383.951172 11.802896
14172.839844 127.441666
2660.513184 68.337662
1067.299316 24.911644
1189.408691 3.681800
1705.777954 36.209816
287.805237 43.619545
668.236816 49.286148
996.191589 51.282990
6470.183105 9.137268
10903.854492 15.127653
2380.628418 21.598946
44.286640 28.629883
1791.576660 5.244634
1780.343384 2.056246
2001.406250 8.616979
10479.515625 20.808226
3235.714844 47.936211
4610.952637 44.713478
1.386545 32.873760
770.560547 17.339327
215.988556 13.161554
1767.771118 21.045895
3520.729492 48.372124
6070.515137 102.430038
8006.239258 72.629051
4660.798340 38.083591
895.123413 21.829834
843.588135 14.892293
3475.810547 125.374023
10474.686523 54.875946
11273.002930 24.297985
16782.156250 61.811386
8514.273438 577.114685
317.169952 433.654419
2423.438477 314.337250
54.016472 213.812408
623.054199 38.934601
4484.577148 21.991455
11470.529297 11.280155
2915.636719 11.658585
204.470673 513.136047
657.763550 321.243530
1136.935669 170.204941
2137.605713 79.787201
1180.126465 62.284363
1617.798096 68.859627
2546.438232 87.800179
543.362854 119.586761
2386.476807 164.426697
17518.158203 119.439857
10699.568359 86.740974
380.332214 67.944008
1082.561768 11.534615
1196.033081 4.333694
4033.485840 0.519307
538.640869 7.327029
5261.456055 50.763805
10726.409180 31.891947
4166.482422 22.508423
1068.293945 17.386932
303.533051 33.729401
3859.844971 50.176102
3727.684082 76.296059
1995.109619 100.408432
10949.697266 276.639191
36.744747 177.789017
3935.203857 93.491119
2312.221680 44.283493
1940.845947 52.736671
1228.856079 23.614672
3083.281494 5.716139
3105.754395 0.167362
10456.578125 288.740234
7222.324707 221.565216
1337.487305 153.116577
1960.472290 95.413528
423.382385 0.395316
232.499359 4.480461
1730.976685 28.616215
1539.657349 84.477905
16557.691406 70.212090
6895.678223 28.643618
125.007507 10.697664
119.910721 3.756561
32.314827 11.960835
280.750122 15.153543
803.353516 110.439964
3889.198486 343.939453
7592.205566 295.972351
2178.454346 149.055328
1198.396851 81.499390
2822.016602 42.963467
711.273193 134.592728
5191.135742 35.362396
9408.125000 4.438553
18611.396484 131.969696
8662.989258 1086.796875
3761.569580 675.432739
231.929901 412.892822
555.018250 253.706223
979.818604 187.082977
130.549850 163.357880
319.445740 95.462654
8116.829102 14.960464
3629.572510 1145.868774
4302.402344 680.822571
107.212227 363.536865
760.525879 221.088593
617.238342 85.561218
2054.300781 48.820740
9312.581055 45.760693
2387.340332 31.925436
6608.713867 1340.693359
11852.625977 923.719482
2330.115234 517.033447
1769.910889 227.470673
70.490295 22.641991
1375.369751 0.575523
3606.965820 3.196552
7954.277344 6.356632
2194.422607 657.789307
4390.262695 457.322205
31.252300 253.827438
1174.982910 102.034912
184.970306 21.940088
922.842041 15.849433
268.788818 16.317358
1613.179810 20.170277
24269.154297 119.107918
8085.837891 92.040787
1648.763306 62.277340
2934.606689 37.451130
2801.588623 5.690530
2453.462891 0.055292
1667.813477 8.748519
5763.279297 41.697830
34.460468 66.123184
3064.735352 38.352962
2649.708496 24.386608
10.626562 15.099300
485.550842 30.879641
4118.208984 32.114281
5181.225586 24.093241
9129.733398 8.842800
10977.528320 157.884033
2046.958130 93.143448
1855.630005 48.948380
458.760925 31.222025
174.616394 1.165513
3703.936279 3.033061
683.863281 4.725145
67.721237 7.021000
829.292114 96.149651
11566.688477 51.688488
619.852844 19.788771
470.938110 4.270115
409.866638 9.840674
4393.107422 3.718659
4727.287109 8.485928
2953.331299 17.579367
6077.087402 246.249664
2632.412598 166.594116
974.612427 91.081009
160.082397 37.043854
222.500305 39.272671
143.124084 63.554317
657.729492 87.046700
5159.834961 101.048309
2485.969727 27.295223
15030.186523 20.166176
959.184753 16.638680
1945.462769 22.374773
3051.394775 98.061111
2389.980957 92.110779
385.250610 90.647636
1097.897827 99.767342
4538.401855 74.918144
7442.712891 84.178482
2378.598877 95.253174
898.448364 100.583183
774.632080 64.859726
202.453705 26.194763
1081.053467 6.841778
7881.313965 7.910525
12865.170898 256.159241
4853.699219 222.967148
70.513367 173.504929
1022.999390 117.139259
640.270081 13.704580
99.152969 30.709288
1272.944458 62.840828
5885.955566 106.212822
9679.743164 106.212822
5885.955566 62.840828
1272.944458 30.709288
99.152969 13.704580
1961.783447 43.062218
5806.245605 0.476338
5047.625977 37.408661
2411.520752 163.981491
49185.421875 365.883301
1690.357178 299.544434
433.621490 222.152924
1369.626221 129.746063
5357.999512 72.187767
3300.908691 25.405838
20527.648438 13.135118
10846.838867 85.415115
2277.520752 412.939697
2557.873535 255.385117
116.001984 169.162415
1540.102295 119.226723
982.253784 118.745895
10686.811523 70.808777
8601.980469 65.789162
4619.901367 144.257553
11025.823242 1529.668701
10964.802734 928.922241
1517.028564 488.304810
2321.454346 235.090271
1582.113525 308.784973
1399.024658 205.089020
5354.167969 145.577423
2882.906250 102.984283
7493.715820 1703.741455
27096.699219 1275.467773
5181.468750 843.884521
602.331543 511.022217
50.550560 115.303009
680.677246 53.691441
321.946625 26.992636
10401.256836 25.355835
5143.825684 357.178650
5455.234863 352.111420
270.510864 293.334961
2755.504639 203.712708
109.462616 22.163319
37.281384 52.020084
2924.808350 82.976677
17449.070312 104.274338
2833.578613 28.234377
5363.488770 11.709146
3116.246338 0.921081
1319.717285 3.558467
2745.402344 103.060867
4628.386230 89.519791
5104.754883 85.241837
6311.081543 132.043259
18945.681641 152.132690
2117.038574 84.791283
1465.900513 80.278671
1356.718262 98.116852
23.273495 157.338394
41.722603 104.017029
1860.098267 49.976089
114.156090 7.778177
2650.655273 925.617493
3561.066895 628.464783
1555.535767 388.465881
165.248688 237.823029
575.290100 27.920315
1618.576172 37.659813
253.685577 72.998810
3982.268066 131.857208
1112.917603 93.300117
1146.647339 72.384415
1014.062805 53.651333
2167.380615 36.652882
581.006409 60.240723
5916.784668 49.609268
2035.333740 24.739466
375.474976 8.734272
6452.383789 230.180481
3516.511719 123.472054
1297.962891 70.065277
98.941910 58.774124
164.886612 26.865025
5130.436035 31.382259
2002.704590 69.169136
1943.538696 109.664337
5660.834961 425.397247
632.040588 314.460632
701.341797 183.838776
1149.176025 78.226173
655.894775 158.647476
458.791809 127.768806
5420.082520 80.310158
8421.327148 48.201775
850.716858 22.294094
28767.083984 54.502960
448.267273 108.559280
1303.496826 151.528427
1798.771118 47.004375
1607.375854 44.234535
3539.854736 50.451298
10375.935547 52.753647
6032.061523 232.694855
13575.760742 180.364182
1201.089600 119.464546
217.590393 71.221901
1252.872803 12.397556
1520.654053 6.563113
10415.690430 56.010689
9825.866211 196.891632
29177.042969 204.496460
321.774963 101.814743
4779.680176 57.295662
2519.783936 34.037498
2227.721680 111.680077
784.350464 102.444328
583.513550 71.471207
5040.655273 31.089956
1671.542725 463.231354
9983.591797 288.977173
4762.702637 171.657227
831.088867 121.518356
39.080269 5.370493
1173.251953 23.174730
346.447784 77.145195
2987.890381 158.541031
29298.087891 70.735489
3668.256592 57.732689
1130.172119 38.343834
569.041809 16.044994
2033.378174 28.397398
2110.451416 19.248453
4794.678223 3.231971
5787.625977 29.338974
1180.952026 178.261810
2298.695557 42.293995
244.515259 0.760431
632.503723 13.431573
769.289185 35.780712
4552.681641 21.654627
12110.001953 11.263684
9449.143555 41.046352
343.308411 707.786621
4074.112793 376.303345
1254.217285 163.186035
315.057007 66.023270
1678.077515 52.824802
1423.274414 50.581367
1814.182861 28.613007
2119.217529 3.232392
13131.071289 853.110107
897.252563 471.856354
4694.486328 204.961868
852.697815 80.090790
2902.539551 52.831848
1580.044922 29.965086
6380.652344 28.426514
4310.990723 20.259680
14498.539062 634.819336
2441.664307 462.315033
1841.091797 275.331970
2490.495850 130.527161
855.891968 2.527619
99.357719 2.561946
247.779678 5.454897
1670.476196 4.932236
1165.296143 117.583519
3553.744873 79.102097
256.909668 40.595280
800.000488 13.759203
242.014496 12.021393
1489.258301 4.422775
99.979721 2.172967
3162.015625 15.350236
13567.249023 3.118353
8207.997070 2.182851
4945.031738 9.737514
2911.201416 14.896455
482.625885 13.926651
818.778381 13.545162
1416.046753 6.630054
2304.692383 4.803305
3283.200195 230.425491
236.617767 115.083015
577.541138 43.656670
253.270874 16.451254
204.800262 16.102711
170.375732 30.255434
1812.309326 66.565834
742.898926 132.949112
9771.886719 161.332581
4013.610107 83.568413
1124.232544 38.005829
813.955872 18.138157
502.558319 46.190704
1849.056030 18.553619
2513.557617 8.644279
10981.494141 44.322037
1062.644653 310.447571
11673.456055 191.246811
1175.584961 118.570473
814.810364 77.132072
453.129242 84.758987
1058.747681 70.844070
626.448853 59.959320
11646.781250 40.271942
5264.491699 407.198853
2033.876221 302.264801
949.416138 197.583282
12.970358 122.581207
2591.399170 27.046202
1673.558350 22.918682
2807.057617 35.530258
2457.033203 54.379295
10759.496094 91.688095
3023.864014 93.866783
4406.096191 75.556244
1570.332275 48.125721
418.068542 10.828121
39.874123 11.390669
1824.414062 5.660514
1983.068848 0.232709
3075.480957 29.075497
6689.608398 6.702259
186.613297 0.114832
57.067108 4.593395
276.592041 3.003330
2874.335938 10.930208
1855.195312 28.279741
986.530640 61.712051
2702.132568 245.665573
1738.771729 127.001633
5670.388184 47.628391
543.666870 10.328293
314.835388 34.971260
773.697449 13.910522
1264.500122 21.920849
863.824829 53.887829
5349.538574 376.763275
2360.722656 275.072723
104.336487 172.542297
2162.235840 88.676285
60233.164062 60233.164062
60233.164062 60233.164062
0.000000 0.000000
0.000000 0.000000
0.000000 0.000000
0.000000 0.000000
0.000000 0.000000
0.000000 0.000000
