1101.943970 484.767548
6012.067383 480.837097
1213.510742 474.840637
2915.439697 469.481384
11020.486328 469.481384
2915.439697 474.840637
1213.510742 480.837097
6012.067383 484.767548
4338.895996 758.415527
3933.078857 683.699585
1351.874390 692.339111
2879.367432 737.692444
140647.093750 2151.548828
9114.604492 1746.011475
16378.259766 1313.620117
5838.469238 965.528198
13117.039062 321.905884
1523.777100 176.686935
4374.947754 81.365021
1119.673096 35.701530
27367.644531 794.609009
9080.792969 770.671814
9688.296875 660.758728
5410.905762 496.353790
3504.429443 512.409546
1234.921021 421.219208
310.743469 414.005554
3935.039551 453.147491
5213.746094 1285.316895
9600.370117 1152.200195
4154.482422 931.195984
22.241344 694.669128
181.309662 764.960144
313.644135 595.976074
2015.789795 512.492188
3213.544189 510.364319
19445.033203 1440.619385
10060.344727 1379.806030
1158.913818 1215.734619
469.581940 990.237488
3552.402832 194.491165
1693.194336 155.086014
3859.960938 108.646713
3461.296387 66.839287
19237.412109 129.766251
10311.617188 176.991714
2390.289551 208.422638
7576.162109 214.678101
1621.958130 46.003185
1869.467041 46.135960
1216.801025 42.323792
16587.234375 38.362389
1418.270508 26.627748
1675.327393 26.723160
2789.010742 32.821255
2361.776611 40.778336
2047.684448 283.867340
208.753952 234.145035
4820.353027 248.377350
2020.101074 282.577179
29704.226562 1146.836182
3016.162354 929.819275
5756.386230 663.264893
443.524902 429.574066
4041.240723 329.539520
261.266602 278.449768
1957.140747 239.389282
615.295593 216.238815
30604.593750 431.695099
66390.867188 441.765594
826.807007 423.758820
26329.570312 382.481903
1774.289917 58.407120
1517.496094 18.271933
690.973755 8.695291
736.512451 24.204298
6558.597656 261.449951
4616.461426 241.349915
565.875061 189.849991
562.934326 121.721428
1169.654541 96.632278
320.899292 138.988388
158.986115 164.467041
8689.955078 177.609863
9622.642578 38.476997
3665.506348 2.584475
2368.670410 8.355318
3442.984131 46.490429
711.262390 328.192688
1416.599976 199.424988
733.337463 165.568726
3657.744873 187.193588
31847.277344 1279.730591
5320.908691 1117.631836
18628.314453 848.795532
1463.039062 558.733948
2594.340576 6.626751
600.894958 4.697863
1234.078125 19.116329
2063.047852 42.877579
10556.041992 275.883270
3582.802490 181.344177
1168.683960 95.040070
1176.574951 34.919510
4815.177246 674.758179
224.035080 498.616760
1345.216187 448.081085
6127.131836 470.503021
13813.495117 1865.408447
3505.567139 1687.385010
6798.294434 1355.720093
1255.549561 981.249268
872.852051 924.278564
2432.791016 797.543762
328.648529 727.763794
6026.869629 713.454834
22285.859375 1233.954346
23713.486328 1267.199829
2120.118896 1208.191772
4731.283203 1078.020386
3987.143555 58.012978
2654.570801 24.574160
9212.948242 4.330692
1816.779541 0.809102
16022.953125 153.552368
4458.643066 149.159378
12317.835938 129.190079
3045.727051 96.239990
2788.601318 85.973274
604.258484 42.915867
584.763000 42.766777
12492.147461 65.537506
27159.421875 590.047607
37267.898438 472.192627
5151.495605 322.059296
1454.165527 182.515045
4739.024902 299.728119
334.659424 211.019196
616.586365 159.163315
2438.348145 151.056915
6826.257324 486.115540
2374.117676 508.429138
3405.681641 477.743225
241.436310 399.727448
405.934296 156.065536
788.718872 117.599098
1610.150635 107.731461
5021.400391 116.667747
20830.660156 552.876099
13421.429688 452.683411
1301.065674 335.381470
1289.305664 230.125626
1198.468506 51.342308
2185.406006 36.586624
1474.971680 27.731361
13258.874023 24.255640
18739.750000 124.259720
342.079224 112.283356
2430.902832 92.966171
840.627747 71.118080
563.599243 62.152763
591.093018 79.881866
2535.543213 91.185112
9594.308594 101.093689
1831.466187 9.257442
376.252014 2.068953
759.018921 14.577375
799.811951 38.126434
2273.108398 252.298737
363.765289 194.517456
146.736572 161.198624
518.964722 163.974564
1406.396362 370.974701
16775.111328 375.764893
19053.597656 357.871643
81.902580 313.459229
405.738373 253.708588
588.750244 205.240417
2233.054199 180.102325
2966.223633 169.865417
1458.207031 387.885498
10404.822266 406.959564
4204.541016 378.315216
2037.470825 318.569092
1480.023926 103.624451
1173.695923 108.240532
26.797621 120.728302
10920.331055 138.499008
16247.828125 223.885605
22033.906250 175.381424
2154.135986 135.689362
1496.106201 111.539642
1204.266846 141.784744
2248.485352 190.399063
2051.586914 228.667297
7923.456055 247.141388
66019.437500 179.526886
1884.979004 121.072937
18127.621094 92.796844
5542.836914 102.625420
2834.175293 417.938782
1358.698242 330.983948
3234.059326 275.427246
1432.454224 262.795532
11442.261719 633.447021
3701.406738 630.970459
2702.583984 589.681580
2279.622803 512.797180
453.675934 22.619293
1603.047119 9.577409
3573.047607 2.736409
1261.589111 0.935449
36.245174 82.675095
1482.820068 75.645935
13497.446289 60.142227
3106.599609 40.726528
443.822510 148.009872
1625.617554 125.061279
885.859741 106.934128
1437.111084 103.496513
2213.836914 176.913391
8153.457031 175.745102
8859.643555 174.399765
426.289032 165.973923
1361.954102 201.480637
3221.182861 160.388626
2408.855469 133.739105
3091.166016 119.074417
27530.544922 405.439392
3176.271240 372.157166
1021.647949 317.469696
8628.386719 256.217316
2171.168457 251.229935
1940.943848 236.094330
0.648542 238.177704
4263.891602 250.353836
2999.285156 405.987427
11749.946289 375.643494
3029.311035 330.772095
1363.136230 285.013397
4384.798828 237.518311
936.182373 166.750061
6651.616211 130.632370
5943.360352 128.702026
11954.919922 454.496552
20870.259766 454.990173
3418.096680 408.109467
1891.831299 326.953247
1292.025024 73.624748
3222.610840 126.259781
495.380676 185.644928
3089.232178 239.034744
14347.175781 222.386200
29982.228516 126.360252
2893.056885 63.546635
7229.000977 47.212769
1063.249268 441.699127
1610.746948 298.926392
3045.670410 245.773224
681.789185 254.194641
8536.026367 1134.751343
9594.598633 1078.618774
8271.088867 899.573181
3837.250244 661.009949
2849.145264 48.734165
680.832520 26.334003
683.616455 13.593012
3993.302734 10.501732
16086.626953 182.185135
11879.957031 153.309006
80.115768 116.707664
2931.752197 79.902557
7204.295898 47.883751
1220.568726 18.630363
2606.533691 5.372727
11816.083984 2.916365
1724.660767 190.478424
17887.324219 176.524612
11963.281250 139.201080
2057.691895 91.402863
157.311417 153.659088
4093.581543 134.432663
3215.045410 141.308594
10398.447266 162.938248
18721.251953 477.172211
1262.499023 389.575073
5255.581055 291.048126
5536.750977 206.893265
7587.116211 200.141373
483.247620 111.980934
291.734497 72.113419
1679.782104 67.222198
9800.953125 675.530151
6595.928711 610.071228
9349.195312 482.816406
5074.973145 332.524780
1879.093506 64.354729
1446.358521 26.671541
3319.705078 6.971395
3048.048096 0.948752
7474.605957 225.564377
4021.472168 212.121414
2442.610352 171.281372
4046.650879 116.566544
29.405037 68.744041
2234.291016 47.063000
4233.285645 36.565601
4306.129883 34.135567
2014.227051 155.551620
6121.518066 151.866333
2234.067627 130.430115
1624.546875 99.220810
878.654541 12.845263
84.263657 2.847320
325.779236 1.436639
2521.642822 5.675865
12935.729492 89.301239
4662.752930 76.089600
661.508301 54.651085
3077.065186 31.401638
1338.627075 84.445786
1637.953003 46.927315
928.453735 28.029490
1159.357910 22.531897
3481.625732 254.851471
11675.948242 239.040283
791.387268 195.110413
284.979187 137.847214
185.583496 16.565105
651.623596 38.048420
529.188660 58.207687
6251.409180 74.221100
12016.265625 71.034439
3250.723877 28.526218
5451.998047 4.418299
331.124817 2.133643
4108.254883 157.826126
6993.391602 134.301849
8153.963867 116.061592
20082.435547 101.172867
11068.691406 172.116196
2073.008789 196.633331
711.025391 198.585602
2853.827637 182.385010
302.685547 26.978983
56.591137 33.291119
7571.578613 43.703827
9972.105469 55.619644
3211.403564 69.958664
8874.595703 51.069908
21473.917969 35.763371
1283.669434 27.381601
801.858887 167.552765
1635.174561 156.863892
742.572754 196.443939
3474.675781 271.897827
1139.436890 675.001526
1398.353027 517.059021
270.641205 360.291504
3698.104248 236.934387
4232.234863 283.829712
2251.117920 166.977478
2784.515869 96.129730
6937.965820 69.653320
40383.375000 693.525635
10988.511719 667.099915
19502.029297 570.005737
3091.495605 429.443817
866.750732 37.491066
740.625610 29.728712
19.696716 23.383139
2881.644775 18.686909
10085.148438 63.160225
770.445312 60.618774
7203.425293 54.369926
542.722046 46.098515
1266.065918 17.322147
162.065521 13.189249
1157.029541 10.971262
2226.983887 11.473701
30605.654297 50.114742
5766.649414 40.054874
2214.907227 30.743065
567.748474 23.129091
4792.630859 31.902864
285.052765 76.086082
965.659485 124.906013
217.372925 164.454376
5930.689453 199.372452
341.378845 104.746948
5077.794434 37.168266
7031.921875 13.400527
651.271118 166.131226
1864.759644 87.584702
1548.824951 52.527424
600.409729 59.869720
3053.624268 618.817322
5756.260254 531.246094
5517.869629 409.942688
4168.004395 279.801147
246.300995 319.360992
2650.343262 292.627686
1908.850708 262.380768
940.033691 241.412384
4398.918457 173.153229
6428.478027 242.609940
3324.918457 298.899811
2294.149658 325.265991
1018.042969 127.668152
1903.593018 80.078117
1573.332031 67.798714
752.582397 79.402107
6494.824707 402.479309
9401.728516 371.097687
13894.542969 297.775024
871.385986 206.971207
923.852112 63.154400
268.869843 94.847626
3974.174805 134.132599
1612.873291 179.380249
6938.146484 114.269455
19639.605469 65.637703
5074.915039 42.280857
3295.744873 43.403141
736.757690 646.915100
5291.684570 531.615540
1324.009644 486.466675
911.457581 492.330505
12055.938477 1117.874634
29081.564453 1104.262695
8698.231445 989.153809
1308.739868 816.083801
2403.692627 417.211853
2885.909180 378.808350
2998.868408 389.160339
3234.112549 429.297485
7252.520020 1076.922974
27564.714844 888.398865
6634.239258 686.925171
562.692566 520.569031
91.875816 636.451965
3639.832031 585.262634
5272.132812 499.515930
1540.796631 415.271973
6810.114746 288.214355
3745.918457 417.038239
3089.415771 543.058716
1830.302002 624.084717
2185.251709 499.022461
1324.316040 482.297058
539.809204 546.327515
2224.306396 646.581543
46884.652344 1626.630371
28975.332031 1270.522583
4560.309082 911.647644
505.801392 639.425171
6714.775391 721.119873
2544.845459 506.558014
763.603516 391.162903
2792.033691 353.736877
4963.823730 1903.502930
9315.265625 1705.284668
3287.277588 1384.776245
417.531586 1029.537720
1386.407715 707.359497
725.949402 567.713562
1829.422363 450.498474
518.079712 377.839233
15309.038086 744.879517
9176.599609 853.275452
862.270569 883.692871
5994.913574 827.220520
841.541931 270.646057
4832.123047 250.350922
608.794678 223.841431
5500.087402 211.760147
2742.043701 271.955048
3111.826172 256.876038
6729.527832 263.220673
1208.278564 273.416321
385.466675 231.300461
6618.839844 214.790588
2047.742065 201.464951
4865.654785 195.275024
42939.652344 387.083313
2028.242554 332.489746
11507.579102 286.187347
10260.601562 253.302155
3367.817383 366.019653
1709.807007 284.069092
963.089233 278.548523
500.536224 307.899231
21974.876953 1295.314697
2097.612549 1086.613037
3887.832031 809.156738
486.474426 547.584900
515.785095 841.046021
1279.657227 731.627197
5607.046387 632.941772
6914.588867 579.439209
10822.625000 630.498108
6050.127441 788.801941
11087.666992 893.340454
2162.329590 908.772888
2340.426514 316.900574
2881.679199 359.004303
93.219070 380.070129
6476.482422 379.550140
5990.704102 264.791687
36413.703125 232.173981
8643.300781 234.301987
10907.881836 268.192291
4737.145996 518.415955
4804.145996 370.200317
3940.685547 320.199615
2876.673096 324.338776
22671.250000 1467.951904
19947.900391 1336.285645
14276.305664 1072.947388
13716.224609 769.714661
581.079651 347.925232
1428.433105 316.690277
2192.533936 268.822540
7035.204102 231.695282
5469.553223 102.229767
7361.675781 189.326050
3073.064941 279.046967
417.386749 337.647522
309.884308 86.412704
220.702469 88.251389
1102.069214 83.479385
4166.653809 69.741013
3235.215820 88.316757
3220.843750 85.530281
8548.705078 82.617203
7559.751465 83.103043
849.812805 440.368774
375.969635 440.744568
1085.393677 504.939178
87.615929 625.850159
25579.578125 836.602173
808.299377 711.452209
2345.656250 592.972839
1363.690918 496.530579
3951.405273 124.291550
1484.072998 43.426491
5834.738281 9.094068
2799.011719 12.023077
1532.737305 636.572571
21588.265625 540.128052
11372.579102 399.053192
5125.613281 249.323303
498.719177 169.402542
1723.126953 57.853485
576.011414 19.034378
587.310974 36.023796
10483.046875 875.287537
35975.105469 753.863708
6716.400391 560.784790
832.589844 348.276550
726.411621 62.466389
1894.632568 71.315292
1823.463379 72.886978
224.202209 69.381500
8039.416992 8.673021
626.456543 15.158491
2011.175781 29.539774
1799.758667 47.188148
242.806076 7.041860
930.852478 28.645180
6684.141602 58.091843
1114.369385 88.211388
2196.875000 239.526398
2835.461182 131.684052
75.866371 49.851162
829.898193 9.173529
337.556580 504.401489
2277.262939 368.577362
1470.276733 292.686768
263.675781 262.461700
2279.440186 1036.478516
22240.998047 1004.552979
919.657593 872.709412
1893.354980 686.840942
2451.887695 683.911560
873.776184 691.768311
490.304779 752.551147
126.880386 839.508911
40210.132812 1266.687378
6520.660156 1077.454590
773.645813 889.816895
1731.743774 749.837524
3146.360352 395.310211
3170.541016 223.228699
1066.005981 114.516945
1105.455078 71.787254
3674.518066 1005.858215
6887.520508 953.492126
4102.744141 807.905151
4764.777344 605.199524
3567.297363 102.388077
4046.689209 197.901978
334.097504 283.798737
4954.012695 349.112701
4286.957031 207.662277
673.418640 73.448631
4757.671875 11.102335
2764.616211 28.003624
1035.909790 750.407593
995.153259 560.913696
1401.225098 467.452118
235.749756 449.617584
50004.851562 1725.755371
18869.156250 1587.957886
14985.907227 1329.376343
7125.125977 1024.012085
3451.502686 207.567612
1109.100220 143.909821
1776.178711 105.043312
847.049744 87.058327
662.790466 536.446045
2329.176758 480.808228
3723.807129 392.324646
42.614285 294.293213
2123.665283 160.076584
628.065430 84.894020
3659.888916 39.347202
519.340393 20.172968
7640.326172 365.050079
21980.605469 376.950073
1862.539917 333.603943
1516.934814 251.807724
139.893082 70.880173
4441.221191 63.230011
662.371704 68.407494
48.627769 81.724182
1217.225952 268.567566
35734.019531 205.458817
861.589478 143.888000
3780.206543 97.128815
7655.291992 365.629761
7488.832520 239.090912
9410.371094 191.407379
22824.824219 189.157532
9497.374023 1101.238770
4959.825684 1011.967407
14522.573242 811.578979
5320.303223 571.261108
1085.667603 636.258789
3068.870117 611.393555
2573.034668 586.409851
4147.856934 588.229919
7354.672363 508.801392
4470.257812 547.942261
5115.860840 600.453796
182.314819 635.223083
4210.617676 289.577301
744.972046 237.869690
611.984009 174.267517
1485.404297 113.955818
15993.218750 252.502716
5713.792969 292.417023
27725.474609 317.170227
14544.728516 317.491455
1267.388916 67.902847
828.972412 90.692368
444.404480 138.732269
3839.240234 187.588760
15313.126953 548.958801
2834.164551 368.939026
2550.642578 205.569397
2520.362061 100.841568
1094.368896 338.827789
1048.111938 169.790512
9162.707031 85.704582
1797.960815 64.661102
1558.257446 1005.111755
18296.082031 975.937134
1539.509644 812.163330
43.903259 573.433289
764.612488 260.309265
6977.624023 231.071060
552.679138 211.127579
7002.665039 202.755615
1348.995850 264.204773
30063.085938 294.893982
552.174500 303.239288
872.925659 288.729584
158.452423 231.939148
1642.563110 175.894562
5681.276855 177.850159
2121.984375 241.977234
21187.185547 579.749451
7664.784180 513.931030
8262.390625 425.889282
4342.334473 324.558929
196.886932 22.512159
117.593925 12.534979
1300.403931 21.743982
2991.287109 45.885593
3608.322021 211.413208
9683.130859 157.454636
327.323120 100.852821
430.438446 53.076561
1369.576660 75.004654
306.145691 45.032959
543.788940 23.924566
724.506592 12.932385
3948.653809 147.505310
12264.539062 150.582748
1683.387817 136.092972
522.639526 108.202621
1498.730347 509.626862
174.481796 611.799927
127.402977 830.203064
2212.694580 1070.654541
21001.126953 1791.515991
2555.808594 1341.347534
1036.779541 902.209839
3589.312988 601.889404
4246.841797 1201.437378
6.032639 828.501953
4597.326172 640.451599
71.011620 606.229675
43209.820312 3250.376709
22834.781250 2906.509521
7327.556641 2355.141357
7296.612793 1739.898682
2594.024902 233.048386
3872.635254 194.651917
4457.035645 156.548706
3789.230713 125.634666
1644.349854 284.891998
5548.509277 292.114624
96.000374 285.517487
10390.888672 265.009949
126.940643 187.785400
28.106968 129.686020
4540.658691 86.801834
3862.475830 64.891838
4582.606445 206.669296
12875.414062 259.055908
2570.236328 271.406525
192.697006 242.610794
1320.616211 362.341064
3630.805908 342.230896
1121.087646 332.958221
2986.102051 342.893494
14316.817383 370.415344
30906.822266 381.026337
10938.663086 386.999207
3590.370117 380.465668
509.054596 896.446289
5239.194336 732.299194
2597.137695 718.065918
7881.228027 784.248230
26657.710938 2385.014404
14592.897461 2105.300781
26643.626953 1674.649048
895.275879 1230.287720
5291.267090 565.996582
1285.717285 496.776855
4124.565918 405.852875
7753.897949 328.034790
31359.845703 575.655151
3107.227051 577.445068
1009.185425 591.828918
7551.970215 595.649292
1714.568481 202.465790
767.618164 165.494064
2446.941650 122.558380
634.031250 85.806015
17995.316406 114.048035
7239.107910 168.836945
1299.127075 207.839157
11470.427734 219.506195
2138.837402 19.474733
196.963745 37.124756
1365.047241 52.728119
16359.396484 62.996147
8094.422852 22.299538
18381.472656 6.533313
4085.571045 0.278096
1055.328003 5.399398
1295.751831 125.686760
866.063538 137.932449
3294.301758 210.752380
2193.916504 302.443115
5726.763672 850.105591
4574.102539 622.578857
2873.002441 386.278351
1274.667603 207.795807
3505.517090 385.780151
539.124023 228.712799
2151.515381 156.595016
2591.339844 147.773926
13033.189453 1285.692993
20651.298828 1142.253296
2105.326660 898.036377
11096.555664 622.854126
1039.223877 13.987003
517.002869 6.636221
463.530273 23.413174
475.782440 48.012062
1399.509644 378.035400
1347.356934 267.042816
3720.198242 150.936859
2037.129028 61.145237
411.204956 420.687897
2636.459961 328.211365
1256.271851 303.300385
4039.436035 325.573853
9255.162109 1016.526672
1258.856445 925.290649
1988.032959 762.339478
1630.571777 576.654419
264.293854 546.540771
737.529053 396.086975
3463.940674 311.965240
801.874268 290.921478
41823.894531 1056.066284
8462.755859 1035.633789
294.476471 917.987305
201.174332 737.097900
4660.490234 336.023773
4378.112793 431.401794
5221.841797 486.508820
158.491821 507.500885
7770.285645 124.873032
19110.464844 83.920799
7041.158203 122.403404
1354.696411 219.916779
330.592133 471.297729
1949.684814 351.242767
790.891418 332.044617
1028.828735 366.812134
33139.089844 1842.995117
1615.441406 1504.618530
897.969910 1094.395264
10996.990234 724.592773
506.646973 869.832153
758.913208 738.704102
278.560150 615.363831
4498.648926 524.210632
11757.059570 835.198608
2099.141846 954.126282
5458.626465 1003.474365
1792.046387 970.107605
3865.417236 244.476212
2500.876953 200.689301
3135.506592 166.552490
3683.444824 152.868668
23058.898438 299.314575
5700.090332 310.045715
10679.995117 306.460144
5591.083984 283.497833
690.967407 19.288324
1814.084717 23.387630
105.112938 23.613390
4041.368652 21.231485
4793.958008 2.795388
4422.439941 1.477174
99.305763 5.269075
448.550934 12.293545
385.462830 260.198547
1277.692993 241.373138
495.938751 241.066559
3370.935059 261.817230
4881.958984 358.175201
4714.895996 341.916504
11300.082031 318.558197
63.063873 289.164581
1520.876709 122.125389
1631.776733 66.761200
2264.282471 39.706551
3835.525391 31.891157
7836.744629 405.457275
5663.335449 370.916412
10661.837891 295.492004
1254.375000 203.855743
3134.844727 67.531479
722.211182 42.504513
663.102966 43.239330
832.829529 64.155495
36032.207031 249.342957
11598.025391 220.046082
413.145172 170.775085
4917.911621 114.499649
1313.406494 137.043549
712.575439 94.399422
1262.410522 87.594391
697.321045 95.163284
16509.287109 563.474915
17326.197266 477.183594
2253.930664 350.916870
178.389313 226.398773
1846.129639 96.788986
2463.025879 90.495323
3516.631348 75.439140
1772.645874 59.023132
11148.550781 19.045448
6724.063477 42.836418
418.237488 69.369934
3321.847900 89.495956
2182.335938 75.272842
270.344086 92.225540
2321.947754 107.686531
230.799011 115.122704
2296.059814 100.028809
9235.032227 80.881363
5072.163574 67.150612
2198.861328 65.106163
579.878540 144.533997
200.613220 104.355713
1415.244019 77.173553
2936.097656 68.173630
14693.977539 388.623413
2285.711426 324.195496
5714.028320 256.808411
3144.216797 195.673309
1021.558655 196.760666
420.563477 247.967712
4142.970215 268.771973
1901.576050 275.652130
7624.589355 22.994072
1704.106323 1.618061
3528.212646 42.376949
3935.028076 119.419662
91.577606 149.302719
2401.220215 48.769638
1391.896240 10.685234
7705.871094 16.901451
14581.854492 788.720093
9834.711914 680.677612
908.458984 504.461090
6890.127930 310.843811
866.989624 113.639702
28.941521 144.258041
2627.315674 159.915817
22593.720703 165.329483
5463.903320 4.215700
1861.649292 3.686028
599.595398 29.822559
47.903713 71.546143
469.064850 91.103798
69.253586 55.226242
1168.951782 43.535522
1499.744507 53.326553
630.999634 342.177917
29704.273438 288.860901
13818.486328 219.377014
3517.377441 148.789520
2672.300781 51.478691
738.441162 33.144943
934.652161 25.287899
3554.433594 21.670418
90.604889 247.389618
5428.897461 197.377747
6337.987305 138.279236
4167.471680 86.524551
343.783051 144.053452
2503.424805 120.157303
492.387390 101.185486
2080.166504 89.243668
2590.013672 171.044373
2669.168701 183.917984
1101.375000 182.282547
2163.484375 167.169830
816.981323 96.282181
3317.224609 71.502686
1500.039673 69.021828
4215.293457 85.288742
8935.014648 201.008987
3862.745361 199.744141
9771.946289 175.530167
1711.336426 135.981964
2157.386719 84.159775
1271.196777 85.014725
2428.797607 101.245857
2302.163086 138.695633
7643.836426 301.237823
8001.790039 205.725342
2845.369141 137.787292
429.840393 99.453018
2448.423096 377.474945
5365.362305 325.814514
1928.810425 262.904633
9981.045898 205.059082
20519.472656 205.122391
8264.736328 302.230927
7374.052246 372.175659
6016.455566 397.571533
1988.682861 38.824085
579.361938 18.967958
4.295001 39.318104
2007.406616 76.509552
41274.132812 521.528931
8631.870117 392.334167
31973.544922 242.442688
1037.528442 114.940826
1078.816650 112.217659
265.182648 51.702763
908.726318 52.687321
296.496399 90.960899
15842.767578 632.827393
2409.270996 543.216003
2482.378662 395.397003
3607.354980 235.935028
296.595459 27.787075
850.957153 11.589382
792.673828 4.839028
2486.100830 8.053628
2219.767090 96.161636
14550.779297 88.038391
1045.292480 71.530914
6291.311035 49.662319
245.368790 37.716450
857.144897 92.818077
1906.608398 174.471405
981.485168 260.716766
19160.898438 598.433655
1255.487305 346.789093
930.750977 149.664993
3379.050781 46.600449
3009.108887 238.655167
317.051422 86.321220
3115.761719 14.078983
10643.673828 1.341680
22749.535156 1014.074219
11223.234375 915.232910
6232.306152 710.238892
4096.827148 461.886230
10684.417969 57.847115
1628.228027 35.298450
508.567932 19.545963
5560.203613 10.739492
5139.729004 128.762650
965.347534 125.294189
840.731567 108.868584
5119.388672 84.234810
1902.482300 12.509589
2520.733887 20.648640
1903.757812 27.184380
17787.437500 32.014030
1312.846069 56.998066
17423.859375 28.419001
9578.889648 11.273270
170.118683 7.278896
2306.544434 20.158445
1026.533936 17.240801
6136.364258 20.550440
145.608185 26.620747
6584.102539 143.218750
11241.427734 101.865372
3321.811523 62.607773
2422.213867 34.385300
151.979904 0.271685
60.278969 9.422388
3577.225098 29.498232
3666.179199 48.994125
2324.562500 256.921814
15804.677734 160.208160
8015.269531 73.459152
3049.510742 18.330252
987.214661 275.577637
219.463531 214.824005
2690.277588 208.516724
104.934334 237.696472
4222.456543 985.698669
1424.262573 801.982422
3309.812500 590.571594
922.881775 403.570984
2508.413330 373.460388
1605.424438 230.510468
5833.816406 141.731934
2071.035889 96.523308
5426.024902 794.474121
32047.687500 809.201050
8627.037109 715.250610
378.882294 551.042969
1834.870605 145.250961
3.784258 113.135185
1202.821533 89.835182
2642.023438 79.239731
5026.712402 151.288452
5421.395996 181.277115
339.430664 189.761963
2965.830566 175.109512
488.372192 328.081329
1593.398193 271.346497
2147.571777 254.046860
2839.524902 278.745941
7810.963867 529.628174
10740.733398 520.020081
514.487000 476.314423
177.173157 405.235138
1743.321045 154.190918
145.323669 151.059998
3527.295898 136.081665
934.893188 116.934647
3972.761475 144.362732
9439.679688 133.218750
9191.596680 135.791702
2400.418213 146.291275
1143.549561 60.382919
2018.319092 46.280560
805.519348 36.919048
3027.214111 30.493595
24056.527344 91.046761
2530.811279 98.061676
2628.164795 92.150658
3144.255615 77.443588
2325.113281 233.732971
15.264902 236.998413
94.978500 257.244598
1056.800415 284.753815
22800.660156 272.327209
3238.779297 276.940430
7450.317871 265.618713
45.540623 246.721130
697.455994 448.584595
1498.309814 404.393799
1207.302246 435.267212
3399.947510 530.823853
11433.054688 1296.821777
20863.505859 1033.988525
3674.551025 778.538818
1604.058838 575.043274
2484.673340 193.998871
455.327423 197.770447
1902.234497 196.490631
1759.856689 193.311249
11165.503906 184.336502
4673.063477 176.784348
15979.986328 178.416245
3713.548340 186.026825
493.087036 300.206360
678.668701 167.291656
2469.001465 119.592072
258.657166 136.789124
10497.951172 1087.543335
20067.900391 965.596436
3095.700684 753.026978
1123.096924 509.776245
1574.733521 99.397316
1511.186646 141.303802
1946.992798 185.106049
2647.196533 223.455826
17356.328125 22.694408
12028.594727 24.502375
3698.517090 38.898079
2876.122314 64.369614
4118.700195 79.227341
154.080536 47.352833
2992.979004 29.521273
12428.490234 19.167130
4303.424805 237.693085
11112.938477 220.660919
8067.382812 178.076431
888.293457 125.703033
6738.059570 65.968826
796.067017 36.094391
4717.919922 42.993660
934.423462 65.710075
18976.314453 452.385559
30146.382812 369.756744
10228.621094 253.896271
7959.118164 142.349121
2499.944824 74.976730
7783.501953 107.353226
1211.070435 126.991547
3155.120117 132.462219
6362.652832 62.097931
28880.927734 28.741964
714.346802 21.966076
5720.722168 41.241505
1426.422974 81.192719
993.161682 54.150356
1628.349365 30.107929
3211.643066 13.638306
23247.148438 94.917763
1824.223022 111.900299
1088.383057 115.392715
17.816980 103.950623
2737.339844 40.741299
5850.230957 51.936066
3713.433105 68.568413
3034.677979 87.827240
12102.935547 69.069641
1463.825195 52.490379
5355.941406 41.103016
3309.631836 36.920124
521.819946 59.575218
230.810883 36.004982
1982.640625 27.138771
1637.261963 24.512905
14886.273438 292.855164
1837.533203 238.009232
5935.175781 168.405075
848.294495 104.452759
2660.218994 29.321354
446.932312 55.395603
4266.078613 74.470306
9448.846680 82.837914
4295.365234 72.005379
576.702759 27.978256
1610.232788 5.250870
7795.795410 8.086900
159.910172 238.342667
960.143555 254.331238
416.324066 251.219620
4468.551758 236.027588
5315.931641 275.893280
9336.647461 221.075089
7901.363281 201.489761
13782.791992 213.572876
1109.195068 220.734589
1438.851074 221.823059
4538.610352 197.094147
409.061920 168.066238
29607.421875 11.597582
1720.862549 52.891918
18177.757812 119.561218
10580.783203 183.702057
6.197568 268.417419
3051.830811 248.959793
1492.742920 225.347702
5586.484375 203.238541
3140.074951 273.283569
19208.861328 280.415100
4665.890625 283.548431
17707.925781 280.144073
1313.991089 72.821518
3833.132080 41.129230
7254.334961 40.744759
6966.495605 64.919823
13557.766602 351.857880
16453.462891 292.361053
4013.711426 213.530182
4925.384277 134.173340
5479.676758 176.317123
53.846786 137.532669
5914.997070 100.748444
10850.285156 74.939575
24869.167969 131.844528
15587.092773 178.935455
11847.850586 205.089676
4001.055664 202.950317
1540.607666 58.095795
8300.803711 18.479836
702.352173 15.090098
1811.601929 33.053120
8122.256348 464.059021
19384.628906 373.352539
39660.222656 254.218597
1167.866943 140.183655
937.886353 16.985531
1931.965942 18.663174
14835.338867 21.927927
3921.845459 27.839504
3731.458740 55.330929
1695.004395 36.177010
10763.704102 23.552332
3026.070312 17.822138
1563.099121 5.007664
158.570602 1.772552
288.567383 1.717100
2402.616943 4.269112
12801.603516 51.713673
14962.292969 37.548267
1158.245117 23.468918
11631.575195 12.199724
1846.504150 52.666359
491.113770 61.017036
855.440186 76.420387
256.429016 96.311172
13424.923828 57.555843
5304.056152 54.649689
5406.105469 52.138958
2404.338867 50.626057
1162.020508 77.315262
1966.730469 72.542976
241.907135 59.342575
4377.895020 44.810730
41687.812500 37.637413
287.565491 43.994648
3907.951172 57.548813
8451.527344 71.149406
4315.050293 116.993088
32.990902 104.976662
1942.306396 115.153763
1041.447021 135.457382
10973.011719 284.001373
3527.610840 255.607758
8313.351562 206.252869
1755.106323 153.968170
1401.017822 40.916119
1682.641724 18.834558
444.700745 6.667703
12838.283203 3.791100
11583.213867 96.378777
2478.826660 102.086494
2412.068359 91.247726
1424.646973 67.989311
1733.314697 21.980324
1967.893433 18.142086
4394.191895 34.009480
9749.298828 56.401203
13735.003906 224.470291
5006.488281 172.448288
6905.468750 108.576180
206.751678 53.343586
1750.603149 60.760811
2417.071777 53.858597
36.599430 90.713127
2260.471191 138.557281
4975.303711 702.725952
12817.709961 507.601929
472.611572 301.019684
5751.956055 141.585815
2537.151367 474.636108
1265.560425 297.273651
787.425903 211.733032
2502.569580 196.390961
1402.907715 1223.003174
3465.864502 1170.406128
9906.411133 983.022461
2223.528076 724.025940
2165.969971 70.527176
2653.835693 27.837219
3275.417969 12.149573
2504.259277 14.760568
1051.445312 318.286530
7598.207031 284.543762
2340.241699 217.555771
1218.449219 138.612793
591.426636 293.401337
429.644043 198.991089
3922.197510 182.647507
1545.681763 217.861588
2695.454834 1012.404053
27868.310547 885.309570
2059.868164 683.367126
842.307129 466.317932
621.559326 555.495544
943.286621 429.872894
919.161682 347.120941
3961.374512 326.167175
2605.749756 654.778015
1965.919800 738.173523
10031.274414 748.683105
288.528900 678.377563
1691.798828 147.040680
1156.680054 114.076042
1464.275391 86.606598
862.346008 62.663399
10427.377930 300.940094
4614.706055 275.023193
4960.047852 233.024841
1022.286987 187.489624
2129.802979 95.814392
817.375977 159.450882
3720.944580 222.568756
2929.818604 269.148804
39141.761719 276.963531
3999.812012 156.377792
4276.652832 77.985229
5336.091309 60.130619
3174.131836 141.563965
1550.416260 92.270477
602.495605 46.839092
954.908264 15.574899
16887.474609 166.387222
8563.671875 193.439041
2846.117188 199.812881
5512.055664 181.149857
95.136917 22.244541
1049.708496 42.630009
1508.720947 64.919891
556.658264 87.554642
2191.675537 71.631866
3248.394043 32.319344
341.827026 11.078293
1631.511841 9.308571
356.122345 22.982470
1656.445312 42.633812
831.618530 99.212334
1244.341064 172.183167
11414.261719 555.347351
1293.134277 356.841370
1427.774658 180.408890
7632.166992 64.831406
992.382080 324.538361
340.139099 220.210983
176.347809 136.000656
1196.962524 76.890656
42016.929688 493.172302
897.019226 533.171570
16088.640625 508.229004
9186.114258 429.978851
3094.816895 23.689138
459.230042 47.871632
1978.806763 87.119484
2729.215332 131.299179
10622.569336 280.546478
8299.273438 168.132568
5741.856445 78.727592
241.960678 30.101004
466.102203 174.377609
997.421631 189.726746
1017.356628 190.928513
1187.360718 181.661728
4793.472656 32.045212
2634.159668 63.906502
5062.433594 104.759598
1026.197632 144.523346
2251.955566 142.782898
649.779297 106.357040
2173.289062 118.473129
6936.515625 158.133331
24840.675781 781.438477
8375.377930 603.020630
6361.131836 407.688721
1403.533691 244.333344
3725.507324 173.458649
662.358887 89.381813
724.889282 51.515491
3916.484863 48.283566
18393.044922 719.410217
1270.273804 615.171387
1296.652344 463.295288
637.900330 304.244720
1746.639893 591.521118
3047.365967 550.522278
2124.523682 525.293823
3339.997070 515.435242
1145.364014 755.067810
12786.453125 736.733765
214.345337 696.041016
940.342957 643.426392
3106.156738 249.489014
1110.687744 150.593750
14043.315430 112.427643
10915.626953 124.977501
26509.355469 756.832214
2566.327148 690.618652
29803.853516 558.678894
5952.664062 396.922852
260.855042 38.258919
4689.234375 9.907001
2995.319824 23.077095
9941.422852 61.445358
6032.328125 462.528625
6031.880859 357.303772
9099.753906 230.266479
1011.695679 115.075645
421.936005 294.035797
216.405792 179.876846
2653.702393 122.233368
3894.580566 113.077255
42454.832031 760.900757
13448.361328 722.791443
8567.955078 607.422363
493.079559 449.161316
5811.220703 148.372208
3362.505371 179.009628
920.950684 196.806168
1754.418335 203.380630
5329.593750 19.428986
1925.233398 33.386253
5638.527832 65.994125
1227.155396 107.960136
679.452637 86.366432
498.477783 64.444954
1318.271362 76.907860
5530.797363 103.187218
28975.888672 610.948914
6029.432129 458.110962
1402.055542 293.966919
2103.499023 162.176682
984.699036 81.123711
5754.333496 137.872025
1663.714478 187.734558
11170.904297 230.074326
6286.398926 79.242218
10512.568359 17.566778
2745.167480 2.538017
8316.783203 29.489819
233.960632 549.841797
1920.588745 427.199432
2712.878906 352.464783
11421.763672 317.493225
63063.007812 1083.629761
9719.845703 1020.757202
5698.456055 883.349243
7048.435547 711.846680
10819.210938 493.663025
4819.396973 464.063660
1225.051270 451.480194
4405.944336 456.950684
36802.207031 643.309326
17975.136719 617.472534
19841.939453 579.070068
6301.614258 534.825928
222.180084 414.193756
122.717201 376.420471
11511.340820 348.517090
2479.780762 340.614044
4157.296387 422.614014
2430.576904 448.329895
1314.035400 458.606842
1445.652344 445.998230
2188.324463 5.348351
1896.943359 13.003664
308.066650 32.003471
4557.028320 61.243420
17005.632812 376.083649
16120.385742 215.423477
7344.187500 92.864716
10536.064453 25.277706
4421.512207 352.760834
1373.932617 189.760803
730.546997 86.274063
8803.752930 37.570873
32879.089844 837.456909
9364.132812 839.444641
21020.968750 731.399170
4337.226074 550.253784
3978.704834 98.409470
711.523804 123.609695
323.301727 171.169098
3796.614258 229.474838
4235.813965 233.104095
18372.533203 179.005081
12769.814453 131.279419
302.536560 101.565254
68.047478 154.319763
3625.474365 144.491882
572.167480 123.895302
4328.982910 104.088890
4433.453125 167.571945
1519.613159 147.985947
14812.683594 145.385910
670.241699 151.744522
1196.644409 372.773193
824.347534 355.771942
615.993408 353.181580
518.552612 351.380890
25685.486328 610.708008
315.988068 554.857666
3598.750244 481.234924
7230.936035 415.063934
1008.839600 239.852844
502.925323 178.674316
967.259155 152.077621
1783.628662 160.190643
39996.281250 487.548584
9480.786133 463.686218
4251.838379 404.317169
4748.590820 322.401001
3235.629150 429.153046
1343.813843 324.806763
3431.344727 292.481384
3836.478516 326.044312
9841.250000 912.330994
2020.367065 862.594238
12.748617 743.118896
444.879517 583.147522
812.272461 349.070190
3490.294922 348.843475
1918.103394 321.983063
2517.771484 277.272217
60028.203125 212.309662
6675.738281 243.096924
12780.474609 283.955170
12642.458984 323.970062
2847.464111 797.373657
1986.658203 863.237183
4148.109375 988.311523
9428.018555 1125.509033
10125.642578 2117.715820
6753.027832 1583.171387
3532.874512 1134.755371
2059.223877 868.781433
2512.649170 1416.379761
297.857483 1049.421265
2513.729248 763.466431
1941.490479 586.428650
4989.083984 2021.654053
46285.597656 2146.584717
19231.371094 2058.684814
13948.480469 1786.957886
190.874390 159.038940
1539.258179 133.579666
191.648087 114.343452
1295.112305 108.634087
13238.304688 233.100006
11804.733398 219.796692
3478.021973 204.008560
8231.825195 183.764038
1974.017822 107.999069
2554.076660 48.361595
986.403625 20.178581
15905.548828 21.606077
10714.067383 318.269592
2811.039551 310.342987
4486.641602 262.016663
5402.821289 186.782547
3258.381348 34.902023
773.025330 20.492180
1576.895752 15.091223
3868.582031 19.108191
711.597168 166.446671
278.335754 128.981613
6264.079590 90.957123
306.178650 58.575287
413.667633 76.987274
969.141541 92.362991
2947.190674 99.411880
2232.733887 102.243019
9619.106445 10.833857
1202.055420 12.240364
3518.443848 29.167231
8324.996094 53.855228
1126.247559 52.264595
240.424866 22.234980
1575.065430 5.971414
3423.291016 2.053506
8652.826172 190.616623
5217.148438 172.151215
4750.514648 136.506760
1278.141235 93.006111
646.352112 102.886932
402.416321 149.422852
1544.656982 198.073914
132.498352 242.280731
4259.343750 171.072083
8613.839844 104.089043
5280.510742 69.432297
549.234924 71.530830
2948.984131 561.581177
3797.135254 450.586060
953.023193 410.695007
2682.183105 414.664429
3622.921875 1269.904297
15667.690430 1162.096436
9420.262695 966.139038
2409.284668 745.181824
3407.683838 203.262756
233.421051 177.122955
98.270966 157.951218
2623.330078 149.985748
80530.656250 556.166565
7983.969238 427.908325
10637.802734 319.461151
2399.675781 246.015778
5058.959961 70.270073
6429.635742 58.541885
3660.218750 65.170715
8521.460938 81.243187
51569.699219 348.238129
6259.672852 264.337219
1685.236206 177.720306
2072.535645 109.478317
4695.149902 131.777573
248.138489 80.896561
1295.197632 42.882774
2782.391846 19.024151
30086.623047 275.499084
1100.910767 271.862244
4876.645996 239.802704
746.731750 188.700562
5798.119141 177.094818
2715.378906 241.390213
3659.953857 319.427612
11705.556641 399.727356
28716.890625 378.281433
110.634850 249.228317
1458.484009 167.882263
851.687500 146.226654
1235.002441 153.349243
3669.376221 76.865273
1712.168091 37.455971
3299.819580 33.951195
1417.456177 517.037964
15110.244141 462.401367
6975.806641 368.682495
7330.433594 257.318878
616.142395 17.424877
1792.094727 25.860977
1874.487183 54.165211
1966.304932 92.768501
6747.667969 294.864685
8119.263184 191.887131
9673.820312 100.697182
2286.411865 40.437653
31.457699 254.049469
1435.829590 239.159851
294.595886 294.097595
2649.863770 396.541931
1954.931030 1153.411011
3505.519775 853.388733
4218.385742 570.751526
677.209167 362.485382
5043.359375 759.781921
336.178314 515.747253
829.565247 379.028381
499.758240 307.895569
5462.666016 2249.875244
20599.203125 1985.959839
6122.458984 1569.315186
2150.792480 1125.916748
902.749390 923.184448
96.070808 858.819946
78.728989 779.028198
90.633369 711.360474
20830.519531 711.793091
10321.628906 819.220459
6038.638184 906.042297
2465.024170 943.637329
1773.061523 450.377441
854.340515 313.514740
3275.225830 288.201202
518.576599 372.828461
7785.394531 1160.937988
6142.100586 1061.932617
4393.566406 884.511658
6114.017578 661.148438
1127.451660 120.725044
2429.885254 39.788231
1175.493774 13.172329
3727.666748 27.778484
14252.136719 739.626038
12827.447266 607.410034
2490.066895 432.121002
698.667786 257.596191
523.451294 117.600700
510.828613 75.362061
350.337891 43.987801
942.612610 25.183125
958.379639 217.344666
2541.473877 221.914780
6147.759277 201.930481
4586.391602 163.505402
3915.108154 37.075775
2102.070312 17.417904
1390.797974 22.104898
11269.436523 37.656784
851.941162 327.982422
5549.020508 257.324493
1134.099731 169.008942
669.313049 89.247467
595.682617 143.406448
338.060364 136.632401
5555.643555 126.008514
2475.220215 113.372650
10287.650391 123.726593
1710.089111 134.330017
2407.710693 141.959381
2567.613281 145.232666
3079.065674 9.411777
2769.276123 10.093151
1101.405273 21.408663
2546.567383 43.196228
24868.511719 58.299133
17898.466797 42.625221
994.419617 28.571991
14794.142578 16.718321
772.553162 87.108467
131.800873 43.745560
1161.852783 32.736820
3620.836914 38.733074
22599.652344 493.074646
6368.437988 404.869934
5953.925293 285.728729
2275.220947 170.814407
872.399780 82.417488
1510.958862 125.208725
1404.182129 153.118134
3077.286133 164.756866
7467.605469 50.317986
511.740479 13.084549
2098.698242 9.642303
4997.108887 37.655201
2077.662354 321.848541
612.069824 317.752808
2492.545410 298.016174
1546.232300 276.423187
14320.060547 159.960495
5153.615234 204.056458
6047.387695 257.411560
8604.582031 301.123291
2667.250732 225.189545
1137.642212 159.295410
488.337646 114.597450
1273.784546 84.420120
32544.066406 466.788849
5517.552734 453.649445
13842.446289 393.460266
7172.631836 308.864960
820.307800 130.719543
1483.987549 190.500290
209.766388 233.957947
3652.323730 265.709503
1387.076660 171.175674
7161.080078 74.419571
12147.214844 43.296658
2510.627686 71.312065
297.783295 336.874939
1735.507812 201.376282
252.141525 139.320496
544.389099 142.942032
2310.256592 1096.423218
1383.366211 962.951965
12017.216797 759.538391
2584.484863 534.363220
4527.907715 493.621246
7987.495117 474.602509
1935.416382 461.183167
24236.636719 444.128784
28741.578125 669.664490
1623.272461 630.937195
3814.784668 577.060913
1303.430664 527.515747
4655.562988 909.689636
1060.335205 806.942139
2295.607422 802.114441
360.217957 863.329590
59381.296875 2187.442139
5260.067383 1846.440430
7035.219727 1464.745239
3405.713623 1133.079224
15008.299805 1459.741333
203.416321 1137.791992
6997.990234 883.394958
7409.945801 743.275269
4637.106445 1914.609863
59437.222656 2020.431152
2730.734131 1971.190674
13473.380859 1766.390015
662.638672 242.296722
689.087769 204.660217
449.987488 158.624084
1253.811523 117.878876
20598.048828 244.088867
5635.967285 256.678497
25146.675781 265.605499
3659.693115 262.828918
2400.620361 16.245024
1103.793823 24.085339
5045.341797 36.323135
5464.825684 50.677376
13323.696289 112.373413
3934.129395 68.508247
2592.930664 35.302223
10521.743164 18.228619
927.808899 443.709869
1415.371948 488.961182
668.027039 511.431274
342.452148 521.893127
26956.005859 352.413391
2372.414062 314.764282
8198.224609 330.453888
9363.068359 382.899536
492.306458 574.446472
336.705353 369.380005
1844.263184 263.923584
1394.975464 244.645187
6836.896973 1393.356445
27322.361328 1330.828369
3679.169434 1129.861694
911.896729 850.537720
3174.543457 26.912533
512.795410 39.576508
79.899605 50.086655
3266.394775 58.767929
4447.961914 44.048931
5309.015625 21.594995
12924.077148 12.349664
117.391518 15.795413
3454.367676 298.007721
2409.195557 241.648315
2612.514648 209.257843
10466.448242 196.838165
20406.078125 420.275146
3936.089600 446.221313
6535.819336 424.295685
3206.960693 366.765503
2485.039795 202.931946
187.511230 180.961777
3846.812012 178.352631
3589.097412 196.011032
6079.271973 542.468994
2847.651855 427.816895
1044.044678 325.019623
3184.169189 249.217865
156.615173 324.907349
1203.034912 349.124786
319.918854 347.712646
63.107235 335.277863
2407.282715 57.785912
11330.986328 110.854195
2699.546143 190.036469
18141.970703 268.886261
733.746643 148.912292
484.817261 80.190689
1384.609497 35.119972
1713.908447 12.790700
1181.070312 325.305511
11361.334961 335.754974
8808.416016 299.324463
3103.560547 229.331253
214.975372 101.737915
1165.924316 101.814240
1248.213989 168.876633
5880.258789 262.215759
4285.595703 953.336060
7294.093750 685.505615
3252.400635 411.587463
1496.765137 203.783127
1732.508301 359.234680
369.800537 267.696289
1168.083252 197.252655
4445.458008 146.198776
60098.570312 534.918213
1519.812744 569.453247
79.913994 538.209351
7380.753906 458.372406
3932.748779 8.341463
30.885906 17.782974
94.324692 24.236700
101.614548 28.857647
5682.572754 56.071178
7825.935059 21.969490
7755.937012 3.310314
840.894348 0.796814
38.995777 97.118340
2015.188232 105.578804
612.905396 117.498619
644.037354 126.944695
1624.966064 168.843475
1217.502441 140.099701
2390.272705 114.073563
1862.812500 98.845734
2829.150635 176.159119
2030.458740 101.510910
6119.285645 102.214890
2575.720703 139.836945
10219.582031 862.793457
7921.146973 746.124268
2494.020020 547.619507
173.603592 335.826019
628.896240 433.179840
1388.202637 337.291473
261.326385 290.813599
466.002747 289.922546
21231.792969 853.055969
17944.093750 805.541443
2156.301514 700.310425
4935.160156 564.282837
954.986511 259.458282
4881.632812 167.565826
6217.467773 106.498291
13465.797852 86.177940
20160.507812 466.102600
3097.864502 474.846985
11679.542969 437.348083
6792.257324 358.689514
3768.946777 20.078260
2169.763184 5.196965
7742.519531 0.680884
16336.031250 4.928162
44943.792969 92.972351
16476.734375 85.343307
8421.442383 66.891945
1246.192383 42.716702
5736.523438 25.567841
101.293625 43.371304
466.149170 60.911839
3271.526855 72.446869
16355.039062 28.183487
4617.032227 17.194195
11692.042969 10.993023
4903.182129 13.596218
152.872971 54.178455
324.241394 51.076569
1384.975586 71.333923
3374.392822 104.940262
470.156708 383.082886
2929.542236 272.569275
1374.796021 167.862381
48.987801 91.829117
386.636047 3.356882
1938.186523 8.648224
727.631104 42.457973
4213.469238 87.501923
939.849487 437.230927
642.876160 286.687805
1296.205322 145.113480
4294.244141 46.198437
357.419800 367.436371
97.239159 238.840210
79.515923 158.250702
4901.826172 127.283714
1659.718628 803.944641
179.900101 774.268127
1443.823975 672.119141
4450.386719 523.701721
99.796471 306.665771
145.928909 281.802185
108.795334 263.272980
7142.540527 253.251038
3690.285889 296.796844
24282.087891 327.355347
656.514954 338.513367
2904.490234 329.220306
667.549316 61.320103
4476.453125 57.641800
3374.173340 53.223061
2464.062012 53.963581
20735.652344 78.929359
2035.598999 65.500862
17861.035156 61.300667
3999.418701 61.741188
586.154541 28.107563
519.412415 43.257202
2399.359375 57.429008
4481.796875 69.475540
22423.878906 10.029828
483.809631 3.199644
5883.621582 5.061731
1913.031006 14.322502
2345.466309 63.295822
480.463257 77.160706
3742.943359 124.012970
11084.957031 186.616211
5943.941895 460.584839
3999.783691 319.335876
1007.937927 188.781876
681.323303 98.902161
656.352234 323.367188
1832.452637 209.543121
4631.186035 138.992584
3216.536377 118.079140
4382.241211 686.806519
25063.996094 663.191223
4878.036621 581.308350
4317.848145 458.000977
4338.895996 965.528198
5838.469238 1313.620117
16378.259766 1746.011475
9114.604492 2151.548828
9302.047852 737.692444
2879.367432 692.339111
1351.874390 683.699585
3933.078857 758.415527
205.367752 893.031433
1236.665161 1098.412354
5564.887695 1645.061768
9991.990234 2686.149902
37922.785156 2686.149902
9991.990234 1645.061768
5564.887695 1098.412354
1236.665161 893.031433
1219.516357 20.698343
229.739944 15.696434
1307.847900 178.236603
2080.867432 539.944214
130963.023438 950.095642
1513.310913 597.135010
5176.623535 332.001526
2123.720703 138.688675
5022.047852 807.575256
450.181946 1131.824097
5350.315430 1602.101685
8925.698242 2314.236328
4170.200195 906.441589
17464.037109 454.995880
989.861816 389.063782
1518.732056 551.258606
1559.891235 601.160828
1231.912964 711.522827
6851.901367 889.305420
15090.677734 1250.247803
9826.853516 2838.206543
3695.918945 1609.039185
2495.543457 872.054504
1317.853516 596.646362
1256.963867 191.415161
857.770508 143.174118
63.537544 125.372398
317.042877 100.872742
12872.514648 839.019653
8974.021484 684.230774
7594.826660 482.372437
2556.060059 304.022644
252.119492 145.680099
8555.434570 213.881622
98.084091 307.270844
36447.332031 400.951477
1536.915161 118.415504
1322.002075 111.758476
4433.540527 105.751297
1851.771729 111.987030
1668.752441 522.503296
2492.879883 649.631592
8254.720703 894.412781
23591.128906 1293.028320
13473.249023 979.765259
3184.023193 657.487183
825.038513 505.972778
528.678650 474.841064
3301.870361 252.353058
100.239746 216.334030
389.567383 218.982864
3543.725342 385.184143
14571.052734 700.218628
28461.902344 370.016174
2614.762695 257.908234
3734.480469 255.674225
299.745148 4.806735
57.187668 21.593594
5981.816406 48.866970
7734.003418 122.084099
3902.944336 566.672546
23122.599609 255.801010
1293.668091 72.939583
1333.596802 6.317981
920.969910 422.917908
2381.692383 589.159668
3292.596680 876.359375
13606.664062 1226.542725
499.632111 149.254227
1068.389893 252.125839
1453.485596 319.879822
263.435974 356.451355
1345.061523 235.611465
482.384735 244.110306
2503.625488 402.789062
5395.228027 788.236023
2661.377441 1382.128418
5245.651855 840.654053
10752.680664 503.127899
944.281677 320.189606
523.273315 157.734314
941.486206 316.896027
3403.158936 597.137512
2619.148193 979.729309
1070.603271 97.194130
4284.616211 53.698380
8243.165039 58.485054
860.823975 86.890587
1142.736084 1020.360840
2201.676270 1299.562744
6826.636230 1764.725098
12001.491211 2496.239746
8912.076172 1394.052246
3910.881104 917.426270
7412.808594 777.954224
125.636925 845.660767
840.357056 808.690308
8459.889648 913.201904
3699.674316 1037.852051
2541.753174 1330.322998
6892.996582 2731.718506
16533.640625 1568.200439
3956.954590 931.222168
57.810795 751.098022
892.422058 92.354965
6035.820312 83.423332
108.910446 124.733063
8272.557617 231.539612
18900.425781 832.109802
3992.727051 525.144287
1237.208008 295.366150
705.303040 156.212341
1325.197754 32.662155
261.121277 86.266220
1506.080688 185.626251
794.606689 395.431641
28261.781250 810.179871
24120.460938 341.188446
548.716553 89.952133
2272.753174 14.903291
507.354004 243.320297
219.168106 373.347870
3552.822754 596.560181
5457.775391 860.369141
19033.500000 619.483521
123.937958 454.606995
15535.393555 310.337494
37.692757 227.244812
7.985861 112.597427
1649.016602 152.383499
1259.298340 234.423798
7558.849609 394.670349
5800.677246 958.534058
9619.536133 517.441406
407.107452 241.764984
2226.751953 125.032005
111.510262 28.112965
2145.842285 21.459246
1630.046265 21.480526
3004.360596 28.182528
15216.221680 132.998840
11053.362305 98.262428
1485.565674 66.587006
2023.140991 42.785988
1145.162476 162.764008
2818.501221 222.808975
4770.543945 294.232422
8181.357422 382.087585
3890.697754 8.029324
2860.745850 10.521299
5176.062500 50.320206
425.330811 105.440094
256.147095 321.858002
1595.037354 403.074615
122.093224 595.137756
1577.431152 794.150330
1475.118286 893.631653
8184.673828 785.535706
9717.226562 584.534546
291.051697 395.886200
2643.655518 368.721344
905.294373 403.632202
15503.835938 451.523224
10332.942383 491.323303
534.329102 681.574280
1719.615845 549.573914
6895.261719 436.808350
1289.068848 374.225464
897.044312 207.428802
2622.555664 212.059753
6043.220703 197.645767
4937.505371 172.754822
3995.159668 708.700989
14030.448242 462.375336
14.065504 291.972534
1630.532104 217.061203
628.089905 578.442993
1610.637939 664.394165
4131.231934 793.395935
548.543457 1021.138672
24467.769531 36.384247
22070.667969 118.082436
6940.732910 294.743408
2615.829346 464.142395
676.071228 359.119751
535.055298 345.351227
6227.823242 438.818512
11536.540039 662.619568
12326.122070 1280.577637
2223.697021 919.697327
1719.551514 644.673706
5623.609375 460.048676
2431.798096 23.380211
222.897903 16.154291
1587.421997 17.917877
9670.539062 29.299812
24417.435547 241.244019
12351.968750 158.453735
2098.562988 90.040123
332.143036 45.521351
3013.710938 241.584900
3331.598877 300.702454
1372.950684 400.444397
6097.960449 517.666138
7644.705566 283.829041
4567.732422 262.520935
9722.181641 239.389648
545.640991 225.916504
652.193176 228.850189
1126.655640 286.699860
378.670715 426.827911
2331.138428 624.249268
6581.913086 534.886414
392.298431 426.861908
3643.330322 325.482910
1499.112671 249.835037
1357.873657 315.558563
4193.007324 409.886230
1619.646851 590.350464
9637.104492 907.457397
18219.685547 442.784363
8322.192383 257.879395
477.347900 219.166763
3006.155273 254.560028
1582.538940 174.834351
3612.313721 129.460739
8675.577148 96.110809
18394.519531 112.254738
13635.246094 1229.513062
246.164108 767.996704
4140.033203 437.621887
337.660248 256.292267
494.039734 487.292694
534.934692 718.843506
1037.545776 1087.520020
573.279541 1573.605469
737.414368 6.138927
36125.761719 79.526871
391.447662 209.402481
1475.648804 339.582794
510.284637 311.005829
3625.577148 357.841400
2789.144287 472.340698
1079.612061 693.433838
11555.534180 1706.694580
137.820190 1029.485107
4614.561523 575.743225
5739.186035 358.186005
403.328522 2.901250
436.584717 7.786956
1699.624268 59.857334
7307.762207 214.289841
20595.509766 232.488922
2052.032471 67.933426
1347.023438 9.423180
2438.218750 2.761249
2922.432617 38.634205
2674.958008 37.248661
4013.870117 56.705307
23804.574219 105.602631
773.113098 353.910797
7359.584961 216.936493
4471.794922 118.601318
570.001343 62.315392
113.972900 286.261200
737.623230 376.320587
3017.326416 619.527283
1913.528320 1050.271973
4187.822754 182.229782
11386.912109 165.014130
7694.284180 216.521408
1636.980347 257.493713
59.693245 61.239967
1074.646484 52.679821
876.550903 108.928566
2324.115723 305.081238
34848.015625 953.265564
581.553650 494.353607
15548.113281 226.302292
9146.716797 106.261520
603.651611 0.110113
160.898575 7.080731
216.135040 33.518353
6097.281738 95.669647
365.801086 210.865570
5971.434570 97.673370
3576.981934 32.814068
303.682098 5.890330
533.365479 61.040268
3474.645020 67.387375
1144.444702 95.289742
2596.121582 175.954758
4056.025879 83.153267
1808.031006 30.140797
2434.466064 30.772629
763.255737 49.497280
901.564697 16.267864
483.122498 31.959568
2442.491211 70.010681
5099.165039 148.805664
2377.261719 213.122391
8272.588867 95.073792
1789.361084 33.639297
302.149445 13.994341
618.096558 56.574451
1678.130127 42.943810
1600.312256 26.244886
2975.274414 37.649429
11762.294922 370.731415
977.153198 198.294037
2876.463867 101.483406
584.868835 66.408653
58.107471 137.705658
1542.273682 193.090179
5404.612793 261.834930
1629.632080 329.548187
17469.728516 20.566187
5180.158203 43.229343
1376.399048 69.185104
5696.651367 98.407776
133.867706 216.277710
1590.107544 216.894852
3041.038574 224.866730
1832.861816 253.302094
1893.185181 172.617249
1161.694946 174.501114
9.462025 192.465149
804.246216 209.451981
52.247025 28.979788
3327.245605 72.409866
2124.154053 149.727112
1746.878784 284.036621
19717.806641 222.169388
11706.431641 75.660950
6494.601074 11.865141
274.821259 5.618317
3774.972168 264.520996
3119.326172 511.095581
7760.392090 877.927795
3228.108887 1390.915771
21.150406 765.068359
3969.048584 316.116852
5538.339355 119.727921
3768.397705 124.054474
874.636230 132.155182
1083.816040 105.796860
2230.255615 145.347610
454.056610 241.174789
36348.867188 1206.960083
1842.526978 820.843079
12250.419922 483.886200
2256.409668 250.999512
924.750305 28.483292
512.764038 25.486814
6649.265137 19.712244
9511.668945 17.377363
8922.729492 61.911518
744.702759 39.263870
5212.923828 29.241955
240.085251 28.032845
213.028900 13.797683
1025.465576 24.205349
173.830139 41.218422
11895.255859 62.404617
30461.578125 32.413513
499.120361 20.935658
962.610413 13.282692
2049.615234 10.461945
1108.565918 192.615143
757.926941 291.021973
1782.285156 412.151978
2557.160889 613.964111
11488.300781 238.455963
7563.852539 37.198326
1672.896606 11.533795
3231.437744 88.969788
189.728165 76.282616
178.378387 104.689423
4332.250977 228.523529
7010.163086 441.415558
9727.658203 891.832214
81.187393 572.078125
3595.114990 314.663696
1626.364746 146.294403
350.885834 460.249023
2058.872070 524.653564
5461.774902 657.666199
3717.856445 816.303711
28276.041016 428.645294
19885.197266 480.619751
1818.313477 483.880615
3139.695068 460.664734
390.392181 123.541222
3638.545166 106.394348
5264.961914 101.246689
5566.928223 100.440071
11790.648438 1016.867310
5343.433105 666.330017
8939.585938 375.642548
1524.138794 197.501572
1832.720093 360.282898
3293.529297 580.043396
11855.407227 850.512512
494.938660 1107.747925
4422.794434 75.828102
2247.279785 96.982658
5944.150391 138.578400
631.817810 217.048965
2263.896484 975.026184
3080.333984 1240.029785
4636.847656 1608.604736
4443.258789 1979.886597
8288.166016 1576.619873
22688.003906 1253.681519
390.973877 996.203430
4649.446777 888.137146
1147.664917 548.680176
46.906277 723.012146
1271.449951 914.584961
5868.916504 1216.004883
4809.929688 1836.592285
3687.879395 959.723999
4753.228516 507.204407
529.043335 426.154083
7546.517090 1010.328796
3598.806885 1119.550781
10602.933594 1336.494019
2212.112305 1529.395996
5052.707520 1165.983765
32834.289062 1250.766724
1226.707886 1175.984009
448.493744 1051.755981
499.546082 738.382996
832.550232 1199.736450
195.187668 1985.266479
524.591736 3060.713379
32503.093750 1781.361572
12391.189453 1080.574463
2721.164551 687.236511
2063.660156 575.900330
3452.047119 587.560730
2541.021729 676.930359
6205.511719 1005.363953
13743.007812 1670.166504
11253.084961 2113.615234
48.517086 1340.192993
1891.128296 879.633057
12.540110 654.745178
1742.279663 621.040894
542.132874 665.330017
2932.873535 725.606934
11387.062500 836.167236
2927.435547 1571.488037
6362.279785 1068.171509
2184.950928 750.617737
42.587860 623.698242
2743.658203 276.145355
2317.688721 375.906281
5754.910156 537.502380
1005.697021 674.880493
12165.218750 1106.469849
2306.156250 811.273071
624.646973 511.727203
7364.623047 314.887054
1046.701904 330.717163
387.069153 486.939758
8833.086914 845.070679
747.625427 1324.912354
16498.449219 398.806763
79.421188 444.393982
1632.993164 415.818237
3582.273682 343.105377
228.267395 535.632996
6504.325684 724.622620
923.679382 1046.301147
22458.992188 1603.611938
35096.007812 1068.620239
150.550995 552.405579
227.422485 373.976227
36.214367 408.580505
5451.947266 966.334534
6464.006836 945.914734
8871.681641 886.326599
59106.085938 828.305420
3971.156738 2070.791504
19427.591797 1527.564819
3425.546143 1163.632324
5259.966797 1002.736633
118.764351 1116.510010
931.076843 1233.246338
7734.374023 1567.694824
13175.108398 2020.216675
49267.593750 681.740479
53771.636719 1026.165771
1268.442139 1174.759644
8391.442383 1153.621948
70.869995 483.186035
3088.412842 488.907410
4839.486328 536.236633
12285.308594 790.887146
5501.789062 2087.704346
7011.076172 1149.889282
20193.423828 650.530640
5903.719727 492.732849
335.899811 318.771820
2592.352295 285.842133
1124.046509 242.326828
9126.803711 202.089844
11963.466797 665.948914
6044.375977 522.352905
1563.543335 415.051239
336.657928 353.140930
923.371704 402.847839
1246.738770 371.475861
7110.126953 393.552551
2838.938232 480.796509
3566.365723 173.276077
8482.251953 317.477356
2300.781982 415.063110
5505.000488 436.097382
1297.565186 583.023438
3767.823975 900.485901
2131.379883 1366.796509
2633.054932 2070.667725
10352.921875 1303.387573
1154.991821 602.357849
359.634369 331.419830
1696.179688 372.117706
131.170807 127.949066
639.875000 89.665672
2922.924072 126.524002
11865.185547 263.596710
10106.617188 1630.076416
735.410095 1022.053955
2851.013916 553.583984
1014.316284 265.303223
399.492035 60.554607
163.623917 55.461105
229.867188 100.426239
5004.166016 195.624954
7025.729980 1273.152100
44782.250000 780.676270
778.403442 390.713745
2301.333984 155.612152
320.010620 86.808151
2175.958984 111.165047
1164.632690 157.659790
607.638184 226.104462
2998.558105 15.643806
5901.373047 33.658813
4881.430664 56.140186
363.591553 72.774879
901.516968 139.632172
580.580444 288.513794
1508.256592 519.830933
2911.418213 839.221985
2386.546631 148.017761
3007.789062 25.526564
32.787903 5.110444
105.213608 49.023407
522.543091 552.218201
3963.193359 695.069458
3068.145264 995.470825
2888.292969 1387.079590
17268.945312 1193.104370
31619.982422 957.744629
3567.207764 734.665649
2234.792969 578.437927
1634.739990 930.036804
1005.189819 1271.719727
287.955414 1767.776001
3251.576416 2584.448730
40160.121094 1725.611816
9906.404297 848.191406
7865.049316 559.340393
1959.350464 661.271240
7461.032227 237.975098
794.181152 110.631577
7558.381836 47.093254
3165.755371 85.931358
4285.763672 2356.747314
10181.800781 1547.416748
1737.649414 895.881775
1275.517700 472.434631
2601.059326 680.517700
3072.035645 951.161560
16384.185547 1306.144165
263.101440 1725.474609
21874.869141 2.768757
623.366211 91.052536
611.341003 264.734619
205.591385 463.321686
700.025452 845.472473
1829.982666 937.548645
185.459930 1257.918457
1757.046143 1809.251099
27355.009766 2106.150879
890.515259 1587.123047
7186.895996 1197.151733
2266.404297 944.165527
1397.718506 73.127579
3211.489258 85.839851
3157.439453 189.277496
2385.571533 474.031799
844.133545 668.982910
7914.092773 306.434113
804.633362 139.515335
1709.276611 87.299759
2083.301514 15.649027
2014.802856 1.860132
1844.756226 16.011778
10282.964844 74.931129
3570.472168 593.311829
14953.510742 346.714813
2016.474854 167.209335
329.669617 63.141861
675.999268 202.914032
830.694031 315.548218
7130.645020 584.632874
6722.829102 1026.618042
861.639587 7.629890
15693.760742 36.222675
2456.884766 110.432014
148.967148 161.544434
3098.278809 299.539032
3817.201904 405.476257
3148.849609 558.656555
16334.425781 832.139648
19737.300781 1209.084717
13354.943359 615.601807
3077.499268 309.224945
6616.563477 240.217117
103.413254 762.173279
3429.684570 880.629028
11715.363281 1020.134155
27450.105469 1254.454712
1347.737305 1288.682617
4757.062012 832.269653
8910.519531 644.187988
2494.762695 658.067810
919.241150 559.092590
907.903320 473.005005
373.589783 483.698547
3813.232422 502.815369
59390.707031 1291.587524
6420.879883 1257.312256
12486.203125 1043.576050
8811.965820 769.647949
982.451294 152.700668
4060.271240 274.023468
1886.571289 579.744202
385.615234 1197.946289
24.331512 419.120819
453.979675 79.271759
1989.600586 21.332102
1588.340210 79.496368
544.649963 68.047096
1446.928589 63.918861
1156.411621 128.436295
1240.547241 294.162964
17115.617188 1345.560059
4682.402832 783.648071
1494.776245 380.965546
1103.467773 156.431015
3324.311035 278.581329
872.327881 318.991486
2272.810791 396.991913
8163.822266 611.347656
2149.010254 217.807388
44511.488281 68.141937
2464.205078 101.704056
841.802734 202.744339
770.910828 112.954353
820.458984 249.444199
634.638916 449.457367
729.374084 727.992432
4163.363770 1467.391602
3317.867676 749.041565
8800.007812 282.264709
1324.098633 92.674721
783.496643 73.539635
677.461975 68.711121
151.067291 92.625755
10746.050781 163.503601
3921.390625 636.493042
8934.366211 385.130066
327.386993 208.681000
1532.615723 112.147858
399.319000 189.258331
2161.320557 203.278748
2114.833740 262.539917
15689.541992 347.109375
2316.489990 735.405396
20715.982422 540.572998
319.191467 362.897217
1682.494995 240.337875
1744.119995 1461.325439
3418.622314 2312.142578
6760.808594 3485.692871
11470.886719 5037.093262
2693.303223 1248.115845
17444.923828 541.994507
2925.290771 482.506836
1013.349792 844.932129
738.937622 899.331787
1928.968018 760.300598
5827.693848 874.744446
9758.127930 1550.290649
41054.773438 5166.542480
1071.595703 3123.290527
2070.224854 1844.832275
7682.336426 1200.749756
4088.385498 246.228775
2288.699707 234.452499
101.290405 263.324463
1877.620605 317.563141
33461.136719 566.640747
15438.340820 486.905914
1208.838867 390.198242
483.589447 302.126862
1666.562500 267.053406
3542.527100 219.901031
13158.003906 167.727814
17789.751953 118.487114
5194.659668 264.769623
3294.968750 300.010681
991.937134 312.519196
1296.107666 300.380432
102.971077 923.580017
3533.385742 1158.525513
6332.044922 1592.953857
36077.296875 2045.437622
1290.063721 910.712158
34384.730469 1065.905151
3573.224121 1028.784302
1229.132202 920.290344
5564.944824 1330.321533
2269.759033 1653.036743
686.423584 2008.061890
20404.906250 2493.007080
8285.531250 3218.787109
24043.955078 1926.308350
12085.630859 1241.943726
4262.415039 1118.220703
1158.222412 511.148193
1799.109009 468.250000
2312.689453 526.409058
1899.978760 749.000000
2454.364502 1404.315796
6474.813965 1019.734497
3876.038330 766.057861
2772.003906 609.676880
491.706360 133.036774
1322.125488 72.524704
8687.262695 86.105095
4755.688477 140.300751
14773.472656 482.805389
12816.562500 488.859192
1450.701050 399.114227
4659.951660 258.642975
97.291779 105.240128
2878.149414 161.672104
2703.973145 263.872375
17681.810547 421.261078
6612.416504 86.759987
4118.587891 46.482609
6581.876953 50.264835
692.665649 72.551620
20.417965 292.366364
297.516266 557.892090
232.607574 990.878906
2697.566895 1671.045776
6835.441406 673.017944
16062.468750 198.388382
8155.168945 55.776165
3752.643066 121.255585
1025.382812 202.600082
1395.147461 119.411499
893.504517 167.470459
3173.683838 503.608673
13062.168945 1647.190430
3480.005859 936.457520
3469.914795 530.698853
6479.636719 327.539154
304.974396 128.662415
254.704926 248.670609
720.998596 445.005615
3638.951416 718.253540
18209.470703 135.432129
2392.284180 48.450848
2580.734619 33.581905
759.773071 62.612816
4916.301758 621.948364
2318.711670 803.722778
3230.818848 1152.608276
1641.099243 1730.475708
219.679398 654.133606
3918.805420 446.322754
2065.970947 437.245514
976.833740 513.298218
2386.874512 498.713837
4439.100098 532.613342
3427.711670 527.791016
25217.015625 552.419922
7581.397461 2266.140381
563.032471 1335.694458
2391.701172 742.624756
500.246796 509.781494
2859.677490 1014.133667
2135.628418 1259.630493
800.503784 1633.583496
1961.631348 2025.256714
64212.550781 472.359314
4045.099854 695.078735
3726.147949 825.840271
1150.307983 898.541992
2659.939941 635.646301
501.706696 775.961487
4640.547363 1142.905029
3607.611328 1815.925049
25495.484375 1738.109863
15176.051758 1115.787231
8401.087891 777.710693
368.145416 640.036133
5109.111328 923.152710
1143.068115 925.460876
4981.885254 1018.567139
3665.451904 1270.980469
3111.347900 1429.047852
10229.729492 1151.063477
1510.090088 1013.221497
2233.360840 953.823669
591.301880 182.925140
1852.379883 147.683731
1662.482544 161.809113
247.949066 199.959106
22448.169922 1304.027466
1078.222290 922.472351
12669.388672 566.283203
2776.910400 312.878601
430.062592 126.188377
19.880318 124.984009
4273.787109 140.606293
10757.890625 172.483826
5945.278809 71.965927
3726.779053 107.100868
89.650185 129.040802
820.170654 132.638458
1209.970093 366.480774
711.240112 507.098206
391.287231 759.534241
18746.746094 1105.400635
23168.294922 459.277649
6838.372070 363.039001
6815.949219 319.524109
1379.245361 315.314331
1101.479126 47.459869
317.073059 15.571974
4357.306641 9.816475
8659.871094 48.678261
2154.423828 874.156982
3179.000000 534.991577
3248.480469 277.175598
270.221436 122.350685
3628.778320 101.506210
817.049561 213.021362
1559.144287 396.297607
7318.880371 622.445496
39677.343750 138.320847
12518.853516 90.838715
7783.078125 62.598148
1578.563965 58.885674
1220.992432 152.740982
1636.344971 177.328003
157.690704 194.360565
9034.917969 270.879761
1621.534668 637.991821
17418.455078 292.517120
442.205536 133.951721
1561.768311 116.801674
278.761505 118.212860
3416.129883 94.050102
6105.375000 57.612797
4593.066895 24.130032
28084.531250 146.694916
4299.402344 128.968643
2589.437988 125.082619
62.416542 125.946548
497.759155 328.764496
29.950735 358.543549
1533.098267 393.304626
2919.467041 459.194794
22753.828125 19.154081
6745.639160 83.945786
111.310982 184.407562
1341.285400 273.806000
1191.261353 151.961365
674.140808 110.334564
1373.568115 98.765411
21829.523438 169.491592
4031.402832 737.917542
5484.301758 462.691193
1816.578003 293.175842
1291.635864 204.702057
2841.416748 398.678345
36.527340 463.890137
1954.610596 669.709839
1290.051147 1020.974854
19646.943359 61.178654
3788.271729 210.523895
2716.156982 338.358673
483.162750 389.049774
1323.265015 46.945095
631.867432 20.615829
1561.746704 50.282654
1011.880554 124.652710
20036.523438 1249.413086
10410.925781 804.941528
32.428894 423.161926
1795.845093 168.972961
409.006683 266.373138
7004.853516 339.018036
680.488525 417.906097
33657.796875 506.829681
11262.550781 5.808616
4501.171387 40.032204
5319.585449 110.500847
886.274719 190.683899
9.709055 33.955593
944.610962 65.996574
384.060089 182.353760
10084.583984 347.610718
1369.402344 566.468506
6293.617676 404.855927
14382.626953 233.570892
924.164307 96.392281
214.150238 53.803776
512.818848 66.438873
2705.232666 110.629578
1711.208252 198.699615
5247.056641 135.944244
680.681274 85.508209
3939.010254 64.013504
4729.255371 55.681175
2.458465 141.533020
131.156952 151.623993
68.918159 208.249603
3025.668701 341.659607
3551.979248 140.248810
794.848450 109.000587
1041.094849 121.872528
2333.784180 138.034485
448.083191 43.583263
546.980469 112.995155
2959.710449 192.552124
1060.442627 277.977234
9974.188477 491.943512
2055.163330 237.047607
2890.645508 72.717102
980.049500 16.134760
7482.360352 136.511246
1030.037842 229.861084
10780.502930 379.580444
3354.343750 618.736206
19363.261719 368.232117
9252.056641 149.621750
1904.359863 67.211136
175.096283 77.686501
565.271240 562.923340
3641.523926 528.658386
6000.191406 592.714844
6438.854492 687.251221
1386.737793 777.407959
370.733612 882.001709
293.405029 830.808472
4196.214844 689.711426
752.703430 0.869882
514.902344 16.149740
416.677826 86.046844
4280.628418 279.452454
28140.671875 1076.558228
4165.075684 516.959778
15777.038086 178.864670
689.631042 34.212116
441.143768 66.270081
1303.755981 141.307007
1264.143799 271.593872
7192.225098 473.691742
11518.878906 698.226318
1350.458008 350.558960
5785.469238 137.106720
2093.334473 53.969715
186.428024 11.800973
972.505676 17.892866
856.432129 57.736748
18071.523438 153.058533
3844.251465 197.332718
5629.072754 95.453156
609.380127 43.187508
870.321045 20.701017
333.658936 239.661041
1902.428589 406.749664
544.650818 762.158081
2632.577881 1417.539307
6537.817383 292.969940
5631.955566 25.379742
977.726807 25.212452
843.398926 126.732605
555.648438 42.768852
1638.715698 0.879150
2485.759766 21.140820
4325.859863 117.253006
14477.030273 1349.413086
20222.337891 840.436951
507.511902 433.107452
3817.381836 172.652802
278.710907 47.613853
2354.336914 31.232685
7644.847656 14.826652
6224.229004 7.452992
28707.833984 24.629248
24067.261719 37.601086
3775.815918 50.650272
4134.158691 55.230625
2028.022705 34.553886
864.645752 63.580986
2881.153320 119.780411
9587.566406 181.996124
8872.251953 75.723389
104.905388 75.808487
5174.596680 57.786602
1807.371582 37.001663
1754.507935 20.507734
781.644714 27.882221
893.294861 97.584328
7043.254883 243.241272
34583.320312 34.436913
19184.841797 34.370689
26849.292969 43.842827
10636.513672 37.172573
558.890869 98.589432
602.083801 196.661224
7771.562012 360.736572
1060.140625 589.552917
798.955078 43.925480
12678.369141 3.710219
2337.483154 12.074342
5449.580078 44.027817
1405.911255 403.394318
3787.462402 541.447021
1210.958374 946.497070
15137.313477 1673.517700
2500.106934 502.214050
3497.362793 378.446838
686.227783 379.199646
850.202271 387.719208
507.980072 139.043396
79.013878 97.471931
146.835022 81.587311
2891.606445 149.118362
4211.100586 1184.780518
2439.906738 699.099731
7247.267090 376.870697
33.990330 211.839691
414.374542 145.122955
403.174194 196.011307
3909.809814 281.035889
2187.319824 444.030243
11810.613281 91.066483
19166.453125 11.585489
1159.613892 31.198700
1849.458130 90.142494
2128.037842 320.958038
937.468506 453.109344
2953.565918 572.473572
15094.198242 655.721191
6902.646484 1511.790283
2577.896973 886.034119
2275.277100 451.834259
34.563889 280.451355
242.886246 310.726349
3093.295898 295.027130
3791.408691 343.127625
2620.219482 418.266998
14908.365234 482.124146
20907.582031 517.786377
606.993347 473.366211
2443.536621 385.064148
1493.134766 22.848780
1679.782104 11.770542
2506.156006 15.930917
3386.179199 53.403751
23960.183594 111.623428
9873.521484 65.035004
3352.223633 44.451881
420.836731 34.300438
56.671783 526.091553
1489.721924 732.464966
2935.021484 965.141479
6970.761719 1236.957764
25658.923828 176.033539
1321.025024 105.691422
709.365601 178.633392
1098.370483 335.495300
3214.793213 468.561066
4796.173340 625.988342
5295.378906 933.286499
5037.019531 1496.464844
3208.176025 2267.666016
791.539673 1240.553223
5928.315430 654.083069
202.660400 444.748260
309.083893 572.743958
2664.877441 590.123596
1447.730469 662.764771
292.143372 781.836060
31321.851562 631.864380
3340.040527 632.900024
147.311493 619.915161
2134.868164 592.659424
2122.645508 292.742859
2642.121338 275.545593
7862.936523 334.505981
868.787964 431.842041
896.147461 1811.584106
3414.329102 1273.194580
6418.219238 784.623230
2705.545166 449.056671
1447.726074 320.157471
1086.031250 445.124664
4037.637207 548.370117
11300.908203 598.709045
29242.062500 119.923958
14299.632812 112.082970
1484.401611 138.063934
1459.972412 209.378220
574.062012 196.637512
5217.662109 184.499588
2741.774902 161.250977
22317.687500 118.918510
12422.831055 521.286743
1837.053345 399.525940
4174.915527 291.119202
898.632568 224.082855
53.750973 99.251312
1480.954346 155.136185
1044.695190 190.220749
8548.909180 186.471970
17534.777344 804.644287
28234.863281 456.661713
11995.650391 201.419006
2686.703369 90.465988
2507.474121 195.206329
268.434631 213.354614
4506.275879 236.675201
324.958557 306.803192
7126.247559 34.096535
30909.015625 22.570553
2430.802734 79.031700
1270.151855 149.698914
214.113052 69.256752
1391.501343 38.943707
4731.852051 28.563313
2591.209229 26.762594
26372.195312 275.704285
2164.725342 247.042496
5175.917969 188.729935
1593.830688 122.577438
1773.707886 97.105370
251.042847 176.447739
576.007935 281.055756
3350.174805 390.328674
5092.876953 85.691147
8560.570312 53.774284
4146.286621 40.425148
1646.492920 52.351257
544.700867 79.585503
916.180481 55.518951
2113.136963 31.411762
18625.695312 35.535858
13245.183594 389.006470
4133.972168 235.831055
135.602844 143.402390
2.420747 101.189964
670.367981 193.345871
3787.897461 219.170059
10017.212891 214.416580
28852.121094 200.176483
4671.542969 38.051342
16326.665039 28.008245
2225.528320 69.575058
39.630009 136.056183
417.743896 535.623474
7170.752441 461.179657
1381.233032 469.078827
16801.375000 659.627197
5445.958008 230.907928
8694.847656 330.422150
2764.620605 483.492493
554.417603 565.306030
874.209839 472.404449
2500.699219 417.320801
3428.886963 380.034302
13892.770508 362.496185
32474.529297 360.248535
418.026550 473.695923
368.653442 528.776672
7602.804688 520.830383
1563.892090 476.798004
4190.546875 449.905121
343.295044 535.180420
8476.814453 754.904907
24680.658203 297.008057
8451.680664 431.412781
1015.668823 526.021667
782.435852 531.168945
479.966675 22.718979
1818.316772 75.158127
23099.570312 191.734848
6241.940918 408.569275
3535.953369 552.449280
1499.085449 247.203049
849.726257 78.208748
493.536255 17.326479
541.752258 217.391663
2946.691162 225.343735
10583.301758 252.901703
19185.361328 257.082825
36967.699219 593.989319
6054.136230 500.724609
3214.729492 371.606415
2869.844482 265.079315
993.886353 30.722094
1299.014526 33.614639
3063.347412 96.855453
25000.650391 218.186218
1200.120239 505.103790
52690.695312 333.889069
10450.469727 188.823135
4662.548828 84.621178
397.756165 15.783453
301.532257 31.100510
3482.106934 48.741680
2645.585449 63.838367
18143.503906 0.912566
8844.783203 0.202985
5622.347168 1.126406
394.175507 5.725154
127.233124 5.588099
1408.136475 0.309007
386.740662 4.918335
14669.942383 11.650053
2493.958252 91.834648
29116.726562 77.717072
7011.311523 51.417313
1156.554443 24.003540
717.802246 122.144737
1458.324219 155.794342
10587.766602 172.910019
584.402954 205.799927
2238.067627 121.178467
5969.882812 26.336636
6151.520996 19.586477
386.273956 67.041840
215.035202 201.435135
534.464722 203.045166
1523.678467 244.508499
4318.674316 289.096252
11496.105469 339.264893
1028.528809 357.774292
3666.049316 314.900848
4599.450684 247.588272
1198.497314 154.743439
478.494263 183.886505
4786.011719 257.096741
319.413696 431.186707
25915.064453 282.043518
2244.726318 132.035599
7846.447266 101.027344
955.247253 125.780937
1145.233154 19.708120
1815.074097 15.571913
329.943970 20.998613
14152.812500 49.138424
2847.927002 397.035828
4669.354980 222.573212
1640.108887 102.516006
667.351929 41.165466
106.449928 41.662750
5434.078125 106.115997
4567.855469 263.028656
11192.262695 547.289001
17773.453125 126.132301
2412.184082 19.169653
15115.357422 1.055199
433.559937 15.770088
290.241638 177.484985
243.481430 341.672455
1927.882690 682.126282
3577.042480 1287.910400
15185.839844 334.924500
4159.751953 53.839737
4442.934082 13.720709
4776.376953 79.780128
188.663559 230.733002
4093.268555 236.944351
1113.533813 378.873688
5981.079102 770.850952
2360.190674 1435.050293
228.300461 803.662231
4526.373047 450.055908
4922.535156 292.127289
427.048157 24.231932
746.535828 70.672768
3274.695801 191.715973
4398.395508 448.448822
6520.063965 454.099854
90.404259 165.226990
1020.703796 36.977016
438.823120 9.359568
832.034058 317.221252
1073.775635 472.510803
6785.297852 724.190063
2444.258057 1190.607544
17899.462891 944.636169
20588.072266 378.332367
2329.898438 171.183395
2448.557373 198.061935
123.379349 429.915710
489.557281 562.351562
1248.873047 731.303223
3522.893555 902.035950
3490.093994 1501.445801
1092.125977 972.717773
402.767700 587.248047
126.821312 412.734283
1853.987549 222.067215
767.401672 204.699097
9649.161133 184.422440
12989.770508 132.181564
11411.805664 942.483826
1552.778564 692.273621
8217.540039 452.447693
1139.173218 291.659546
160.145691 366.053986
1160.917847 438.149323
2893.377930 524.401672
10.208279 723.562622
40072.625000 176.473251
6902.030273 36.202896
369.893372 99.467712
2749.167236 244.753571
2550.932617 159.215164
619.420715 87.044373
658.567200 40.914230
9729.969727 13.313402
13336.165039 549.630554
25894.126953 482.601166
4912.877930 375.531769
469.620056 259.256897
1716.964111 48.632885
16.776920 107.095703
2618.496826 231.889969
15869.067383 426.174713
13269.983398 23.493845
10014.963867 5.346457
668.673157 14.449963
826.340942 27.260408
386.131348 129.479340
491.450073 300.194763
9014.009766 565.349426
697.656189 954.952637
5343.548828 450.407654
9950.886719 138.056076
1981.521973 14.911057
1234.070068 29.343727
1765.597290 351.979309
154.827560 262.196838
47.559402 180.809967
9982.503906 101.351410
10562.181641 890.091125
5060.001953 765.967407
5010.919922 610.482666
1712.979858 466.165466
1789.018799 82.923965
410.376678 144.579956
5232.518555 219.713943
3122.541748 306.036194
2319.993652 451.291229
6580.613770 237.986267
5607.518555 103.158974
31.888451 58.186836
1928.519775 487.458710
232.177780 553.268188
3825.294189 652.845032
4079.004395 779.323120
10769.208008 94.328964
4189.370117 225.388336
1833.721558 346.024658
1310.693481 429.578888
290.811646 77.896194
785.466675 192.445068
426.783936 431.203766
3261.016602 834.819153
7135.423828 1102.156006
519.589294 543.967712
8574.679688 209.556442
1941.523193 72.837791
1258.435913 94.007050
390.648163 189.574539
5689.762207 382.196014
14492.175781 654.208557
14608.655273 613.284058
12584.513672 370.030334
3128.613037 192.966797
78.285652 97.387756
1392.984863 745.111877
1799.065918 899.001892
6207.462891 1234.026245
6728.499023 1833.637939
7979.670898 816.597839
665.213562 595.124023
7344.072266 586.298401
1400.257080 657.007324
658.192261 33.794338
820.881714 64.710388
1469.397827 195.551727
9290.693359 487.695251
18700.724609 1583.994141
99.059555 839.508972
6540.882812 349.014343
793.337952 105.887245
5857.819336 59.029030
691.593384 160.054810
10481.416016 341.306610
1580.286743 646.020813
9702.300781 430.463135
30224.384766 140.708633
17611.986328 16.887369
184.190262 7.019824
1825.217651 231.447601
2662.636963 241.777130
839.602600 276.308289
12218.621094 367.144592
13401.291992 1081.013794
5400.520996 665.164185
7907.991211 390.969269
497.480499 262.811768
1944.006348 362.344208
1862.130981 467.871307
5781.970703 585.801636
4577.495117 661.953308
1009.614807 251.611099
30375.570312 280.612915
6951.014648 285.778625
927.108337 302.550018
396.067078 125.330292
3852.368652 114.155876
379.448212 159.285339
21296.107422 321.945679
4901.395996 605.563110
4098.723145 344.866882
17.563749 210.103180
563.136047 153.690918
3772.609375 408.916046
3513.639404 581.576477
11666.455078 757.612854
2186.754883 904.822876
27451.152344 5.575319
807.382446 51.402012
3399.027832 138.408630
229.438599 258.751801
2922.428223 972.311340
1929.047974 1001.436401
8131.925781 1150.349487
16333.583984 1391.726685
8936.081055 1331.487549
3265.757812 1255.366089
435.098633 1151.428711
1381.924194 1040.151367
2584.150879 647.045471
3539.650879 820.022949
643.756409 1029.292847
7617.424805 1296.108154
35591.523438 1347.867798
23796.472656 849.439392
16563.798828 585.431152
5375.135742 542.923584
888.318176 421.758392
1841.597290 536.736084
9258.224609 759.821716
2667.207031 995.922791
4323.166016 1131.500854
502.568573 912.789978
2147.217529 658.395203
723.513550 468.175476
1109.117432 26.756960
432.702393 108.886459
7875.892090 297.368774
657.215515 631.382202
3978.012939 316.441010
29393.896484 103.035736
506.780792 16.196295
362.558563 1.270326
1108.560059 254.140488
435.220215 194.523132
2567.969971 213.452301
14888.622070 245.548447
12817.010742 1221.472778
1172.344238 1011.324219
18997.035156 712.569458
287.686493 433.189331
978.258545 194.851334
1362.288574 345.817780
338.731567 441.387695
13204.510742 475.464874
8773.199219 777.360107
5845.939453 344.605774
19481.882812 100.770393
1038.136597 74.522202
2284.251953 370.345428
1736.799805 395.784241
2196.785889 465.376251
4553.582031 529.438477
15967.249023 493.836121
3081.385742 516.240417
6554.113281 471.217896
7033.696777 404.710968
4526.354980 607.222534
1024.553467 719.813416
2813.174072 959.081665
2024.781738 1387.138672
12582.993164 533.700073
1633.530518 421.271912
2880.119141 455.428070
1713.876953 532.430603
421.209625 71.080864
838.676880 155.034790
3418.927490 334.673676
6349.520996 654.477661
2537.348389 984.640930
8594.475586 484.533264
1380.700928 188.665436
472.766998 70.252037
2622.661133 446.833801
3435.253906 602.798950
10352.617188 746.931763
1194.520386 894.823792
15303.259766 1721.609497
5.885753 974.012207
3224.762939 512.209534
201.722977 368.971802
334.357605 974.233765
4020.375000 1089.013794
296.732544 1199.420288
18662.593750 1211.718018
15646.707031 907.885132
21768.777344 960.444336
4449.155762 938.847534
3132.531494 923.310303
6875.396973 1647.865356
10984.455078 2195.948242
14648.187500 3155.013184
22856.539062 4689.437988
24229.541016 1872.484985
9555.357422 1173.066650
1072.988647 1079.359741
3580.966309 1295.245117
213.061661 1088.340576
1344.237305 916.797729
2715.049072 1006.898926
5036.219727 1356.299683
41623.285156 3817.235596
17879.869141 2965.218750
3480.577148 2159.866211
8384.060547 1512.411987
290.543884 49.945911
259.035736 116.348709
3205.142578 241.868408
15.293737 467.624146
5291.770508 566.638794
15724.849609 241.720612
4954.279297 73.246948
164.054474 26.638239
1510.064819 1.428892
301.137848 22.236279
2862.028076 73.470146
10433.030273 137.871124
536.895447 815.600342
2339.443848 484.915833
1709.346924 213.743118
3268.154053 52.825218
381.669739 32.929192
348.388336 33.184731
494.328735 52.839695
1271.601562 121.052048
4008.937744 144.177490
2474.745605 60.917576
9604.146484 32.687302
2095.147217 31.634222
384.808411 177.189072
786.499451 198.041107
1983.060059 231.634064
2132.847656 276.700287
1007.553772 41.588825
3770.910889 87.625633
35.327251 130.103165
2701.888428 158.707840
533.804993 70.112923
472.744873 50.213493
5644.960449 37.897133
3068.561523 21.262300
2868.587646 403.255615
2048.747070 302.637421
3113.482422 196.884460
1687.822876 115.873314
1282.596802 372.620911
1406.136597 605.688538
616.746033 908.049377
8616.101562 1258.449951
5925.045410 98.667992
1426.458740 44.876453
5916.825195 90.324661
58.678726 203.316040
5256.215820 672.543274
2080.177979 828.440979
10935.994141 1081.547729
5923.834961 1395.500244
30.650339 1860.158325
345.927490 1293.153320
5117.126953 876.596191
131.001495 671.734680
237.420319 133.889267
856.696289 115.872513
2673.677979 221.278687
4068.281738 567.870544
51497.527344 777.431763
1810.402100 402.322601
2254.849365 238.574112
1458.172852 177.305481
5610.260254 128.551834
1397.315186 143.885300
1577.048462 183.196136
686.530396 259.740173
72857.648438 404.480835
17938.359375 261.470337
7529.777344 173.464386
1203.622314 134.620453
1904.675171 181.219116
707.934143 134.950577
3545.381348 96.972527
6877.889160 63.746483
25775.152344 324.149719
3233.715820 320.995789
863.937378 286.307343
660.548096 234.685806
1150.001953 364.923462
4814.247559 606.335266
215.313751 912.494629
19706.664062 1311.532471
26177.929688 585.124390
1678.149658 228.412445
3624.800049 114.336243
690.548706 185.522156
1470.626587 60.530388
48.368103 5.573322
5537.566406 30.483000
4660.251953 137.454376
17604.527344 1059.155884
2047.805908 725.435059
5977.944824 425.725769
698.766418 199.668488
214.770370 81.640823
966.884460 213.489182
410.144714 426.741699
452.713257 709.909912
31452.058594 155.696609
3197.606689 48.876286
1032.349243 8.043170
174.153442 18.436560
2690.840088 548.247131
2650.092041 1016.818420
797.979370 1769.593506
13034.820312 2721.175293
3244.641113 755.703247
5512.540039 467.187286
5191.094727 332.646851
1896.433960 343.359039
937.773010 746.102173
108.568001 808.691284
3209.242432 1061.046997
6920.592285 1596.553833
19278.093750 2179.285889
5041.937500 1452.667236
2452.390869 1017.998108
3084.739990 809.649109
822.772095 885.900391
1158.163818 1008.251770
399.188141 1326.207764
677.755981 2002.182251
18284.109375 1046.927734
7170.747070 704.218018
432.429382 688.711060
978.502258 791.948120
892.351868 100.578209
611.620850 332.801758
1683.811890 758.403137
4777.041016 1366.623291
5335.233887 3021.833740
2299.936035 1637.031372
3559.339355 651.605591
1670.800049 161.543152
640.401550 5.116132
1452.368652 6.817049
38.671299 47.066856
3337.190918 187.599304
11353.913086 1506.399902
12171.496094 778.723145
1683.188110 298.104431
402.328613 69.852150
51.614399 119.816277
884.870300 93.701653
118.234039 91.969254
80.662811 108.803993
14250.088867 495.815094
201.984604 383.062988
6132.088379 269.283203
146.660828 177.876495
778.523987 45.947533
2340.542725 88.793983
1456.370850 156.491089
14318.153320 246.192490
894.732056 318.222931
1906.961304 173.608276
558.897156 77.756546
3707.979980 37.800522
607.842712 184.701721
929.934570 178.227875
8118.646484 174.052124
4227.696777 209.997849
1237.821777 157.103485
2689.671631 117.913696
5274.041016 134.940216
104.663574 168.403152
1074.000854 56.626770
101.173264 125.136223
2353.718506 224.639740
1902.888916 352.416077
14491.934570 107.933472
9212.940430 35.419899
619.596191 7.930489
7988.580078 17.223118
337.540192 87.603012
2438.360352 89.433784
979.043335 75.567467
12634.080078 77.761185
8652.916992 739.771973
5829.579102 396.526154
921.290588 181.018585
2678.255127 96.412186
2854.082275 292.348389
2313.020264 324.555573
9656.693359 338.296692
12143.414062 370.322235
30378.630859 26.351875
1526.187256 39.882526
3772.811523 121.678818
52.686028 220.445694
1181.324097 671.876160
477.039154 700.910095
14905.648438 780.784912
1409.557007 888.303650
8046.220215 442.616333
871.351746 576.451782
1685.392822 653.108276
763.952393 671.952820
737.990234 283.162628
818.004578 254.249374
3470.036865 223.853333
4607.206543 177.655762
17746.175781 960.754761
7988.921387 718.957214
6766.691406 498.755249
2066.755615 352.618774
54.680935 307.146362
1125.836670 468.593140
1022.699280 721.255737
1808.163696 1093.187988
4901.365234 110.294838
1143.282959 33.410950
5024.669922 83.353645
2002.898315 186.000549
674.250488 256.026764
2065.970947 402.873016
9335.937500 707.400696
6030.765625 1056.262085
1302.753906 1598.535522
1638.116943 1128.499268
12283.144531 664.492493
843.990112 344.141998
278.393341 835.039978
9086.378906 1116.731445
341.756989 1539.896484
5930.818359 2099.891113
21869.667969 545.835510
2804.261475 462.167969
765.208252 519.217346
4131.008301 648.520447
2700.170898 1116.691406
3465.739258 1572.838379
2542.882324 2336.048340
65989.789062 3570.744629
11356.787109 2666.387451
4921.857422 1430.527344
976.121155 896.783997
1218.777588 865.798218
9674.513672 1308.167236
2406.600586 1278.778320
3441.165771 1479.985352
12242.835938 1888.025635
69577.117188 4118.280273
18421.853516 3097.798828
1937.402344 2220.202637
9049.673828 1612.228516
185.107712 235.259140
93.900459 141.044662
6921.459961 119.159500
19286.214844 149.734985
11543.928711 1076.349121
96.072762 882.488403
53.223190 639.723206
5881.927734 408.212524
797.089417 150.011078
526.372314 171.812363
8129.818848 168.225098
7414.605469 159.363037
9928.949219 70.604980
7935.508789 36.337471
6089.051758 54.720940
468.358521 103.389107
3493.596680 995.314026
1617.677368 1201.907227
4582.760254 1607.681763
7193.849609 2223.666260
6618.770020 301.627350
19700.673828 480.128235
8387.578125 705.158264
357.989563 869.655090
2110.608398 389.992737
2157.652832 325.544067
6758.809570 386.132812
3054.618164 607.918396
4152.093262 2574.381104
1140.782471 1708.758667
1526.830078 1033.136719
1706.243896 604.988464
494.454041 123.634460
1482.939697 171.852646
3465.284668 247.232941
9087.685547 329.238983
14239.237305 77.674057
8093.834961 94.396950
510.222290 100.635132
2391.002197 104.499329
34.297485 459.961548
1776.686890 513.804871
1799.001465 591.309570
14318.171875 700.476257
1604.335815 442.435852
3553.887207 394.250366
8667.834961 393.229858
851.630310 419.729889
732.143799 240.627060
3919.664062 302.267273
6312.963867 405.308228
38455.089844 578.968811
13448.422852 1096.722900
220.081299 638.334351
4452.704102 352.670563
8247.079102 238.314819
204.414307 635.738098
1238.989746 637.394653
2257.766113 767.197144
6119.363770 1018.089355
18588.988281 286.934265
9716.246094 519.566467
1490.523193 662.283203
2373.206299 680.652405
1416.996704 235.151962
974.644470 199.999863
287.425812 180.925781
23187.246094 159.429855
10998.842773 1070.599121
2857.523682 783.346802
4412.708008 515.570740
3582.959717 329.440674
738.851562 288.000336
3002.867432 569.456116
7191.353027 992.470886
2848.019775 1537.416748
697.282227 747.668701
18873.789062 363.096375
3388.009521 169.449936
1898.123047 151.438202
906.709412 368.378082
1057.412842 274.292847
2638.724121 170.477234
6377.747070 124.216568
3698.684082 774.941650
16315.316406 586.641785
2671.050537 483.073425
2625.489990 428.523743
245.146912 61.189308
1186.808594 76.799530
164.336044 105.428635
5448.230957 126.828064
36116.718750 132.964020
1529.669434 124.490532
7941.183105 96.624352
635.329529 69.497879
388.550690 213.615097
849.803711 269.996613
17.724880 468.395081
701.294983 864.172119
1059.089966 8.758873
645.954590 31.522406
1099.276855 125.530678
1663.072754 190.905930
467.559052 107.341904
1270.788086 246.800446
1336.449097 463.274323
11486.615234 839.318848
18415.482422 1026.101807
6323.969727 395.284485
189.179520 85.622040
1457.590088 28.746307
4237.547363 361.613770
2106.593262 450.246399
5683.920410 642.205322
5648.116699 1058.153442
5456.409668 1044.226196
25114.251953 524.291992
1317.706787 317.196045
2175.050293 304.580475
604.022827 87.442581
7537.238281 66.328255
2267.255615 92.002449
24773.521484 169.772537
7353.750488 1336.554565
264.736481 835.198669
6265.958008 437.134888
2463.187012 193.748718
1305.107422 1.690675
841.161804 7.631117
7362.560547 9.813577
10319.864258 14.069047
32161.003906 198.192032
5031.444336 95.510986
3667.056641 28.892397
57.325188 2.315125
2084.494385 142.446686
177.143280 192.216141
676.147644 261.720154
5564.557617 345.137939
37848.480469 4.549344
5151.925293 32.271709
18662.019531 69.223831
2208.360352 105.019707
401.623871 37.077183
2543.104492 69.506699
1518.108887 187.811035
8853.154297 457.522400
2333.788818 445.568359
870.457520 180.061966
3835.983643 65.548653
221.155884 35.919125
446.211365 113.849731
665.924377 233.170715
422.494690 414.486115
1171.190918 679.100525
4713.347656 326.299316
5789.323242 110.350029
310.532715 27.373142
407.119812 41.092869
938.814941 380.810394
4048.915527 395.754089
8694.291016 520.186890
12777.987305 729.925415
20040.333984 930.181335
466.032684 775.787659
103.455757 610.435730
3504.216797 464.538422
79.203125 364.921783
2036.205200 421.831970
5414.851562 478.051697
7659.679199 538.197571
5100.354492 793.027649
5390.591309 540.019165
6320.351074 384.447235
1375.316406 336.820557
501.571503 76.940758
486.092102 54.282082
2016.658447 55.278812
9899.343750 69.161575
2022.689697 379.527557
19379.843750 302.324188
11129.188477 211.134186
2241.552002 130.458054
412.366455 89.194824
194.216797 121.630913
387.824524 183.282257
204.515778 287.666412
27999.636719 21.786978
784.693542 12.199047
3452.472412 35.095299
703.802917 64.086685
1248.515259 169.569901
3620.096436 338.625732
2499.058105 581.700623
17982.656250 934.762756
3963.083984 474.640778
9601.742188 150.083664
3400.892334 28.982708
1383.888428 56.800045
2031.896362 269.951813
74.342491 310.097321
3631.386719 423.823212
225.959076 569.634277
462.433044 1133.635010
8588.126953 823.413330
4371.563477 536.926147
233.548141 341.969757
140647.093750 140647.093750
140647.093750 140647.093750
0.000000 0.000000
0.000000 0.000000
0.000000 0.000000
0.000000 0.000000
0.000000 0.000000
0.000000 0.000000
