151.979904 18.330252
3049.510742 73.459152
8015.269531 160.208160
15804.677734 256.921814
9510.486328 48.994125
3666.179199 29.498232
3577.225098 9.422388
60.278969 0.271685
558.890869 44.027817
5449.580078 12.074342
2337.483154 3.710219
12678.369141 43.925480
3868.468506 589.552917
1060.140625 360.736572
7771.562012 196.661224
602.083801 98.589432
2160.798828 105.187584
378.867615 80.984787
1389.510620 77.671654
3020.542969 104.526382
1181.578125 126.956985
603.771973 140.163269
7648.143555 144.973999
468.215515 131.882965
663.170654 3.207483
5709.020508 19.791597
1457.345215 80.022507
5563.339844 194.384308
4284.126465 186.581818
582.631653 97.792000
138.993378 44.134918
1324.102661 14.125576
548.390503 60.055592
3256.972656 34.025379
13216.882812 14.033852
508.016846 22.459187
4322.732910 528.822876
419.210632 321.278992
1507.426514 176.914093
2352.031494 98.371597
625.811096 30.479494
2111.890625 38.217236
532.637451 54.920395
3996.887451 70.579636
344.881958 113.528091
7141.337891 90.117264
4424.776367 61.114693
1322.155151 38.402122
8753.121094 31.571764
9813.014648 48.743259
13164.603516 73.287338
7630.845703 101.317680
4379.869141 35.044086
5183.387695 25.735405
2437.932617 21.384539
101.000290 22.803602
309.678131 2.268675
789.340027 5.559906
21714.611328 26.587456
25570.339844 52.537506
5222.869629 206.283829
8982.371094 144.427399
1855.385132 77.905579
1190.020752 26.458252
132.841843 37.481419
664.559448 34.035889
3049.425293 31.532656
4358.294922 59.602940
2117.528564 115.223366
5541.115234 39.252434
290.262665 19.028004
9277.336914 28.378925
954.656067 30.405029
2408.515625 30.967789
4185.045898 36.946766
3.714534 51.755604
3158.649414 151.535614
638.628784 96.128708
302.856018 57.518478
3077.269287 37.259087
1123.695068 26.935703
521.650757 62.770004
1508.664795 127.324921
6912.184082 214.452805
95.418098 36.770493
4234.652832 20.650631
629.010010 13.972459
538.274597 14.072432
104.421440 58.383659
1417.994629 20.809074
3709.395996 8.963222
1674.097656 22.946850
4088.702148 288.056152
6428.204102 242.272797
2942.867920 181.079544
318.201416 115.495163
209.037689 35.601967
641.959900 66.607445
3514.977051 114.431625
201.908203 176.301727
6987.731934 27.098997
5467.745605 12.019198
394.845581 10.489966
1152.348877 18.235970
3151.527588 2.604809
2570.562500 12.077829
12379.270508 78.925560
5051.790527 197.247314
1428.786011 178.420303
7784.846191 133.767441
3072.223145 84.930603
136.421051 35.068493
633.594482 40.294720
1516.172852 19.499325
432.047241 5.579845
770.029663 30.509153
74.979561 488.774200
12675.878906 269.968292
5522.854492 132.688019
2723.919922 67.979309
761.384766 89.990471
9884.887695 109.883331
5821.750000 143.947098
18090.123047 191.629883
7968.109863 222.631378
3519.768555 153.064697
1948.955322 107.197762
2355.730957 87.379242
152.213348 17.040390
609.554382 12.047831
3226.560303 15.432359
996.642212 31.284828
15455.322266 289.758392
4279.909180 175.072372
5287.841309 88.296005
3253.572754 38.034111
1988.975952 9.407018
1398.973267 7.467199
7568.526855 36.218048
11697.707031 89.879181
5899.374512 51.708233
15553.466797 61.728119
5117.682617 54.107212
1441.420166 31.409084
259.482300 17.855621
2572.640137 13.244659
181.660400 10.054808
6937.905273 9.040613
2789.545898 261.744812
3843.054688 160.469238
2842.786865 81.111801
684.143616 35.485062
1039.680542 7.631427
3217.810791 4.656566
1205.738403 6.078290
1288.561035 10.795488
4338.154785 42.222176
943.112671 34.549065
2631.824707 24.615229
1018.385254 14.817691
1385.731445 2.445282
386.335358 3.276139
7901.531738 13.208967
6222.462891 40.568104
3904.578857 52.116791
6437.143066 21.790264
343.866577 8.391581
1954.096680 4.124063
1137.444824 16.402166
1887.334961 0.301189
3965.877441 16.380272
13790.752930 52.301361
15260.007812 118.766464
11330.912109 128.733047
2288.663574 104.014656
710.350098 58.264652
7534.839844 2.979618
3282.091064 12.617956
12939.843750 41.473709
12056.402344 74.044823
592.697510 80.591095
677.062134 71.912903
671.487915 45.685326
1143.546509 17.010305
1608.593262 25.827366
139.730453 36.057285
1902.256226 40.540215
32467.089844 37.013447
4341.692383 164.197281
5796.057129 93.772018
2664.285400 43.708527
1590.586670 23.208672
797.989197 18.293886
2980.964844 22.204075
4021.377441 35.478748
95.100891 73.585052
2388.393066 62.132763
1725.375610 20.058891
3950.958496 8.980192
1970.348999 13.095231
705.877869 60.754620
4176.778320 29.688341
4425.265625 10.560376
3249.382812 18.016808
8250.704102 144.990021
6021.602539 124.879974
3508.143555 109.488823
3268.074951 89.425743
918.827087 11.228301
3971.171631 4.651590
1580.940918 3.528834
13688.402344 6.825492
17807.570312 82.677582
3446.040527 63.299000
767.712524 42.269981
2026.483398 23.997456
1880.890747 7.952784
50.552330 3.163648
541.185059 5.659237
2647.315430 18.569761
8038.668945 8.780379
1322.340332 12.647762
1644.969971 15.651323
383.422424 13.823636
31.547190 2.743631
1572.906128 2.499314
361.090942 18.818634
4101.000000 45.157764
2512.690430 63.214798
4031.761475 56.823936
3298.947021 39.501057
133.664734 17.942825
2603.559326 4.283718
388.694397 4.874301
440.695679 26.240990
1790.729248 81.599709
3938.567871 87.625595
629.403320 41.859341
1490.947021 20.684906
4740.767578 10.857095
446.639160 64.986244
719.278809 53.329529
7949.092773 42.652370
8784.690430 37.027588
304.298370 222.864777
3677.732910 160.833817
2532.735107 112.165237
1452.475708 81.820862
665.118469 19.539755
4744.460449 54.737064
1282.563721 123.124039
7434.062500 223.365234
5672.214844 37.015686
4995.181641 13.228396
2131.492188 5.897332
3103.966309 7.062711
379.104523 34.790375
4880.678223 6.257706
4743.562500 2.221736
1932.102905 14.751478
5395.097656 327.626831
4841.005859 256.848572
2788.396484 170.964828
2312.315674 91.596062
1033.320557 25.321383
1846.797607 45.343319
8220.336914 71.570084
9821.563477 112.930847
4994.307617 71.600555
963.132812 20.006773
2322.157227 2.438818
408.564270 8.649277
5169.502930 46.278275
5474.015625 34.334904
2322.319580 27.175249
7757.649414 24.637527
162.589020 111.967323
4894.142090 98.979614
452.506378 81.172493
453.526428 62.508690
1075.950806 6.418276
1937.655762 8.871940
2197.604492 40.279961
20624.742188 110.171844
10248.833984 17.517630
5210.724121 11.490355
292.360168 15.082116
4.297721 13.434973
2714.128174 45.946724
2963.811523 33.652058
376.335602 27.059084
4932.119141 34.259605
10158.089844 199.628601
3989.869385 136.448730
11747.140625 90.990944
2400.645020 63.087738
37.015549 14.650017
106.209106 11.777797
121.885338 12.139840
7127.645020 16.733196
5536.550293 33.700790
835.771484 28.716518
595.217163 23.975098
902.773010 19.146202
174.427155 2.719317
1074.510498 2.695132
7536.958496 9.491691
5176.308594 29.146690
3555.951416 13.191986
3207.061035 3.056632
653.772400 2.021556
615.935852 3.171918
2378.060303 15.492077
1225.240967 20.652489
1278.833496 32.262707
1808.698486 52.389969
13406.531250 77.141174
10936.518555 45.382870
998.438293 25.397995
1186.153076 16.394299
65.626923 14.638144
2414.695801 13.583285
3342.129395 10.641216
1213.865112 7.163609
74.703171 66.224121
4798.926758 41.788307
1169.038086 24.718355
1465.560791 16.709267
1887.731689 5.551024
4514.339355 10.828298
521.656921 15.436226
4905.989258 17.519409
1205.840332 8.261728
1094.542114 4.072453
1362.753784 1.437444
1827.310059 1.911731
1232.749878 3.445610
835.769470 8.306937
3509.373291 24.036400
12163.943359 50.125805
1276.825562 1.688160
630.878906 4.253764
109.601944 5.971652
887.256104 4.693810
415.017975 21.682846
1016.598267 30.215479
4539.680664 52.723297
541.182373 94.053497
31306.800781 134.100922
9969.389648 76.668617
3040.516357 41.098499
6518.125977 24.532070
937.817993 23.455425
3464.109375 19.839081
1865.911865 37.583359
28753.763672 87.680939
20053.361328 262.319855
13298.664062 157.358459
2969.547119 85.409546
2641.177002 43.732559
625.905151 42.697308
377.482513 16.678961
397.265686 4.686539
5118.391113 0.858950
2592.702148 207.248825
574.637146 180.313248
10911.520508 134.365372
232.069717 84.087234
3190.159180 13.586584
11384.252930 17.955482
20956.925781 18.451393
13449.013672 15.191404
5881.470215 2.086806
3958.406006 0.120479
1587.534668 2.014137
326.202820 7.286895
1733.559448 13.128430
1853.269043 38.085194
426.092712 74.204346
537.860962 116.024292
336.042358 33.040070
9598.497070 13.025369
4905.155762 1.897109
497.567963 1.312244
856.462708 12.959795
1095.074707 8.512628
3045.142334 17.480766
3945.149902 52.260849
7379.380859 273.935699
3283.759521 153.591400
544.493713 72.959915
480.557739 30.554745
421.678802 46.567867
377.708740 22.935892
7286.224121 9.105549
5704.182129 6.144346
2436.345215 176.415070
36.724430 148.788483
1063.843506 113.883057
1207.731323 78.050827
1587.186035 2.866368
5551.286133 8.344902
1061.931641 46.053444
14815.179688 114.434174
5211.442383 5.580503
2363.587158 19.221682
774.674988 23.887695
3084.532227 14.685225
1119.872559 28.864683
3406.309082 13.891468
4822.169434 12.237888
17264.642578 12.865678
11751.317383 269.965210
226.756393 205.951431
2886.877686 130.927826
746.252319 67.606064
4160.225098 11.115959
5829.706543 33.549164
3959.887207 70.975502
3916.571533 115.806641
1330.395264 18.406771
817.828247 12.001528
2882.662598 6.211881
1273.207397 3.809798
533.927124 0.641951
246.943192 28.703642
6322.799316 111.090240
21905.279297 211.800125
17397.287109 173.829132
968.583496 156.224075
800.918518 98.404755
1247.493530 32.632710
3000.213135 16.927906
1806.124390 18.070423
7905.729004 10.038429
1412.463501 3.667554
1377.496338 488.379181
1066.898560 260.648102
1857.432861 103.540138
630.073730 31.360723
777.506836 42.771584
5978.297363 66.886620
3607.559814 128.499939
107.709564 213.192719
8353.806641 33.993008
4223.339844 56.149029
140.926193 59.234131
2697.573975 47.817375
103.999046 22.501886
316.514465 14.462484
1418.045166 52.276917
12692.042969 128.096924
13746.953125 462.744263
857.452393 318.416412
2652.340820 183.310516
2446.887451 80.086746
38.648941 45.412151
2740.695068 10.964417
6116.997070 0.683280
3969.392578 27.900536
3325.449219 304.425964
7031.509766 221.032425
1377.505371 150.997574
6.256517 93.217064
1339.902710 31.625822
8198.458008 14.946734
5333.330566 3.212302
4123.656738 12.806164
2817.213135 135.920197
7057.879395 85.343208
1477.486450 58.451221
183.769058 44.741089
1738.976074 12.229688
317.764008 9.435801
1318.881836 9.917710
11028.177734 7.076063
1961.037842 170.210938
2459.515381 116.834511
3063.492188 64.826355
317.449158 28.630281
1562.637207 2.463962
3059.187256 16.014366
3406.937500 69.109741
17395.207031 153.375641
6363.007812 19.532436
89.818085 33.264095
1177.422852 31.758684
277.447784 15.536489
5702.018555 3.670637
5168.184570 1.150968
3048.580811 17.928352
1266.981934 60.174103
6885.840820 246.522614
4163.870605 145.071838
10098.669922 70.336349
379.836487 24.968500
791.701721 81.828423
6307.527344 55.234970
19168.947266 19.671267
8586.138672 0.256477
5413.221680 164.024170
2424.459717 111.930542
2143.550293 93.061478
3589.815430 90.584656
997.902527 28.517429
2599.005371 74.614769
7149.519043 186.521286
1016.645325 344.199615
14467.149414 47.864250
9089.534180 59.463005
3906.620605 53.214146
11410.622070 33.069687
310.439514 36.254314
6898.102051 16.924330
7145.517578 3.619621
8544.160156 3.489404
4553.853516 433.826996
11067.438477 273.958588
4453.250977 149.239929
951.836182 73.534714
1416.316650 45.976528
1046.099609 36.763908
1560.928101 20.765768
957.027527 14.275078
15669.821289 27.317076
351.606903 15.744992
4415.793457 25.187199
107.970947 40.348808
1674.210449 41.881367
353.568176 52.342075
1588.935303 88.202332
7773.514160 148.899918
2283.119141 67.610741
8053.785645 60.637493
1848.714111 55.069672
2960.802246 46.857780
517.419739 38.758720
77.303665 35.854130
2369.706787 72.499451
2735.611328 183.329697
7680.772461 363.084381
64.053375 193.522888
2139.282715 100.679138
2162.326172 58.473919
383.943207 99.395378
613.377136 106.542435
13300.141602 150.628281
11572.646484 221.449402
5165.125488 546.956177
426.422791 382.175598
1590.277832 238.549042
2555.484863 141.434418
19.796110 54.310768
968.325317 29.380177
707.737549 21.934732
6240.447266 21.094053
15998.845703 350.169373
6556.611328 274.972229
735.965210 185.189087
3387.183594 106.502625
995.934265 8.862411
982.087158 16.727369
2059.960938 36.706203
3651.631836 70.985710
5195.901855 47.514805
184.946335 25.884840
134.563309 14.138396
1041.655762 8.835394
1343.787964 20.823742
3157.471680 23.992785
1559.229858 39.585331
11514.416016 72.844376
3418.889404 157.883606
2.951854 93.909592
1845.505371 51.204201
341.800018 28.652245
1209.202515 2.257001
1572.289551 15.385786
6251.898926 83.348045
2995.276123 178.628845
19960.154297 134.589447
3049.519043 137.375916
544.201904 98.209091
160.720535 40.220047
920.113342 12.020160
258.137878 5.901682
5372.988770 29.458612
2886.209473 124.278328
7515.024414 493.715881
325.326050 242.857452
2760.586426 97.454735
1405.886475 34.470398
2545.217285 143.401520
697.644531 129.399017
470.590332 118.776398
4819.463379 107.381203
2292.996582 443.799988
43.876312 336.679504
203.730225 240.580444
4117.207031 175.902588
1454.926147 35.761562
5049.020996 56.029480
6504.337891 90.676125
7354.981445 144.809189
3153.373779 96.381577
991.731873 48.896912
3200.738770 27.743111
261.603119 25.758327
2224.968994 36.804848
1090.006104 3.446393
250.827515 13.908258
2380.537598 61.740307
17898.443359 251.982681
2417.544434 228.494537
5077.635254 174.089447
2855.352051 101.907486
4078.265625 29.542269
35.538372 27.351954
6754.444336 30.544468
14508.359375 57.679901
74.703407 145.455963
2608.247559 71.458084
693.899231 37.557907
307.618835 29.870398
770.489746 35.579544
699.851929 20.450308
6232.790527 14.121998
12191.404297 16.541855
3146.593262 103.196518
1827.345581 94.809143
805.192322 78.058525
1080.675781 56.511024
540.269653 5.219913
2530.552246 24.478384
1272.359741 79.105186
8080.605957 177.273193
485.720947 22.516811
694.571167 1.882442
1195.547607 0.481906
6456.646484 2.039047
150.287537 5.498966
489.024933 1.228037
9382.928711 14.098867
359.059692 37.921406
3524.847168 254.947357
352.509583 170.627350
5197.483398 91.775375
763.431152 34.626442
1159.999756 29.990145
6434.128418 16.160707
1719.581543 4.465541
26898.261719 33.552086
13397.322266 181.879562
7260.382324 71.217979
1920.723511 30.593857
622.230652 29.324924
1870.343750 66.181511
1607.406738 84.791878
4041.528076 140.121887
2226.914062 208.563675
19900.527344 207.012390
6145.318848 184.044693
20533.841797 137.274872
3612.108154 89.007668
2619.596680 25.614651
880.402832 40.068848
7478.817871 83.949211
14540.347656 183.049835
2414.797119 259.933563
562.577454 119.311317
997.837646 48.448769
1178.779053 25.659462
529.153381 51.433910
1914.967529 17.640970
5180.497559 10.064331
12230.130859 18.977356
1571.073120 284.046967
4102.425293 248.684601
3037.023438 184.193024
467.108612 111.270622
1611.858032 1.036707
20.860474 4.511487
618.319702 33.089550
4180.811035 112.055641
9247.952148 89.832611
2053.195312 22.201096
1649.571533 1.302390
3224.386475 0.682597
2191.400146 66.646652
1809.611816 52.775959
1350.746460 55.381821
1517.868286 85.114380
1553.765259 382.449249
3794.091064 252.692749
1606.887207 156.611877
660.548462 97.787178
252.909134 32.975029
2812.892578 47.772957
3640.812256 90.140106
3013.360107 156.095154
10047.848633 277.540161
1170.873779 177.711990
812.745667 98.419037
220.920395 49.264404
1853.799072 82.483528
2023.451172 129.468903
750.138123 209.779190
4317.789551 309.394958
7075.465332 243.954269
2984.219238 165.300171
858.953979 105.373817
2203.113037 75.091415
322.156097 49.588284
13142.086914 98.060646
6464.076172 221.543243
129.050598 420.845428
6035.056152 542.424072
828.436462 318.769592
974.723511 160.037140
171.691101 70.783630
743.375610 232.945694
1680.890747 178.426346
1764.229370 116.123825
2174.671631 86.130180
2775.247559 899.266418
98.525345 600.478821
9415.907227 397.230286
2811.125000 289.856995
47.654797 42.367455
1168.066650 35.369347
2348.788086 38.864216
6168.368164 52.430466
6257.983398 97.086548
1850.980347 87.278778
3302.366455 73.117798
1419.399780 56.648945
559.037659 32.668266
513.432739 9.776506
11013.279297 2.837945
2409.071289 17.370653
2734.693848 62.587444
105.917633 73.995911
617.695618 74.109520
339.876160 58.449219
2260.018066 6.242751
6264.142578 55.066154
917.182800 180.140442
4959.215820 345.554199
13535.958984 86.360786
7779.176758 99.489105
1361.507812 72.303558
3959.835449 25.812870
1990.620972 14.746311
715.350586 17.428122
623.750854 33.035603
3482.124756 43.310287
14796.734375 644.445190
4534.284180 404.497986
4786.651367 194.978500
1422.736084 63.666656
788.115417 75.239868
838.092651 60.511978
10478.270508 28.748318
16666.367188 12.650927
11659.763672 143.954071
368.512665 68.824516
509.204285 50.859207
2093.600098 64.926857
6144.087891 16.759674
5515.848145 1.615614
5874.063477 12.634647
19784.501953 45.801239
20440.521484 73.845032
14873.032227 86.014786
7877.527832 76.015114
2897.501465 47.706390
6337.629395 32.993526
12494.162109 51.605072
9718.000977 88.508972
2709.115967 144.707474
16701.503906 103.258530
1689.463745 61.965137
5195.795898 38.264515
713.614441 29.144264
4188.467773 38.562370
1726.313599 43.541752
854.172729 79.245865
6007.393555 156.237640
10148.982422 329.971191
8642.443359 199.140884
1021.725281 109.646225
873.899353 59.113266
944.142883 115.259308
3721.988525 92.983116
715.791443 72.707848
1926.867188 75.124367
1355.895996 284.918365
583.720337 203.479187
1592.988159 156.283234
2695.198242 132.911377
127.675049 49.463753
88.590904 57.659779
4335.644043 72.095375
1438.914429 90.236412
2164.367432 72.765236
2745.605957 61.533028
74.289764 52.775173
560.975708 48.161476
317.984253 5.513719
6978.995117 5.993316
9900.691406 49.403919
4683.673828 147.630539
957.890869 64.395378
2203.399170 43.899704
173.785492 35.586895
819.431580 22.228590
663.204651 54.539581
604.797363 51.343536
3921.889648 37.988232
6275.001953 16.489365
12356.384766 390.492645
3910.653076 239.326111
986.566162 126.690254
608.295532 69.750565
4508.360352 31.554764
2572.939453 75.041176
9354.184570 142.652283
1524.986938 221.607712
2196.631592 0.672404
924.217651 1.970863
2000.641602 4.881615
961.978455 11.448775
477.751648 27.541319
472.518555 4.921464
1544.582275 3.382973
10043.211914 22.594383
15938.557617 336.154785
3688.508789 238.499146
680.716980 146.317184
1412.970215 74.208488
2665.369873 38.983246
183.186584 11.698049
898.061584 5.773438
8086.752441 51.531696
5794.694336 66.821136
564.667053 47.934952
336.937866 54.802269
4101.756348 56.957321
528.891846 47.749889
684.030396 29.750484
275.857880 18.142027
1690.577637 11.249291
331.453064 238.714325
3480.925049 181.051025
4255.409668 123.298309
1119.731567 77.691010
1067.446899 14.502300
902.154053 13.860628
3693.027832 18.119820
13692.927734 28.809036
1624.824951 24.408445
314.858276 21.149673
586.521240 19.342449
39.818005 17.084297
1156.680420 6.099714
1010.501221 6.919110
4822.148438 36.300114
4514.215332 98.711647
5473.661621 44.024342
1794.761230 35.790161
9627.105469 30.027014
5174.709961 18.670376
1268.050537 30.999264
3682.085938 19.802450
25816.785156 17.239254
17273.355469 18.403097
2919.145264 227.024048
7675.498047 166.344055
2250.714844 105.236870
1805.887329 58.302330
556.078247 17.299284
3645.667969 27.503220
16159.303711 57.515778
15689.660156 101.406731
3689.849609 21.480911
11866.149414 29.382586
4698.267578 28.969328
1820.932739 21.665159
103.579315 3.318951
1051.368286 5.634525
8443.297852 5.045341
5897.366699 0.978622
3608.229248 174.269348
634.501587 96.985016
1813.023926 38.955341
2855.689697 9.677319
2798.046875 31.114466
321.243835 30.942820
1837.638428 23.607718
93.425781 15.980032
5909.118652 3.192796
7274.413086 0.685338
1140.609131 9.447873
1550.508545 22.392227
261.847504 17.523281
931.031921 22.191130
2136.465088 31.124039
6911.378906 48.492489
10688.492188 17.362038
3740.364990 8.394983
55.946732 8.876848
232.835342 13.203837
1533.974609 65.719337
7627.507812 71.817245
3904.486328 64.096161
10443.766602 52.809799
103.848747 119.807060
44.673664 66.114937
476.336487 45.152199
1702.592651 51.031963
714.162231 0.822911
2155.626465 7.129097
3250.766602 53.894783
7033.858887 157.536713
6061.034668 79.766708
5397.854492 35.962971
1650.348877 19.693918
580.172485 9.899974
1100.456421 51.223129
5.284519 20.043003
2328.729980 14.790583
1409.144043 19.829628
8350.332031 398.959259
262.212280 320.035767
2265.726318 215.734268
339.357239 118.369659
6018.174316 12.942972
8289.332031 13.337191
22405.599609 21.296061
14626.764648 45.663944
3064.561035 66.444489
3919.836914 33.236721
1153.286133 18.412828
465.417694 14.173639
631.260620 32.926010
1368.675049 12.371075
455.582428 6.171333
1074.993408 9.349567
8644.391602 141.430634
28938.125000 131.855209
158.347366 103.362167
2440.870361 66.210373
1603.804443 0.644713
5542.353027 0.927076
3271.926025 2.948208
2084.302490 5.956699
8422.145508 24.235672
3331.626709 15.866588
1884.132568 8.240579
2127.861328 2.962342
976.841797 4.180861
474.364349 1.740628
2850.714355 12.815491
4704.922363 47.454971
1563.963501 10.039230
1939.949341 1.924469
813.695129 5.115222
536.959595 7.390146
3711.150635 18.721146
3429.545654 12.925526
527.071899 15.492161
11357.493164 25.027700
7063.937988 142.717667
3800.543213 101.935226
46.341030 63.868107
601.112366 35.314316
959.125244 15.738943
7601.477051 18.359274
1518.709106 24.164236
228.926880 47.896851
6501.497559 123.128052
328.102509 52.514709
1739.578613 19.184792
547.050415 12.585692
351.049316 21.990477
7864.611816 37.142113
1232.105469 110.580162
14137.541016 226.830399
17913.476562 123.244911
5459.865234 120.461464
900.765442 93.706970
2331.332275 51.348392
3837.639160 52.259346
3984.610352 51.527523
5311.563477 71.497734
2218.298828 113.876595
19587.853516 464.528229
2376.244385 295.533508
8521.084961 163.772293
367.019501 84.557144
1342.270508 32.530018
12.342707 16.397852
5497.490234 15.487961
5611.072266 24.452486
1394.851074 207.697937
8445.271484 165.643127
1800.166748 114.072701
227.185532 66.324165
1536.532349 63.099995
1531.280518 87.339668
1506.210815 112.679626
5258.743164 140.315063
1193.721802 32.681900
4239.981445 19.152067
406.363281 23.680281
2348.851318 40.524139
740.102722 20.249935
632.517090 39.086594
10895.456055 87.013580
24928.632812 187.997223
522.670959 257.665466
1903.013184 113.770920
149.995422 40.444736
184.711975 17.587227
1788.733032 75.654114
7123.480469 33.282333
4433.681641 16.155645
2700.957764 13.532065
8778.658203 387.262878
3483.701904 327.708557
3927.697510 238.754715
300.429749 147.293213
4813.497070 29.662270
793.259460 19.045294
2187.773193 8.213802
14919.005859 1.223507
9673.204102 33.349190
10061.267578 36.430313
9189.800781 38.400986
3560.654297 36.554497
11406.633789 0.371773
8456.250000 2.554932
2004.465820 6.526680
16271.562500 9.577250
13044.549805 15.853706
2749.201904 12.099125
4832.429688 6.406953
3110.085449 1.748867
312.228394 16.004274
322.847717 15.726324
3559.033936 20.952517
9130.499023 35.716007
1773.682739 3.843432
18504.402344 6.186671
10928.127930 12.127026
5412.518066 15.931355
1346.672485 22.121906
4812.558594 27.723612
154.457550 38.466660
1043.011108 53.270527
686.998657 53.270527
1043.011108 38.466660
154.457550 27.723612
4812.558594 22.121906
1006.963379 22.273041
3468.857422 11.129960
12380.917969 38.751419
20003.357422 122.307625
29061.029297 56.895561
1458.287842 48.504093
1478.540039 50.993141
909.906738 42.608406
2025.659912 27.926228
2003.597168 8.435811
5688.923828 0.548500
2290.760498 3.415476
4752.326172 179.081223
1361.276489 141.881287
1374.205933 98.990105
199.360611 58.987061
481.180389 0.897962
1243.807251 10.376665
958.674805 44.274132
8567.858398 115.892471
15119.791016 56.798389
6151.993164 15.506597
3.720669 2.063007
1950.739990 0.051620
2064.028809 14.093658
152.746552 5.799830
3603.739990 2.280438
1786.766357 0.052343
3563.494141 315.678833
1327.978149 201.783051
1663.226440 104.290771
1006.467529 42.063236
633.788208 20.311520
4464.886230 20.234259
7573.920898 28.248772
10555.403320 40.016773
1650.712402 33.011074
3085.361816 38.934677
403.709869 35.876427
2358.267578 27.420080
825.648926 4.577177
4941.182617 3.467813
4796.070801 7.563243
9994.258789 19.305113
11337.203125 12.779786
3313.968750 9.492522
1164.086426 8.572578
2182.622559 7.094871
1393.509521 17.736618
85.226120 48.302853
224.749649 105.831604
4155.314941 190.866730
7584.923340 60.962112
614.395752 24.428997
2726.881348 8.601496
271.784790 6.587111
1473.302002 79.471092
1029.046631 61.436867
1181.674194 51.255898
7941.976562 76.590080
1410.683960 560.278137
27.277195 331.858643
1102.953125 182.729660
2227.051758 109.482590
698.293030 86.490768
2622.197754 94.205353
953.934631 140.088165
4979.558105 222.978470
7019.096191 256.810059
3739.277344 198.156616
832.138794 148.034210
214.702621 108.249039
679.075684 56.809784
8428.091797 23.190948
536.932068 18.367756
933.948059 21.283413
7929.940918 413.429932
2482.121094 343.321198
999.075195 236.486313
986.741150 130.981018
753.972900 17.693504
4129.523926 38.760868
192.645081 63.936546
1517.221680 84.428909
11125.558594 34.220940
2290.701416 21.007006
1584.725952 9.889458
1439.384521 7.519716
4880.108398 30.040203
554.244812 66.150665
12799.544922 117.785454
3910.680664 167.887314
2750.499512 136.722656
2218.921875 87.989700
1141.608276 44.515491
193.039490 22.114864
1035.997803 0.330535
1003.032715 10.795336
2510.918701 32.810234
5872.864746 44.972141
20850.482422 302.355011
17859.533203 200.445374
4977.678711 96.947243
347.336304 25.668880
199.055542 5.932343
4576.413086 3.489228
4386.343262 0.041227
6074.884277 6.664973
2421.801514 78.934433
2513.221191 31.934843
189.172806 9.778219
1403.947021 5.285988
655.530151 18.548597
773.781982 7.848715
141.805023 4.531100
2465.245361 7.666986
3314.091309 50.109810
3646.752930 53.275192
3497.043457 46.945408
405.698608 33.517929
1104.617920 8.820878
372.263947 15.306057
3889.924805 28.830742
13165.234375 46.251900
3954.003906 28.991497
2665.572021 22.317749
1476.752441 15.106630
715.686401 9.539988
959.529907 17.157536
2361.374512 25.295862
1376.756348 30.377216
5916.970703 29.285566
6156.313965 91.035515
1514.008423 53.617794
928.959167 25.938589
398.931793 14.554226
1670.584351 26.996264
1775.391968 33.698112
7216.291016 28.186474
593.595703 14.498722
10968.723633 53.259426
8583.687500 21.637018
1503.263916 9.167967
2428.831055 14.552320
833.458740 51.652554
5368.083008 30.091984
14484.791016 5.003156
15176.950195 9.342520
4391.588379 17.208536
24682.554688 1.181567
2095.730225 22.173826
335.187195 47.852551
410.315155 74.091774
2131.160889 49.802765
1428.364990 21.258490
128.473816 3.996183
1160.835205 17.592577
4245.541016 40.871094
2491.389160 67.042763
1190.767822 80.931534
2056.782715 16.021460
95.335587 2.098207
2382.417969 15.741898
9767.408203 69.161400
6592.285645 3.260942
4931.395508 19.804579
419.151642 35.461311
1791.528442 33.561554
1023.997925 40.989594
7911.988770 37.098759
5430.399414 42.706917
5519.180664 65.296967
5336.512207 161.589050
4539.530762 107.013611
2480.828369 71.206696
88.309341 51.282837
646.728271 15.756168
2233.786377 25.793476
17408.164062 54.379101
1510.781616 90.201744
27669.097656 97.367554
9778.334961 79.595108
15081.668945 52.431057
370.308929 26.970343
430.905273 33.610260
2609.676514 11.383727
7281.476074 2.047588
9183.801758 0.226488
23303.539062 168.351898
9897.784180 148.957169
938.526184 111.785324
4731.597656 69.292282
2944.615234 1.829854
1542.523926 2.171308
3539.242676 4.182668
17214.546875 8.241937
3850.886230 14.463355
2395.012451 8.974830
611.391479 5.126780
778.167847 2.820823
145.955505 2.941877
2855.565918 0.998781
1261.181396 7.132777
9255.207031 19.705618
20152.939453 59.852486
6051.547852 44.330894
3776.588135 27.471451
3022.782715 12.545276
1231.471802 0.118944
3507.728027 0.652139
6183.937500 5.316571
16049.260742 22.181200
3542.055420 65.487267
2068.765137 26.271620
278.320892 6.595147
1264.721436 0.674354
282.145264 21.302959
2529.913086 29.551762
3997.812744 47.606701
14449.742188 69.328690
1105.111084 41.816696
3820.189453 39.391159
7674.679199 31.788565
586.972046 23.556742
3769.508301 9.414271
4299.435547 7.835350
1463.696289 18.715790
305.238190 51.424576
859.945923 66.678947
2859.584717 35.844418
5679.027832 21.426489
2239.124268 14.594706
3601.839355 25.108206
2251.341553 33.725075
2233.430176 47.314228
6710.963867 65.278427
3504.566406 93.412094
115.607948 58.480068
662.974060 34.698872
145.991837 24.217350
701.274536 38.735634
758.797852 58.105282
2116.313477 95.660645
3223.011230 154.618591
457.213928 54.919350
5864.647949 32.747185
1258.062378 27.117975
532.510620 29.954325
812.675293 25.937222
2399.179688 37.041985
234.155411 74.093758
1960.451416 149.106689
4749.058594 183.496399
10972.433594 99.299965
1232.300171 51.865231
3969.664551 30.758741
1060.593018 63.211113
1699.300781 32.678082
2027.221191 28.002888
738.076111 64.216240
20059.029297 216.245300
6374.282227 172.976425
2256.947021 137.774521
3573.438232 101.679794
2533.306152 35.156704
456.232025 53.105453
2808.434814 88.315910
11530.464844 148.573898
1774.234009 136.808258
4082.249512 71.397743
710.244751 38.250027
445.883484 29.265343
1944.034668 14.675880
2813.099609 7.897300
344.177734 20.529125
2782.183105 70.726730
10950.636719 226.188843
1948.294800 124.090195
855.509644 62.656040
4085.850098 31.160641
657.707886 20.306831
740.888794 2.434047
2042.619141 2.815153
16442.808594 24.258860
18958.001953 174.107452
4860.360840 132.073669
2094.561279 89.938660
2380.625244 51.250412
2168.563965 27.466524
2536.693115 62.212914
3847.624512 100.719505
18292.523438 121.163261
1065.880127 187.072205
1313.191284 117.674545
2124.421875 53.638176
2166.550537 20.672924
1332.127686 2.193838
1060.848755 1.038101
9060.956055 1.748948
21959.683594 25.365004
1156.357666 189.567841
784.862366 77.640923
5590.111328 19.369385
550.166748 2.477702
2204.771484 77.374275
1220.811035 60.496040
2923.352539 44.984615
372.358215 33.033817
3491.410156 86.201591
2019.729248 97.438034
7724.040527 99.318390
1868.683472 91.724136
746.878174 20.448208
3290.154053 35.957355
9947.179688 64.650543
6992.238281 108.609329
1492.998291 29.562262
1598.968262 13.475130
321.380096 9.862336
534.650818 12.824078
107.831070 25.363121
2119.328125 21.134687
5796.837891 30.395027
27443.363281 59.096119
113.753990 263.508728
1499.538940 162.969208
1488.229004 88.894424
1341.160889 45.199829
2588.851074 56.737572
143.144104 51.526062
4169.250000 60.984203
2075.401367 76.155685
69.307426 117.049545
3892.351074 118.659210
9861.998047 101.829048
442.039459 76.637611
1287.275391 6.215742
4771.383301 5.117858
5591.758789 7.496759
6081.070801 11.125355
2683.985596 209.627289
2244.553467 128.037186
695.062866 61.245354
398.260498 21.285196
65.180290 31.945547
1071.795044 52.010921
7067.096680 97.488800
836.037292 169.519257
8054.907227 48.777050
4373.572754 32.912357
1269.820190 28.185017
360.790802 27.251148
4050.264648 38.063747
1875.659180 22.130383
64.421021 21.550539
6819.163574 40.599598
576.965881 371.851990
3885.818848 245.818558
1403.766602 143.059616
279.580414 75.032021
668.506836 8.205255
2752.465820 1.686646
706.628601 11.702421
4347.203125 29.471193
5969.252441 121.684822
1534.190063 102.392220
1077.590454 68.683746
1010.334351 32.947811
534.484619 5.929090
3265.682861 2.688083
1377.969971 40.973595
29550.738281 150.138992
9684.682617 103.874504
2443.974121 42.197971
4320.410645 24.190113
3123.083496 17.410418
5662.192383 86.609711
2255.882080 68.203545
12162.237305 66.867340
4191.856445 90.868057
4729.398926 398.630463
331.543457 279.345245
4258.458984 185.409271
2551.634521 123.060020
1559.629150 37.926521
4012.507812 41.121414
8329.880859 58.067421
25677.978516 94.065933
30190.425781 163.469421
17954.699219 105.116699
2504.852783 66.530251
685.852539 45.703270
1412.966309 31.719730
3495.051758 15.888504
7731.222656 5.403245
1202.581909 0.221240
18824.250000 162.035065
3634.864746 125.243027
4032.065430 87.095505
676.488586 55.039135
295.685791 17.400658
4786.798828 44.597919
9017.876953 77.380280
8066.230469 104.296371
11710.242188 7.849016
5142.644531 4.499214
41.609196 0.443151
2448.067871 2.758893
1388.824707 28.767956
3772.922119 24.005701
7159.499023 18.788687
7260.574219 15.942814
701.831055 165.406326
4240.474121 106.487610
2883.537354 62.654434
446.119873 38.548260
533.092468 31.083242
3642.423096 38.363796
4657.600586 46.407585
14987.061523 57.394741
3938.490723 57.850918
7355.265625 35.611874
1703.147095 25.431612
2484.111328 25.455261
237.807449 39.194649
1897.005249 36.576874
3102.311523 68.388802
3367.484131 121.490311
11093.058594 98.711365
819.781189 115.612007
2310.568115 102.156158
2484.191406 68.689392
164.999481 7.738310
997.778442 4.377236
2714.530762 5.876883
4060.403076 22.644033
4594.287109 242.082733
8391.293945 130.447540
4824.910156 56.181709
3469.703125 19.956390
3858.607910 6.596479
3172.578613 1.903065
5063.584473 23.757915
956.471008 59.109169
1736.839844 129.391556
3820.837891 116.466248
40.839481 80.789413
898.858887 37.517124
376.912781 23.880186
5077.083008 42.821373
8566.995117 73.817726
3220.254639 124.370705
24132.269531 192.820145
5268.790039 94.710327
1413.221191 37.790005
762.193726 18.504211
8059.066406 29.470272
5987.540527 7.224301
5097.114746 44.146587
16594.779297 114.387291
5425.680664 291.895844
5450.401855 275.273346
1398.583008 202.898880
617.797913 106.019508
998.048157 3.131509
5132.457031 1.159920
7788.767578 1.089673
1222.161133 0.379854
7515.325684 337.494751
3579.027832 199.654160
364.047333 89.228096
244.263992 25.579435
5694.370117 35.670273
1223.968506 47.930889
1308.799316 62.609051
12089.677734 72.838463
4507.521484 27.632088
7972.927246 30.352859
166.778381 29.481148
1058.015625 29.781315
427.340576 1.023340
2606.336914 5.388849
8944.384766 37.084389
10451.392578 109.331635
1213.590210 71.398216
3159.063721 30.966427
3483.866211 14.618089
335.229553 6.795038
1531.286499 45.829384
3320.410156 40.379444
402.329315 54.234016
310.728943 100.407196
1863.072754 233.587601
278.080444 148.385834
297.501221 93.699371
4812.137695 62.730267
1186.676270 20.064272
4082.152832 8.969823
3292.373779 2.379711
15846.825195 0.587656
3736.296875 323.200836
6519.602051 205.506332
958.833069 108.706520
175.362045 48.247833
6409.928711 102.106392
12528.176758 178.441284
4321.902344 255.370132
4874.645020 302.849335
5319.072754 34.368355
2523.707764 30.940805
3774.965332 30.107584
3734.551514 50.327393
1557.834961 8.238531
1601.676514 0.192384
6564.012695 27.641003
2123.274902 140.470840
6209.785156 485.098083
6501.935547 228.635239
1554.307739 87.869690
28.275162 30.166389
352.627777 121.208336
2799.290283 36.552731
11443.273438 3.819381
6495.457031 27.871990
16275.604492 364.074188
15869.913086 369.306000
487.024323 321.914612
726.323425 229.234650
1363.171509 17.787172
3908.322754 21.877102
551.216187 37.274029
1030.832275 78.491318
473.508301 181.723602
1759.605835 89.980095
1878.823730 39.292229
4815.108398 20.519442
1678.361450 38.850365
2727.409912 17.395508
4630.205566 8.190666
2156.716797 6.280146
2163.002441 221.018448
4390.546875 179.233795
1242.626831 126.055832
477.829224 75.937386
1221.923828 16.891352
160.578506 19.806614
1998.271118 19.605986
7067.883789 22.269760
3632.000732 27.972492
11270.592773 8.984879
1666.276489 4.805773
35.463974 10.121645
1143.972046 8.058116
2289.253174 7.070766
1242.216431 15.669092
1916.331543 37.480972
10207.735352 34.810883
2399.343994 23.959684
1437.510498 18.007780
3203.746094 12.924432
1068.551270 23.273512
6439.280762 26.763781
3121.122803 39.871609
10706.626953 55.354012
7074.005859 109.164703
3763.773193 85.017136
3409.842041 56.687172
1955.096313 33.735245
637.724121 20.352114
368.515442 39.413490
1550.423828 76.574554
5464.915527 133.594757
11963.347656 99.838799
2676.118408 52.780296
1004.685059 25.981009
159.313766 16.103951
3747.300781 6.195951
18626.261719 6.797378
24801.453125 33.983536
19844.384766 62.899750
546.036377 306.821960
373.229004 229.745697
543.338745 131.963211
1070.518433 49.076820
958.443848 61.662880
4053.689941 71.467628
9538.244141 75.760376
24856.697266 101.457596
14893.375000 193.335114
8880.921875 80.684540
5521.529785 37.443027
2050.628174 42.623627
1382.346680 28.410629
4317.943848 11.002658
4370.223633 9.993581
7852.229004 24.415564
1753.668823 226.465881
2855.769287 169.629562
6442.614746 111.708099
493.638275 62.641056
1007.472778 50.270161
2487.684326 50.852402
7187.647461 66.344467
4133.887207 92.313477
10150.261719 96.098938
131.879639 90.950714
1263.763916 78.236313
309.010498 61.965641
5896.875977 9.813282
3646.811279 11.275918
10354.139648 29.945942
6832.713867 81.220116
1956.043701 296.313477
8419.718750 156.128799
7360.934570 66.865974
242.892059 23.875399
2357.593750 93.023155
4194.875977 66.175987
4082.453369 48.873871
20754.072266 41.180145
9729.800781 241.251175
18198.427734 210.461990
2882.344238 170.042236
836.545776 128.716324
757.777039 27.728909
509.127411 32.006748
2549.201660 46.364754
1618.288940 70.683006
9357.955078 87.757706
25.143963 63.097599
5733.992188 44.341835
803.240479 32.279827
1141.664429 20.760900
882.263306 27.759773
366.633911 75.333588
2434.593994 156.911560
333.063080 185.551712
1886.347168 139.875702
113.348236 91.475548
3013.414551 47.047920
138.415573 25.308811
2732.728271 20.357216
8598.501953 35.737068
22595.353516 58.320972
3175.501953 311.737213
3757.359375 224.761292
5207.662598 133.459061
715.355225 62.516296
494.445801 13.213699
434.064087 4.858281
1576.684082 54.003441
9090.059570 225.077499
71.246613 160.695984
871.612671 36.959595
3782.339355 12.666012
141.836853 19.603485
933.318237 165.230927
112.657623 115.978844
9617.689453 112.305595
8503.270508 162.166122
146.653503 815.544373
368.944153 598.526428
2357.497314 406.245911
501.369720 260.580933
985.457520 47.140266
1321.404907 63.809128
4426.036621 97.589622
3744.410156 144.469528
1442.491699 472.838806
1840.221802 286.680237
842.562378 144.493729
1823.126831 66.795250
985.803589 44.607277
696.148499 32.816494
218.073517 36.854713
1977.865234 54.898624
1799.689209 175.323456
6512.940430 142.800034
434.681427 105.577927
201.047913 70.532249
4038.077881 3.818948
3723.188477 0.754059
1493.690796 3.835725
6545.781738 5.792696
211.467010 118.585907
618.761230 86.897125
142.511322 49.830650
90.491699 19.831665
366.418518 7.290254
4411.102051 3.816799
11562.341797 0.061664
7754.270508 6.007557
2261.482910 20.809456
5079.979492 2.801259
172.628113 0.631077
789.845825 5.218276
1375.781738 32.821796
3365.862549 45.753483
3274.320801 68.120361
700.954956 100.547180
2418.095703 51.591019
10477.252930 34.198498
4774.861328 26.964628
3464.485107 26.960833
382.479828 12.891942
4031.123047 26.982924
10541.927734 41.297268
1268.251709 46.346054
5267.632812 213.527176
205.543121 126.729546
1106.393311 55.276512
158.460632 17.355917
424.316437 17.921873
428.472931 14.798244
592.165161 4.970258
5644.426270 0.618243
5189.626465 77.607498
11518.084961 32.160629
360.533813 13.493128
560.343689 13.762850
1473.886475 26.098848
7777.073730 23.189629
6847.623535 37.584064
6416.950195 73.838501
3491.220459 5.904788
3080.827148 20.313940
998.507263 32.270466
766.257690 33.206367
3788.600830 22.083675
718.192871 39.520519
406.288391 64.450317
5262.164551 77.140091
7387.520996 161.249939
3075.550293 117.723839
5942.295410 65.895447
1128.877319 29.592882
166.702484 1.727074
393.532440 5.705122
450.635345 27.177574
3631.421143 85.685448
5008.917480 162.940277
340.469299 68.100494
79.322762 20.483461
130.186783 4.528566
6.979064 22.289267
4045.588867 0.232853
5877.009766 16.487106
15504.005859 43.648483
1847.292114 325.240387
3397.364502 281.548248
2609.294434 190.810867
409.375488 91.771225
3747.047607 9.083051
3299.861572 45.439934
22381.468750 119.775307
17252.607422 231.462677
1732.807373 75.618027
82.781563 30.926958
4812.827637 8.201921
376.973633 0.212175
1645.704468 20.957941
6955.530273 2.847854
19812.617188 19.090633
27368.486328 111.388062
5602.021484 614.130493
7346.721680 329.991608
585.262573 151.618713
1130.205322 61.993172
412.805725 124.700134
2924.431152 51.115791
4815.824707 8.563695
10509.042969 12.976109
6497.513672 394.379547
7166.191895 347.264740
8425.175781 285.285126
8582.227539 208.422592
969.684021 56.369854
987.506104 39.020470
1437.530762 24.210634
8600.021484 11.736067
11475.457031 145.991180
2123.973145 127.110817
2075.892578 102.193832
468.956177 77.492493
1234.562378 18.766521
143.240402 26.085159
3699.645996 23.984541
17409.154297 15.035613
5560.452148 27.151237
7777.529297 6.501103
3205.150635 0.209363
2098.314941 6.982734
1198.277710 5.684777
1776.597900 13.946672
7552.778320 70.315231
14507.394531 198.765289
3192.925781 30.938494
10302.604492 0.820381
6426.529297 4.732455
512.918091 9.522711
2306.224365 104.835983
280.475006 47.715240
1012.372559 14.649490
906.397766 3.329040
6762.507812 457.048248
1834.281006 381.506104
882.202637 283.744171
705.189453 185.989578
2318.241211 7.841442
7.964835 16.187963
976.830139 27.571028
4117.931152 39.405296
5814.376465 2.768630
509.675995 1.957969
96.899002 1.858961
1010.224609 3.339054
407.696625 4.426744
7791.179199 9.520148
10585.527344 35.244755
177.719849 79.697220
434.354187 15.431993
2617.301758 19.898806
227.567566 19.280268
185.282196 11.657552
31.750191 28.457523
3715.227783 28.304361
8959.257812 21.503340
1577.902100 15.236342
193.705917 262.345093
9523.468750 146.114807
2879.418701 68.160713
551.357239 34.204144
709.987854 7.605409
91.872444 5.477459
2578.599121 50.336178
11215.566406 153.151672
11897.182617 31.328661
14282.000000 32.529861
2277.766357 37.289307
3105.515137 27.082960
64.010353 65.015617
2528.850098 74.896690
1607.328491 111.229233
1319.719238 158.364075
3012.405029 304.326630
1768.430176 229.589691
3021.658691 151.230927
2067.237305 91.297699
1732.153564 22.402700
5630.307617 15.725153
21310.027344 30.564447
13852.033203 55.347191
2185.816406 306.025848
560.524780 220.312012
934.698975 130.867081
4281.667969 60.622437
262.830536 44.831863
3435.308594 32.595867
1778.319580 16.451195
8515.820312 4.247023
7071.162109 47.849133
11367.276367 44.900661
6254.277344 47.250805
1490.545532 49.150475
482.514923 9.079560
755.281311 21.350124
475.790405 34.885300
2120.617920 44.889816
1526.223145 30.481670
3341.232422 16.535490
5394.804199 5.951634
2573.937500 3.076062
1761.800537 5.288507
466.234619 28.039967
3880.210449 92.642059
17065.988281 213.172638
1837.110596 55.504135
1367.787109 11.325781
103.797188 0.477347
1321.145264 0.697467
839.737366 41.386925
3174.358887 31.762333
25146.234375 44.283726
26991.250000 79.528503
976.740051 355.072632
288.661987 240.741608
1713.390625 144.039215
2951.320312 77.204048
682.564453 24.724564
4141.446289 14.330634
2591.274414 21.211365
7105.821777 74.724274
5617.754883 177.779129
7483.914062 86.073608
1870.973145 46.161926
3231.589844 33.715164
3819.235840 61.734570
5393.937988 45.363541
10308.726562 34.036911
25408.761719 30.527592
13008.910156 240.364075
1023.023926 178.612579
3241.575195 124.928497
1382.090332 86.436256
1659.546021 3.424669
1725.304443 4.008834
38.764778 6.935410
11806.780273 11.456110
10719.864258 54.814438
8395.373047 34.410973
1161.493530 17.620659
2150.197754 7.302420
2187.675049 18.817543
15.460851 36.236279
1105.545044 60.282837
4863.721191 86.592033
27760.117188 7.479044
10395.541016 4.662778
14551.413086 4.927043
2444.332764 8.935879
805.603638 41.379406
835.893311 48.808338
2365.088135 64.628616
523.487915 100.273407
205.238922 159.073090
1979.575439 87.054817
328.041534 49.769520
31.490854 39.051872
1284.188843 30.047001
468.313538 23.375566
792.724121 28.074797
1816.357056 46.717255
2185.903564 225.056732
4604.836914 149.886948
632.070496 89.744537
1050.356567 50.497604
2982.347900 28.532059
1885.746094 6.066397
8480.994141 10.832865
7919.563965 39.355076
222.777832 87.683762
144.955933 106.405991
937.440674 97.849899
418.126190 66.068810
601.583557 5.566547
1605.748657 4.493210
546.227905 6.639399
11481.773438 13.839866
2105.096924 110.937874
11361.794922 65.319466
658.231018 31.614651
5586.409668 12.793227
1952.123535 27.803078
9109.784180 23.788445
4839.418945 19.716728
17919.171875 15.950151
5950.272461 62.712795
6279.528809 51.195755
2736.010986 40.646748
1340.906372 32.929440
647.846680 8.130058
882.466492 21.133436
927.289612 50.028034
1228.168579 97.666809
15275.726562 52.994251
1019.116516 24.354778
5526.925781 10.217369
1399.522461 5.482380
3463.909668 17.437378
734.308228 16.110474
13575.446289 28.942347
2415.760498 64.254646
6437.861816 238.285095
3640.413330 138.861923
1031.042725 70.319321
704.103333 32.817139
684.585205 28.877316
2586.992920 9.607079
1056.448730 6.016680
4872.183594 11.641386
6230.543457 147.226151
14498.814453 135.108566
644.767151 103.099228
422.955536 63.082485
987.214661 403.570984
922.881775 590.571594
3309.812500 801.982422
1424.262573 985.698669
6486.447266 237.696472
104.934334 208.516724
2690.277588 214.824005
219.463531 275.577637
1405.911255 387.719208
850.202271 379.199646
686.227783 378.446838
3497.362793 502.214050
5671.960449 1673.517700
15137.313477 946.497070
1210.958374 541.447021
3787.462402 403.394318
253.115326 23.463017
1554.987305 4.714016
999.998047 54.109173
2754.665527 130.952820
5507.967773 663.725159
2848.294922 507.924988
1801.460083 309.045258
9634.051758 130.539215
723.401367 261.413696
2768.829590 514.138489
920.551941 783.931885
100.044975 1009.515564
3315.851074 682.530212
1178.464355 340.059265
2080.073730 132.317764
3971.181641 111.137962
1117.352539 183.260483
804.760010 157.643112
1203.421875 233.561859
180.801025 404.864746
6132.471680 1598.094238
4550.323730 1078.373413
1371.750854 636.846802
946.467224 335.327484
263.473633 167.479156
1408.607178 127.560562
1502.710938 103.742722
1958.552368 86.729851
7589.763672 328.488281
3383.631104 324.238434
10289.048828 282.839783
2867.779541 223.516541
1222.383057 56.686214
32.734550 68.032646
1367.652954 104.438248
10368.316406 163.849731
10295.082031 103.267685
3578.619629 88.467865
7305.920898 75.459358
2810.013184 62.733479
1314.393799 272.467651
1229.589966 380.252838
1116.298462 405.142212
714.259277 344.176697
7426.659180 758.180359
11995.275391 392.368744
471.649048 185.696198
1184.235596 168.796356
2107.190186 65.455055
1390.198975 41.866158
1910.983765 77.343109
367.185364 199.637024
42389.406250 317.276276
43339.210938 222.640991
38600.343750 162.254745
6692.318359 112.158630
2376.419922 21.159546
1242.328125 9.406969
2144.760498 24.180901
1173.660889 56.061371
3858.788330 442.196136
2946.687012 301.683868
75.295761 169.337036
502.049500 72.475052
264.832520 156.234222
505.002411 192.835983
679.691040 281.956482
511.477722 432.970581
8133.482910 49.075714
283.523712 71.945335
744.538147 111.546806
709.718018 138.908569
1762.241821 81.344727
1851.196899 132.412918
2638.531250 188.037949
2058.956055 202.360153
5232.270508 1160.883179
13883.082031 713.606812
922.632751 336.800262
2497.526367 125.220337
967.806824 37.896183
943.452759 63.436764
2242.837158 103.177231
305.391022 162.774216
4502.450195 67.509964
10276.247070 26.968548
1217.734009 14.843843
1473.495117 21.275066
64.625732 392.551697
488.698425 694.819702
828.483337 977.533752
2864.531738 1121.216553
567.649475 1069.919922
3258.691650 634.867188
310.047760 312.856323
4701.390625 229.347290
554.601685 204.427933
812.257385 247.374893
4690.195312 403.363861
7721.142578 655.670959
12226.132812 1384.776978
1571.852417 917.721313
9472.466797 538.000183
988.346802 296.398651
102.915054 151.129044
4699.203125 134.006012
6342.591309 151.603836
6055.297852 205.088013
2690.790039 451.250671
13813.244141 356.830750
472.568817 269.364990
3017.651855 198.324554
276.211395 10.304790
1748.659790 13.950265
2119.946045 14.946579
1058.146240 36.806087
12212.555664 664.170166
7457.659668 338.538727
7097.829102 123.662354
2602.827637 28.589996
14.436993 54.245049
663.439453 133.742889
304.033600 294.880463
1618.202393 460.297089
980.612427 418.464386
9882.696289 344.158478
751.318970 210.006561
2306.789307 89.261246
237.836517 70.204460
880.969482 48.911266
924.158264 24.499006
1222.790405 26.341394
15763.978516 579.559448
185.891876 333.332550
4171.065918 173.360046
650.972839 98.339195
2941.869873 18.481142
1216.824707 17.808702
2514.301270 27.395046
5327.327148 44.664070
5686.784668 129.506638
2739.330566 91.885483
177.336334 57.097237
886.646545 31.554779
307.633118 17.908255
223.939484 37.091522
756.257812 101.398544
2918.570312 224.057068
639.497131 14.216946
7889.101074 0.331376
875.095642 8.849899
2080.807861 15.457768
112.321198 105.861481
1232.537720 103.892883
934.228821 178.178574
2067.059814 271.427704
13411.093750 522.303833
25063.994141 476.469849
1577.777222 346.985291
7068.210449 199.544342
150.970154 158.260971
316.463409 267.759399
333.764252 376.169800
10682.137695 417.214081
26318.855469 376.435089
8671.347656 270.026398
2633.661377 160.234268
1233.676758 113.547165
536.692017 108.032562
4959.558594 68.713348
4275.375488 23.899685
4935.034668 3.254060
23476.794922 370.660217
1335.212646 248.548706
2675.062988 174.417587
2198.386230 136.712814
6422.210449 222.122635
916.547852 259.851807
727.200500 291.877533
2254.007568 362.300446
18822.298828 33.762131
37649.117188 3.499332
4293.453125 62.122833
4135.199707 151.731415
282.705139 125.693375
1732.834961 67.255516
234.764221 111.053116
6861.010742 242.121216
2477.021484 725.457153
8250.290039 607.782898
1589.188599 443.640167
517.414429 266.315277
54.543411 10.811556
1556.211182 3.794799
4054.351562 2.481426
9059.613281 5.488353
1705.760010 151.528351
5896.125977 103.267761
1149.154419 59.365387
2130.367188 28.088037
121.490479 79.732544
1174.595215 66.260612
429.332458 94.865860
3470.272705 160.647522
30096.228516 138.819733
5305.181641 158.705078
3028.327637 151.027466
104.787811 117.501541
2486.685059 125.572929
1115.081299 156.095322
4430.938965 191.101654
3801.987549 213.676315
2951.984375 276.237579
1842.542603 207.873413
3836.548584 148.755783
865.915771 119.471054
200.838562 80.728218
624.916138 150.328339
1658.794922 268.217804
3526.361572 428.259644
1671.900635 274.777496
1043.264526 154.313644
1062.175537 82.510727
1090.701294 58.489441
1385.074219 77.738243
328.491943 24.925133
3012.506348 14.468769
7085.879883 34.811924
9923.916992 745.420044
1695.112793 553.364807
530.974182 352.515381
1302.846802 186.598450
1835.411987 151.557251
392.710205 257.073242
126.458847 396.579834
471.763763 572.563599
18851.791016 56.795353
5817.937500 2.261143
14218.542969 15.551604
159.956375 70.918297
800.147034 86.566437
937.721252 177.224701
4023.364258 288.391846
3906.481934 334.513763
7119.812500 1219.583374
2956.345215 778.686218
3570.382812 371.848328
1100.867065 129.637177
708.816345 12.538319
25.061338 7.717839
72.855186 27.611217
125.887100 91.578064
12763.551758 101.012085
2280.346924 51.297031
8057.635254 31.567074
435.787872 22.437750
265.918793 44.335747
1866.871948 21.957872
3144.485352 10.577785
2033.950684 2.924830
29016.351562 355.992615
13646.518555 261.960175
6211.076172 165.412659
6230.525879 90.051765
4125.478516 83.714447
1503.691895 137.977661
1182.733521 230.466034
4838.744141 356.228546
6151.514160 174.303314
12437.064453 107.285736
235.535522 71.549454
375.196045 63.405449
510.116180 30.674633
1857.161377 19.380449
1699.069214 26.997528
4694.854980 47.927338
10750.161133 675.948608
2473.755859 427.467224
1182.093994 219.490875
3376.298340 88.120956
1148.501831 1.162235
2900.708008 8.720431
2175.476807 21.312723
843.637329 25.792227
16901.638672 173.275848
4388.557617 114.142990
1763.856567 54.280327
138.729218 14.031253
685.332275 14.314922
602.309937 38.104008
4468.979980 73.201469
10145.932617 110.811676
6901.879395 62.279327
3824.561523 36.633900
1830.852417 16.010593
564.442078 7.001498
272.798462 15.872931
258.643005 20.091824
633.320679 34.178627
1505.919312 58.730289
8645.249023 143.387192
7208.503906 88.288620
2473.087158 47.216286
890.998901 23.681564
26.280537 29.570091
709.882324 29.082617
387.635773 26.018225
2570.393066 14.867446
8216.065430 260.202484
7523.647461 167.905441
1599.836182 90.086105
2006.372681 44.567738
1090.220703 44.895622
1882.576416 42.951710
2998.400391 33.837090
3780.641113 32.108543
3776.366699 10.349074
10906.066406 0.531826
1012.145142 13.099195
127.335938 32.968742
748.364624 106.983704
6111.695801 172.855743
5693.246094 243.562332
16818.044922 290.644043
228.220566 73.529686
4631.128906 66.134193
1845.877319 57.693935
2027.276367 67.188858
15.321065 13.918404
74.281479 39.326744
5207.486816 94.569801
2034.605835 188.070816
1183.899780 166.532974
24131.625000 77.266365
488.270264 28.253607
7008.317383 10.122892
1112.485718 20.140903
2905.534668 71.176727
1952.132202 195.514618
88.083733 408.420563
1631.669922 634.507202
6809.037109 331.864410
3905.892578 133.993439
1988.911377 36.823029
307.752075 91.866714
5425.081543 64.772964
2827.474121 67.310432
3635.446289 64.064949
17554.652344 775.658325
14435.082031 579.811462
1766.871460 360.800995
1977.819458 186.997269
478.736633 39.004875
63.459953 45.440453
1870.828491 45.531769
717.290161 39.120815
1829.713501 14.006895
7661.286133 14.762119
1377.013916 20.033207
4479.176270 29.161777
11.408886 43.585976
1645.869995 94.800911
25.399599 163.928146
1604.430054 241.208145
21360.626953 31.934137
12978.060547 8.548941
2610.404785 2.248473
710.361389 13.227394
875.458008 38.312168
75.170937 55.773849
1196.236328 90.151009
2434.043213 194.553345
712.819824 313.949585
6354.659180 102.427475
12159.661133 18.491238
5983.060547 16.576088
1088.964600 80.058434
743.366089 26.692892
1078.643921 13.368645
4003.665527 37.295582
14041.642578 663.964905
13969.539062 493.774536
8174.057129 321.680664
1286.225830 178.701492
1216.299927 135.336777
1575.775391 215.093918
196.589447 378.970581
350.414520 574.428345
1705.914795 149.060394
1082.744141 188.949234
468.640381 175.364914
320.137115 137.964951
261.499634 53.192223
178.863007 49.129814
1249.626465 52.124889
4715.410156 34.239269
4975.342285 726.007263
10013.947266 486.313416
1553.828613 261.377197
6465.732422 112.925339
182.690125 67.936577
646.446045 139.149429
1491.497070 243.499496
4953.363281 366.154510
29134.849609 51.199646
13782.612305 25.523138
16584.865234 18.576012
647.191833 30.361916
1167.303223 374.049805
1351.647949 638.429199
493.994537 924.463074
3512.144043 1081.029175
13403.190430 913.399902
2490.259033 650.741394
361.568573 388.227295
3754.820801 273.399475
185.472534 199.156921
1063.889526 179.101181
2920.258545 151.772598
11276.980469 194.956146
38680.253906 1052.969116
14237.459961 577.933655
14795.301758 309.804779
2727.065430 215.778198
1030.394653 482.930298
369.107758 506.539276
3201.931641 628.361267
4191.757812 803.464111
3559.530518 374.820435
526.240356 522.529053
1243.281738 567.538086
1771.593506 529.381470
139.187317 237.692596
143.877792 362.705872
1385.867676 512.912354
897.817017 712.187561
11696.886719 1263.733398
40.643482 664.342834
1427.397827 302.210144
4229.674316 185.723480
2001.249756 296.943726
951.942322 310.999146
828.676636 348.230042
1264.811523 401.064026
16563.916016 1305.986450
2250.111328 878.655945
5856.593262 544.354004
2698.506836 355.879639
704.427856 217.358704
1290.775757 225.948395
2037.518066 332.757233
1814.822266 494.525421
5086.609375 691.099976
495.267761 599.711731
6045.743652 455.618652
72.435295 307.756836
651.580566 156.936172
1855.301758 85.273666
4806.047363 62.988316
5887.140625 109.508774
23173.935547 427.129852
8755.881836 382.617523
6899.151855 324.598846
200.139542 245.870728
1576.977783 149.194519
87.084229 197.279053
812.838196 293.117432
6243.545410 417.564850
5095.742676 160.171265
22146.519531 161.755096
6324.874512 153.918457
4485.875977 142.408661
610.164917 212.468246
535.324707 331.481506
1964.006226 408.375763
11897.890625 442.544495
11682.918945 821.078247
4080.264893 409.445618
1820.610596 168.632019
2591.166016 124.198845
2356.523438 278.959717
3751.185059 207.232788
585.514954 282.282776
544.973083 473.902405
34580.863281 877.194458
5853.028809 823.079285
2142.957764 670.300232
1204.020142 460.898315
4032.275879 542.493286
969.267334 639.590210
4142.916016 756.235718
2410.578613 866.683167
12667.720703 142.312759
1064.440796 265.135864
4663.685547 374.345947
4178.858398 461.305084
3458.736572 191.578949
2300.607910 266.594604
2794.587402 306.683868
8458.843750 284.067993
8561.413086 1458.847656
2071.184570 854.487854
3090.801758 403.453156
1289.587646 196.084671
541.932007 97.318962
37.447983 25.602505
2272.960938 41.182709
2613.708740 153.397476
28792.589844 206.033905
2501.786133 268.726990
1264.393799 271.188934
3336.055176 201.335220
2771.848633 296.051300
1176.018677 336.706268
4163.953125 364.199219
5779.593262 375.874786
1550.360352 59.604206
4965.365723 116.160568
9968.140625 181.242416
1670.861450 243.411484
1474.317871 33.468544
323.429352 141.584579
337.282806 452.766327
2341.170898 966.088501
306.581055 919.602600
10813.734375 537.541748
287.182648 261.737915
1669.127441 87.730057
207.358398 174.101486
430.493591 143.897888
651.792542 165.414474
1037.109009 247.256973
31112.207031 1161.053711
2127.223145 780.511414
601.656738 473.282013
112.397461 274.256317
2255.817871 84.603912
308.160339 48.810463
1788.452393 29.623745
467.738708 6.051898
27620.300781 1113.385986
3877.359863 747.189697
1303.830688 415.157532
182.291077 191.751175
2769.130859 40.738022
252.943909 62.636562
348.333862 112.231308
1626.883423 193.142090
8134.928711 57.865902
941.029358 37.347187
954.760376 32.953106
2295.544922 34.182426
430.593872 13.750608
163.958084 28.382084
984.951355 68.085022
3528.129395 170.167816
10157.062500 222.560425
1309.979736 72.324989
2600.812500 10.668853
868.002991 3.625883
2701.650635 279.004272
1464.197388 464.745117
3844.399170 668.177673
12734.750000 771.521667
32778.480469 755.697815
1189.401367 548.355957
2549.200195 330.266327
990.738281 221.440094
1124.753540 194.849274
282.559235 314.268463
707.166626 544.914124
493.914886 948.612732
4623.145996 1056.906494
1410.006958 523.442566
4131.225098 241.990784
1317.097168 158.459412
128.840118 279.689087
369.950195 146.936157
750.585144 56.331791
4875.043457 6.365304
403.566681 1439.537842
4017.575684 1102.229858
3873.809326 759.311462
1282.272461 478.293488
575.981689 195.846756
1489.821655 247.990768
2649.725342 326.514801
10688.206055 487.036682
474.148865 89.802048
4936.810059 8.717837
5431.148438 45.343018
282.302582 126.529213
567.956482 369.637512
1297.177002 441.770325
322.431549 551.564575
864.699341 626.570374
2005.394165 1328.351685
12218.610352 971.606567
6294.577148 632.989746
1904.822388 419.786713
29.195114 33.821079
834.917847 19.156275
3134.861572 33.533844
11076.428711 101.459198
4456.133301 363.236542
785.916870 213.778412
4030.428467 118.276878
1062.054688 64.576859
875.420288 2.465583
94.760506 11.842834
2921.994385 48.546417
2958.904053 72.600945
29367.628906 430.392517
8302.122070 313.009430
5208.809082 168.679321
509.987640 53.762684
299.006073 56.849251
418.646576 111.699234
1023.975464 211.276566
1230.799927 353.287537
24904.726562 25.764385
7444.306641 10.377198
5593.442383 16.718464
684.315674 30.956720
5864.254883 129.570465
3031.116211 271.743134
9540.796875 380.072357
6732.226562 390.951599
4377.654297 901.905273
9183.660156 498.304626
5906.970215 189.686005
1993.756836 70.148033
182.342667 163.538330
100.099274 134.281143
3394.575195 265.489990
11696.259766 591.564575
5887.957031 518.354980
12370.299805 431.654755
501.434235 362.025696
364.694855 265.692657
1493.691406 463.208496
2396.676270 423.342957
3845.688477 393.004669
1251.790283 351.673615
30235.880859 562.183105
8393.672852 598.656189
5419.902344 574.660156
1537.616699 518.986572
807.631226 16.521988
1502.301270 42.844299
1077.980957 118.625885
7014.829102 315.465698
4039.520020 488.495911
3073.329590 171.891464
2617.524902 30.658840
427.754730 3.163461
827.948425 16.715736
324.506226 88.557571
1815.069336 187.513977
4746.447266 213.999222
16851.884766 1145.253418
6379.901367 751.761475
699.089966 350.391724
1733.195312 86.769798
2202.559082 59.960251
141.540436 134.786438
201.317398 281.425354
1385.097656 493.968140
25951.320312 96.335220
780.494324 51.617592
2568.557861 36.101662
676.332275 35.734032
3236.326660 27.215633
1215.405396 8.734609
878.314758 113.738579
6798.161133 331.419067
1175.794800 967.923157
3930.880371 665.903076
2104.042969 384.103607
830.004028 160.248611
1151.079468 103.057564
149.258286 115.498215
475.834717 165.446182
369.499237 261.902374
21440.529297 461.154938
1688.429932 299.836914
179.218994 187.637802
794.130554 125.033951
1686.602295 209.247772
1005.305908 212.087433
2883.632568 255.738159
919.973328 332.940094
4044.561035 580.794983
1949.957642 451.061310
582.548645 335.030579
198.450119 250.981369
2155.132080 411.006134
379.785706 845.049011
1211.004639 1298.949219
120.951111 1765.186768
2871.132568 1330.416870
2621.653564 498.791626
2790.252441 89.691376
591.410950 103.815491
1364.190430 526.825928
1318.809814 305.544067
710.054932 165.869476
2872.472412 186.994995
1060.981079 3184.087402
4357.133789 2186.365479
5292.032227 1389.505615
1123.351074 856.894104
150.293915 98.775764
2294.598145 58.735298
1374.935425 70.011787
10286.611328 135.220398
4292.488281 388.461853
6746.890137 329.708008
19049.957031 255.276047
6957.663086 172.166000
1306.256836 44.460251
1016.516907 72.526161
131.682877 157.446838
754.351746 256.374329
27703.757812 259.655090
2290.763184 235.980881
2472.766602 163.741074
224.279099 83.852936
717.275757 359.353485
139.209518 511.653259
1081.240967 750.643311
607.555786 972.232178
14767.597656 393.923615
5054.533203 430.769348
433.032867 385.059296
2993.630859 331.459778
2939.605957 505.811890
7482.319336 712.759521
9277.004883 828.390076
8281.304688 804.393616
9703.359375 2103.924805
11895.873047 1217.967529
1963.837891 608.891602
2136.404053 400.129517
1584.209717 316.243103
2900.669434 148.726288
8465.117188 58.959213
10020.541992 142.143890
1273.588867 459.131805
20812.003906 467.775421
5972.862305 493.529266
3649.836914 450.936646
966.186401 56.424725
686.080811 48.523911
151.942642 104.616280
7957.035156 191.688766
29688.603516 243.286057
18705.925781 258.289703
8717.446289 207.424332
869.379028 122.907135
57.701283 73.824989
2625.785889 110.977142
582.057983 174.515366
2133.243164 269.627258
37139.855469 129.071838
11746.837891 72.809952
922.030396 51.944546
717.053528 54.791626
2658.147705 57.424564
1079.816406 161.935074
309.623993 289.853699
3043.084473 469.180023
24108.490234 764.648804
10529.247070 317.554688
502.307617 66.511459
1307.105225 2.264152
1962.737183 119.628113
2178.442383 55.524002
718.342896 29.273758
2186.976562 56.199348
10626.102539 1179.280884
12173.727539 784.511597
14540.582031 459.480774
8425.205078 242.345947
496.727478 52.655060
774.214111 67.308716
1920.489868 70.056297
3689.072754 73.476036
911.613647 241.118011
8867.738281 117.615150
3252.843750 50.727798
536.011169 37.642368
10.057240 181.129395
1436.342896 335.098633
2920.905518 544.092957
4433.341797 749.961853
666.847412 503.056824
1296.317871 323.787445
952.160522 182.274994
1193.618286 126.396782
1099.511719 208.353424
1404.220703 170.515747
680.156555 158.810654
1297.517212 157.759338
7532.442871 1245.715942
5163.049805 874.670166
980.784119 543.251038
157.298157 319.174591
869.416321 415.441681
710.595337 470.006592
3203.325928 556.583191
18663.339844 696.582825
23164.128906 33.360939
1123.161865 126.159088
6227.561523 249.823608
10038.630859 350.935791
1890.567261 318.787689
3052.525391 357.399170
2413.526123 344.978088
177.327744 309.168823
2303.687500 1252.858276
907.099426 735.319153
1658.545532 408.705536
2126.000488 296.988007
343.224487 330.425659
91.455040 358.629517
554.488098 512.946228
1120.241821 757.873352
445.511536 572.025330
9694.133789 564.217041
1447.120605 499.681274
1505.616699 400.251740
1043.638062 117.382957
3068.784424 42.652222
4113.860352 18.440174
4432.876953 42.729874
9645.468750 648.784668
3627.815918 528.485474
1620.043457 381.539368
1923.303711 236.020538
1797.281494 61.131119
2291.668945 54.337639
2283.035156 50.297356
7120.311523 54.601791
2088.189453 31.163055
1060.137451 44.082417
257.413055 57.168373
184.360840 63.452293
90.712494 74.533455
1292.379395 147.228088
2143.845215 305.728790
337.212372 515.729736
15062.041992 270.312195
11400.819336 211.079819
3142.255859 141.981735
5002.878418 83.712891
2175.533447 37.412216
218.737762 27.358532
381.581421 19.756453
3389.988525 4.776531
12157.781250 583.416199
8140.833496 374.036865
71.182755 194.394196
553.094666 82.823814
735.623779 18.869148
278.233887 87.661377
135.834885 186.032654
919.272949 273.731506
13413.353516 171.270142
12442.595703 112.623505
12928.765625 45.491066
1750.907471 5.368420
311.511932 77.359207
1756.717285 111.751945
4597.245605 102.868431
520.255798 59.468105
33109.339844 459.018494
1902.807129 219.352814
2360.468506 75.931351
1142.508423 43.181782
3231.829346 57.558105
46.847336 23.525944
1661.974609 2.783196
7243.122559 10.058523
4368.267090 30.349525
1669.647949 62.302082
5447.921387 84.936203
3878.505371 83.235237
725.159363 154.349548
623.039734 189.594635
1540.242188 209.161331
118.962051 221.677933
2631.532715 3.363703
3727.593750 9.460770
2680.378906 48.680916
321.617249 103.446121
297.497803 169.792908
644.719177 89.224442
453.678741 18.858990
1005.987549 8.113760
7098.224609 383.073059
6462.317383 303.575531
2253.759521 262.508514
980.251831 227.419571
206.464890 68.092712
947.572937 80.805641
707.904602 234.040085
4317.999512 561.260559
15238.878906 38.257000
6777.981445 64.475060
2053.416504 107.535889
1319.310791 104.090790
4256.160645 73.214554
1420.653442 56.726238
855.295349 52.099014
5449.199219 29.761185
22353.810547 1086.630371
1459.925659 717.585632
3638.163330 383.520386
2656.083496 165.569122
3983.264404 67.026085
934.236084 87.324745
2784.989258 146.973526
2075.724121 266.605042
7660.872070 24.520039
48.916466 11.442995
2571.516357 32.410427
5253.579102 54.516701
1957.268433 26.050945
10.761765 11.674141
83.362663 24.213379
2364.026855 48.529987
31417.179688 420.370392
29654.753906 303.375305
3130.095215 179.758331
476.886475 81.568764
1539.172607 55.862991
2695.767578 64.428802
1291.578491 53.461433
975.778442 30.605461
2275.327148 94.628479
13825.490234 45.858856
5733.109375 27.704067
6585.226562 36.953091
43.200844 38.142799
352.707703 64.163155
1302.770508 126.531227
9349.304688 216.293686
4150.637695 67.831055
4904.311035 62.099640
4885.651367 52.526218
180.012863 40.026630
1152.741699 2.477457
1897.494873 40.870869
6202.275879 104.628990
9641.324219 166.344131
4242.757324 337.515442
10010.807617 209.131821
1925.984619 89.929764
1639.731445 15.757919
638.811401 26.546394
1570.168457 0.220992
1073.187744 39.019547
1813.413208 187.166382
3485.690186 227.354202
5973.008789 135.314026
483.176086 96.384903
5389.348145 66.362213
843.643921 286.690186
4197.938477 368.644104
636.384644 540.281555
4066.364746 731.797974
3648.678223 367.736481
10003.537109 406.307983
4406.498535 368.448761
121.968468 303.596710
717.460693 19.626415
1995.850098 5.770200
467.409485 12.862637
1064.895996 75.739189
5875.235840 942.850769
29106.962891 514.364990
6043.067383 221.400162
10787.640625 72.642509
506.898163 6.949591
940.335938 54.525185
704.676453 108.691109
371.043945 131.899017
1992.618774 740.031189
1231.239746 434.753571
8924.001953 175.489151
2660.399902 31.010569
1572.381470 51.592403
380.225342 57.053360
1941.958252 83.655571
1251.551270 130.439178
11340.229492 115.384827
2670.320312 95.388847
9195.619141 77.420479
1818.416016 61.125080
1549.894409 11.507600
1243.196411 31.548159
3015.357910 133.175568
2745.145264 408.799988
732.473938 413.282745
2733.696289 119.187119
357.340057 13.104246
912.287109 3.302120
2466.356445 47.842716
2540.949707 29.686617
2573.658691 40.742821
2344.373779 34.820190
31528.072266 1257.165283
21551.718750 840.733521
7250.384766 443.397827
2778.715576 170.156784
271.879456 24.824068
5312.971680 18.606964
13529.101562 19.777422
32146.083984 25.953732
1942.189453 83.920647
174.021912 72.717949
4987.233398 55.923264
1448.702637 38.296997
74.311493 27.282068
283.413727 19.876144
1206.056885 12.561160
2482.901123 13.656983
12615.448242 25.409857
1991.510010 21.020117
4735.892578 24.758749
2661.796875 28.850384
470.234772 6.389273
1007.807190 4.066691
3214.777100 13.188342
2613.850586 40.955914
14717.855469 45.057644
8266.378906 25.890575
2524.520264 17.271713
2423.873779 11.922816
1006.963379 42.608406
909.906738 50.993141
1478.540039 48.504093
1458.287842 56.895561
27978.738281 122.307625
20003.357422 38.751419
12380.917969 11.129960
3468.857422 22.273041
817.667114 124.152344
695.169373 171.151611
1051.529297 269.981232
4204.712402 422.546509
3649.518066 422.546509
4204.712402 269.981232
1051.529297 171.151611
695.169373 124.152344
127.690964 52.732689
761.078796 107.921097
3082.755127 181.032074
263.925079 201.942993
83522.265625 758.145752
10560.099609 514.267944
5083.246094 259.860443
2270.605225 92.646530
3780.453613 32.442146
523.557495 106.680786
490.042267 237.579620
6533.809570 403.757324
2502.854004 32.822044
255.319305 20.038654
2668.302490 10.891073
2103.506836 8.225017
189.129074 80.434837
722.518188 80.825745
150.699539 137.350693
3644.700439 223.389023
16616.812500 866.659851
2069.582031 598.666443
3278.643799 346.097717
415.578613 165.419937
1513.659180 194.186829
662.903564 155.388138
3463.999268 117.320999
4201.334473 92.760864
2339.972412 141.162125
1715.863403 185.309006
354.096466 214.601303
1573.411377 217.599503
430.709381 9.091852
664.102173 26.308418
1622.363159 49.440041
2042.329224 68.367393
5281.011719 71.416306
8840.313477 45.488831
2381.608398 20.325806
3921.867188 6.355817
387.121887 193.842194
537.032959 388.901550
842.163269 615.723145
3438.211182 824.060364
5139.864258 125.328445
11235.852539 46.697662
1096.260742 20.622320
2625.359375 66.787209
435.916199 141.050797
1399.223511 47.421894
4255.135254 78.404083
3104.438965 325.064240
11633.485352 1440.546143
3883.506836 902.969482
5713.192383 536.451111
472.981567 301.006012
14.904175 257.904541
754.332825 292.835236
878.880493 404.930939
9076.101562 594.587891
4646.042480 474.387024
22741.265625 386.629059
1734.210205 323.359436
686.311646 276.748077
115.492531 169.998077
216.978409 150.091293
1293.065674 142.160690
2778.900635 95.126694
14256.963867 1366.548340
236.718994 955.453735
470.127716 558.216614
761.316162 287.599884
1701.089844 107.365303
1748.184326 211.146164
3003.560059 316.063599
2177.529297 393.086700
3200.037598 60.604660
2573.789062 17.968956
2479.867676 3.665654
1246.610718 32.930454
519.090088 151.554169
1449.124023 226.532654
250.176239 291.470703
1379.713623 322.224152
13968.900391 312.753296
1204.200928 196.271362
6952.255859 118.343544
4523.287598 105.091255
1111.946777 65.657875
961.392334 115.571609
2714.873535 123.166504
3099.646973 71.856285
10782.166016 656.150085
16000.034180 349.882233
11930.316406 129.683121
4407.578613 44.506020
1208.834961 60.847137
165.114685 45.403809
547.944214 35.925636
1153.131348 75.798828
10371.769531 40.479126
1622.079102 0.926695
7090.995117 19.432421
2080.891846 51.235783
111.525505 52.633011
526.933044 31.166527
181.637512 29.123684
640.965515 36.177666
1952.308472 182.929199
63.713032 176.095108
193.583771 140.907684
2481.691406 93.361694
2695.166260 21.217052
2050.002930 61.598572
1972.603638 116.682220
3674.865479 174.590729
4411.078125 70.352669
2636.810059 33.505493
1999.339111 8.676861
2661.482910 3.138025
657.890991 85.213486
2641.169189 86.358849
2755.011719 61.846741
3205.163330 25.557556
2737.975342 256.275452
8501.935547 144.730881
1480.391113 84.100677
1279.440430 73.466530
1023.288208 97.149826
846.668823 79.432060
1746.387695 34.679268
4811.220215 4.714244
5565.055664 35.304768
1747.723755 0.006622
4451.120117 25.270504
2724.007812 72.240616
867.363525 231.904160
58.277321 142.740677
688.262085 86.105736
3014.196777 144.192978
374.528503 56.644608
4743.408691 115.843582
10441.336914 215.775070
97.155739 267.653900
1481.848389 192.559235
16.240831 89.778419
814.918518 46.598686
356.396240 95.284576
34225.347656 132.312469
35898.859375 249.396454
5580.670898 312.941406
475.493774 287.582397
4588.666016 193.906754
2047.281982 202.987610
9861.525391 264.802094
14900.622070 374.662994
1603.682007 117.917244
2518.307617 178.333649
13085.177734 212.302002
1669.377441 209.927704
330.081146 7.736791
589.748596 5.151044
3270.116455 43.705235
8549.312500 124.824890
24020.742188 440.862549
9231.851562 276.711945
364.168335 142.984451
987.351196 52.743919
1768.746582 83.179932
1320.131714 104.392212
366.651825 173.073090
2429.613525 251.849121
12184.391602 318.836334
1278.397827 279.634979
1870.860352 201.048492
5455.673340 121.958427
1195.266479 25.653463
137.539566 22.395960
1935.275146 20.521326
2189.425293 8.775641
6064.965820 510.057098
16222.556641 321.874847
4372.472656 160.538376
4783.539551 62.148975
2902.960693 5.429181
4.772190 15.713967
955.852783 37.947910
2618.971924 73.993324
10894.346680 12.946532
4450.703125 2.688533
811.330872 0.589262
2499.561523 1.721075
1948.808350 20.287178
1704.630371 21.841869
7013.565918 25.907553
3089.445312 31.666529
30521.398438 72.735031
3903.612061 51.056862
16034.939453 33.702435
1532.712524 23.512547
2352.357178 9.998275
636.039551 37.032246
859.368042 85.627159
1572.342529 156.469345
17689.769531 95.769180
3863.468262 41.239258
1175.941040 10.989456
1720.752686 1.540512
518.177185 149.329407
1392.168457 122.216217
189.966843 100.165001
1731.925903 85.757957
7028.323730 124.325943
8128.102051 162.451843
6371.308105 178.967590
187.953690 172.133652
253.459991 26.295635
2174.386230 74.829086
734.476990 145.461716
441.668610 226.980804
9025.313477 247.813904
4940.716309 130.787903
4020.793457 48.488029
4498.387695 13.903283
792.713196 29.843643
1177.367798 14.283682
1464.212891 10.296563
2882.799805 14.676538
3658.586914 249.887146
2891.740967 182.366943
351.095825 115.280029
146.973465 62.652542
3588.152344 27.182240
3338.429688 72.854202
6589.174316 138.492188
7664.932129 218.339539
14225.698242 192.884186
9004.587891 93.316376
1103.825195 30.601749
1389.482178 10.051928
1721.644165 51.160229
321.407410 108.990562
1323.669312 169.346588
6044.451172 267.591766
5503.880859 449.052490
10024.875000 161.822189
10884.122070 21.443424
1538.372070 4.735524
397.583252 54.337776
799.766602 112.702240
3058.072754 233.023010
1930.559326 345.581268
2067.670898 1069.117065
22405.529297 711.919800
4438.731934 363.913879
3100.402344 129.481033
630.283691 20.884373
1887.345703 46.392326
4409.252441 95.120117
7777.029297 163.241150
6175.586914 287.319153
1123.924072 164.069061
2211.212158 73.929672
596.718872 27.032162
639.482483 60.502769
612.585022 143.256378
1205.347778 258.650726
1916.053589 390.739197
21180.330078 764.875549
5172.347168 415.907227
3128.173828 166.548004
1441.098145 53.139267
161.264679 87.215866
1886.620728 128.361328
1506.139038 294.746399
2367.640137 505.262360
3726.286621 781.388550
12732.816406 634.722656
215.915009 409.677673
3582.840576 196.292099
18.275520 241.003479
909.761353 251.830994
1831.400146 217.642181
4021.756836 140.244049
17879.812500 402.298187
5761.388184 292.837799
3979.164551 226.917847
1212.899048 217.972046
1672.152832 86.452972
101.006607 84.634865
1099.125244 88.443535
6963.582520 179.816833
10306.050781 211.123871
12085.120117 33.797401
3442.357910 6.602297
2360.725830 51.161221
427.341125 171.788330
2162.367676 98.326569
827.254822 49.435158
3604.017090 24.005695
29173.982422 363.367432
7260.396973 373.041687
3854.381592 332.917786
833.165222 257.655823
2968.535889 6.359422
3142.352783 37.706459
1558.672363 112.622429
481.797546 236.483673
571.087952 55.547050
988.829834 17.381653
1216.899414 3.806612
97.689163 0.106863
34.516212 2.705259
513.232117 17.048687
871.625977 61.091446
465.135742 181.999115
5042.307617 515.747498
5471.645996 221.078766
7724.528320 61.071560
2257.453369 6.214658
76.235962 235.203629
278.804565 251.456329
1070.846191 287.696381
640.783630 298.035400
14272.427734 542.943054
21387.837891 475.577362
16483.509766 366.898376
2834.725586 273.822784
782.841248 30.860283
1980.738892 15.170840
430.787964 0.819127
90.693390 24.913824
5878.025391 373.073792
7460.116211 183.814224
6407.521973 80.085152
1940.835449 42.754475
1103.889648 225.188354
111.960861 305.558228
2176.571533 419.982330
279.624329 554.875122
3383.140625 35.247818
13691.322266 73.606194
2826.168457 122.261749
72.199387 169.972733
382.053467 27.913244
436.467133 22.479305
2586.476318 39.507019
739.267090 114.162674
8641.186523 854.261963
3851.785889 459.261292
2406.317383 196.746628
1859.017578 68.924530
1400.600586 70.014008
58.356445 99.997787
392.166138 123.438766
440.494720 119.676888
9319.362305 486.878815
1546.384277 303.332184
346.066956 152.997833
1107.406982 75.854095
812.937744 218.222702
2435.952637 328.914612
3145.358398 550.418152
637.528748 874.578125
18944.789062 391.317871
3937.261230 275.108765
2065.843018 213.680191
572.892700 190.817810
1699.315918 27.006010
691.237061 1.104258
223.835190 43.627869
4047.029297 143.355316
17045.738281 1067.341797
37090.957031 699.593933
10537.638672 374.278809
4018.884033 145.670395
1287.865234 8.227160
3429.969238 32.553860
234.856400 81.997780
8605.854492 161.322220
8069.493652 438.452423
10016.380859 233.044464
1795.771729 90.576996
1558.162842 20.448761
633.577026 92.849243
771.126831 92.645325
1344.237915 113.165611
2416.950195 120.438103
14777.091797 733.491638
3507.833008 520.833435
2778.676270 307.735779
555.854553 157.488617
2982.171875 155.331116
1474.475586 214.136841
2156.084473 277.669250
1272.727539 332.105164
3747.378174 27.555508
1522.930786 45.488663
778.663086 72.297211
1623.872437 108.050995
214.533264 78.228790
1051.312012 59.292389
1673.197510 21.660389
1913.526855 3.489636
14141.022461 490.646271
2933.785889 261.448364
2312.699463 130.937027
1716.909302 86.553711
1640.842529 86.333527
1846.487671 113.737175
3134.354980 170.263947
9839.948242 281.157257
14080.086914 39.862492
7639.590820 8.064126
10633.150391 27.021700
5816.707031 60.000008
2308.335449 490.664429
438.098846 556.918335
10.126318 615.774719
2518.493896 611.259338
6160.123535 733.203918
20134.875000 641.971375
4892.740234 534.950745
4248.098633 475.449188
2332.071289 201.660034
3213.951416 238.707230
83.902252 326.348572
826.522827 473.819031
1092.384399 648.290100
2585.631348 429.736755
289.531647 285.020508
9473.301758 213.596191
652.137146 138.264801
404.906219 187.719193
415.292389 307.445557
3073.221191 442.969910
2277.945068 503.522552
1041.703735 418.081146
757.024780 291.970276
321.614166 180.636353
2307.301270 26.606167
1460.875977 32.005211
511.766632 89.013824
749.056274 257.380066
9516.734375 249.434021
753.433655 82.599831
3085.146973 27.884315
982.397827 25.190435
764.257751 155.289505
891.204346 226.136978
1385.038696 352.561005
2803.824951 425.995483
10239.755859 984.162964
10657.208008 751.713745
4385.040527 454.978821
4787.740723 228.452362
2901.385742 19.174616
425.064636 53.487522
2171.239258 93.131432
5182.412109 144.985214
29198.947266 553.828674
23241.812500 278.209564
7777.066895 94.549774
3877.818604 17.895676
168.254181 257.383453
314.928314 202.392487
991.511475 141.148697
6077.080566 93.826202
11898.859375 164.804749
22260.992188 227.591049
4859.527832 273.585754
1564.492310 284.936371
1213.797852 243.164734
1533.460083 345.807465
322.087097 465.802063
1879.529907 603.115417
3227.166992 287.064087
11011.078125 170.018417
9873.489258 133.929413
3724.399658 166.056595
287.935577 5.365468
88.457680 24.405245
1391.811157 128.780060
1434.765259 306.037415
8576.842773 613.611633
13378.959961 397.424377
8121.404785 207.945389
2175.454590 70.583519
1576.245239 109.389694
804.765503 126.676582
89.532196 197.498947
1122.689575 286.863739
2964.375977 1078.216553
269.298126 724.960632
1111.790527 405.772675
3038.940674 193.457001
1193.502441 626.512634
1480.311401 674.980896
874.981262 663.339844
1603.300049 588.598389
17281.367188 218.496582
22063.146484 315.341492
11392.712891 424.944580
1313.375732 535.383667
726.849854 523.646606
828.508423 576.779785
5037.575684 695.378296
13771.175781 1074.552246
183.277267 1219.103149
201.869766 592.973572
10249.679688 393.315765
5193.846680 437.359924
6371.369629 529.415649
916.312500 478.472412
208.072021 598.524475
1680.832397 753.248840
12810.313477 2020.148682
16365.206055 1737.111572
13198.454102 1272.268799
314.357086 814.434326
311.801575 5.462174
141.920975 7.129568
3133.791992 70.752693
1331.743774 217.798599
5800.739258 250.403625
4509.946289 143.688431
5995.302734 79.027359
2304.815186 35.111427
2033.940674 15.807400
875.915161 1.217537
692.006958 17.822481
6251.340820 35.814842
2919.094727 581.354797
1422.274536 415.733582
6097.930176 234.069260
951.461243 91.298088
276.160461 29.745655
1604.329590 10.456311
3293.702393 1.061354
6309.825684 19.623428
234.806976 89.660294
8864.273438 61.220741
62.281891 51.054970
3919.841309 44.078297
410.179626 43.001579
73.988907 54.631233
170.011810 103.356575
353.370361 194.011230
11470.084961 34.380020
21523.025391 39.199528
6391.652832 48.160202
1682.217285 47.646313
756.632507 81.435616
907.402710 73.942108
270.696533 70.569893
2429.485352 63.298168
39.621685 302.048218
1839.239502 229.157455
812.806885 157.499878
730.691589 106.518890
989.050903 92.877548
514.827332 180.646637
1517.317383 307.085938
4320.681641 481.625122
23811.951172 122.617744
13171.287109 24.506107
3578.065186 2.967052
61.157875 32.600746
541.433716 311.764374
1161.002197 438.492798
1708.089111 534.152893
1705.787231 534.547485
28360.921875 1121.228027
8756.541992 720.241943
8988.706055 403.646912
1730.218628 269.275940
502.487396 115.920082
80.841324 36.016068
2178.614746 2.456003
300.594574 110.534409
20291.007812 371.717041
35247.578125 221.556992
3118.579834 181.228806
2159.062012 166.686661
5398.693359 29.354853
6866.611328 16.797983
2518.859131 34.180176
12731.701172 95.900093
19848.066406 453.991058
37.816708 277.372192
3433.375977 148.413818
8452.013672 69.703659
1333.827881 173.579514
2360.342773 191.091110
3436.769287 221.932220
2716.925537 247.317459
2532.792969 297.033813
8954.492188 262.040100
2178.264648 216.847336
12064.134766 182.425644
108.730110 44.233273
604.825012 102.528130
3770.666748 233.582596
982.342102 486.940430
11731.733398 466.212616
2553.105469 185.352936
1580.039307 54.623817
5092.650391 24.431965
1432.435547 94.511421
782.928772 29.305092
118.426392 3.790144
10475.580078 12.493521
12476.505859 750.088623
9118.487305 565.270386
5500.325684 371.835144
2744.306641 208.589142
977.905457 7.711670
929.344299 34.455540
2661.433105 84.906517
4698.653809 171.158752
7645.745117 209.372070
14527.087891 88.241142
4827.869629 21.821817
5157.163086 0.450901
124.684013 124.490646
181.927979 218.819000
4188.988281 371.354950
1058.324829 584.984375
2499.259766 629.590149
637.040833 339.740326
781.643372 162.188507
32.361984 97.856857
2145.298096 540.602112
979.587097 652.525513
1183.971313 647.548157
1988.753662 505.307465
4921.094238 1313.450195
2665.033203 826.935181
940.691406 513.760376
1352.969238 442.723969
147.164764 228.194016
326.909637 333.731934
638.858704 675.284973
4101.585938 1264.142700
24717.632812 367.704163
23038.578125 311.450104
8042.673340 293.206451
307.755127 252.462372
1102.863159 36.876034
1620.788452 28.684952
292.955414 233.192932
531.437012 587.467224
8688.480469 2067.705811
5839.229980 1414.101318
3777.908691 779.910400
1466.667847 293.481598
312.888550 85.181068
44.847775 50.797668
2417.872559 38.109146
85.970947 80.563126
16462.708984 1024.870117
296.223694 613.404053
1072.134766 320.004242
1165.458008 157.822220
1462.378906 78.348923
46.354889 50.503658
534.343994 59.716751
3944.440186 97.751907
7199.051270 493.421936
10603.532227 376.471954
4286.007812 252.600937
1906.670898 147.500809
863.309143 27.901106
3521.016602 50.987274
3405.895020 54.084305
6339.604004 32.814304
2312.471191 326.846954
605.628357 168.599548
576.179199 58.590702
1654.484375 17.474615
381.875305 70.226418
124.504257 70.330894
819.537842 81.070755
1414.222656 115.068314
5529.659180 45.765064
7913.978027 42.471786
1750.990112 54.846397
2112.216553 66.747681
2133.454834 37.191113
4086.926758 79.534203
506.388062 153.913513
3914.604004 248.266159
22249.011719 95.724281
15595.181641 62.785137
16603.019531 38.174816
1337.890015 26.379292
1506.420532 87.323540
599.794617 98.111710
897.700806 74.933647
1846.606689 29.286270
3506.639648 528.230408
5730.093750 288.624634
3420.151123 133.862457
4322.358398 79.536674
1155.009033 89.496910
1647.615479 67.969345
374.174988 46.651096
396.274933 77.587952
2069.255615 37.961769
3545.491211 1.510026
3363.703125 31.901558
742.867798 75.709267
596.058838 250.142471
402.986694 259.280518
1114.989868 322.285919
2792.275879 428.924377
317.651215 135.321121
9172.559570 221.839828
7112.091309 268.086670
907.014465 267.663208
204.007278 225.706970
1371.818115 270.626709
1113.941162 279.487640
2456.324219 221.673508
2858.160156 516.554382
4110.088379 370.941742
2309.653076 250.659912
1945.788940 203.287949
1044.467163 45.270683
808.443970 52.412258
2124.782715 142.301895
1038.362793 386.191010
7469.297852 106.677994
17370.562500 7.495603
12415.698242 14.579010
2774.809570 41.913525
774.257874 164.582062
1466.030518 171.193542
167.824509 203.080215
143.119583 203.986588
5362.823242 1097.376953
8825.180664 788.364136
3735.526367 474.257599
1122.099976 254.278320
433.123688 379.948486
1812.691895 569.820923
11199.436523 769.842590
22433.267578 956.971375
7051.150391 212.867447
5795.926758 127.644424
3067.230957 134.899521
1069.849243 226.118622
130.280762 344.021088
1301.498047 422.058167
113.700638 598.467041
2720.072266 959.551392
20376.333984 1646.394775
28907.896484 919.931519
3422.557617 503.473602
4630.189941 347.262482
2980.979736 582.932922
4494.378418 445.869934
5380.870605 526.915161
3308.947266 746.953735
41484.339844 2052.602295
5470.344727 1806.059204
12444.988281 1388.665405
17130.355469 930.740967
2753.796143 198.828354
1000.803040 107.939804
5920.188477 40.320499
2465.405273 14.470884
24531.300781 414.165222
32754.330078 400.398163
9236.238281 359.394714
5403.772461 289.191132
2901.638184 58.714890
166.638992 43.789871
184.416061 16.344666
668.577209 1.415329
1574.388062 49.392029
5063.112305 22.851093
5398.215820 30.664642
552.833374 50.785362
90.909523 308.486664
91.911049 381.621796
1002.299622 579.253906
4700.248047 929.363403
10649.616211 65.294411
9387.134766 120.113091
9283.069336 214.641449
569.737915 276.420471
81.743011 180.103119
224.765778 131.851990
457.173767 155.653473
4712.172852 182.205902
36457.675781 1732.163086
3194.088623 1259.058350
2453.885010 761.429688
85.510468 380.714966
513.994324 33.833508
2581.434570 32.141830
2585.984863 36.673409
1463.869019 53.166016
4152.376953 10.085748
6706.404297 16.671848
1243.010254 27.225653
4844.921387 33.712730
3421.232910 170.879791
3140.577637 279.916595
2386.780273 412.065399
2897.957520 508.862732
4003.543945 252.682098
5247.233398 207.255005
776.471069 149.392334
223.945831 126.247910
656.009033 139.412155
955.246948 69.684326
214.976898 19.518209
1672.069824 50.918365
8959.958984 591.587952
2575.406738 382.677490
5857.378418 263.655151
320.952118 198.273514
1286.607300 182.104126
473.710541 233.884247
506.483398 403.109833
3439.505127 672.699707
3655.576660 62.221436
13.187627 152.632141
10027.896484 203.095901
2709.912109 197.247833
133.457901 143.077530
3973.943848 139.740128
4155.354492 177.343719
578.951843 220.974854
16294.001953 803.669556
5543.642090 598.503174
509.155029 383.906799
159.853485 221.739731
1747.566040 69.836227
3405.044922 143.465576
8257.534180 194.959167
10628.300781 237.034393
8397.600586 804.032104
2582.217285 376.001099
2938.103271 111.199707
389.461182 29.384901
1841.777954 178.833450
1657.701538 192.449188
1132.538086 204.618088
2407.184814 190.735886
6535.459961 390.043610
15855.727539 321.898468
6441.150391 244.381851
333.156647 192.046677
713.117432 77.191666
1311.478638 64.669754
436.867615 40.676559
1779.708618 19.729851
5139.983887 23.177166
5655.219238 30.554104
4846.333984 51.234940
11246.927734 71.206161
37.089008 68.546127
276.072174 142.037018
146.595108 272.821442
2007.713501 461.207520
2359.058594 29.801802
1079.408813 1.147193
1344.063965 8.609350
720.156860 30.833477
379.617310 32.878540
4.669059 139.979111
1251.367554 236.140778
224.603973 284.255066
8000.229980 943.882812
5819.602539 488.384338
1670.996948 151.541931
52.995296 7.105767
162.335205 81.010773
6.161768 111.679626
238.670151 229.456909
766.566223 434.667419
23247.000000 635.425171
17226.525391 411.342346
19114.199219 239.190536
4034.196777 126.922874
4238.156738 85.965065
840.211914 15.538444
16591.216797 4.982506
6879.999512 42.644604
3456.763916 742.350586
5445.741699 583.699097
1476.213623 394.826782
1009.676758 217.747559
258.225067 5.053630
2299.371826 0.823948
423.748291 1.128883
9523.870117 3.955837
17612.318359 143.864090
18549.593750 93.830658
9721.862305 49.516541
4414.993652 19.634369
18.509115 95.576813
5077.086914 143.900299
241.506516 183.930862
1802.621216 209.370926
6573.083984 12.657071
11484.187500 3.041132
1566.402832 15.810717
10571.707031 49.225063
562.137878 11.743336
287.656219 0.633427
2042.304688 30.883999
1775.586060 140.088699
4065.958008 375.507263
778.099731 193.851166
1468.146973 90.801682
215.221527 39.848053
452.337708 9.153234
499.087097 16.446890
2564.741455 37.183300
3619.367188 106.832108
588.241882 430.397980
794.235474 192.108490
6097.462891 58.913151
410.077179 12.463005
889.615662 189.746231
1105.182129 197.020752
2442.399902 246.841492
2472.453125 286.700592
2250.906494 627.636108
2005.481812 536.336914
2625.881104 390.692810
463.842407 257.799927
755.688293 118.987854
316.256561 156.031250
2649.640137 219.871323
1436.089966 292.294434
17743.523438 348.865784
9487.384766 253.895294
3474.155029 171.639008
626.178528 123.114220
2110.464600 67.425316
3124.833984 26.974701
795.157104 3.188075
2236.933350 7.711095
12325.331055 165.704742
19538.246094 156.723114
1330.521606 139.584213
4543.989258 108.872864
514.533386 35.255836
1556.938232 75.384201
694.301086 146.287735
5040.765137 247.797028
7326.681641 40.196205
5223.871582 13.478559
727.703247 8.729498
2598.099609 16.047010
2302.410400 11.479215
18.254049 45.784611
2785.044189 113.722641
3525.675537 246.238815
12802.349609 471.892914
1737.590332 206.691498
1877.866211 57.617599
2527.746826 6.077754
1418.715332 144.098053
1416.704102 114.778023
1403.444946 130.712967
2279.423340 154.371460
16682.771484 705.223206
6159.908203 577.003296
2872.633057 402.394043
77.843643 243.083679
83522.265625 83522.265625
83522.265625 83522.265625
0.000000 0.000000
0.000000 0.000000
0.000000 0.000000
0.000000 0.000000
0.000000 0.000000
0.000000 0.000000
