466.102203 144.523346
1026.197632 104.759598
5062.433594 63.906502
2634.159668 32.045212
9023.345703 181.661728
1187.360718 190.928513
1017.356628 189.726746
997.421631 174.377609
1928.519775 429.578888
1310.693481 346.024658
1833.721558 225.388336
4189.370117 94.328964
22293.052734 779.323120
4079.004395 652.845032
3825.294189 553.268188
232.177780 487.458710
3033.031250 300.486023
311.216522 257.857208
1697.361084 225.468872
1842.954956 195.940933
5108.764648 631.271057
817.358154 549.964233
4817.787109 451.890320
4840.725586 364.290649
191.689453 285.080627
782.684570 234.324921
2546.515381 181.019867
2367.274170 114.230888
3633.645020 781.400024
3473.900879 635.236938
564.161255 480.862213
300.414764 360.828003
42.107792 358.172699
648.753418 293.773560
941.034546 246.598831
7.563706 193.099747
4740.341797 700.173584
68.226112 666.131531
516.372498 568.806763
1539.317383 453.746155
584.126892 77.779884
905.728760 55.818169
1346.362549 42.890511
3127.263916 40.059853
25942.582031 111.308655
1813.792603 123.261192
1324.806763 119.732239
3534.046631 102.164253
3057.345215 0.194413
2610.771240 2.911039
4247.416016 10.901837
1175.059937 25.222664
4564.564941 18.216043
4557.945801 8.862335
613.778320 3.542970
118.114090 0.795393
2212.854004 148.950806
885.305664 124.653183
1842.806396 85.403915
3812.213867 38.961231
95.800766 481.753052
4437.411133 342.428101
414.806152 235.863525
980.875732 176.499786
557.073547 195.601288
75.866760 180.255035
321.470001 164.574463
1115.581299 138.488007
22855.320312 280.559448
2491.568115 275.436279
9013.379883 249.431015
8793.279297 218.961578
1496.314575 26.632172
126.415512 16.816557
1718.056763 18.748657
672.628418 21.303757
103.558350 191.198364
145.152313 154.198654
706.399536 102.933655
548.450867 56.038639
1547.837280 0.540887
839.925110 0.241060
904.273254 7.506137
1928.475586 33.317436
12818.428711 40.106903
1416.842407 10.322536
118.049721 0.619693
2112.274170 0.388167
1951.851562 189.167480
294.982483 168.640930
1108.073120 141.386414
2437.897461 96.350746
19601.765625 627.415222
9051.878906 472.507385
3902.330078 328.984100
45.963058 233.898010
385.205688 86.115395
2135.220459 90.218094
1596.763184 110.808968
1184.532349 152.793701
8446.640625 305.235809
114.243301 207.518814
1327.800781 138.204605
348.118164 99.805016
3848.176758 338.471588
389.784149 275.338135
1346.683350 212.226593
2418.555176 136.095520
18164.113281 1063.086792
1344.376709 835.697021
333.995239 608.878662
71.157158 439.812531
739.496582 453.540771
2398.570801 427.597015
1265.333252 410.014404
502.237854 368.659363
17115.373047 619.894043
4297.649414 630.065918
2060.423584 578.243896
1185.194092 507.127533
1363.792480 58.824516
5913.310059 41.324883
355.734924 34.495594
330.444672 33.618179
4061.348389 146.179642
3382.543457 140.085266
6879.543945 117.075920
211.021408 86.412613
177.784576 86.803635
265.918365 72.244804
239.785370 57.095840
1520.545898 37.369659
7374.041504 288.647339
23576.001953 222.346771
103.362999 158.231293
2660.872070 112.355209
3292.772461 121.479698
1023.157532 77.439354
1257.646484 48.553230
3663.702881 28.307598
18903.681641 325.120361
889.130981 301.827423
311.332672 247.514740
647.222168 181.362427
775.705933 95.300880
472.030457 70.032829
307.032318 43.105286
2896.111816 17.706520
13559.732422 205.814529
5036.648926 178.518356
425.940430 148.210037
438.418060 120.414978
267.000488 35.944443
180.933899 31.580168
423.118103 32.829628
139.168091 39.564796
2483.353516 105.712677
1667.932251 83.408638
89.962006 62.564049
1016.563843 46.290146
474.344360 8.346823
1545.049316 7.258986
3165.168945 10.549745
474.956787 20.147755
1556.258667 0.545025
1708.703979 4.512511
451.742065 8.636265
1670.269043 9.858821
217.651962 45.176319
1105.056030 18.882050
466.613281 9.936752
6206.228027 18.483101
22743.566406 140.712769
6938.119141 136.453171
2535.243164 115.126205
259.776367 81.197914
1552.902222 90.597679
1680.338013 89.490921
5635.373047 85.802788
14166.422852 71.919083
3714.952637 160.892426
9667.284180 142.054031
766.423950 117.269836
478.806824 98.488579
2505.098145 26.314808
105.507515 29.865511
197.726181 38.189880
2332.117676 51.394234
13078.971680 23.738823
8672.421875 23.644686
1118.890869 24.698166
753.712402 25.365242
1818.695679 37.105835
93.638130 32.719131
131.964096 19.694330
843.991089 5.315583
26.860914 65.634064
2648.757812 41.603893
6493.546875 32.412422
231.366119 34.157703
1086.719238 161.541656
24.428564 125.363777
2203.716064 99.855293
8431.208984 78.321625
1871.996582 285.285400
1863.414185 286.131836
5412.472656 255.363708
854.211914 208.243240
315.234497 19.203733
575.674988 14.323589
230.213455 12.299183
7617.216309 11.927062
4431.304688 64.456932
1347.501099 53.456104
2011.140625 40.097397
3846.532227 27.926208
161.459106 34.721954
1216.454834 14.350014
915.889954 3.784805
4426.307617 5.009583
6162.588379 84.426018
7238.765137 86.688782
6437.072754 77.711296
527.082214 58.485466
622.305054 100.715744
1932.192871 75.528015
616.745667 47.263763
221.072357 21.450432
3853.033203 178.375717
9513.365234 160.777313
52.448380 141.392151
1206.294678 121.946884
176.427216 133.822968
698.300781 120.701431
1344.725830 100.559677
6813.359375 70.207764
727.812561 206.829010
3349.880859 190.009247
123.143158 166.982834
1247.835205 147.511749
1586.706909 95.584763
1156.759644 93.103432
793.244568 100.220245
1012.073853 101.075287
4127.631348 198.944824
8612.587891 186.984207
963.518860 153.017563
248.065964 116.992584
479.438965 15.809772
2380.214844 8.851116
2116.074463 1.650995
498.743225 3.215034
178.068039 138.488007
4606.236328 78.368866
6880.700684 40.699013
898.352722 23.303909
125.009987 216.783142
1587.921509 200.420486
600.275391 185.679916
3249.762695 148.674423
812.173950 567.747314
13342.626953 471.107574
2119.500732 355.418274
158.955688 264.422974
476.261902 67.517296
925.357605 54.614220
3626.233887 44.360950
5541.206543 35.073444
11473.605469 162.857956
463.895996 139.207108
790.463257 111.092484
675.536743 86.039314
1297.775391 19.239849
1337.537109 21.655685
1239.752441 33.717625
8041.443359 49.365536
18080.312500 164.037994
16680.724609 113.643372
1663.816284 66.218826
403.266998 33.208065
996.397461 87.832123
1740.251221 66.581627
75.964432 42.068443
10398.603516 18.497263
320.925873 281.450500
9889.107422 211.410004
904.610657 152.331421
464.275116 112.736160
1170.836182 144.035461
667.438232 125.510956
812.903137 110.052711
5623.500488 87.779305
7563.086914 392.207214
9911.879883 321.277740
1526.228027 242.684525
1755.291626 180.627457
786.990967 57.993980
394.206604 52.585342
227.580780 56.425827
471.119598 64.557945
803.017761 215.576721
6026.139160 165.908707
36.579365 116.255646
1244.513306 78.549713
12.752548 47.804913
2053.878174 44.068024
2566.355225 42.395592
382.987640 38.705120
5844.176270 133.571777
2152.040771 107.870087
187.893372 80.171432
741.307983 59.029816
1204.549072 24.018791
836.292480 21.397812
358.357910 21.981369
3307.584473 23.056232
4828.932129 87.951553
6480.036621 69.040253
371.021606 48.772457
1566.242676 32.858189
598.650146 44.077831
90.784988 40.031475
391.275909 38.915382
1384.931641 35.139763
7485.543945 143.611938
3119.033447 115.114838
1442.264893 82.887245
118.443665 57.595207
175.496124 1.812333
313.295258 4.647292
1129.114136 13.926371
451.681885 34.636116
7020.122559 47.210361
1870.765869 20.364401
1988.055664 6.789958
718.700134 2.154418
409.159058 75.861198
1825.163452 77.458344
4926.091309 77.117691
2934.390869 70.443520
3331.449463 106.178055
1480.763672 97.151932
812.578491 85.597801
588.895264 77.722229
724.747986 41.304638
1086.330811 41.122185
1104.600952 38.483681
6937.360352 31.927977
5233.609375 40.636417
3102.278564 42.024860
3193.896484 41.523777
4859.200195 41.072319
203.367493 89.351669
1355.895508 54.572437
266.332672 27.181385
3434.295898 8.678638
2531.051758 310.449646
386.310760 252.936432
1153.330078 190.037247
2082.913086 133.997757
125.856148 137.213608
271.087402 97.751358
404.666687 67.632973
748.067627 41.173527
7968.463867 364.590668
12717.547852 321.630249
6645.204102 257.145508
89.183907 191.223923
150.200333 40.406849
732.943420 41.343094
3190.899902 44.493172
8099.966309 49.467411
373.297546 62.516800
1460.955078 53.803505
697.382690 46.667877
489.073975 42.106354
1436.109009 5.435162
1539.231689 6.795224
1673.343872 12.098454
3780.896729 21.934092
13318.231445 27.563292
1992.463257 17.836395
1226.761963 11.123075
73.308990 7.048757
882.637817 21.336172
1109.677734 21.091257
2726.200684 14.610489
4594.024902 5.909340
3615.687744 57.210835
9268.049805 32.116383
486.094299 19.499338
3500.845947 18.251686
24.304171 90.901123
299.025879 50.272144
3117.240234 20.890833
1526.229370 4.557643
2219.818359 298.093262
3083.805176 254.455215
3437.263184 198.519073
1040.719482 141.473206
624.059265 86.495850
3782.348145 73.327629
1142.027466 65.094345
662.258789 59.480080
3333.041504 95.456406
3613.050781 111.809189
572.843994 112.834183
1864.180420 101.944672
451.443817 40.337227
514.024597 43.238323
182.882004 46.976669
5270.696289 42.630131
5518.812988 121.909378
8958.757812 97.943634
4758.083496 68.986786
277.436646 47.800282
97.503098 2.028198
3242.219971 0.505740
3116.730957 8.964869
2432.928711 31.416481
3495.529785 55.827686
1866.783691 33.435375
2235.638916 18.787306
1006.381958 8.814783
568.710022 212.160095
2105.341309 170.680511
259.284088 131.091812
8622.733398 83.367500
3523.460693 504.260590
16006.859375 437.966858
1683.786377 350.187988
704.196045 270.341095
244.923660 186.417297
1903.834595 140.805328
1868.083984 95.205788
3044.505615 52.627037
15606.066406 372.481903
8516.956055 335.025024
1108.323364 285.019775
2899.817871 234.012741
1215.696045 152.557953
3176.241699 103.380226
2533.538086 67.484131
4158.575684 55.171585
7350.303223 124.246849
3243.774902 179.517807
407.523926 205.585693
2802.719971 193.644791
229.413651 256.768036
2053.155273 188.340134
13.131388 102.673477
1167.415283 25.733358
20436.107422 610.289673
7469.754883 478.534424
936.100952 378.266602
181.126984 311.827698
850.968628 429.636261
768.190491 328.082855
563.522522 225.102417
2821.809082 124.499443
395.458862 991.365356
1129.032104 847.751099
91.500565 686.721252
1965.772949 544.664429
180.842926 303.288879
777.816284 250.265701
24.827593 217.611511
4547.890625 189.696808
6896.846680 482.544800
970.159058 496.473114
2593.306885 452.242615
1695.900391 377.187347
633.906616 75.375565
1788.334961 40.602791
340.793121 23.845867
8.482311 36.325283
11904.430664 58.698868
2164.338867 95.017906
691.979126 114.855988
88.280312 106.523506
169.490921 102.505714
103.856781 66.998116
119.595146 28.901287
7947.917969 5.525929
1964.470703 166.911331
14585.998047 147.716812
2893.046875 137.182648
1185.615967 125.401833
650.538330 231.087296
93.459183 190.693298
5193.801270 141.453766
20704.865234 83.820358
5672.894043 659.327942
1253.803955 510.416718
655.922119 376.406006
600.572571 284.742462
184.837769 279.297058
76.153442 270.043793
1457.779907 295.918854
4695.085449 329.077057
5981.760742 338.445007
3428.477051 385.903870
557.297119 372.126953
4314.422363 323.117432
614.239624 35.691990
1731.811523 21.532198
4951.844238 4.899101
2277.532959 6.321048
1013.851685 83.534760
18104.548828 44.119621
77.209038 34.320301
6419.291016 37.632542
519.961182 294.322662
2860.664062 284.859558
4050.877686 265.172211
13305.310547 210.601700
34296.054688 681.707581
4055.633789 556.574097
3917.892090 424.345947
2222.987305 332.809052
960.395264 125.869011
113.942917 121.220398
4206.558105 142.585815
1880.438232 182.227142
408.440277 128.602402
2771.391602 159.057755
1554.645630 163.899170
1557.466309 146.874924
2510.908691 28.589134
0.876644 29.754143
11.097900 27.816257
2164.702148 25.858192
3884.462891 51.605881
6892.288086 33.828518
2826.251221 25.683306
949.160583 25.622559
430.173798 164.314423
448.192932 140.104401
2583.920898 132.906662
11124.348633 126.985252
2532.476807 364.353821
371.976013 337.281433
1573.685059 278.270782
929.991943 213.137482
1233.088501 73.571800
1217.358887 46.721439
6281.476562 31.297346
2085.164062 22.252689
7450.612305 313.528625
9694.197266 252.037354
4981.433105 180.820633
629.866272 118.115639
805.046875 69.886627
129.306946 35.264812
400.044525 15.736938
817.025269 4.729561
11239.824219 421.264191
13825.968750 324.085876
777.708008 218.400375
656.803833 129.843979
582.491516 23.262547
474.192719 20.609402
1316.837769 17.257286
10844.017578 14.838285
1552.759277 16.562889
801.535645 19.304848
1400.146362 22.276968
266.080200 23.905022
253.308823 27.605635
724.866577 21.782969
2380.992676 17.046144
5214.609375 22.159367
5392.894043 103.087486
4310.918457 63.361622
476.785828 41.329784
783.625916 32.303032
783.063660 241.198517
1749.893555 193.080322
2813.897217 143.338135
3084.135254 89.425125
901.158813 542.088684
5566.404297 465.264099
322.570557 376.567627
748.334595 299.622192
625.754822 331.240021
19.305443 290.440552
1782.233521 235.106934
449.288574 161.542374
23532.304688 517.257629
346.348358 477.085266
197.336014 421.654541
129.358398 371.525574
107.051750 177.075226
1463.047363 124.042747
447.578430 88.131042
695.419922 58.126301
3990.523926 465.789734
938.322388 423.528778
9997.505859 342.930725
807.428406 252.946960
1034.120850 1.419869
1998.318115 0.882262
2503.112305 6.784505
2109.515625 34.913357
176.218567 107.716911
2244.989258 41.090942
4640.431641 9.785822
595.889587 1.882120
43.586952 324.711670
1351.457031 243.357864
202.411407 161.091034
2052.944336 77.789078
5654.101562 804.180298
3816.911621 681.449951
14475.711914 542.239319
338.494781 420.388641
954.847412 185.863785
2719.242676 156.374512
3245.943359 125.294685
5479.005371 91.302834
2069.493896 353.515167
4212.487793 312.984863
1538.331909 264.089172
667.903687 220.325180
147.905441 109.713791
1866.115845 107.479561
125.201675 119.723267
3823.684082 134.200821
1004.328857 312.460907
12035.066406 254.233032
790.948486 188.860764
1273.250000 136.676590
173.068817 72.856003
1953.415405 57.503204
2328.049072 43.830246
584.197510 37.437408
4186.231445 225.819672
8543.879883 167.803711
1351.974976 122.067612
380.824005 92.055527
27.842346 238.535019
2458.642090 217.950134
1681.067139 198.378372
76.961273 163.253525
1008.228394 631.332275
10112.312500 509.181580
4825.139648 381.634125
868.695557 287.653595
719.217346 219.836685
135.772354 192.524353
917.617920 188.649048
17405.203125 198.367859
1670.214233 235.099976
7764.110352 285.779144
1627.061279 291.172089
282.993988 260.890625
2343.861572 59.600071
706.304199 32.483757
2531.587158 10.103741
46.761959 1.918783
3290.510254 46.949406
23519.367188 68.768166
6152.458984 82.160347
3676.994629 79.035500
388.491333 93.225143
846.606628 88.033173
853.039795 67.927689
10604.063477 38.408024
18122.035156 247.748459
2760.835205 169.204956
1602.421387 116.739227
1014.528259 95.900322
1223.515015 208.050507
1458.838623 198.783447
1481.519775 206.859192
2662.549561 206.137421
9500.977539 652.471497
15925.775391 520.234985
757.974426 374.929291
684.052063 263.586700
45.281502 158.577194
1410.171387 149.758545
789.373535 144.652557
320.450867 131.420197
449.069946 255.324402
11715.205078 243.278320
186.770477 212.377441
909.651123 179.942535
15.704018 85.414551
346.330109 58.741444
901.890015 61.135799
8265.405273 76.637962
7506.490234 262.993256
4591.163086 255.378967
3825.457031 207.073395
242.502747 141.025726
155.946167 12.228685
1022.938904 4.957803
1164.892700 5.568744
843.860474 10.946913
5740.634277 96.954865
2625.459229 77.173676
199.526672 52.133209
146.708710 28.667255
701.927368 1.367043
177.795532 3.633046
4019.071045 10.888083
3245.771973 17.147318
3664.027344 44.954720
7725.423340 35.858849
545.011902 21.032295
170.515152 7.612599
1212.241455 237.266174
4271.408691 202.554001
2192.460205 140.164062
1052.385620 57.240089
9857.889648 795.281860
1003.902588 563.060242
760.779907 381.419312
1386.960205 280.367065
1135.300781 622.199463
313.473480 484.170624
27.670719 352.022888
6641.118164 207.501495
9144.704102 1456.096191
5613.140137 1271.469482
3766.517822 1027.409180
4164.011719 799.444336
251.752213 96.733566
544.319336 81.190475
223.498459 92.437630
8777.608398 129.382065
4930.149902 352.101227
6284.699219 274.500336
3991.408447 199.389221
8169.962891 137.583481
344.570190 36.056751
776.376221 42.214447
3328.556152 59.387306
880.400024 75.365402
8191.963379 146.226944
5030.551270 117.317917
683.310425 79.826546
697.700500 49.056103
4182.578125 44.948383
4029.882812 20.461418
2255.933594 7.531388
3391.154297 15.034317
21660.750000 136.148361
8361.144531 114.931190
1583.384521 94.639679
1612.691040 71.455482
4840.606934 366.845947
1080.046753 306.437531
1104.347046 237.017944
729.697937 141.565369
18272.625000 976.772949
7926.876465 797.395813
6997.252930 605.347778
3073.126709 457.456818
1242.561768 261.782745
1121.960449 182.664413
1300.538574 110.848938
2231.872314 61.110977
9155.958008 267.902374
6618.246094 329.329193
3048.121582 350.725952
3318.229736 324.993774
1371.791504 91.864746
606.860352 77.309685
2186.914795 64.930138
27601.203125 55.922737
8348.388672 89.906586
14520.584961 105.395386
1634.287964 110.308159
3550.480957 104.585022
81.772980 16.552492
1708.484619 19.370495
6267.944824 17.450012
8212.445312 11.531267
969.652344 8.996140
10578.232422 5.486334
1064.349976 6.357473
354.595551 11.029071
2698.412109 111.672791
724.806641 96.094284
72.707245 68.988586
2351.569580 31.243982
17234.277344 411.848877
1702.448608 290.197662
707.411743 192.018631
194.270737 135.496994
195.116379 241.221252
1126.994873 203.588837
1454.098389 166.115891
2088.420654 115.107681
6372.443359 669.916626
5645.166504 545.132935
2451.429932 410.135040
5731.314453 304.874695
98.382782 50.800625
10.597528 49.825127
551.972107 61.303596
490.735687 88.541496
3180.270752 323.166870
235.590607 207.937515
3289.036377 121.070816
1627.974121 70.738594
63.224216 204.796204
1802.867432 156.532852
4030.702637 111.378662
3361.609863 62.222630
9443.486328 627.714844
670.410278 507.949707
255.458740 379.153809
1353.036011 274.920105
43.405960 215.187683
1319.245850 173.082153
1603.645264 150.372879
31.739037 125.372742
17711.546875 503.353546
773.634583 467.537415
2519.350830 383.331360
10.815134 288.699341
649.497803 40.704296
1256.131958 33.044014
1341.352295 31.204165
10792.605469 58.413879
3059.517090 17.149870
2694.345215 2.296349
942.802856 16.834728
2639.262451 35.602684
297.643005 259.938385
2157.735352 193.041031
1114.280884 117.017685
413.256622 47.239754
12481.479492 805.886353
2932.271240 610.256958
98.804802 445.948578
2253.046875 334.178223
184.991638 375.485291
142.905563 317.816223
352.924652 266.219147
2144.590332 210.930511
6856.021973 509.067566
1563.783936 530.445923
7949.698242 500.237000
281.628937 440.658417
1607.688721 96.757233
747.670044 82.050346
2880.612793 77.076279
177.590561 79.855255
7604.683594 91.739899
5073.725586 117.941803
2451.391357 125.101997
71.137634 114.867386
684.201599 0.087637
274.915619 0.668599
860.068604 2.905825
1791.867310 7.930068
2520.807617 5.105667
3576.860840 1.480362
331.024231 0.211658
31.247408 0.021350
642.812683 89.329819
0.129169 66.935570
3866.890381 48.251408
1286.618286 32.595684
3106.398682 170.851517
2481.074951 162.188675
3361.924805 141.393600
991.265564 115.158165
1405.357422 80.645218
251.186356 76.382416
481.772156 70.839462
4663.274902 58.118923
21119.777344 177.320007
5540.162598 148.403137
4755.778320 116.195908
156.892853 92.342896
3764.691406 38.622108
532.423035 22.077156
6383.959961 11.129929
7012.597168 4.011215
19758.638672 181.663635
1196.926514 142.950043
425.475494 100.549171
984.376709 64.351990
1123.449951 89.484413
44.111301 82.518387
1689.605957 70.884491
3456.655029 49.913132
12388.675781 263.958221
15149.962891 200.322433
1491.546753 142.402557
9.291064 105.457130
1903.343506 41.218990
49.182739 38.476997
2766.586914 41.523876
978.911072 49.482925
5013.824707 44.939621
96.509811 50.837280
1192.333008 51.432625
2711.324707 47.047894
150.430984 19.259850
496.437103 18.443531
427.447083 13.347021
559.831482 5.487027
1059.128418 50.631748
216.954224 33.104229
5352.604980 22.176455
2212.222900 18.771275
534.038879 64.894913
1096.177979 37.989738
889.658020 16.299656
12867.232422 3.629809
605.727539 136.688980
493.335052 130.800827
4448.702148 115.365852
927.203613 92.230927
147.560120 27.524330
1100.174683 20.925783
4057.636719 20.547758
14527.791016 39.244579
2349.478271 3.066339
5201.229004 3.965880
1399.934082 17.051044
2759.350830 27.532944
109.569588 65.313812
525.248169 41.856415
427.598846 26.998817
526.085205 16.797306
10166.292969 353.202454
14264.210938 264.047974
602.411499 175.628021
3154.487305 107.609383
1052.947876 24.305548
69.695778 23.269701
3937.583008 24.831011
13472.652344 32.637276
299.088440 4.389349
1291.252075 9.859184
234.934616 17.855986
1122.114014 23.276825
60.652077 47.133488
935.903442 28.111513
205.054337 11.675803
1945.621582 1.431265
18650.046875 134.773209
10146.277344 112.568405
935.047913 89.312645
1060.654297 67.443695
1085.736938 51.500984
1022.281372 44.554642
288.011414 36.203369
811.527527 30.340176
13366.631836 128.579025
1704.699707 95.570831
686.564026 71.992332
1698.512451 58.811523
127.417984 80.362350
419.889771 70.450989
3230.324951 60.069427
2665.672607 46.796394
1622.024902 129.888824
1245.727051 122.357155
584.770752 107.900024
316.067596 92.720169
551.292847 51.939556
2305.696777 47.379196
1175.366699 49.620003
363.839417 49.990692
12319.171875 121.310646
493.667938 113.435394
1996.761719 91.734146
1226.160522 67.840836
140.571228 31.868015
4033.306641 9.575428
3038.145508 1.010503
2464.889404 10.866565
1086.747192 116.392746
5020.704102 103.537552
779.375488 84.763939
1223.255493 59.540604
237.181488 102.652740
7913.449219 85.286095
2148.444092 70.028809
1367.333496 57.613472
2508.211426 103.271446
8578.527344 121.286362
5491.608398 125.953705
1256.005737 118.153084
1610.069580 46.106106
1509.227783 50.367744
1707.934570 47.097370
328.973022 31.282417
9887.870117 161.235519
10443.610352 110.459106
7383.525391 68.767433
1467.736206 48.018108
157.668457 59.746101
926.078674 48.077194
179.178467 41.320038
246.772278 27.814323
6132.421875 342.574463
4616.363770 253.242538
242.926422 161.594025
2528.236816 94.270523
1947.625000 26.603630
91.404160 22.052631
447.844299 20.496511
2008.108887 17.975634
2153.053955 90.301361
230.318588 75.353966
1190.912720 55.404907
4461.174805 37.687817
791.544617 36.354603
1438.047363 22.217604
4787.484375 6.343219
11661.324219 3.288771
6590.703613 268.971649
2334.718018 159.191833
37.864960 87.329239
727.951172 52.183666
810.196960 121.137619
223.276123 91.184837
1217.092163 80.897507
648.958740 78.174194
23585.072266 606.935913
20096.203125 457.806854
5235.139160 306.537292
718.851440 189.824692
3103.128906 28.447071
1342.650024 23.688042
9101.962891 25.191076
11329.182617 31.931496
512.622192 126.332405
1312.406860 94.022324
1632.770142 63.952946
36.056671 41.497917
2010.608154 2.764721
472.057007 0.923051
1367.077759 1.133201
6486.435547 9.296228
16463.859375 19.003956
19584.425781 5.808854
10712.649414 2.229620
580.046143 2.878106
1414.564209 21.338438
1286.332764 17.876228
238.855347 12.579400
1072.011475 9.456293
26277.382812 75.543633
5694.073242 48.369255
684.996094 31.441380
36.749561 24.135155
65.180290 27.251148
360.790802 28.185017
1269.820190 32.912357
4373.572754 48.777050
11870.543945 169.519257
836.037292 97.488800
7067.096680 52.010921
1071.795044 31.945547
1103.889648 169.972733
72.199387 122.261749
2826.168457 73.606194
13691.322266 35.247818
877.302063 554.875122
279.624329 419.982330
2176.571533 305.558228
111.960861 225.188354
71.206902 245.631958
351.654205 243.637772
1660.398193 255.517227
2710.739990 260.023285
10584.462891 554.639282
8261.498047 463.853607
356.586182 361.657745
379.758392 283.048889
2403.493164 101.615860
1285.138062 87.755135
190.939590 82.739822
4939.279785 79.730377
3452.535645 214.592087
1631.278076 195.862885
445.921875 162.724243
399.281464 127.824173
389.490936 104.109756
92.254410 87.436554
3568.700928 91.458992
578.404053 102.789261
2430.999023 200.053101
2992.341797 208.587555
882.264465 183.430893
124.571739 141.188202
1339.862061 31.648745
1024.616699 16.747293
383.785858 4.805143
322.413513 6.164290
2480.109131 18.456705
3767.507812 25.294926
749.639160 35.587322
2215.261719 39.243042
544.489258 58.858856
998.725403 68.463074
379.708801 78.184326
4051.699219 83.602692
4773.383301 71.969154
4190.845703 63.185265
630.186401 55.814144
676.531616 53.917923
2011.175415 98.921394
547.467163 93.365921
86.355652 86.668030
2847.150879 70.672791
1436.878052 179.798447
4227.552246 162.702271
1624.069336 135.743500
818.159790 112.200951
1405.197510 177.178436
705.861694 125.393639
1100.013184 88.789841
5752.924316 68.722672
14615.003906 429.786285
3105.176270 381.087524
551.110474 313.644775
1086.668213 241.942520
483.019531 45.828369
2432.461670 43.625137
672.570068 51.092514
6430.928711 69.506538
5059.203613 139.595551
7278.442383 104.699646
7845.313965 76.472290
705.171631 56.797943
376.735107 85.926529
2991.360840 52.600399
1169.471069 30.286133
7123.006348 11.769323
5236.409180 427.382263
12801.401367 331.851624
2257.404297 228.134033
660.605713 142.631088
1107.264526 31.459471
2161.119629 50.738903
2481.067383 70.608185
225.740540 87.072845
3321.384766 0.901350
1797.899048 0.485413
2224.064453 5.382705
4011.547607 15.817246
1304.996216 20.126110
3616.985596 23.941532
656.896423 25.241398
1007.922974 22.030201
15204.981445 58.370884
644.372131 39.492439
983.033691 24.996443
2285.456543 18.887388
3209.676758 19.458210
2246.772949 16.039968
474.234253 12.141798
12.308408 5.179665
35774.355469 142.845703
6661.203125 96.720230
797.972168 56.122555
3745.034180 30.410763
153.440506 26.139206
3330.189453 23.208530
887.486328 16.049974
5313.725098 10.516325
4933.280762 5.270463
7337.743164 5.849983
1857.729004 13.451141
3065.181885 22.153769
488.784241 26.795483
97.472404 17.085154
198.989578 10.743872
158.233856 7.177344
20594.640625 57.270100
65.806458 57.085243
472.186920 50.031029
1003.102295 38.741119
381.354858 10.075043
299.240234 8.932129
1099.968140 8.307172
2987.625488 8.814636
1640.154785 23.218840
1633.442749 18.049929
408.944366 14.179615
484.643951 11.677798
80.423561 34.129978
2258.025146 29.341333
426.913330 21.388950
2393.936035 11.599782
2317.443848 99.688736
2100.201172 72.438019
572.490295 51.367264
542.990967 39.567986
2578.745117 2.576027
244.589859 2.862129
3377.526855 4.524686
1750.271606 12.568026
4371.096191 19.375240
3017.723145 4.726821
2891.954346 0.149326
4314.018066 1.082202
49.615318 77.320061
214.617432 57.334969
5159.947754 30.550766
9221.144531 9.476934
2176.723877 82.107666
1427.565308 77.605888
5158.828125 81.351555
7016.873047 84.342552
399.098755 33.270752
403.664642 30.507498
1855.396851 43.849915
4117.710938 76.323723
17284.753906 20.941555
15438.666016 33.511185
8208.097656 42.322823
1524.369751 40.977985
101.369682 92.612206
2844.868164 73.823883
2651.205566 49.108307
3867.242188 23.476391
827.835571 127.716690
1846.155640 121.050697
6957.949219 113.492813
5315.897461 104.945457
759.160767 52.700264
805.009644 36.517857
4230.368164 25.142956
6346.423828 14.109646
1118.863892 194.556885
17151.304688 159.755905
136.889877 117.072525
226.584000 79.202644
1790.947388 38.147385
220.968353 37.951668
4877.014648 50.400017
242.598022 70.650223
38504.285156 92.569221
469.728638 83.879211
2545.937012 67.940201
2296.198730 50.125782
2253.967285 29.231094
982.309937 19.730108
3117.800781 12.131521
383.101410 7.640569
37458.496094 205.304138
11470.967773 138.131790
5317.759766 82.661385
2834.284424 47.289436
282.243103 10.611217
25.901226 17.237684
518.456360 31.168907
14537.206055 53.454739
2565.569824 42.501549
1391.848022 24.179604
4060.633057 13.741945
1386.987183 9.606856
18.071089 7.279840
1138.418701 9.979114
194.328583 16.340794
1954.091064 27.358494
1838.722900 26.450909
6865.291992 15.807762
4031.770508 9.743847
2352.165771 7.220198
1513.009277 17.364372
2019.426514 25.190079
2203.753662 36.237705
4635.601074 44.204849
8365.980469 29.885258
4978.844238 27.920990
577.300415 21.588028
649.033386 16.471035
356.547638 5.917141
938.658142 0.758070
491.431274 1.532057
1697.151855 12.680026
12219.736328 1.269523
13346.148438 5.085660
1204.279785 9.896803
1359.772827 10.411739
804.081787 65.063843
181.467499 70.162132
3328.900879 70.753868
2987.813965 58.684097
4054.225342 148.382523
878.152100 117.143326
1158.905151 85.993835
716.003906 67.741264
487.586426 23.105854
172.655502 29.767557
819.835266 44.049973
3019.892334 58.133144
3188.230469 83.069679
2782.049561 66.611496
625.758057 45.569572
394.715088 28.792919
13.180518 39.978485
1098.945312 44.138973
4868.770996 45.312649
1040.027100 39.720760
14617.833984 162.369385
1461.327271 109.175499
570.255066 66.296585
434.914490 43.860634
30.668180 109.296379
1004.180664 100.231125
2259.538574 85.296875
1969.561035 68.373413
1875.950317 428.936005
597.684448 290.501465
975.275024 185.966141
2007.149170 129.638412
690.772766 293.732788
106.117661 263.801971
876.508545 242.048737
1825.691040 202.797089
11824.099609 774.001160
1907.891602 642.046875
8363.459961 487.988983
332.923309 364.269135
180.134003 113.418144
971.244690 107.524925
3121.226562 111.916641
1494.282227 117.111542
344.402740 339.809448
906.193237 268.488434
668.667236 195.664291
1198.008667 141.236923
41.581924 189.355545
525.585571 148.883240
1622.957520 116.470657
1359.702637 78.268272
964.777893 629.458374
8570.181641 507.399628
312.782990 371.049469
2193.301025 259.949860
785.848328 197.349243
1.538798 152.483475
501.784729 138.744049
3279.870605 135.916794
4059.042236 405.159576
949.567566 411.373077
3356.204102 357.342407
444.896698 273.598969
343.929443 55.891701
1409.586548 40.601318
523.236938 23.308615
7747.557617 8.926946
2521.250488 60.339943
1273.046509 65.651115
3420.717285 68.257843
1561.223389 65.482544
1833.956665 33.273476
142.548187 34.385254
1202.715576 26.839243
13950.399414 17.348549
9730.050781 71.375389
3877.595703 38.301853
256.972565 24.483223
1554.658447 26.458988
872.876953 42.683949
724.172363 21.941536
1835.802979 9.692213
177.209106 4.633916
3299.468018 105.347412
13325.537109 106.788094
2849.553467 92.810059
1742.766113 68.708229
394.186127 8.352531
4316.525391 7.594450
538.609070 5.318010
1010.750732 5.053267
2342.624512 22.093388
614.303284 10.548560
429.651611 6.376640
134.558807 7.029269
233.073227 28.997614
549.239258 13.487055
720.167358 2.615047
1122.714233 5.438433
1180.009277 236.741180
2444.758789 151.391525
2916.724609 88.700645
1715.129150 50.810890
3560.740479 124.100418
172.761963 104.236931
608.925842 92.470314
1329.694336 82.719749
4205.862305 277.151367
14518.061523 245.744568
6295.064941 200.741241
1043.846313 156.865021
437.889771 2.999868
38.032143 4.241632
375.758453 10.770038
2687.603760 28.898016
22736.738281 59.201817
2264.699463 26.616625
333.359985 9.795884
158.986389 3.993566
331.185455 37.302784
54.509182 33.139111
3357.604980 26.138178
2328.025879 18.345196
463.704681 18.345196
2328.025879 26.138178
3357.604980 33.139111
54.509182 37.302784
1315.974243 119.844154
318.853027 91.336372
1494.353271 56.874741
2451.298828 22.100473
44421.757812 304.674347
363.962646 242.303772
93.397385 187.556152
153.655304 148.371750
2208.845215 147.716660
535.328796 109.130104
1310.613770 77.195213
3888.293945 56.165783
1399.220825 421.997070
573.250366 340.698639
435.913300 261.349091
217.125488 196.636597
70.339500 287.578705
463.299072 245.735519
1833.296143 191.901947
1737.565674 125.939362
6465.801270 401.126526
2502.432617 389.326935
893.037354 359.307922
1542.281372 323.974182
1774.657837 174.375534
306.766144 146.393143
1618.650757 126.145020
3544.665283 98.830078
6566.409668 413.319031
11439.176758 366.658600
7246.305176 293.753082
461.455872 223.585114
393.449402 58.582546
645.925415 39.079647
1827.611084 26.993713
9536.730469 18.765724
13989.536133 320.446228
4823.460449 237.152328
225.004898 156.186447
1238.359741 95.273804
998.213318 121.155846
381.242859 87.160355
531.634033 65.269424
1831.478760 43.425919
17005.123047 415.114136
2349.825195 349.079956
8809.879883 260.793884
249.606064 179.086700
1371.562866 32.236145
369.593658 34.837482
7704.356934 39.257046
3502.886963 49.393200
13093.025391 1.778577
1459.260010 7.166949
122.539978 17.627728
184.369980 26.997175
859.081299 48.143631
1434.963135 37.080364
3585.945068 20.400606
3028.900146 4.259822
5156.640137 220.298096
376.838470 144.481293
311.543152 89.781090
304.501343 60.908985
734.378113 7.575102
2121.788818 17.919785
1737.776978 42.545723
3588.955078 88.186241
2005.345459 56.664570
50.044933 22.002090
522.745178 7.353006
5747.642578 4.465083
456.113647 170.867889
1403.934692 116.636917
1986.788086 65.018181
963.257568 21.243256
6541.844727 473.508392
3855.558350 392.545380
3518.817383 306.904022
974.682190 232.249512
2557.123047 195.375046
973.229004 163.643341
584.454651 133.532196
2106.894043 103.356216
16094.908203 242.495300
5715.513184 258.953003
317.357117 251.264160
1295.029053 226.868835
784.543091 141.617279
1222.751343 114.131554
3898.493164 92.108459
3854.433350 78.112709
6196.922852 145.779099
339.155273 171.904770
653.692566 178.921280
509.898132 166.548492
1848.370728 45.816998
5529.915039 33.364437
7564.989746 26.224094
1750.635742 39.103264
7131.151855 129.459000
1430.994507 86.228439
726.542175 64.971046
2347.175537 55.302883
2676.605469 124.104309
902.215576 88.072418
317.414734 67.642464
10759.461914 54.791439
44813.996094 464.581085
6587.523438 376.166443
6815.965332 274.338806
1602.692627 185.733780
942.426575 31.036036
2902.458496 43.844826
1000.875122 64.810982
2541.155518 86.696823
14102.092773 38.290894
19347.027344 37.616684
3387.646973 32.753136
1110.436523 28.486469
598.360229 21.626556
660.495239 5.359280
1155.999268 0.619490
840.742554 17.894651
29361.755859 30.905436
1194.546631 34.028973
2622.208984 39.127693
826.707642 35.659470
2194.943359 190.559341
1171.904663 169.764481
429.931274 131.768707
141.158615 79.793999
1521.000122 284.373260
7721.258789 250.821213
1187.785522 221.502136
497.731110 203.441925
574.566040 167.154404
126.968369 139.147064
514.595398 117.717270
5672.416016 93.511040
3417.555908 301.435333
202.200165 290.993896
9347.709961 253.396118
1247.123535 206.982452
1225.429443 141.977798
1636.344238 105.362442
400.146912 93.386383
4165.774902 85.750504
6930.211426 419.511780
2277.445801 383.313141
895.727295 302.653656
189.954010 211.935440
2682.086426 57.754913
2944.145752 37.060863
3685.145508 18.733847
9075.648438 14.228404
261.459717 25.583395
1425.335327 44.659351
6660.276367 62.719173
855.598999 68.349007
85.113899 342.372284
677.739563 246.780457
9810.397461 126.548950
1086.223633 27.638344
6666.870605 760.346924
1460.968994 593.699219
649.492493 480.159180
2809.739258 409.356049
180.230865 652.072998
1429.837524 529.462891
854.020874 420.368225
132.375992 307.220581
8845.387695 1085.099121
15090.707031 1061.290649
11728.070312 948.236450
2846.979492 797.325684
1496.620361 126.323624
1367.249023 96.075485
2777.470703 69.826561
1743.977051 47.686604
1695.336792 176.438049
951.476685 188.565338
4315.541016 180.317810
335.583679 156.837433
518.113525 56.759605
644.559265 37.023369
2176.265625 28.633223
45.135868 23.858839
5333.304688 198.141663
8230.353516 176.071960
1957.382812 135.379700
935.174988 91.267532
883.224365 24.918423
1349.984741 13.174259
468.723358 5.088613
1485.937744 1.837980
8297.501953 91.237167
1208.639893 75.037766
1266.362427 56.926308
29.208910 39.714527
200.503540 14.362468
1825.666870 17.460106
511.030609 25.106861
3089.967773 39.088543
2789.841064 15.191258
10065.149414 11.339804
1543.741943 11.581312
2682.850830 12.929064
428.233398 9.463400
340.583008 2.836537
382.474121 0.376801
13261.902344 1.113632
4255.717773 69.865837
3609.500732 54.505066
737.320740 36.877972
453.174744 21.013147
1138.102783 28.992924
46.160854 20.305529
171.797531 10.188449
3138.354980 5.608345
4934.737305 59.676262
3862.802246 43.782616
2291.568359 36.491646
103.747925 33.486916
152.458344 240.970490
1112.036133 196.764130
5661.208008 144.156509
20450.179688 81.090515
21282.941406 511.224365
1952.906494 438.992584
865.228027 358.064270
495.518677 290.826508
2604.112793 151.733948
2450.232422 109.266602
6105.223633 60.757954
8801.168945 19.808424
19571.283203 218.038193
903.242004 209.201477
4308.986328 198.426071
513.912231 181.136932
921.074219 44.372833
2981.968750 39.177231
455.765717 48.166542
3270.138672 73.738068
17358.083984 248.167130
8800.548828 169.496445
687.379089 106.672653
1787.344727 65.494324
849.001160 49.733692
380.716614 37.931679
3237.309082 33.025867
933.805176 34.678097
2729.627197 162.754013
5015.478027 130.562302
1435.975586 97.457039
1373.152588 69.563141
1410.362061 68.746300
1010.078613 63.098648
7027.075684 56.616287
11340.734375 54.810123
8270.656250 87.322281
204.162109 76.099617
401.142639 71.985291
32.614536 71.081688
814.211670 77.839233
65.904770 51.454132
718.572021 30.958981
7952.686035 14.163042
8122.082031 221.911026
2235.534180 193.912643
1867.196289 153.602890
3651.915039 112.429474
867.238464 27.295536
458.069519 15.412922
4533.787598 5.406537
48.628628 4.224062
1469.239014 147.679443
2217.752930 98.142784
2137.541016 62.608353
2371.347168 41.061638
214.440079 135.095154
1660.716309 69.193954
631.738892 18.827734
1775.446289 8.663318
8305.367188 563.597717
3417.939453 417.153320
1705.714478 298.461700
700.330994 208.593567
435.421692 491.252716
1789.855591 400.791687
197.521225 300.779358
5234.907227 202.720535
3416.337158 1136.281372
4885.209473 928.267334
1018.822571 736.223145
562.784485 593.106812
335.002014 498.575562
2039.804810 444.590637
1084.912964 384.734497
5292.290039 312.035248
2004.582275 522.801758
8780.633789 576.628540
2864.637451 579.568176
368.679871 547.257812
488.264038 232.362579
115.773888 175.304871
3939.919434 153.747696
439.309143 141.650208
1494.922241 557.057251
17190.457031 536.992432
3714.431641 447.274963
1853.338501 330.886414
62.401176 89.843971
650.338989 56.307655
2778.745850 33.279186
9003.405273 15.524033
7290.908203 342.094482
3779.262207 282.074341
736.835693 208.198334
404.216888 140.453979
283.594238 24.157185
909.491394 13.464569
86.762032 12.403972
1523.733154 17.132078
10294.671875 146.102036
5085.807129 115.905594
5982.738281 79.638710
1038.405640 46.827477
2463.140137 25.873268
1455.644165 19.602064
2629.390869 13.324381
2140.580811 7.867012
1489.701782 146.306976
2859.270508 99.382675
158.219879 61.094719
398.647217 37.401024
109.195007 72.216270
41.131683 66.698288
1064.780884 58.281921
1049.241333 45.987316
952.121948 71.804520
2713.939697 77.683998
1496.032227 78.391678
150.837860 76.080956
344.381683 8.953445
2233.127930 2.546071
2918.919678 0.969154
2995.135986 2.179994
11689.336914 52.080906
527.688965 46.031693
4121.567383 34.066654
2992.946777 20.290104
941.210449 42.364971
2036.756104 31.803238
1845.279907 21.524780
3817.880371 10.145486
1278.203125 185.664612
6762.454102 136.960480
1089.072998 91.873413
1430.771973 60.216404
203.483414 16.716597
413.152954 17.788065
213.441116 18.755043
753.040283 25.270405
7755.965332 5.352698
3218.225342 0.240137
1343.727051 4.583471
4679.421387 11.921394
394.993073 63.007507
1396.769043 49.564941
5227.939941 40.888355
3983.489258 40.536816
2509.257812 51.105171
4814.109863 67.493317
5439.834473 76.365753
2240.841553 74.133636
2076.617676 93.327988
3214.318848 81.012619
1969.070190 65.861290
2805.721191 46.151272
12119.920898 166.437790
1637.535645 148.781860
3313.775391 126.674431
763.985962 107.510506
946.915222 40.988773
327.487396 25.303333
2559.161133 10.373063
1467.522705 11.820600
11705.428711 28.494410
2215.520752 26.341808
3428.802246 36.910904
1657.311768 45.242981
4.446941 157.660202
1232.054688 88.827583
2481.628906 36.446823
3303.468750 8.266863
18056.599609 497.264648
964.620789 419.457886
7233.172852 328.617157
707.526733 238.797668
301.241241 245.041489
805.983521 200.985657
14635.174805 140.690125
745.812988 74.736923
5208.986328 344.880493
5898.097168 322.164368
1829.706665 297.929596
55.429649 274.463104
651.786560 493.181732
913.248413 375.134430
4742.225586 244.866089
19190.212891 114.778755
19300.199219 968.946228
9559.981445 860.388672
333.349274 730.872253
2283.268799 607.545044
708.377563 571.332275
442.201416 428.387024
132.132858 318.581390
119.236816 229.316086
2017.425537 937.351807
13327.347656 967.212585
4823.615234 886.534119
6458.317383 736.914795
2399.735596 109.491562
2978.085693 81.434044
1857.796143 54.124619
11.778428 35.053894
5689.780273 76.943741
13425.423828 109.216736
1435.836548 128.258484
548.174255 127.837036
1118.031738 1.285115
527.626343 0.951431
116.270035 5.803060
3946.119141 17.183773
11182.936523 42.171989
3620.442871 25.608562
2392.753418 13.480090
2830.136475 5.550623
1461.947754 123.158722
1084.526245 89.564888
2007.922974 50.853127
11149.542969 23.485891
1918.834717 136.114807
2989.260498 137.121567
4458.975586 142.495682
2810.437500 140.850067
65.688286 250.141571
27.563934 204.488541
1651.514282 169.348526
2207.769043 123.742645
10311.031250 642.389893
12431.143555 559.068787
913.159424 439.337677
548.151428 327.753296
2257.317383 15.871357
379.546722 21.493765
493.887268 36.715775
1034.145142 63.936398
1758.661255 75.521355
4762.862305 45.396767
1217.503540 26.711090
1166.858154 17.592611
220.247772 105.558762
1597.095703 91.976807
4787.124023 80.544327
1728.836792 62.606495
5604.099609 240.357407
3602.233398 210.950958
2154.199951 168.738800
235.564453 130.542694
497.463989 79.894379
752.478760 47.991756
470.991669 23.056860
9547.930664 12.728341
4315.911621 151.227341
258.346893 145.769974
1247.326050 132.696121
490.866547 110.153603
986.139160 74.704170
2456.866699 70.658035
450.764435 64.684898
11587.192383 61.484982
1206.594727 18.406986
10531.925781 38.618126
368.356659 58.586430
8585.167969 71.481079
2222.593750 19.761591
1528.342041 22.736506
678.506042 33.992500
1226.623779 43.851891
4598.703125 122.306969
15513.506836 94.542381
3341.442383 60.146099
1855.288086 32.318745
788.232910 64.474106
999.820312 39.415585
7529.511719 15.334631
1481.436401 3.878999
7828.759766 415.947388
1324.045166 272.196350
4066.584717 163.754227
914.541992 99.148743
959.204834 184.981262
863.041260 179.916687
1072.733643 175.035080
394.403503 158.870514
24526.097656 315.189362
12308.345703 282.122345
193.458832 238.463379
1914.018555 203.068298
2515.645508 5.673069
639.480286 12.843128
578.605591 31.893709
3349.644043 67.193085
13591.413086 50.050758
532.977600 23.120125
868.130127 9.925958
1512.284424 5.208396
954.025269 71.252457
2080.753418 69.305283
1571.613281 59.676193
2110.608154 43.160118
1797.424438 137.809311
2224.252441 105.432335
214.455017 82.243591
1079.652100 72.444389
1424.331909 166.462830
128.205536 164.055801
152.836945 161.972916
1842.666382 141.741058
5125.974609 526.075562
7446.334473 401.815613
729.174133 280.343018
268.996826 198.941223
225.872360 245.409729
2100.121582 198.897949
1840.400635 158.720764
4545.214844 112.386223
6502.996094 520.842163
6623.212891 473.422852
6071.897461 393.030151
3696.998535 310.511688
248.506775 122.226196
1497.144409 87.153107
4000.274658 69.200790
7156.046387 59.184711
7339.459473 263.623322
2358.780762 263.185577
6900.847168 227.340302
1131.467896 173.462296
124.124626 7.574371
365.541504 2.022041
417.836670 1.403085
10641.452148 2.093908
4317.380859 67.853241
8048.200684 56.004185
6.942565 37.918770
2511.053467 20.068151
1288.534790 7.591844
1041.816650 10.505280
228.214554 9.545136
677.175293 5.224089
16884.390625 16.586355
1189.327148 6.643815
23.999027 2.156880
2968.382324 3.442141
548.190613 44.629559
272.954041 34.468567
2258.801758 21.013285
1854.764160 6.692798
284.134735 147.262421
425.766296 107.782188
242.241287 75.876160
743.706848 56.021046
385.661621 29.699539
37.804230 20.890322
816.401123 19.145760
2113.332275 30.497501
2197.140625 241.808578
790.585693 153.630203
1890.468994 87.912544
2147.944580 48.894527
159.578857 147.343903
1118.091919 93.152115
4167.621094 51.425751
9793.552734 21.135365
4167.705566 445.153381
3075.763916 381.594421
1161.020996 298.781494
1057.735107 216.704041
467.260742 126.091156
376.895325 120.093552
1999.920166 115.420746
4097.865723 106.205940
7898.042969 126.624268
2751.619141 142.629135
147.810257 143.335785
1953.869995 135.214783
959.774109 14.515728
1196.918091 11.262133
550.651489 14.762961
12463.811523 27.417976
15148.900391 6.022518
394.184570 13.163658
2240.864258 18.651533
787.999695 18.717922
131.253052 11.328638
580.266296 14.467607
1532.155640 15.981321
2105.317871 15.140208
4883.918945 5.026512
1712.105469 4.689682
1311.101440 5.532958
2098.906738 7.927080
1102.938477 43.867226
849.149780 28.418657
1636.910278 13.758206
3002.083740 2.684108
1066.068115 194.350616
2285.718506 141.398270
264.353455 95.884239
311.085785 64.171272
556.189514 119.119049
581.686523 66.590675
188.791412 30.867424
3087.540771 9.616072
7981.704590 347.198303
8727.169922 316.606995
696.836304 257.286255
1115.867432 186.038803
2251.955566 244.333344
1403.533691 407.688721
6361.131836 603.020630
8375.377930 781.438477
930.623169 158.133331
6936.515625 118.473129
2173.289062 106.357040
649.779297 142.782898
290.811646 72.837791
1941.523193 209.556442
8574.679688 543.967712
519.589294 1102.156006
18021.636719 834.819153
3261.016602 431.203766
426.783936 192.445068
785.466675 77.896194
1172.851318 49.982731
17.119749 86.985023
1469.044678 210.998047
4646.792969 430.347595
15947.097656 435.589447
11877.808594 265.450775
2307.112305 148.943909
37.071907 76.600082
2056.233887 143.967773
159.222687 311.122253
596.320068 592.731689
15560.253906 1016.033203
3269.895996 287.066803
1319.325195 71.155891
6730.862793 11.921721
1239.455688 48.272579
1257.114258 43.804520
3765.199219 68.136246
375.413300 159.631531
1177.260498 375.142761
15542.113281 1052.149658
4060.770020 538.155273
808.221802 221.122223
859.772766 78.534012
2883.863281 74.495880
307.819855 56.536175
64.004700 49.719894
3976.257568 41.754997
7430.467773 365.853333
7005.461914 283.927856
5576.129395 192.291901
1708.493530 118.226036
1318.833862 86.998703
862.848206 128.983902
6610.307129 176.447754
12466.416016 216.532928
3430.756836 53.170689
1008.343506 46.953335
24.944334 47.059784
4580.574219 59.105221
173.851685 77.786781
2429.954102 160.702301
1048.493652 323.901245
9152.801758 568.688965
12423.616211 220.861008
68.681526 114.850929
2243.243896 64.909912
1375.391846 52.490028
1040.886108 14.327223
1066.588013 6.196324
2546.448242 40.500614
10784.305664 162.631622
375.614960 310.964020
8058.228027 143.670898
2968.626953 63.585098
3971.964844 32.284962
491.404419 3.746082
314.720520 7.692225
1825.939453 27.303652
948.777832 80.205544
20128.726562 251.712357
5275.240234 121.266541
2763.511963 44.172997
641.370422 11.557686
1198.661865 199.124451
786.999390 307.785919
1033.415771 459.686768
4360.072754 616.967651
385.447021 85.593185
1302.968750 104.295044
898.333923 118.947861
534.692383 142.054581
16.701221 5.577982
415.144836 30.804394
416.095032 150.621170
57.022320 393.060760
16582.599609 428.033691
6016.534180 227.685089
1838.993164 106.545181
1452.417358 36.782806
2219.121582 170.434296
1057.162109 289.216064
151.126266 466.829285
801.170959 680.932983
48.361397 137.308151
914.811768 94.982185
3371.046875 86.278725
1153.563232 107.823410
2174.572510 163.591217
2705.585938 329.395386
1187.810059 632.059204
1025.598022 1095.190796
1064.119873 340.673828
1601.800293 129.737762
1842.158203 63.984306
1350.193848 83.737831
171.583923 72.985535
4069.659912 77.907837
3184.511963 141.841476
1138.202515 337.388336
9243.107422 1058.037354
5178.708008 545.274292
2975.438965 241.355133
2246.070312 110.213623
1404.543335 101.332359
438.269714 100.914642
2355.594238 130.245758
12696.464844 195.060242
8878.597656 441.458771
250.235931 302.191345
2204.291504 196.913376
338.683868 131.452393
1265.391968 9.793231
3321.654785 37.857716
852.879639 107.150764
1086.413696 238.894821
382.219604 323.713440
12913.369141 148.084106
12559.677734 49.369167
5220.702637 10.825357
1109.078735 37.600632
601.578491 100.601624
530.354370 197.324249
3805.985596 312.439423
6836.307617 162.624969
11130.236328 85.221909
1526.840210 33.319317
1199.119019 15.422735
1227.576904 3.167194
273.541748 20.017408
1104.228516 68.401749
6204.812012 159.912552
7435.388184 349.204437
1325.371094 181.062637
2185.018799 70.843399
1082.358398 16.368050
743.850342 15.665266
171.105377 14.160383
1342.192383 15.646843
1235.370361 20.293686
18640.419922 52.722584
835.219971 39.655632
15.108649 28.421276
113.878922 20.334509
624.804565 50.652534
928.900513 74.790825
3767.330078 101.138695
503.637543 129.299316
8673.340820 3.834779
887.824036 0.639531
1783.936401 10.638554
329.523621 28.695215
2442.045410 78.648758
1480.660156 127.974609
439.607178 204.424637
1357.885010 270.881348
109.557159 227.399857
3879.307861 184.495056
4957.974609 123.317268
428.121857 78.658928
541.015747 67.757820
753.303833 75.870155
1499.334839 95.987450
981.961548 126.971970
2816.117920 189.737411
332.077698 136.867859
1717.978394 96.880234
3729.622070 73.937302
1439.263672 58.850597
863.655518 52.880123
10828.709961 40.220230
17718.042969 25.428795
176.204361 241.821762
546.086914 157.864182
2119.396484 97.834427
1529.949463 68.240944
98.653564 158.328354
292.005615 214.121826
1729.983887 304.810486
1531.667969 437.221497
45091.199219 0.660337
1496.731689 19.342384
1078.041260 66.658394
2161.226562 114.771156
4629.795898 40.404510
3309.438477 38.519882
9383.263672 82.518234
3886.660156 183.971436
11011.543945 423.577026
3790.502930 267.121582
1468.848877 152.394409
106.463547 78.591568
907.110962 23.214912
3411.419922 19.291958
420.149414 21.550756
7776.910645 30.752747
8704.505859 118.281265
5889.062012 83.472023
7122.367188 54.385460
2052.698242 34.344471
764.531128 61.003632
2772.558105 97.032578
2384.117676 143.172714
1769.778809 188.679245
174.786789 60.587692
7033.323730 45.438812
3517.995605 37.281105
8608.617188 41.076855
780.026733 30.233177
2087.586182 73.074913
1761.702637 154.293747
3523.953857 259.542358
12093.845703 140.946762
4848.199707 92.007339
1938.165527 51.019646
2913.754639 26.206253
531.611572 35.582802
1468.506836 84.891212
3803.443359 187.732880
144.828964 357.764099
2564.618408 149.053375
6529.449219 56.785576
3345.651855 20.913979
1758.631104 17.586599
346.847107 42.725594
6055.522461 14.702255
364.698578 0.192778
5306.612305 21.820864
10479.961914 470.671478
8473.280273 286.740479
580.769165 158.111130
215.754669 83.951347
2068.731445 193.354706
762.769104 325.652710
347.234253 520.567627
4257.774902 753.012207
8477.439453 9.874252
1802.059814 24.967754
1492.047363 63.236790
3757.168213 114.268845
2154.171387 17.705774
1217.869629 27.843527
422.970703 93.677979
5731.557129 242.523300
9716.158203 570.171448
4996.860352 308.551483
2931.160645 139.253754
2191.098633 50.715347
108.615250 12.756311
437.494934 30.635410
1782.249268 80.564766
2342.111328 178.076279
622.218872 150.832489
7083.723145 65.889557
1434.736084 25.136257
1421.866943 11.643681
4458.058105 44.030155
2320.665527 51.673180
408.539581 74.922867
14890.728516 117.030403
126.227051 174.689987
4428.489258 113.701324
2064.189941 72.417488
1748.187012 50.332676
648.766724 57.389961
1078.483154 134.290802
1221.160156 288.615814
1529.300415 519.405762
39146.804688 33.789234
4464.220215 8.297194
1352.670654 14.169420
2093.995850 27.976276
6675.605957 4.313292
1449.276123 11.604432
1154.798828 69.942398
7761.340332 208.354645
12328.560547 388.954956
4485.415039 197.785034
675.081909 84.106651
2968.857910 27.317429
1094.588623 14.810466
792.687500 25.279371
1578.542358 53.353390
2234.420410 105.573250
11755.819336 118.555649
6931.874023 62.238663
482.091553 30.131815
2407.022705 16.308317
113.920456 4.635808
737.601440 14.818915
4028.772217 44.254189
3524.737549 103.784042
2491.876953 44.682701
6503.001953 10.470340
284.510529 0.591269
463.109741 1.225820
1769.767822 25.040257
537.093323 37.067001
1270.298706 66.425560
606.700134 118.866974
3135.536133 128.615753
1372.491943 71.819092
5975.828125 39.202545
3985.078125 25.511127
268.937439 5.935340
462.770447 0.613460
2596.067383 3.406591
6538.363281 28.577682
7245.176758 138.006058
12258.528320 68.561440
235.624069 30.026665
478.360596 13.580120
2958.817383 65.254326
53.123940 96.738297
966.643433 133.412140
4131.090332 165.285843
195.032745 9.240268
9992.911133 19.019192
2831.500244 29.455482
537.895630 43.367027
326.129028 31.728252
99.157059 33.538628
6561.608398 46.549164
2062.030762 76.994301
6255.102051 43.123558
412.040283 32.816715
749.380737 32.024609
861.788940 32.652653
319.699829 21.880419
1394.518066 42.071960
3618.288818 83.700500
2105.714111 152.748734
2382.487793 128.153534
2638.079346 63.556705
7921.640625 28.973911
1355.661743 17.349703
3122.764893 60.709267
161.291733 169.046585
2693.353027 338.059784
1852.562988 570.851501
7815.725586 260.291595
1847.177734 89.229980
809.568542 10.173676
1932.439575 6.324898
787.148010 11.022508
300.998718 4.197782
3103.601318 29.182056
5.461568 88.032043
9368.555664 409.302002
5221.271484 258.473480
3029.402588 135.380325
2865.817627 52.901981
2526.043701 10.509463
4024.462402 10.160489
1337.302246 11.642446
6420.562500 17.570915
4257.332031 37.029808
1796.865234 22.831560
3820.065918 14.922628
492.434021 11.665897
521.525940 6.660370
549.564880 10.223309
752.529663 14.733757
6138.984375 19.261213
904.951416 6.313318
11407.227539 4.711531
1703.763184 4.014788
400.358154 4.572991
24.139957 56.744736
97.472771 99.188057
200.925812 166.097214
580.742676 270.918823
6447.332520 110.203400
1314.355225 35.140270
5826.221191 14.391288
3604.654541 27.482288
564.666077 1.813004
2135.906250 27.908964
10534.332031 92.842819
5358.448730 192.954941
3426.336182 270.966797
3947.253418 154.445343
3041.631836 66.752426
485.179504 15.012489
1342.171143 102.119400
784.643738 134.075714
1787.196045 187.131226
4849.961426 246.085617
15027.885742 110.637451
8609.667969 109.055222
5580.281738 100.701706
1247.343506 93.971840
3069.336182 31.543583
4441.495605 14.482571
78.916344 5.828347
4252.793945 10.484817
526.653931 342.072693
4367.616211 222.415146
1347.593018 126.205643
3051.792725 64.504944
375.005981 158.613602
2446.917725 262.063599
1584.579590 377.051605
7969.739258 474.203247
686.643738 4.594670
5353.033691 15.197737
3236.191406 38.824577
1001.371216 83.746628
32.361309 187.880554
626.300476 301.728699
75.019958 465.566223
7056.294434 650.247437
1789.600098 375.557068
7042.578125 248.371704
7392.992188 164.620972
605.161133 141.258362
732.423279 64.181053
2124.883057 124.408379
1827.875122 222.908691
8055.071777 392.115265
1830.220703 626.055786
1571.640015 289.915283
2771.201904 102.024208
985.087769 43.558151
317.211914 267.467651
2188.924316 342.465637
1486.140503 440.501465
9640.279297 506.781982
2672.394043 337.866577
11845.919922 327.351044
9213.132812 282.228119
2973.748535 249.235458
81.024094 119.988426
288.972076 355.087250
2249.984863 748.059448
6164.956543 1260.659058
626.922729 485.605621
20690.777344 228.850143
1588.564209 78.659134
247.311874 36.317112
226.258682 34.921505
5655.476562 125.733147
851.288391 359.735840
1959.643066 761.961792
8596.483398 668.509338
274.110931 339.770050
388.940735 142.697815
316.636597 46.638058
399.316833 75.418671
2700.708008 83.214752
49.555489 114.022812
4805.912109 193.230896
7181.124023 575.280579
4962.383789 323.555115
494.010620 164.739120
1230.819946 92.932373
694.700989 52.958721
2309.093506 95.699005
4052.336426 150.421722
1183.985596 183.824707
986.827332 381.186218
13078.913086 252.892944
6025.654297 131.006836
2.083544 59.055138
98.656700 74.548019
2047.838623 189.780640
2103.099365 383.133301
2342.666260 607.892029
13968.003906 67.699005
3014.345459 66.740967
6862.844238 50.768684
1613.612549 39.491615
2302.504883 72.978699
3415.097412 188.059937
252.812317 408.007660
11042.888672 758.919067
3073.549805 323.468445
4120.456543 112.094147
3145.685303 27.793760
1299.410889 23.819124
1998.082520 207.984314
7626.677246 170.333588
13463.711914 121.484528
19819.509766 96.408371
10857.812500 766.110107
13122.655273 502.608673
5269.477051 329.553955
1560.877808 245.757553
1710.291626 370.812531
827.799438 487.724426
984.616821 692.452637
1028.861816 922.883545
26096.583984 198.859802
6714.034668 297.294495
8510.478516 335.501099
1582.815918 338.607941
1234.346436 29.822479
3079.634277 30.558144
246.688416 108.461594
2482.243652 333.231384
200.766174 722.743591
4178.367676 355.793671
2164.015381 153.435028
8274.041992 64.916100
557.310242 82.717613
489.871216 62.245937
193.653473 35.023003
6090.221191 10.866488
2006.053955 293.943420
6522.729004 204.696014
644.027405 139.662186
904.933350 103.069489
405.081757 123.681206
35.977310 138.426147
5278.299805 186.175552
2126.724121 261.547211
3301.358887 64.454727
416.640503 101.641594
2842.834717 124.160141
554.422913 126.694847
462.221039 79.294609
1880.431641 191.850052
498.911987 383.302795
1685.319458 686.919922
6668.030273 459.237091
1650.937988 168.550308
1748.693237 37.243130
1886.439453 22.891787
47.594456 117.283875
287.134186 105.244141
5624.740234 133.678101
11930.429688 212.245987
14226.744141 690.887451
1391.947021 462.490326
589.357178 285.591919
46.194698 173.133911
620.718201 3.368335
628.092285 4.597114
620.724548 29.629957
5172.211914 83.950203
24032.398438 375.872803
690.206482 217.887329
13435.668945 100.100067
1373.349731 31.148762
1609.175293 21.616159
332.580078 35.429104
181.779785 57.762581
332.165649 85.681259
7371.622559 2.421511
491.572693 5.624343
1704.839355 10.024744
3971.072998 14.488073
784.967163 92.320908
497.019196 177.707336
6531.291016 301.826538
16438.914062 454.029999
3208.839355 78.002533
464.773956 32.982018
516.185364 23.608660
76.319778 43.061855
213.021072 76.032158
2403.419434 167.576126
13123.726562 335.779602
399.903442 554.828857
32450.421875 281.333740
11189.466797 179.723190
6780.469727 102.067589
2945.844482 60.395626
1521.246582 110.135666
3090.750488 246.295334
691.867432 497.067688
91.014664 913.396118
23267.384766 606.434692
13763.979492 232.910950
9438.018555 67.782799
3061.762695 47.068737
407.938019 68.598808
1952.536987 17.529358
6954.879883 3.126836
802.750000 48.756569
2180.833008 883.523132
840.522583 567.894043
711.377930 321.808502
2478.176758 161.557922
164.687729 276.429840
5621.954102 415.292236
5660.305664 589.788696
758.844788 772.415527
5834.631348 11.321713
1111.544800 43.512123
1301.266113 100.883926
247.568115 175.640915
207.789276 102.552429
212.653610 181.108704
572.942749 374.934601
859.436035 680.905457
5768.031250 549.907471
10479.957031 343.180664
2307.270996 200.445953
2140.978516 117.049889
44.740517 2.641155
359.904541 30.319618
1955.098022 122.349030
5362.543457 306.377472
1491.051880 320.670166
1122.623657 146.608398
2862.464355 52.738972
1070.469971 11.693893
444.434570 21.635466
3559.522949 20.301699
2326.728760 43.602718
4060.473633 103.273155
4180.421875 280.354919
10196.193359 165.067413
3480.010254 86.806068
4798.574707 42.203476
421.925476 83.649490
1297.172363 181.686783
4663.934570 357.111755
3044.038330 599.647583
59.680832 26.957298
10276.684570 8.183028
165.396179 18.384657
1205.489746 39.578850
1310.203125 17.549799
7713.524414 69.082115
652.155029 184.802124
4604.488281 396.856262
4870.266602 421.204041
4741.163574 177.822845
7360.664062 50.293644
728.332397 8.267819
4126.118164 117.547073
1448.060791 146.451187
4619.502441 192.446106
7703.471680 287.355652
11384.370117 464.935303
4458.964844 243.727890
3126.790771 129.953278
1383.509644 102.106636
517.966919 176.857788
854.703369 172.406235
1236.863159 198.628006
3279.110840 216.582596
1266.190186 437.920380
1745.436768 407.670044
2328.975342 323.028107
5306.723633 231.829117
289.391357 42.685165
1252.799927 138.169250
510.712128 343.983490
2381.008301 684.675049
7885.990234 202.408127
470.203461 56.474113
2856.903320 8.113482
711.864746 8.808153
1653.354004 8.417847
219.333435 13.996231
4701.061035 75.232468
12593.314453 215.570114
953.020325 501.178864
2557.141602 276.274811
3199.839111 127.317413
542.358093 44.217979
81.939110 26.464159
783.930786 52.523987
1120.075684 120.191437
1794.212402 263.716278
7598.312988 128.804550
10377.156250 26.817078
6580.338379 0.871823
4968.217773 10.367126
150.325867 3.694268
690.925964 35.726315
233.818573 97.485992
6503.839355 204.186386
2835.448486 565.198547
2616.223389 281.005219
739.524048 95.686836
3067.115234 12.840916
382.704895 41.714500
951.306213 36.684738
1094.626953 47.562138
8381.336914 80.032166
4359.773926 269.708801
5234.215332 176.190186
1541.300781 106.178421
702.771729 62.990688
1074.508667 115.422096
366.262360 146.096222
143.414093 192.219925
15379.897461 241.860291
12564.328125 272.780396
587.977661 199.719131
5030.485840 141.536850
219.612213 112.002335
167.443848 358.062561
2116.001221 746.125732
499.530701 1329.671143
18332.566406 2096.500000
22670.148438 326.168091
1262.805786 61.418983
5301.122070 17.639505
1139.488159 124.854622
2884.556152 66.143486
509.054199 34.526005
2267.124268 180.884369
5653.954590 621.607300
3286.238281 1807.331787
7838.643066 1003.475830
2508.546143 490.773041
122.215446 208.607849
533.124268 134.542786
2425.794678 139.852921
955.232849 162.364685
2511.846191 193.807327
1505.325806 300.846985
3571.119141 245.801605
1878.331299 191.866928
2034.617554 152.097504
332.818481 82.898270
1321.497559 63.263649
6220.159180 37.638996
5319.066895 15.569818
3610.303955 63.755180
5435.922852 74.358414
263.593414 85.686630
1369.378906 90.370766
2811.422607 305.039429
318.703827 452.118927
232.254578 657.034790
12907.081055 842.549561
10013.677734 202.502350
1160.394409 245.976227
5120.102051 244.731735
10.919341 244.999557
124.149597 190.991058
2130.864990 307.866577
2775.468750 501.240051
7492.264160 817.338745
14754.937500 928.996582
894.664978 456.883820
7239.661133 207.136032
1486.105347 142.108475
4559.056641 58.092720
851.584961 57.119202
929.724426 106.391335
7382.002930 219.654449
11237.560547 535.601868
1623.311768 336.339813
4967.783203 191.384384
89.134491 101.557091
321.511108 25.077703
794.280640 7.000733
351.678650 12.110279
4585.046875 28.376928
6199.411621 172.327118
366.305664 159.366394
6291.678711 118.292229
8277.638672 66.609276
397.094910 51.716225
1785.205078 86.744530
2541.350098 144.999329
38562.500000 224.160889
7758.394043 56.843925
6478.618652 34.524067
317.056519 28.969603
3322.280518 34.477097
1970.903687 79.215424
83.114693 214.739761
3404.921875 453.663391
8300.746094 809.173401
42881.421875 255.386887
15653.132812 74.153999
1669.654541 7.169660
800.421692 15.070328
5339.790039 13.878390
533.752808 4.787556
812.107361 85.975937
3657.572510 313.906921
1503.732666 606.245972
1728.501221 321.322510
1470.114990 155.655441
0.320937 65.642624
1011.610107 122.262268
262.992310 204.992111
1241.589722 331.082397
1502.331421 489.493073
162.229980 113.980797
4567.907715 72.351059
873.935608 62.599281
2167.482910 78.054214
951.878662 105.132011
1432.736816 219.354065
2111.629395 432.859650
5433.463379 760.484497
1838.385132 163.012878
2628.388916 50.545193
2554.403320 27.414505
1267.360107 49.802345
2288.422363 67.136230
930.363037 58.891823
6653.762207 59.913029
448.816040 112.820915
13.066022 819.694336
5657.216797 440.536194
2413.510010 201.405655
1404.490967 95.931648
540.150574 341.213257
3184.055664 477.418457
12550.346680 654.648560
2664.067139 811.644653
4191.669434 147.876526
2780.928223 207.651047
1615.481201 237.922592
418.180298 268.359894
1595.214966 72.252411
236.299133 186.025391
243.471756 434.601105
4758.509766 828.149414
18646.291016 454.732666
14404.728516 229.300308
7327.480957 105.749779
7340.998047 54.877186
888.828125 121.236214
772.419495 132.702850
2762.836914 202.403427
1842.539062 358.895172
693.959778 474.962830
5960.125000 297.589722
1505.930176 194.662186
2194.444336 142.681335
1349.620361 42.609146
1093.640747 18.224363
615.981140 11.909998
509.388916 19.899652
14962.964844 505.789001
6647.383789 346.662598
161.132523 202.436768
1763.582031 99.796448
44.466152 55.977642
1690.269531 64.350731
8813.547852 80.788116
148.987259 101.815689
1872.538818 37.802631
5215.781250 46.865292
2911.521484 52.088612
575.103088 53.649036
44.467720 65.575058
1014.119080 133.648514
839.283813 246.804337
1088.651978 395.141663
6418.014160 114.204292
2109.547119 62.482002
6818.654297 38.024628
860.321472 37.229477
583.430847 23.570280
10511.789062 8.575594
8284.613281 14.254160
1293.062866 51.038651
5605.751953 343.649353
4367.498047 215.921371
1042.812500 119.598183
732.208191 58.047073
415.665710 38.506214
1788.786133 97.052811
2076.242432 184.968384
1262.490967 289.941986
17717.892578 27.600693
12279.125977 6.632296
9917.320312 0.427952
2223.470215 8.858784
780.304199 8.726270
753.120117 18.509668
4054.115234 49.893364
4509.306641 128.463455
1550.686035 221.997009
95.391319 91.329880
4549.687500 26.836294
2708.189453 7.970888
765.913696 38.930183
103.258240 29.391319
6646.648438 15.834849
2633.324219 4.065813
8937.702148 75.820755
1738.506104 58.494080
3364.166748 48.602280
3667.316895 43.910107
639.567322 92.795410
368.018799 112.258644
1420.838257 143.207733
4345.607910 190.724167
4589.550293 1.018803
6099.448730 18.863768
3460.019531 47.830841
569.792542 73.716820
1078.438232 19.094549
3452.588379 9.339474
584.593384 17.683929
17086.773438 60.315762
202.141632 258.508942
1303.690308 149.785248
124.275406 79.237854
2501.772705 40.148724
67.261833 116.453934
343.233978 169.063019
222.571381 269.741272
3944.000977 404.429871
7734.647949 22.070953
6322.669922 56.789978
662.382690 83.639877
1520.442627 97.264328
291.963806 8.519340
1879.118896 1.177001
3212.394043 20.648407
306.136475 67.723099
6322.938477 384.224792
3848.924805 242.901489
1354.572632 126.124550
1598.344238 47.918205
2149.642090 76.896805
4568.882324 106.455200
796.074463 137.337952
3092.360107 167.116928
10547.085938 1.188130
4660.907227 7.508458
70.585823 25.248541
1316.410156 49.434166
1554.283813 0.285458
1493.990234 21.592867
383.290710 73.493904
88.595161 141.740692
8576.133789 166.543945
14619.664062 111.610359
3887.416748 55.800980
1306.561768 13.958632
3990.205322 6.048062
2012.966431 25.024944
720.495544 64.715652
737.443726 125.061272
677.921265 35.480835
3727.884277 14.530958
1962.501587 4.665248
675.915039 1.402053
216.511734 12.225178
1786.972412 27.528263
4072.526367 70.725876
374.032837 150.630997
3999.609131 50.903831
2716.252930 19.947300
1012.173218 10.867121
38.485390 9.656223
1340.366211 3.244517
2912.177490 19.131617
8585.903320 45.554871
8249.997070 86.860092
3485.442871 204.162796
3441.615234 99.486214
5062.610840 31.891912
1183.528931 3.302003
931.237793 29.952965
2304.823242 74.044708
492.127502 140.829147
3631.457031 236.608368
15482.947266 128.065887
12724.871094 42.105625
6653.476562 4.650480
1266.005127 4.933239
939.630005 147.275696
4522.885742 151.270218
2952.797852 184.430847
2139.205566 220.272354
5868.968262 230.446808
2339.857910 248.089081
2291.271240 221.949112
714.219055 177.443344
1629.665771 20.211315
1291.678467 27.614471
965.126831 75.769089
4166.019043 187.899628
3624.114014 423.548401
5517.791992 227.453262
6338.030762 104.373703
867.072815 42.491879
16.667843 5.503625
1315.848145 37.128605
1245.655884 104.579430
3360.936523 217.239609
725.545105 212.950150
7442.541504 95.247276
723.016174 27.980247
2464.615234 1.737590
1086.530762 27.570347
3412.826660 37.355377
2811.173584 64.217171
5073.789551 114.926414
356.403870 117.119591
25.363005 67.018204
434.778015 39.708565
1738.202881 28.488207
248.366135 84.336655
774.971680 191.756760
3348.800537 397.065002
7777.014160 716.645569
10509.448242 140.621262
414.194916 32.781502
240.735626 11.787586
868.510681 33.195732
2590.335938 30.112307
4525.633301 21.713198
8476.640625 50.161007
8151.532227 127.549263
32108.837891 465.164551
567.311890 287.159241
13786.126953 154.900238
1144.218994 72.097939
8856.128906 9.616783
9288.505859 6.669750
6013.784180 5.164728
1699.840210 9.255981
48205.730469 2.905222
4853.030273 3.214730
6447.324707 7.122914
2293.787598 10.109653
6620.861328 12.553446
2655.908447 31.691147
12050.617188 59.434593
16318.444336 84.837944
15662.089844 19.806814
8551.767578 18.545500
5039.094727 11.653120
3808.837891 6.901146
4778.074219 2.323558
4584.123047 21.380623
1343.871094 69.811386
3517.421875 147.083649
36717.929688 8.330635
39869.167969 3.066150
9444.248047 2.804984
8498.631836 0.745974
4050.264648 75.032021
279.580414 143.059616
1403.766602 245.818558
3885.818848 371.851990
1707.937744 40.599598
6819.163574 21.550539
64.421021 22.130383
1875.659180 38.063747
382.053467 68.924530
1859.017578 196.746628
2406.317383 459.261292
3851.785889 854.261963
5101.876953 114.162674
739.267090 39.507019
2586.476318 22.479305
436.467133 27.913244
992.428345 16.282795
595.191284 2.256448
4134.182129 30.125315
5012.651367 132.417358
7990.537598 494.761749
3766.932129 274.671356
260.960571 133.625397
1407.759155 56.326103
45.745029 28.861805
800.524597 59.502350
449.572479 119.930626
4190.644043 225.805511
7881.579590 86.895325
1152.730347 21.776716
3405.751465 3.945775
690.371887 11.258625
393.519745 46.226460
684.116577 73.041725
1958.901367 97.927063
908.493774 126.177002
1993.246216 525.164734
1369.011841 279.973785
148.910400 114.801170
1179.351196 45.709740
455.465149 85.512344
424.519348 97.596054
7468.574219 132.320297
3626.278076 168.788132
690.395813 149.139221
1271.916382 154.331772
3222.708740 132.079056
464.906616 101.379333
879.961731 2.775111
338.043182 4.113458
2072.090088 19.497433
152.425613 55.208538
10766.939453 55.348663
6377.049805 29.212198
8881.522461 15.512053
4646.229004 7.710381
121.151360 124.321114
63.910088 206.927536
1212.148315 316.428741
2348.447510 457.340393
3392.682373 50.643517
1505.418335 3.864497
4547.025391 14.554441
1014.997986 59.899742
717.159363 40.509274
1930.711548 97.212097
3378.053711 231.916214
861.759338 479.138367
1348.823730 766.679932
5697.062012 382.100098
663.522888 149.703812
26.023531 49.846878
202.293793 261.671783
309.325806 277.384125
1407.327637 311.967987
9531.873047 356.635254
8164.328613 296.298981
1214.060303 289.164246
3684.690918 276.643707
151.228775 264.166779
2000.644531 47.807983
190.251236 43.391914
790.859802 69.320061
8435.244141 120.067818
5935.474609 502.884338
12253.383789 335.953094
740.820618 191.938721
1731.233765 94.343178
3147.492432 98.012939
2140.856934 131.038681
2516.347656 154.422302
6482.814941 160.638779
192.389740 34.591400
12429.916016 33.756248
1157.072021 43.350647
2484.793945 65.879005
1003.871094 84.343132
1131.945801 76.306808
546.715271 63.802826
9077.357422 47.116879
13628.785156 171.730377
1471.017578 139.325317
1152.620605 111.366028
895.077881 93.727020
6130.112793 16.873964
1672.492920 29.770132
85.800713 40.230141
11396.935547 46.747807
18934.289062 226.240784
4307.299805 122.911850
8504.320312 49.481495
1457.794434 17.042543
221.927628 40.350109
1830.057129 51.674858
702.256653 72.198700
1222.068237 111.107117
4771.186035 11.115006
7068.990234 2.679745
765.122192 13.022787
516.899902 28.259455
578.131042 16.791670
678.170837 8.177324
71.820862 5.136830
5751.111328 4.361220
1810.486816 90.411285
12781.928711 75.862579
1096.563477 54.297413
580.113831 32.770744
838.385376 27.229780
137.235275 58.698227
4782.586914 99.036819
1276.068970 140.004028
5050.842285 19.307980
247.182983 7.584639
1497.347412 3.150267
1197.034546 8.780269
148.509766 11.849685
217.942902 3.465414
12.292321 2.588116
18547.533203 18.978962
1098.734253 120.580429
336.728088 71.181595
3515.768799 40.328075
1158.952881 23.089445
1626.468262 65.478676
2898.602295 76.611534
3071.491211 78.905121
9770.627930 76.123077
5432.805664 6.093105
3916.934082 9.275614
4180.696289 24.839108
2655.420898 46.301373
320.276337 102.808830
47.377110 102.006554
8671.880859 147.051407
7221.629883 258.955658
6678.697754 46.940193
539.778687 64.884071
966.756104 97.001862
1271.087891 110.534180
441.396271 167.860931
1133.428467 157.398056
851.040161 145.303497
4195.420898 127.859329
6054.619629 146.077454
4513.640137 171.418854
5993.974609 180.304871
572.693115 176.941818
565.103149 89.962532
2005.408203 108.821732
670.936218 178.493103
1290.921997 297.445221
257.233429 50.722267
1373.851929 78.909058
1810.982178 98.319984
1680.284424 96.924454
1125.277832 6.749108
3154.475342 32.667793
4227.020020 95.386353
6443.277344 207.790009
8777.353516 232.168747
4734.418945 107.730911
2846.262207 36.659897
350.944092 7.342082
3313.646484 91.044724
3351.460938 96.732460
3592.793701 103.689774
11186.038086 99.851593
7184.054688 231.988678
5226.103516 184.521561
585.854431 134.792664
1223.049561 101.378525
4818.474121 0.296222
6467.416992 10.109558
5885.565918 48.331192
5501.448242 113.167061
19612.855469 131.074432
4286.528320 82.860153
31372.228516 43.075581
5128.394531 13.752729
2346.533447 8.955294
1211.655029 15.605627
2760.962402 21.760361
16775.755859 25.277023
1962.576538 0.781189
2276.329590 0.415993
2442.686768 1.048289
1921.285278 3.787280
955.381836 0.755566
3538.540527 2.936261
293.453674 9.414052
11959.576172 16.486128
20168.267578 24.814735
2612.200684 20.311012
3740.474121 12.179268
10057.561523 4.374122
1749.888428 20.842199
185.828247 26.285435
75.882416 32.007282
336.641663 52.365639
20328.566406 50.677296
8450.392578 9.689989
3262.925293 0.692366
3547.410645 9.825237
219.921356 76.750092
1558.158081 95.483337
3790.930664 126.608383
2018.752441 151.483887
5899.674805 119.616089
2359.000732 117.524689
2506.044189 98.584541
3594.879883 79.581924
3620.802002 11.618546
77.972404 27.749201
1339.072632 79.097000
3616.372559 185.671158
5376.255371 100.837280
2380.100342 33.681412
955.617432 10.957198
2119.450439 8.297770
1025.598877 30.892653
1660.362427 35.757278
4265.476562 51.577019
11063.646484 83.795708
9328.738281 194.758423
1476.257690 116.240707
1111.568604 63.925877
313.207001 37.926247
123.139801 29.271296
853.897888 80.456512
5504.367188 184.640045
35.102657 346.631500
26505.724609 83.407799
17530.675781 28.449486
1992.926758 10.336627
950.729248 11.156156
819.240112 80.518639
2044.156372 202.230743
1075.812012 433.352844
2436.249756 785.120056
13516.800781 180.470078
12232.685547 53.231991
176.141983 15.990859
184.184784 27.995058
3853.446777 1.265514
779.595642 25.582148
819.253418 147.904327
1662.556885 415.574615
5809.499512 540.122620
4392.019531 261.937561
4668.590820 106.096268
839.519653 30.359207
400.020233 59.690521
93.660378 104.459381
4688.578125 206.814636
7934.721680 384.224304
772.115906 311.193329
280.834473 160.160736
30.793579 81.089607
129.971222 52.967129
1052.210571 41.042816
155.973450 123.533455
3341.368408 288.255920
1403.545654 576.638428
7739.772461 359.610352
13235.501953 116.208084
8003.425781 14.680712
2470.105225 3.979197
237.399567 52.217125
194.979156 86.344604
2053.737793 136.202667
3858.371826 205.520142
2229.030273 529.252258
230.536133 289.593384
1456.287598 126.928650
167.783386 54.703117
1592.201904 58.535641
788.710999 50.370083
4627.041992 43.469570
10774.576172 27.979948
9894.791016 328.332184
1927.148804 236.089020
1511.463257 147.363815
2110.645752 86.568993
108.390488 75.843201
426.699921 108.744003
996.342285 166.721878
5875.123047 275.049683
5926.800781 53.824234
4424.629883 3.327560
445.272614 11.918549
1593.919189 44.189888
808.391968 52.634911
427.353210 30.654324
2858.772705 15.625472
2735.691895 5.570964
10928.201172 199.281876
1888.362549 165.803406
3585.691895 123.818771
5539.782227 83.985176
361.573364 16.399418
5406.536133 47.683769
2603.313232 104.437866
2396.516113 182.408188
3316.673340 10.082533
3848.990479 0.948865
1949.882568 0.321190
695.112305 3.908269
2278.751465 56.747494
1454.241455 139.296082
829.385742 269.840942
3313.475342 448.586578
7354.766113 156.682617
3791.126709 53.320049
3099.481934 10.445989
3464.032715 14.508682
636.425476 87.444168
337.671448 54.640343
1252.328735 26.349331
1077.045288 6.707539
3688.511719 280.713837
954.584534 227.442917
2337.425293 173.052261
5751.055664 125.992828
2788.661865 17.530012
1242.199585 38.043091
254.281128 63.672417
31.785564 90.777908
6594.997070 125.510323
3505.447510 65.727005
6071.777832 25.408575
34.057117 10.431359
1315.974243 148.371750
153.655304 187.556152
93.397385 242.303772
363.962646 304.674347
5038.612305 22.100473
2451.298828 56.874741
1494.353271 91.336372
318.853027 119.844154
3003.908447 8.692494
1884.444458 67.356522
3062.184326 194.745468
8865.961914 398.324310
1590.903564 398.324310
8865.961914 194.745468
3062.184326 67.356522
1884.444458 8.692494
316.794373 19.841072
427.889709 88.248535
3300.151611 205.692490
1891.596680 359.989258
42458.035156 171.675476
2036.089478 80.658691
2527.000977 22.403711
127.214287 0.083220
4270.883301 92.980766
2232.539062 185.835114
1997.564331 382.110199
2316.414062 700.631714
7884.298340 254.981674
4228.442871 115.897888
910.726440 65.025818
1684.325928 61.403576
1030.553955 13.504057
1098.268555 24.096630
7687.437012 98.800392
12840.393555 265.304749
869.286926 673.593201
925.126343 368.982117
3200.780273 165.786102
2581.425781 55.877472
2628.562012 51.670700
1904.689331 107.914185
1204.024292 213.595459
5456.513184 379.542053
34987.109375 213.893738
7891.821289 95.331032
16321.642578 40.227928
7294.506348 30.056656
1287.300781 21.748453
1345.524780 26.270424
1018.052856 53.540855
8901.385742 123.145515
7327.509277 347.645172
1814.216309 183.721954
1289.387207 82.498711
3160.992188 35.648239
1285.429077 117.529091
451.664825 158.766144
883.327759 199.943375
4849.418945 219.731155
11108.467773 89.667747
3017.636475 91.804878
11224.939453 87.596512
1128.470093 92.744072
125.247704 8.424396
673.021057 13.710168
5250.039551 55.884750
1408.967041 151.634750
2657.879883 172.398514
2296.747559 90.370636
45.921936 45.387020
328.570007 21.188688
124.578339 181.063095
3719.513672 254.922089
1731.047607 322.928101
3513.854004 367.357758
8454.444336 9.352349
334.693420 30.676050
1300.036133 65.399002
510.330963 115.604797
624.687866 203.852142
570.953064 257.527466
1162.146851 368.580780
1453.609741 521.319885
11523.211914 280.995789
1131.915894 248.026489
754.387085 219.515381
448.255371 198.588455
2005.248901 94.026871
1217.018555 152.826706
1207.800415 242.093567
4671.808594 372.081360
13050.278320 450.998016
5177.526855 235.543671
2955.114014 110.886612
1917.100220 72.160782
2264.337158 67.915817
892.537170 111.587013
7933.954102 189.532257
9593.093750 269.680420
7582.874023 348.713531
2801.586426 250.618561
1115.094116 149.378784
1182.482422 80.611664
1544.590088 44.359005
2334.691162 99.832520
449.139862 201.831482
4106.907715 351.117767
16996.570312 147.575439
1087.836060 69.532745
2863.958252 32.020390
2882.332275 24.458992
6682.607422 39.590294
2585.927246 30.583591
1348.379028 48.643967
3500.262695 78.406982
1649.371460 307.686005
12822.871094 240.211945
1414.760254 157.150558
5207.044922 83.762054
286.178741 34.483074
3974.172363 66.265465
1785.430542 82.382828
7538.347656 89.249245
23753.914062 269.490295
11535.490234 115.355347
2898.457031 27.016523
2127.033936 9.054768
1605.391479 120.727310
1118.816650 158.890732
8104.983398 208.515793
5233.656250 242.589844
3373.358887 136.254974
21759.197266 138.194138
12620.872070 122.041718
1278.731445 109.714386
77.384605 89.500854
4404.937012 166.277756
4496.404297 323.745911
1880.852539 571.758301
15316.853516 138.487656
3427.233887 66.558044
4735.376953 50.746464
3070.873535 59.634174
1972.222778 4.228812
137.648956 38.661415
4373.316895 129.494324
1660.169800 294.955658
4674.798828 433.906677
1253.394165 214.627563
361.365173 78.841324
2490.252930 15.163610
219.632965 60.370438
3358.263916 100.126015
1703.620605 146.752335
11597.801758 220.852661
4986.711914 559.667480
5343.630859 273.026978
972.832703 102.185532
2521.398926 45.450340
2546.757324 323.990112
3050.165039 395.161346
22.789356 458.289124
15032.536133 470.782104
13470.490234 280.492981
1396.000610 286.776306
55.438747 275.347229
5797.408203 280.926361
2116.734131 304.784210
684.618958 617.012695
5567.163086 1153.570679
12264.907227 1919.505615
3901.979248 475.127563
4553.647461 191.578476
2490.341309 108.469109
227.695602 151.718735
2123.247803 125.900078
5401.520508 80.556488
1798.804565 160.698288
379.590393 379.784363
9661.043945 1266.166870
6253.244141 868.959778
17481.945312 531.720703
1832.866455 280.131470
2409.233887 7.501721
590.210083 36.079105
1271.340332 101.496613
913.774170 216.859207
5724.029785 297.001892
2216.627441 141.667740
1650.022705 48.718681
4035.362549 9.241191
1939.260376 8.382003
2023.224854 9.449949
1644.066895 26.486620
6426.771484 59.785507
3977.966553 329.447693
1267.157104 197.653641
855.886353 94.444389
1838.739990 32.645439
2904.868408 2.355633
412.411835 8.572566
1071.280029 26.468195
4763.708008 64.389435
9984.333008 53.595345
4469.347656 18.345097
1792.796875 3.670448
924.419373 0.734119
253.492325 60.579071
778.617920 69.904526
945.022705 81.326530
109.621056 92.372749
2461.323730 19.364735
1044.031006 32.488731
2454.738037 43.948723
2542.599121 52.733425
2533.477783 23.127867
495.276031 18.530533
580.494873 14.657174
5667.661621 8.318486
2746.139160 114.649338
2183.452881 85.203415
484.415894 55.646233
57.211098 34.256599
1495.519531 124.282181
1181.031250 230.289810
240.475616 366.541534
1691.668823 515.850220
4875.250000 25.033339
8328.455078 0.638134
1007.932617 11.468734
1695.738770 52.320423
3258.054932 88.649979
2594.150635 155.781418
3305.386475 281.298737
7108.119629 455.122589
88.861267 515.411377
8911.646484 308.505524
2434.819092 161.736023
374.059509 88.417755
452.601349 0.870544
1975.964355 17.672375
5616.151367 103.973053
5567.001953 288.938904
201.842896 324.669373
14549.597656 160.050507
7224.660156 68.329422
41.946911 21.165068
1067.794556 83.279739
2807.577148 94.085609
6498.820312 118.428558
690.670349 158.386093
25634.449219 178.855972
885.643188 130.429230
3129.246094 99.366760
586.782104 84.613991
3026.860352 43.957588
479.272369 33.483498
1535.725098 25.256367
3856.532959 18.986546
7326.857422 68.090637
7640.884766 70.349014
3476.993164 65.385025
772.119812 55.496605
884.110352 69.812897
12.333832 157.102127
1172.974854 279.419281
2886.186523 440.487061
1110.550659 195.350098
3897.565674 63.100994
127.605774 8.215302
2152.925293 16.704561
3285.915039 26.858578
4246.424316 7.375219
5095.134766 20.197252
2463.703369 68.353455
7672.389648 380.919373
2058.351562 261.316345
883.660400 156.283035
1381.469971 76.829010
557.323242 50.053528
544.034546 117.964149
304.476044 219.523331
291.130859 342.910156
4487.974609 52.483719
303.542084 17.536676
1404.287964 5.617738
105.707123 14.900860
572.691101 175.112991
522.037048 431.115845
404.579712 805.191040
3820.695312 1240.861450
918.725647 154.992981
1176.158813 49.677410
5306.733887 10.700267
2829.989502 43.522701
1682.841431 58.474506
2342.487793 154.126389
4226.998535 391.061676
12263.822266 788.978333
1082.498413 628.234924
2360.415039 329.365143
3340.662842 151.039993
88.729317 64.638535
428.870728 76.009827
113.193146 152.986343
102.366577 351.990814
467.344299 722.034363
1354.013428 428.072876
5404.186523 186.453003
1023.764099 85.166855
1665.885254 60.326599
622.735413 4.558764
263.155853 62.215099
7925.954590 211.985443
1155.471313 468.320496
234.524429 1205.493652
2838.094238 653.452820
882.678589 263.363251
4118.566895 57.360706
465.768097 20.586258
502.086884 19.352160
540.933838 51.605484
1728.418091 141.204971
5836.056641 605.457336
1743.707520 334.652283
3232.408691 151.954132
2433.363770 56.407925
385.998077 58.448780
593.258118 55.287224
923.787720 60.322567
2949.272217 71.810699
634.103516 177.639954
2503.239746 136.630219
2219.562012 99.416405
1761.519287 72.641586
2291.863281 7.404549
1637.843506 29.843719
4375.064941 67.938995
10531.247070 119.209396
766.991638 77.705193
3038.012451 36.348549
255.503876 10.574220
241.089706 0.987408
550.352112 23.069244
2708.864014 22.457478
417.214844 31.256334
3550.711182 62.043442
13429.880859 56.313911
10024.369141 28.135677
1109.668579 21.260429
909.428955 22.817665
1464.911255 36.572189
2097.269531 63.033993
1266.922363 102.283714
3032.443359 153.333328
983.935669 66.847717
9384.758789 34.665619
1323.339600 20.768463
1964.505127 22.284563
213.465408 9.456040
2344.009766 6.936621
5557.055664 9.214404
4100.913086 30.018951
439.582733 234.865936
5827.722656 120.979416
2824.262695 49.961975
134.612091 18.548983
862.524902 83.511734
1726.411255 96.742538
574.769348 107.214630
3841.998535 122.719353
2972.654541 5.009669
6653.320312 11.387818
1589.138672 34.739616
1434.052002 62.124325
2274.996338 185.806030
810.773254 212.839798
701.058594 254.418320
2491.118408 297.443939
2234.531006 110.309090
226.018784 143.340851
3.021610 162.946472
3372.100098 172.908844
2201.753174 56.232235
134.464935 42.399719
1600.226562 34.323322
655.830383 31.472124
1603.043945 299.911438
2022.035522 212.866791
458.641968 136.625443
3934.852539 84.554932
1920.681152 83.160019
2778.863525 164.929230
1157.701660 285.136047
694.102356 438.587402
6392.321289 42.073971
5322.843262 3.747203
3876.745117 4.914973
29.754589 32.292408
319.707703 33.055241
1714.201294 122.666489
866.489014 269.716400
5060.346191 430.829285
1951.301758 418.328186
3275.664551 257.418213
1275.447021 113.579628
2749.962646 29.699127
1262.810059 164.654984
82.925400 321.457428
10037.845703 562.280273
6893.946289 868.761841
2035.960571 130.552231
442.578308 56.646729
571.926025 45.069481
935.409119 79.281517
802.033447 134.364151
4674.418457 366.035309
3663.299805 787.429443
2375.162354 1435.026367
17385.671875 875.211304
184.278885 360.241241
8823.216797 104.837822
4642.730957 47.250519
8471.324219 176.085190
1218.317017 176.808716
3407.080811 276.689728
2821.145996 480.918640
519.179077 1358.343994
124.444489 892.677307
4303.362305 523.011719
512.459961 285.229187
1223.345703 58.505192
1570.335205 21.439232
801.159790 12.327685
11066.304688 22.315201
1053.328369 429.687286
2158.224365 337.300110
5236.755371 228.156113
2670.521484 129.113678
191.963150 55.614079
2578.313232 66.036087
644.994080 67.198769
13321.691406 64.753220
2183.610596 8.952163
134.525024 4.172184
2947.525391 15.883459
4546.533203 36.474957
1243.086182 242.449310
3678.974854 375.880737
56.961678 594.887573
3721.133301 879.432190
20668.707031 39.848343
1861.601318 67.046417
1221.842773 117.247498
5293.657715 169.504562
1826.576050 42.335896
79.679382 15.133003
4257.321289 57.524178
144.064835 196.897125
1622.329834 867.824097
5671.426758 534.767212
1188.488403 287.202332
728.570862 128.977173
658.425781 79.218941
489.462189 111.039932
1110.016724 153.270447
3406.599854 193.846069
902.092285 64.387383
2773.100586 62.143688
2591.815430 59.674881
994.798340 62.991859
172.404312 84.347801
4021.357910 110.091438
105.923676 155.118454
8406.027344 226.084427
10551.276367 96.738007
5322.333008 64.745544
599.230652 59.566891
2317.374756 68.479904
1880.027466 28.504471
6406.794922 54.166466
4665.610840 102.655006
9082.968750 180.846237
11502.238281 369.842438
16684.638672 196.969940
1587.143677 83.480064
569.620483 32.392521
384.246033 161.802551
1235.284668 182.002716
3069.468262 248.634018
85.332306 349.753540
5415.228027 77.164711
1397.515015 137.469223
443.687927 169.054520
3052.376953 168.911041
322.904877 127.304131
1399.228271 120.000107
315.270874 116.101646
8128.980469 114.254303
1042.980957 391.325073
844.802246 288.570557
1445.567993 203.318359
1804.556885 150.495102
1303.126099 81.962326
261.858948 222.739594
2508.813721 436.334106
883.673828 702.194031
18133.408203 178.250839
994.832520 61.778069
3361.341064 8.073784
630.052856 13.348119
1487.284912 62.740898
1695.186401 25.768591
3300.761230 4.250023
2418.334229 29.326736
5224.052734 275.157288
1100.512939 181.817780
10458.333008 128.645340
4825.433594 95.869377
1769.451172 38.991028
1050.950317 56.990639
950.476257 80.596085
705.512695 97.997673
3039.202148 64.310776
4467.623535 56.077816
13.409291 42.674168
847.201782 34.356392
924.549438 49.918209
957.628052 114.442322
4887.836914 256.614258
5746.633301 482.188782
2732.332520 30.013504
1421.583740 5.530266
1212.194092 14.307106
866.821777 27.608696
1491.960449 27.176931
5549.712402 94.633202
9146.244141 239.013306
1557.609131 491.335815
6172.356934 444.269470
208.279205 187.265839
3203.124756 53.998287
186.028305 11.756504
1321.214478 22.426695
498.171539 72.923615
282.018372 198.906158
2342.759766 443.126160
7498.613281 399.944763
3275.021484 158.725861
5399.637695 44.248806
4122.772949 12.010199
6326.349121 16.013693
3307.022461 0.337133
2905.700439 8.860247
651.597046 51.020981
359.701660 541.366943
644.603088 328.901794
16.509310 165.264572
3739.137207 64.632095
1034.844482 0.702698
13.796945 0.767080
2054.599854 1.865466
1571.266724 7.633030
14067.085938 81.840363
1606.814697 41.483276
3034.976074 15.327208
1026.656860 3.551816
3548.941406 46.253284
187.604019 70.861526
74.434921 106.951012
5634.191406 149.163574
13264.073242 3.871052
2759.211182 11.247145
1674.170410 20.962027
2620.489258 31.400591
163.374390 2.289894
1966.247803 26.160877
856.880920 95.870544
4560.091309 228.511505
4560.442383 174.148697
741.450134 73.577652
107.893562 23.433384
661.266602 3.644587
52.202377 87.810440
352.818115 151.251038
1776.685303 248.642853
1221.039307 378.814606
6487.675781 145.534195
345.383911 74.798782
40.211433 47.325684
1335.966064 53.641609
612.251526 55.063080
448.569305 90.988098
2233.179443 173.012802
414.750061 291.698669
11454.720703 214.955475
4235.244141 148.616165
2619.820801 95.481979
1724.146118 60.593086
31.182903 55.304722
78.309181 64.741249
256.581268 82.493408
15020.754883 116.249634
6154.161133 281.536469
5255.651855 166.176453
621.786560 91.792763
82.132942 59.318611
4754.515137 25.053707
1578.430664 16.034296
1840.969238 13.194707
1815.424561 11.852353
23529.136719 143.403687
14373.933594 112.380531
4212.881836 75.998451
5468.161133 44.911217
367.245239 25.720732
496.182404 42.481663
212.197342 74.050018
4235.943848 122.418755
4073.348145 18.394999
1143.984863 9.172446
741.831665 11.052351
328.639679 16.949638
1239.597412 49.215843
3233.235352 123.486984
919.558655 240.304886
923.369568 405.918671
6727.815918 171.266129
297.168579 54.476749
3234.873779 6.020330
758.863831 9.240261
53.027416 35.887661
311.564270 64.847954
551.471558 119.820694
875.807678 189.020493
2410.277832 321.853973
4270.301758 200.547379
2326.024414 102.482224
747.131470 46.004314
48205.730469 48205.730469
48205.730469 48205.730469
0.000000 0.000000
0.000000 0.000000
0.000000 0.000000
0.000000 0.000000
0.000000 0.000000
0.000000 0.000000
