1035.909790 1024.012085
7125.125977 1329.376343
14985.907227 1587.957886
18869.156250 1725.755371
5686.114258 449.617584
235.749756 467.452118
1401.225098 560.913696
995.153259 750.407593
700.025452 944.165527
2266.404297 1197.151733
7186.895996 1587.123047
890.515259 2106.150879
2617.594482 1809.251099
1757.046143 1257.918457
185.459930 937.548645
1829.982666 845.472473
36.008209 47.420570
2617.939941 130.032776
782.774780 334.594238
1121.611816 583.596924
1429.740356 477.511353
79.475647 394.284698
1208.854736 246.435333
3193.611816 102.837540
638.672546 839.954224
2975.758301 1263.090088
7232.569336 1810.923706
6094.666016 2346.520264
6306.338867 663.372620
554.518677 580.076111
398.075500 540.927307
401.179321 605.418762
1460.809570 561.175537
677.761108 595.845276
10736.089844 830.406921
2024.076782 1303.352661
761.455505 1303.797974
5411.126465 997.580139
1185.315308 792.846741
218.404724 646.563782
536.612915 191.021637
141.080490 166.111374
2468.148926 122.488495
528.492371 68.175476
338.769745 231.305573
1426.800049 216.914429
492.899567 206.770081
769.410828 201.035507
655.210693 136.042877
9350.468750 157.609268
1847.456543 172.996063
31412.498047 179.559341
3185.912842 43.336040
1488.357178 61.537502
686.596497 85.193970
39.967991 111.005280
1296.718872 578.619446
904.234497 782.309692
14561.347656 962.694458
12149.008789 1048.443970
1654.409180 941.653809
2384.642822 668.904297
1393.328491 482.059082
808.112793 453.431152
1485.537354 177.758286
2870.540771 188.136810
1973.790039 341.460907
1720.634033 658.915710
4008.490479 247.388824
1327.010254 253.534653
398.909180 262.836456
976.476196 229.350464
3042.789062 4.135775
384.049896 8.428755
8978.717773 66.909744
2070.415771 181.643845
962.922974 206.856979
932.746948 141.709976
653.399902 85.730637
578.158508 36.472931
52.551945 351.225006
1731.055298 483.436859
4780.427734 606.853271
23636.818359 690.569824
2059.701172 22.528690
5139.603027 69.604698
852.408936 139.335205
74.901810 233.219696
321.376038 236.711151
944.559448 362.481140
10282.416016 589.826660
815.443848 822.528137
447.851929 1098.893555
1694.417847 800.845520
1968.950439 491.577911
21.118530 279.782104
126.532974 105.310944
945.325439 211.466400
7775.154297 326.186798
149.184479 411.791260
341.568115 17.622797
2852.484619 7.965557
1149.960693 6.988823
203.008911 35.057018
780.317139 1093.573486
772.571777 1548.623779
4525.440918 2113.329834
22476.986328 2577.059082
635.186035 1279.950806
1560.587402 1112.747192
77.331306 930.711975
336.299561 886.218140
690.942993 663.431763
4048.174072 777.214233
928.454285 1120.856445
6108.421875 1728.329346
7451.501953 1103.113159
305.576355 869.068420
2434.690430 751.269470
1448.729980 681.363281
8.003194 55.830524
2202.739502 78.416306
8031.747559 152.438416
54915.750000 284.260071
19047.736328 218.362900
251.772461 143.141953
1079.711792 96.019775
1874.687622 66.537941
1886.400635 52.061722
77.359344 88.416855
3589.075928 163.369843
2376.649170 290.958282
14560.974609 410.439026
6505.455078 216.600922
194.210419 99.406860
1054.463135 51.250095
204.505905 289.180481
2170.014160 417.093048
9788.911133 618.344849
8804.587891 812.554932
258.369873 439.627777
99.817154 407.202179
1064.229126 329.714233
228.934036 268.702820
942.945496 150.272446
1007.900940 152.624969
5000.292969 176.509781
8124.547363 252.984924
4927.251465 500.746918
815.234009 309.792267
1538.005371 202.426300
643.764282 160.300171
1120.333984 18.924021
436.046356 14.857537
1907.454346 14.725080
12796.233398 17.165924
2254.877930 81.345215
394.530334 62.899570
515.228333 43.858559
360.461121 28.501951
654.250305 94.178108
130.046494 125.633484
916.056274 192.380569
10796.852539 305.373383
81.564560 1.539004
2163.673340 11.354354
265.670471 43.824535
676.282227 72.890572
103.194931 309.456909
1045.324951 351.025177
2824.990967 423.216370
11409.100586 470.423706
818.039124 649.293457
1244.641846 562.625061
517.830811 437.920776
918.274841 338.782013
4106.701172 349.171692
313.655914 457.686707
14708.054688 568.882935
12939.750000 622.416016
8549.378906 452.303894
2122.606689 389.630188
891.484192 319.994965
398.820953 297.415436
3862.430420 148.746948
956.614014 99.355606
10418.325195 51.121422
7411.729980 52.381058
2600.576172 411.912537
2147.672363 274.638306
2439.262207 207.138535
365.055298 178.695862
1362.315430 443.542084
4653.886719 563.003174
576.182800 696.284790
1607.497070 839.408325
1254.735229 69.538177
428.711182 120.197899
452.571564 217.236115
4167.500000 329.567230
834.445557 288.112488
254.987411 282.299500
3964.904053 410.663696
9753.754883 657.840027
2648.369873 738.283875
625.415100 648.778259
44.923893 528.298950
1509.896118 391.009888
384.413818 2.010713
1183.937500 1.364506
1289.698486 3.265788
13697.833984 8.726288
900.313721 68.634102
978.190918 40.277103
2512.851562 19.049559
642.025757 6.882004
472.703796 227.249374
3783.442383 232.489197
2521.229248 262.961243
8311.265625 313.064880
3953.218750 212.462646
3016.439697 236.338074
3035.202637 244.700668
128.157181 237.238800
396.690338 310.052368
385.453674 400.607788
199.384369 492.865875
5671.900879 546.967529
1359.039429 378.905579
458.631287 317.320557
1801.238647 266.400482
128.687988 259.711121
449.723816 295.235931
1890.416016 454.415649
4611.021973 707.014648
11317.358398 1011.937561
1360.021973 262.668213
138.596573 226.499359
123.603188 212.451599
542.267090 225.302979
356.848663 112.269020
1280.517822 55.850506
4598.791016 76.281212
29045.216797 190.793945
1391.764648 589.038025
602.073914 457.847107
1749.441895 333.281433
1505.186768 213.961349
2711.998047 383.509979
2161.417969 622.257690
1008.387817 884.758179
3228.746582 1104.869873
6267.883789 81.164375
1120.652222 78.407440
2762.681885 114.925140
90.851280 211.336014
255.800644 304.104736
320.508423 432.464355
5055.700684 649.546997
3075.355469 873.793213
9756.197266 1032.882568
1954.105591 759.755798
166.610916 493.492065
1604.746460 323.138092
5.196045 4.204017
391.854431 11.999469
4563.596680 80.089294
9236.818359 216.959137
3631.056152 32.151985
567.804810 32.475842
2190.272217 35.957886
267.569946 23.216288
1006.537598 26.763657
4261.734863 32.526402
6102.865234 47.798599
44634.300781 62.865948
4654.073242 137.176788
1380.530640 103.820976
2267.223145 66.392143
769.380310 37.977806
617.027954 269.547638
1193.206787 429.714417
1458.071045 671.747498
2225.662598 922.246826
4011.928711 290.380920
1581.457153 274.127350
5316.751465 234.632126
271.654205 214.460617
212.489578 74.479370
205.540039 92.001907
971.790222 189.602890
8195.121094 354.125458
715.076050 478.668335
1076.534302 350.688660
1220.703613 228.020615
576.405762 127.637047
1009.230835 5.131618
832.740845 26.837610
3871.764160 69.014854
9937.924805 114.747765
1288.791260 78.246956
1234.086426 61.760441
1128.667725 34.105225
95.650528 9.985999
216.729416 58.226562
26.505217 98.944229
1580.863525 179.296631
11800.153320 279.895782
2559.939209 53.632946
259.388214 65.519005
199.448563 62.829636
394.888214 53.129250
294.929565 9.121580
337.983795 35.840767
2071.600098 85.899506
10716.187500 155.540329
2692.374023 37.943001
281.964905 16.395597
287.553467 4.839111
1198.593994 1.169391
89.572960 57.307625
2848.072754 41.965343
1084.777588 45.479439
1266.005493 70.079865
42.218761 194.964386
1019.962219 158.516968
1243.066650 121.159058
148.479370 85.813179
1074.187378 86.246887
2557.075928 105.687332
6542.135254 104.807846
9388.716797 88.359734
1632.116821 42.042553
42.252625 21.909607
237.261459 27.982828
1113.990234 54.720131
779.184204 214.333801
1180.045166 285.986969
2240.940674 377.471436
7903.677734 454.843811
1825.703003 128.355835
1190.951904 154.686646
416.657166 164.741714
31.964378 177.006104
1719.088867 40.592346
1726.296997 104.448151
6894.347168 213.367249
6722.974609 366.442352
2315.682617 67.358749
762.059692 15.446868
365.388916 0.651510
580.950134 9.550441
162.894226 218.603134
109.442688 377.717316
4306.707031 640.284241
12046.896484 990.857178
357.753326 489.810974
5030.441406 287.478058
399.224030 178.780396
1397.627808 155.739441
1750.929321 181.259979
659.526428 166.420715
1093.808716 190.516708
1423.786255 228.445618
660.501953 695.053528
439.594391 549.116516
155.896957 387.122253
2325.255859 255.166870
70.005936 35.617882
2392.748779 29.178339
6249.291992 19.220379
15088.815430 9.460012
1521.797852 12.872528
429.185242 21.698063
612.799805 30.621492
259.701935 36.084290
289.037811 40.036327
2851.468262 77.889137
185.871414 130.568146
3493.200684 189.791809
228.635986 51.364220
1607.791992 28.002106
4230.686035 16.918894
931.863281 20.063574
834.950256 124.597122
603.695679 199.053528
866.195557 305.632294
7724.690918 476.009521
12500.558594 121.204193
2628.517090 12.910519
849.835632 7.588928
261.225342 58.147762
493.595001 133.789108
2192.427002 114.543610
29.537640 148.255356
4259.789062 224.869812
3199.609863 641.446167
783.470520 487.115326
889.474731 333.651581
312.281860 209.340118
862.721741 386.252197
1572.012329 505.103333
1831.799927 680.321838
9876.669922 852.220093
3883.532715 248.177734
2442.678223 308.394531
2131.540771 328.264984
1333.914429 337.776245
1748.064453 93.732071
695.780396 78.463806
1557.309204 78.755882
13645.541992 86.444534
1550.069458 641.499207
7801.912598 441.599335
647.097229 265.825439
1330.366699 149.056641
1339.816406 248.975708
429.972076 369.758301
1553.665039 485.964539
7757.362305 568.456360
5818.463867 106.383499
749.405823 84.389084
1638.898560 96.397255
479.331512 152.026901
872.598877 988.126465
4091.047363 1325.462769
10058.458008 1673.958984
7906.090332 1870.992920
12774.378906 1166.791626
2227.152100 995.975037
805.593323 831.029175
542.536438 806.633179
1234.099854 526.867859
698.910400 553.119995
891.197021 626.435425
4960.214355 840.601074
22589.191406 949.932739
1700.907104 618.501953
186.852020 496.361664
1172.828613 497.157654
825.297241 1005.912720
1807.082520 1105.350464
9408.875000 1185.944946
16437.609375 1205.754150
1103.801270 558.520752
386.616119 703.123291
1939.806152 816.428650
1810.822388 910.859192
139.871307 826.641174
349.175323 1244.245605
1695.281250 1709.655396
3850.368408 2131.327393
4809.447754 1376.685425
1478.052002 869.809326
1257.650146 580.751282
828.689514 574.206360
1231.919312 761.609253
695.519287 905.965332
4779.697266 1177.047119
9220.558594 1504.482666
11650.401367 1391.939087
123.580620 1148.547363
178.881073 921.139893
124.437622 773.440796
242.848389 606.299194
1106.026855 627.851624
1595.015625 770.104797
9388.166992 1035.065430
2147.180908 636.743591
228.786728 665.668823
2230.194336 677.351440
752.378784 646.349792
109.872856 325.334503
1164.803589 306.788147
3656.233643 278.175903
10406.392578 282.722534
5748.897949 487.692657
158.128479 363.413422
3458.481201 318.468781
317.364410 320.832367
587.129944 436.326508
949.837097 630.869507
7604.728516 839.138611
1449.388916 977.614380
7059.241211 365.572418
16.578205 330.429291
896.759155 296.153870
1641.183472 319.776886
157.314209 609.232788
14496.779297 854.497559
1300.278931 1153.412842
19138.683594 1437.150879
8309.976562 803.953735
1992.093750 599.877258
1372.331787 476.077911
3600.232910 474.722900
2248.168701 642.539795
10208.255859 546.329285
3419.680420 615.016907
50850.695312 899.997681
17400.714844 837.691772
912.391418 866.420532
6339.646973 869.892517
606.897095 785.727051
3955.556641 952.089966
228.789017 1218.308594
18259.070312 1451.043701
3685.243164 1532.614014
4979.394043 553.558350
7001.128906 612.179443
11611.999023 653.265503
2802.464111 752.812195
491.070312 460.719543
2718.762451 556.631104
1174.534912 757.310425
5286.762695 1032.788574
1449.870117 1219.729126
10362.494141 895.795410
25.808252 638.937988
478.037445 487.678375
203.649719 176.587830
3355.854736 105.619064
390.840271 115.526680
3070.114502 249.832458
1747.461426 162.045578
1849.099976 220.231033
3305.208496 267.185883
37.278664 250.731583
723.650879 401.616699
499.209595 492.056396
12352.491211 582.603577
5217.667969 633.701294
4312.149902 194.156006
594.348389 251.115387
1804.979736 291.602386
33.829407 335.224945
343.161438 367.645447
2182.402588 626.730591
4207.288086 1170.604370
1399.062378 1975.583496
350.959229 708.562988
320.820496 485.910461
589.377075 368.390076
2235.695068 314.776733
712.766846 97.372505
244.723999 72.481468
5897.500488 95.069153
20593.314453 188.400253
4997.642090 718.521240
2289.773438 465.642395
2302.754150 279.770782
952.327087 162.500412
1505.031128 125.467751
673.287476 77.010757
2374.994141 59.538647
1470.426758 63.376720
2441.888672 969.196289
1159.575073 686.893860
637.213013 424.312775
2311.098145 233.763107
227.289581 99.155014
1450.336914 143.054535
9124.375977 204.867096
182.037842 279.347717
13.777153 27.432390
1109.978027 30.704086
422.556000 46.832054
358.305298 69.195427
589.482300 106.016739
283.746033 187.893311
2755.084961 283.929688
3818.074951 399.502686
864.738647 104.028465
762.707642 18.421568
1286.697388 2.806662
247.279648 39.563454
5792.840820 727.332886
635.848145 1013.012573
6776.671875 1323.449585
12106.814453 1500.544189
275.380829 967.709839
2701.732178 824.969421
388.187653 656.022949
2133.383789 597.429932
317.550934 772.103638
2345.976074 1101.234741
384.052338 1658.119507
1823.850586 2448.602051
8475.863281 892.550537
273.889282 613.556213
1140.219360 543.707275
3647.927246 603.013428
1339.342407 282.530090
946.510742 125.496140
1535.189209 40.671566
2632.843506 69.734955
10136.152344 1186.144531
2757.874512 934.691223
766.956299 696.049988
302.060760 477.786591
1401.182495 455.234589
42.913445 628.011597
4914.818359 781.627197
5211.980469 915.657959
2546.724609 49.619232
1688.717041 33.849354
219.790100 121.414818
2850.924561 276.021118
109.023285 902.300537
3313.220703 1090.332397
2555.838867 1377.117920
3476.092285 1633.221558
2207.943359 1633.221558
3476.092285 1377.117920
2555.838867 1090.332397
3313.220703 902.300537
555.884705 111.027649
27.523483 150.469421
247.650421 284.073334
24318.605469 513.795044
30635.136719 247.554382
986.974243 196.842468
113.919243 163.001068
186.801285 128.886490
1429.529419 12.781940
983.473877 42.183865
479.471191 117.473671
20547.396484 205.824722
1164.677002 222.825012
803.873779 178.112946
799.693420 106.342361
1871.790771 39.804150
60.534592 213.301788
489.381653 376.091553
4163.811523 610.136230
18331.328125 848.386230
3948.826904 88.922821
581.337036 116.952461
4026.079102 123.603493
116.894211 139.281998
1591.459106 403.740723
4987.705078 595.465759
4053.582520 831.665039
32035.500000 1036.710693
6198.937012 712.445679
3654.807617 520.686523
612.833679 369.225464
2808.565918 320.789154
879.456360 528.929932
1144.727295 547.406433
1696.015869 759.223206
23482.539062 1230.359741
1937.667480 510.466095
4081.654297 504.481750
4212.500000 559.025269
301.989594 567.565491
433.137238 608.855408
716.674133 618.187256
10094.358398 578.325500
5331.989746 463.376343
4896.963867 698.599670
2128.749512 662.772400
3947.152344 615.819153
1087.041748 596.850464
89.509155 133.245361
1043.615112 307.811157
9531.642578 608.639832
20526.738281 1022.260681
5148.768066 252.954544
3190.632080 109.809448
346.122406 52.929749
1899.931274 58.647308
73.412338 104.600029
927.507568 204.091583
804.040039 382.230957
15033.219727 543.832825
9671.857422 793.677307
1221.229370 583.764893
3051.701660 333.498138
789.850342 149.043091
1572.648926 237.055939
829.156128 360.290863
5222.499512 626.900757
7800.501953 1012.520264
8739.427734 59.648369
476.652527 125.934410
382.025970 182.473938
1484.912598 204.436096
26.291958 73.335831
1329.395874 109.847733
2384.736572 302.208801
1033.390869 673.018188
286.975403 672.023376
364.560242 426.390198
772.405457 256.761169
385.607178 137.075943
855.129272 55.290394
353.356201 81.595711
2104.980469 147.266159
11238.308594 264.531708
1999.646240 257.763123
870.954407 145.337067
2606.536865 82.254753
98.884369 55.891994
970.314758 301.277496
5644.924805 329.145203
8272.584961 367.413116
7387.752930 411.288910
1017.318115 393.082886
1969.976440 337.363831
516.038086 301.592712
791.082520 290.181915
933.481323 1300.690796
6397.598145 2176.776611
2797.352539 3164.078857
7272.479004 4069.422119
917.984131 1136.475952
950.060547 652.499207
1927.293457 485.732117
299.744202 704.431030
654.813965 901.139465
1215.112671 728.152161
7667.449219 875.686401
1055.278198 1422.125488
1562.220947 2942.686523
4661.175781 2296.854248
865.839539 1745.301758
758.793335 1271.153564
1995.505615 127.493668
1092.394043 108.820007
5782.201172 93.433121
10118.496094 85.769897
1955.881836 124.366425
336.099182 140.237976
2167.851562 147.296799
1205.699585 142.373703
810.507751 124.725044
2975.433838 104.902939
9019.728516 146.271622
10720.485352 218.888840
700.891663 291.972229
2071.409424 321.616089
2030.995850 280.050873
392.622009 197.248703
75.121811 845.502991
7777.400391 1104.516235
6491.157227 1360.002930
34397.027344 1467.559570
1441.913818 782.077454
5847.840332 761.694946
1636.630249 695.951538
998.905823 700.364014
409.066071 1287.935181
7608.753906 1558.270874
17546.316406 1853.907471
19231.531250 2127.864990
4421.963867 2122.928955
6538.616699 1564.754883
1776.553955 1219.332397
772.815308 1141.220215
868.685486 525.595703
727.749451 422.051910
8813.498047 415.612549
21131.816406 603.234802
2169.706543 548.243652
4341.961914 549.952393
3898.052246 604.357544
2431.560303 607.199890
3098.628906 107.970123
1569.206543 140.408966
7875.955078 209.844757
13161.120117 276.610229
8607.293945 217.867401
262.014099 219.096115
1220.013428 176.789398
2423.685059 126.484299
3010.762207 134.693665
9482.128906 222.879181
1688.866089 336.941162
19478.923828 461.808777
685.536499 39.320473
2958.919922 26.194777
3738.894043 39.496738
28.018143 74.907150
276.781891 275.106384
1196.563843 562.406372
250.483582 940.274719
7232.327637 1353.897827
2364.062012 490.437775
6443.001953 232.085526
4561.074219 101.389496
137.735962 115.533424
859.728943 182.218872
280.139008 146.985855
5716.098633 273.640930
300.118896 550.683960
207.005035 1006.725586
976.243103 795.371216
1737.748901 564.694092
147.829269 342.030243
344.460388 92.085403
563.267578 184.586609
4784.056152 264.064392
2559.302002 303.068268
31.561636 94.502167
303.234711 31.953310
1110.158081 1.215780
699.972900 22.319887
45.452763 600.924683
2148.960938 878.169800
8401.508789 1295.242554
2855.132324 1722.888428
427.215393 642.603638
30.657238 614.422180
491.838776 543.440186
1203.439575 506.222534
861.240662 483.074829
3510.897949 405.087921
6860.086914 402.496185
8827.790039 532.325195
2333.170410 1036.245361
1604.495728 831.437439
973.673035 692.586182
1973.029053 584.199829
1108.782715 817.615906
577.634277 1017.988342
2726.130615 1151.429077
11475.200195 1187.857422
1505.177612 238.960480
121.393280 288.803436
550.910828 411.841858
2070.043701 599.110352
1608.028320 734.620117
909.714600 906.108643
7397.589844 1119.591675
3298.820801 1311.295288
2679.687012 1482.411011
248.225769 1101.585327
2339.049316 810.681824
2981.161133 685.262207
729.127502 839.771423
573.860779 935.354004
1939.609253 1203.102295
3846.200439 1604.580322
5022.229004 704.379211
1996.330200 819.737610
515.261353 873.422363
784.299805 854.935059
22.807726 148.214066
214.453949 103.179489
1556.164551 100.918846
7922.915039 165.128540
254.740128 590.921448
627.983643 433.242859
471.701263 310.581848
507.975586 218.260040
888.749268 92.505508
1581.739014 101.564468
1031.177734 109.034500
1846.259521 112.321419
405.187225 33.449871
2061.081787 52.706135
313.593170 69.315086
556.200317 82.204971
710.878296 317.359955
1771.332397 473.305817
6996.162109 719.028625
14922.031250 993.297363
1687.869141 341.341034
2025.432129 313.546265
2333.307129 277.659271
1660.680664 262.966064
230.453033 41.933784
439.111786 29.789185
7960.311523 35.723129
14321.525391 59.693848
3697.004883 435.880524
5854.480469 288.081482
1852.336426 164.372162
2128.766602 82.724472
790.374146 109.677414
810.276123 228.364243
7151.554688 381.557678
6321.404297 507.585754
2285.920166 189.724960
2729.739502 146.358673
3417.123047 88.735107
2535.945312 63.976871
497.133789 171.846008
2941.978271 201.420578
5948.405762 232.670197
2413.409180 273.479919
6337.024902 360.209595
1588.359741 236.067642
1726.176392 167.826874
1932.025757 153.233795
2681.221191 64.765778
360.294220 29.134315
687.132141 9.969390
1370.110229 29.298019
3719.084229 24.128752
1279.333984 53.938118
1042.502930 83.240074
1803.883545 88.464340
1320.901123 255.268570
1173.527466 316.465240
2023.858765 376.094116
618.533997 422.706085
726.050720 53.337257
2839.580078 93.647934
140.221497 143.435471
1389.323608 197.491180
79.925415 181.844070
5468.110352 91.611465
2702.249268 40.480568
3867.865479 84.157944
4626.548828 403.574310
1787.575684 336.972046
379.303955 302.865540
941.872070 258.524719
672.263245 236.007645
972.340271 329.858307
8098.855957 521.374268
7870.294434 800.352173
885.536194 12.851818
773.659119 81.938805
5702.726562 152.926117
299.054932 196.053284
709.698242 94.934998
2526.742432 68.826324
8.499300 58.654854
12570.546875 42.644615
2728.852295 945.247925
2060.531738 647.103516
2956.096680 371.629425
951.212769 184.088181
318.945618 185.155869
4103.848633 230.382401
2923.935303 296.524811
42918.269531 398.411987
1460.891113 1.579150
2080.288574 22.195492
1510.512695 78.833969
996.356567 137.973465
89.384895 60.184307
1.273395 90.734695
206.326965 143.575485
3950.454590 190.591309
303.045044 436.841187
1977.455078 298.031921
3379.687500 166.167908
835.620972 81.395203
515.857666 103.232567
223.449982 130.509918
1379.929565 149.367035
8561.940430 151.049881
2887.745117 131.610504
1231.557739 99.627449
805.046387 80.265953
98.604225 82.356766
264.359680 137.299591
1459.415283 199.145050
282.094452 323.636139
3413.961426 484.380798
890.899048 92.576653
1124.702393 123.583069
656.985168 133.031372
393.456207 126.922333
1041.579468 49.731323
118.270248 114.079529
1409.939697 212.836136
4452.534668 331.428040
13.624885 187.310928
854.170654 102.251892
738.686829 46.117790
760.972229 26.992973
1228.584961 89.728668
218.590363 84.879532
7408.231445 156.964630
6238.255859 346.092834
2996.666260 204.184296
1719.302246 140.111877
1745.348633 126.524147
3425.367920 114.406548
426.381439 529.564575
2312.655273 644.277893
787.081909 791.503540
9966.929688 891.356873
8343.123047 452.774078
1909.579956 508.984863
1973.408081 501.170135
1092.360229 487.990173
308.966187 0.824704
6840.089844 16.901512
724.589294 92.965828
3566.984375 257.672058
8572.897461 624.962036
894.420837 326.344727
1487.733154 132.953827
1082.413696 33.996723
911.798401 68.453972
1437.271240 159.155533
208.674622 294.208130
8348.572266 421.289368
10983.401367 565.384338
102.872154 361.571930
731.772949 176.144821
539.426636 69.094482
2645.297607 21.110302
1000.654175 44.199608
6579.017578 107.764290
19104.330078 204.945389
3304.271484 52.284580
242.942535 48.029541
234.428131 39.923065
113.761276 26.381134
332.192322 118.828835
235.094650 258.752686
12714.873047 522.129272
1673.436523 919.510071
2010.743164 228.249908
625.846924 86.746010
320.818817 44.875790
809.987671 58.365543
4386.769531 62.832687
94.648598 32.145363
1560.681519 41.480194
26840.806641 52.100933
2314.431152 928.725098
1515.035767 668.754150
600.267212 392.009033
2839.409912 177.936676
27.593197 39.906456
943.629517 18.807770
8561.000000 12.126396
61382.851562 17.387224
4765.739746 123.067825
1801.634155 121.166565
1857.073242 101.612091
733.452271 70.873627
235.642334 48.743904
3344.208740 62.751095
5561.896484 63.378304
3838.771973 51.031982
11191.279297 70.232506
13447.132812 38.037003
5271.565918 24.534702
768.693115 31.279240
443.426636 19.959887
891.816284 49.165161
1066.056396 103.640251
15468.574219 165.614441
24155.441406 81.677673
2729.285156 66.293610
1295.473755 41.502220
1181.656006 20.555098
2224.968994 101.907486
2855.352051 174.089447
5077.635254 228.494537
2417.544434 251.982681
2345.758789 61.740307
2380.537598 13.908258
250.827515 3.446393
1090.006104 36.804848
567.956482 419.786713
1904.822388 632.989746
6294.577148 971.606567
12218.610352 1328.351685
71.163246 626.570374
864.699341 551.564575
322.431549 441.770325
1297.177002 369.637512
1476.278809 161.872925
579.622681 212.507538
3178.209473 332.944885
5114.335938 472.140717
4214.494629 516.988037
1688.410156 429.066956
1377.441040 306.447937
901.474121 200.507324
692.632690 153.804825
1625.312012 260.416016
5676.319824 463.321106
8669.232422 730.507812
1949.212280 22.063122
688.488342 71.503296
1333.857300 105.378555
727.923950 119.653175
2029.274536 282.508179
182.839767 293.213501
3931.481445 357.328400
5488.263184 504.696167
2305.583984 705.032715
1010.685303 493.903534
715.074097 367.459747
313.473145 305.347321
1882.309082 293.053101
625.375977 298.347015
3511.223877 279.696960
2153.156250 233.896164
4492.028320 284.602325
594.046814 274.256683
496.508087 269.946442
30.506266 278.373596
747.301758 27.665407
565.912170 60.711246
4691.776367 117.515862
8034.844727 181.861389
104.469360 45.479527
2106.330322 41.812519
1078.802979 30.540813
2486.340332 20.950287
1111.568359 497.754791
1349.771484 760.443665
2981.859619 1076.392456
15975.455078 1375.167969
5762.866211 118.525627
2615.704346 147.274323
49.954121 209.285767
1640.739624 317.452026
2192.324951 358.227081
664.368530 360.331726
7791.642090 566.717041
7786.462402 1062.853638
5459.118164 1329.717041
508.755188 887.364746
585.631714 622.864380
1440.543945 459.592072
503.424774 332.131073
2092.590088 390.852356
722.372192 476.906189
12396.085938 579.599304
6359.199219 243.222061
170.694427 252.208115
1025.317139 271.637817
3525.572266 296.145325
155.345718 315.600891
2344.575928 283.157104
6706.839355 274.893158
2476.705322 251.637329
5710.495117 1416.077515
1327.842529 1048.017822
1561.262695 690.282166
1123.296387 437.762085
629.742188 206.381805
2334.519531 319.746490
8111.657227 419.708191
16862.541016 483.830078
8428.836914 67.883385
523.246948 36.442314
225.200745 47.985485
811.876831 107.973831
1027.308960 175.011322
6545.789551 188.863846
6390.313965 186.521729
28994.945312 159.634995
5844.155762 344.865601
7524.257812 260.642120
564.218018 195.989014
1403.337402 169.455414
296.124298 133.824646
8328.892578 162.102936
361.169220 146.489044
30294.982422 89.156090
12281.378906 591.112122
200.219452 335.052002
910.763245 166.907379
625.911560 112.480606
1058.549561 124.429611
200.780228 135.085251
9020.505859 159.344696
527.489014 226.920563
7031.237305 18.066902
415.502319 14.096378
31.628839 54.300732
327.559509 99.153366
565.356689 71.640366
2684.266846 54.839001
983.637451 48.375214
564.894287 44.499371
2776.826904 164.289917
539.532959 159.727768
2332.707520 134.253616
247.803055 100.479439
805.167847 84.662956
1069.907227 153.169952
6413.969727 228.472931
5065.768066 291.943573
1641.151367 70.462372
67.566139 37.655098
9.462338 24.107143
16.869841 39.045189
194.998245 95.851120
6047.468262 74.061432
5744.975586 43.912231
1367.154541 20.500397
3995.546143 270.440704
256.764313 189.287125
165.393295 137.182251
1420.548218 111.551849
4616.862793 132.400497
4173.255859 117.579460
341.836548 75.106750
16985.837891 44.539082
4147.272949 39.817986
658.437256 18.005495
1287.140991 52.270782
616.661011 104.306541
4445.421387 375.425323
6330.238770 341.296204
471.024414 381.313934
9795.282227 528.437622
1585.277466 225.067032
448.211548 316.194122
2081.544678 396.007263
449.067169 413.303772
663.382996 277.648895
228.963882 193.467209
1316.165527 137.415421
12031.995117 143.838684
1189.673950 141.379883
1362.917236 250.919327
2479.080078 328.420227
4792.514160 336.271942
406.160980 396.860016
2066.008789 475.713837
2228.472656 625.412842
51898.296875 794.118408
501.625427 315.843353
1779.404663 389.191376
1313.068481 404.425659
1086.374512 388.275238
2311.387695 18.413200
788.575256 60.912113
16954.406250 178.746140
5017.951660 363.539978
2321.579102 280.550476
680.395996 177.760010
1672.902100 95.728607
94.285095 37.380981
516.669678 172.263000
5549.514160 173.585297
5191.016602 176.466003
13665.208984 166.425690
9655.015625 215.530472
10201.397461 218.940964
1435.710938 202.398834
1321.214111 182.463150
2794.440430 42.289825
880.275940 55.468441
7594.607910 85.271530
6150.473633 103.561775
14054.838867 526.995972
893.869324 356.438507
492.938599 191.753708
1833.362549 81.613403
40.324211 1.843043
1669.459961 4.201337
4516.986328 12.393252
3920.542480 30.380306
2456.149658 28.977758
4588.619141 11.812721
1595.622803 4.124618
1722.606567 1.875242
3265.347168 17.810328
806.103394 22.646460
5247.303223 30.307467
16838.525391 38.147923
2592.777588 108.617340
1992.135010 69.901154
77.318207 38.798706
6.677330 21.524155
1552.180054 51.612598
2022.913208 84.635864
9563.635742 161.421234
10588.526367 287.623749
934.446289 38.524925
154.377197 25.270008
1154.486084 32.030228
721.229675 40.431465
586.284912 217.294983
475.052124 221.978638
1092.331543 204.538086
5438.981934 161.595840
6853.727051 169.714279
2421.786377 178.266037
283.693634 187.468903
811.337036 201.954620
1033.564453 108.374413
608.315735 205.660065
6045.378906 376.862671
9581.879883 587.452515
827.017090 192.453827
920.007690 149.477020
1937.682129 108.690300
505.914368 84.768768
446.187012 21.572409
3634.234863 18.060619
3137.626465 34.123474
15926.929688 74.127716
3538.140625 101.773300
6913.771973 74.864349
198.047638 54.132130
503.187744 35.920799
2093.028564 63.094055
185.719498 194.787201
1066.720825 383.002350
31322.343750 578.714294
1119.595215 80.635101
815.309692 43.280224
1414.642822 9.997554
373.610046 6.225403
1331.868286 194.833649
303.511566 409.233032
118.212357 691.042664
241.404419 985.915527
1632.285767 242.461121
3805.329346 119.640121
47.517731 57.539089
170.648285 77.056396
372.873352 240.534058
6061.520508 379.015625
1345.885864 700.654358
3242.050293 1106.036011
3120.311523 850.961487
2611.664795 699.610474
431.359131 488.370514
1194.464722 299.849121
641.259277 30.226233
972.364624 124.755714
3.620014 294.416107
16868.468750 512.610657
6943.396973 57.391750
736.189758 30.241117
14.172130 10.498248
538.535889 1.936145
5386.470703 313.941956
692.871704 484.191742
2603.854736 790.764771
4133.611816 1183.293213
1019.980225 557.915344
672.906494 428.887604
476.165924 328.458313
362.944824 275.611664
31.334587 401.884430
668.360352 465.524597
4502.198730 648.879822
4140.000977 922.741089
712.725647 649.390198
5265.945312 588.338074
325.925720 512.620667
1054.652954 435.060455
3072.284424 300.072449
1223.691162 289.726318
19401.720703 217.146347
3477.287109 105.014420
2316.303711 467.368805
4477.166992 335.163147
1423.973267 271.839569
1959.077637 275.406036
564.143066 209.055710
257.889679 261.991058
4210.730469 357.608673
8129.268555 545.034668
5859.768555 131.232513
2461.701904 56.422302
1270.526611 86.119629
1085.355469 152.120209
777.349243 167.885437
1263.853027 101.305603
940.972595 48.487514
685.359985 15.420495
314.150970 298.102570
17.840061 309.951324
1436.101074 287.167664
936.063171 235.271942
298.383636 40.171017
1433.841064 112.890823
3988.755859 227.978058
153.291931 368.228851
2622.760010 40.399296
262.530579 14.692312
378.770935 3.432164
1363.081665 8.015980
1586.980957 74.974236
458.052155 161.551773
3553.263916 289.970398
14440.378906 471.678009
452.381287 368.518219
507.205933 155.909775
2488.138184 48.140976
312.066803 30.620100
922.445312 353.284485
732.994507 317.524078
8260.265625 291.375610
8414.974609 249.753357
3358.975342 564.403381
4548.360352 555.143799
36.781708 492.244690
1073.573486 414.348602
587.659180 54.577877
374.051361 52.433857
3246.183594 50.994450
15189.625977 86.385262
2896.113281 398.835815
455.606079 195.643906
621.569458 87.598022
968.361450 55.240635
43.586952 420.388641
338.494781 542.239319
14475.711914 681.449951
3816.911621 804.180298
239.951065 77.789078
2052.944336 161.091034
202.411407 243.357864
1351.457031 324.711670
207.789276 117.049889
2140.978516 200.445953
2307.270996 343.180664
10479.957031 549.907471
1459.106934 680.905457
859.436035 374.934601
572.942749 181.108704
212.653610 102.552429
2724.265625 224.294189
39.709648 311.850464
5848.417480 402.394409
1443.784058 448.626160
1607.142090 504.681641
1412.872559 366.915314
848.611450 245.697495
1452.263428 192.997650
428.090515 703.131348
2696.827393 983.457031
13353.404297 1443.339600
31881.539062 2005.561768
1949.214111 490.042236
262.478668 509.916504
1269.175903 539.456360
105.625244 581.368408
1561.829468 43.344463
39.818645 90.372017
281.930756 266.732178
12811.833008 565.480103
3478.026367 689.793335
3922.844238 443.767609
118.676056 245.303986
1690.447998 104.712677
1066.023926 31.683353
1654.556030 120.093262
17826.322266 268.635498
460.586609 454.235352
1668.054321 214.448471
4114.238281 112.311928
221.203781 39.655594
2908.456299 8.001169
838.044983 247.675629
1093.168823 235.630203
4211.026367 280.189087
2725.806641 363.281342
2121.687256 666.424561
310.886536 557.685425
2179.986084 431.533020
438.676697 318.460358
816.276611 302.777191
2249.891357 388.807648
4164.469727 438.034485
5942.130859 437.276825
6376.813965 82.522369
475.766052 87.577370
1023.928894 129.217560
1411.451172 206.789948
328.654541 112.108322
2595.521973 103.041061
180.706360 117.564606
6359.071777 168.402603
772.569702 531.498718
3965.125000 352.540405
665.094971 222.795212
551.977539 147.080963
1553.600098 214.189301
2234.444336 269.252136
16323.499023 309.019104
12685.562500 353.309998
4495.630371 17.808384
420.084137 5.451530
1912.699097 56.624977
689.574707 137.664062
1303.824829 975.257690
1166.439819 1079.839478
5685.213379 1191.950439
12942.967773 1218.411865
237.730164 1204.067139
3799.034912 1145.200562
2105.168945 1030.912964
1146.580566 954.715454
164.513214 595.158936
2507.642334 704.528870
3364.916016 880.424683
1821.256836 1144.342651
7408.346680 647.793091
20.395746 513.833984
118.265732 487.382385
340.673950 524.190674
1662.582397 412.960663
936.786377 537.748901
1868.498779 687.658081
8945.380859 811.175293
3343.743652 593.220093
1055.812866 478.803772
1393.173218 385.881866
340.567871 357.291687
54.138458 7.856623
1312.464111 20.659933
8526.168945 84.836212
10245.376953 237.593079
2265.871338 180.245148
4869.953613 62.675625
77.649879 19.382675
2753.724121 9.979381
552.002136 339.075653
1267.732910 383.434540
902.167114 462.650269
48753.453125 475.884308
1912.431152 1046.805176
5809.990234 870.941956
4164.299316 617.527222
151.675568 413.919708
1226.414551 123.328835
1906.720215 167.933121
1662.609131 219.713837
1699.180176 322.932617
11695.517578 394.038055
683.010864 164.519821
3297.438477 71.999832
709.255737 78.418816
666.171875 406.723938
2096.019531 388.838104
855.388123 324.883453
3156.212402 229.082092
3648.955566 307.730225
143.934052 321.241028
1910.084839 350.443939
993.050659 386.407684
86.291336 612.381897
236.579514 847.869934
4095.011475 1155.586060
3201.636230 1468.353516
5133.336426 406.957947
1107.387085 394.500000
623.288818 410.271057
1900.614258 472.199707
3199.982178 90.929764
991.171082 195.724747
10341.704102 433.696320
1249.134277 787.025391
3407.844238 378.957916
1160.967285 246.835022
1849.399536 152.222702
1245.193726 91.114731
37.973541 396.419250
5042.872070 411.670593
3352.218750 509.738953
2281.503418 708.029419
2807.646484 907.838562
642.096497 689.422546
809.706543 536.995544
620.417236 441.427948
111.281853 993.175415
10886.143555 1073.002930
4652.324219 1014.377563
28416.152344 820.175415
4278.505859 452.506561
37.377899 520.650635
382.776123 650.013428
1869.539795 826.949890
5875.828613 1472.398071
1394.068359 1912.093506
2371.425293 2515.888672
10757.463867 3285.694336
13119.938477 1510.683228
3796.981934 1121.504272
6220.749512 1036.853760
115.511497 1175.783936
1343.261597 1111.925659
1098.657227 1156.138916
800.505554 1414.931152
8202.926758 1760.785400
132.350586 2113.057129
1559.742310 1953.048584
855.671997 1638.166016
4117.050293 1304.465454
867.595215 71.705688
820.457397 123.248093
7109.861328 264.685974
12353.898438 516.776489
5995.062500 130.093674
5955.874023 68.694710
2396.846924 59.705204
409.818176 62.203972
74.351692 13.893984
1000.969849 25.734068
599.839417 66.521606
12593.306641 123.365471
6053.302246 353.607330
5897.497070 230.367462
160.853119 119.183083
291.853973 43.662674
699.183777 40.275684
601.722900 17.856457
1759.844360 20.648108
8754.713867 63.354271
186.300827 88.074730
1577.406860 82.054733
1987.475220 79.573059
72.071098 65.878899
763.440125 94.983971
250.300674 114.761635
889.623718 154.100494
7869.160156 214.526855
2176.237793 12.680961
203.172089 36.200871
1489.733643 63.198891
1029.231079 82.049599
155.551300 108.988747
125.227554 87.231407
7938.769531 63.068310
3977.632812 36.050816
2018.879639 311.332886
1257.119385 245.813080
536.960754 183.446259
41.630116 137.854446
553.783997 319.083832
314.867798 501.489624
2828.526855 702.521057
17772.718750 899.576416
202.564362 85.720322
1021.028076 41.157486
393.335876 74.201675
751.475647 171.818924
1170.463867 747.406616
1610.660278 944.999451
25206.019531 1131.003052
10781.612305 1227.862061
2733.324219 1255.747559
330.856567 942.751526
1359.828125 710.851929
232.246399 644.591675
345.237671 140.802673
2077.770508 104.334404
11154.826172 177.094559
191.564117 423.862457
1307.174438 361.715515
6347.433105 264.229584
3561.965576 234.060715
2642.482910 199.945465
400.943420 19.309338
2385.573730 18.783367
5202.142578 27.187092
10951.649414 53.685837
4034.086426 220.299469
1959.652954 124.380463
2303.293457 61.196171
3277.757324 29.921112
25.616793 249.596527
4513.486328 236.435699
7700.508301 231.224640
5297.562012 218.457199
2195.321045 376.889282
237.863785 364.290009
2671.425781 324.709473
1121.578857 280.472900
427.743011 262.698730
4873.360840 425.196259
2231.498047 670.938354
10529.249023 1027.584106
1826.117676 351.623108
1031.298340 145.871765
1041.328369 98.897758
920.180969 152.781494
228.251633 56.800911
1949.419678 12.517595
4991.882812 22.516548
11831.961914 81.760529
2569.959229 647.858948
1107.260742 476.559113
1605.450439 302.667816
581.592346 156.173615
138.528503 71.267906
2511.246582 159.259979
742.510681 265.889893
3032.329590 373.504303
1290.474365 167.652267
2237.815918 71.567314
1425.730347 19.287075
1502.499512 20.190708
484.313538 572.813660
1244.108276 881.127869
2168.843262 1227.365479
5640.529785 1519.284180
2809.556152 797.555969
683.470642 542.062256
108.343788 385.659180
383.649719 391.689789
1507.101074 1111.590210
1878.957275 1312.009033
4177.014648 1495.172241
6754.501465 1571.347900
969.354126 1574.572876
79.350227 1294.156738
35.267220 1073.497070
815.046265 1008.033752
916.778931 836.014404
754.772705 1145.668579
172.682617 1794.196533
19150.619141 2733.834229
6821.772461 379.991699
1153.345825 517.874634
1530.232910 660.642090
771.672974 735.590637
60.464180 105.484734
729.338989 269.024170
63.063110 695.858337
1065.425781 1360.653442
2960.813477 1398.925781
738.673523 854.175354
1273.306885 439.179321
88.739967 177.468460
169.019653 53.789196
1453.903320 7.874420
4216.546875 11.293009
2912.207764 120.255928
3735.769531 659.061829
1005.255249 384.586273
1287.606445 214.607086
2032.171387 118.270355
592.479919 105.440231
244.504517 79.021240
166.788574 67.088043
6768.258301 67.192245
8.660622 300.918945
2267.722656 255.908691
1900.997559 200.419220
1502.724731 147.163422
941.554993 71.523560
4266.568359 111.486885
1631.878296 139.173035
12716.271484 139.908905
862.416077 310.900696
222.337173 181.215012
29.872948 86.946136
45.919521 52.903587
1485.707520 151.134354
137.645401 162.518066
3388.980469 204.715057
3382.898438 285.687744
2732.312012 65.882980
1467.153442 95.747498
2571.426270 129.277496
178.982529 146.981613
1031.916748 30.427273
2336.912109 94.382065
920.577332 196.543015
1910.608398 320.455170
1618.176636 32.531269
155.251343 11.704458
661.348511 1.178255
311.528687 3.456995
1303.931152 131.410492
4047.387939 106.054985
1477.726929 63.638084
803.727417 30.386089
7470.229492 459.923187
1358.786499 293.453125
2115.224609 190.916443
24.384560 148.154678
2846.786621 163.606461
2065.220703 161.957947
5101.580078 161.013000
6440.947754 203.812119
6381.954590 21.124130
150.989426 17.603256
2312.980713 71.998192
2153.173584 133.131134
1315.364746 506.994843
936.800232 549.359558
5826.211426 616.601135
6618.272461 686.675232
2071.159668 291.447632
1237.043701 388.919525
1237.564453 452.139954
978.954224 483.291687
1023.387756 339.803711
1615.026611 348.852509
133.664124 318.485596
17031.199219 237.399811
1345.019287 572.660095
5068.961426 457.731018
734.485352 367.753021
281.768738 332.350891
303.038391 225.932709
1480.212402 314.070740
3892.683594 468.172424
814.230103 724.969421
8123.993652 66.561783
1504.027832 22.638889
50.730625 73.977806
734.672607 152.570282
175.371307 440.246582
6215.827637 525.300598
5555.617676 603.464417
7188.905273 607.403931
1484.008057 1206.646973
4023.521973 886.626343
188.729675 599.513611
237.818771 444.453796
817.588989 980.257568
5812.281738 1349.746826
5555.228027 1734.754761
25473.927734 2042.219849
3314.749268 366.445984
2730.824951 398.915375
879.008667 500.540955
229.673721 690.299072
305.947693 1170.751709
1715.190186 1537.639893
1806.420410 2131.181641
34835.429688 2943.564209
212.882309 1560.907593
3087.864990 1146.092285
538.348083 975.091614
4035.079834 991.392029
2132.184326 1287.500244
424.671967 1250.231689
7717.249512 1441.907959
19224.447266 1827.259399
2878.042480 2161.375000
4171.314453 2005.714722
9441.951172 1770.432983
972.028259 1497.437256
666.754028 204.560577
1753.709717 151.327560
16850.480469 111.754776
2438.610840 106.711853
3006.896484 470.841187
4163.485352 386.312683
1258.847168 317.324127
518.867615 259.533234
1390.756104 105.951782
3277.956787 78.177612
2865.812012 41.383625
1728.113403 24.476452
4154.662598 77.272247
1274.494995 68.527832
707.052551 87.307007
565.073975 107.445755
1093.377319 822.119324
85.652306 1070.162598
3834.596680 1428.383057
18693.919922 1839.672852
700.499634 280.815491
432.941528 406.365509
725.750732 540.446167
2324.052246 665.217224
1913.214233 365.899445
100.883232 347.217072
3834.029297 465.655243
1349.803101 668.942200
5313.687500 1564.167725
302.599945 1223.315674
3841.710938 852.817993
29.964415 543.318665
1225.317017 62.495377
155.758698 81.562126
4679.671875 88.801781
14399.744141 82.046700
4747.826172 7.572008
2174.239502 8.095277
249.557510 18.650494
1031.670166 38.696156
616.350159 420.364502
7513.401855 538.742310
378.031189 702.335022
6820.304199 846.084351
1200.230469 370.685974
859.033875 395.214935
1953.764282 382.576477
157.386261 374.846985
768.158875 252.912720
5407.811035 208.139435
184.540329 197.561829
10650.694336 292.899323
6464.427734 598.548096
1993.749268 402.628326
2948.242188 317.519165
161.045303 286.068756
1741.123291 412.283508
909.495361 547.245972
1940.185059 776.901917
15424.249023 1040.278564
3243.590088 176.198318
226.779480 285.557617
5753.468262 342.284058
491.084015 363.751068
142.301468 207.802185
2848.097656 159.104431
14960.587891 121.291824
12439.917969 90.046043
2519.422852 607.456238
4058.570312 498.234680
3733.040039 379.417877
1264.698730 279.169861
1397.950439 291.102814
91.864418 498.994080
17548.367188 699.369385
20101.664062 841.997131
644.680908 779.260254
4329.953613 423.684937
1896.339478 201.001404
899.797607 164.837418
1280.085449 299.802856
358.585754 275.520569
4566.463379 298.225098
6739.388184 355.027954
3963.163818 420.736877
7276.451660 440.439789
141.636749 414.786407
2368.911377 357.114197
309.895020 73.815865
1636.841553 78.157227
563.694031 61.802422
3405.527344 35.403069
739.287109 96.619888
3320.343750 53.843479
989.046631 42.228756
401.234344 55.382156
1075.877808 206.498184
1388.698975 397.541168
3324.103516 693.951965
2585.983887 1028.656250
495.062714 35.344166
86.959213 73.203094
246.332153 95.963943
429.988434 122.110016
292.499817 162.123825
610.942200 380.291931
1692.036743 667.046631
21108.185547 955.914001
8457.196289 499.564423
470.669769 266.795410
841.822632 106.011719
990.737427 64.509338
602.844910 344.049652
4040.787109 455.282776
824.378113 749.990967
4790.454590 1206.489380
6503.196289 517.112915
3978.924561 462.422485
1796.179199 414.948792
4564.432617 358.737274
205.804321 103.435501
3322.791992 54.515022
12995.788086 78.008606
68631.671875 192.793594
2882.078369 538.856140
243.838120 412.643921
167.065704 299.210327
2070.386230 193.370941
896.329834 5.381272
1660.732910 0.314027
2671.999023 2.889950
2160.871826 17.685009
3655.923340 66.945068
4226.691406 42.709663
795.677917 25.928108
1905.647949 14.187107
149.368958 145.599396
3774.898926 228.725357
2344.088135 302.556702
2671.483643 344.549652
338.817413 9.203779
1142.849976 11.096655
388.662933 30.312538
48.689377 75.229485
861.661987 18.358355
2812.887451 51.010983
639.169861 166.090927
6067.353516 373.761261
3702.536865 287.261902
985.171997 166.832245
423.879944 89.386810
48.961166 39.033062
915.885681 42.900673
734.300354 99.162231
1725.746094 166.191116
7576.046875 252.805786
153.397583 227.303360
1576.762573 80.496887
503.476501 9.135468
296.486969 5.060222
960.148865 453.668274
495.199280 489.436340
12156.966797 578.768738
14485.360352 652.172485
1171.161011 815.809937
1482.708252 760.223572
1606.130615 632.532715
700.971741 508.069885
694.081299 319.001068
3831.270020 376.639893
3244.076172 466.936035
7474.833984 590.110229
2578.781494 339.072968
3420.904541 287.847290
686.778687 274.226501
170.854446 286.316376
1085.197876 57.812885
3315.557373 27.123045
8266.537109 7.941358
5248.206055 16.158113
2329.097656 201.579193
1943.200317 153.073318
555.695496 117.929382
176.654343 88.527710
80.977646 73.877647
2030.137207 143.019043
290.452362 248.977509
2892.285645 378.123901
216.977631 5.181044
557.370483 4.393225
3077.649658 16.199865
1244.118042 36.301559
309.471100 122.567551
3446.306885 234.996368
537.732727 404.834106
30750.187500 635.145447
2018.633667 313.765167
344.537994 140.262024
196.863586 62.245228
1072.612061 62.671364
78.372658 348.307739
332.558655 337.305847
4292.056641 361.155182
360.551849 393.952362
8.045316 748.544678
336.220947 646.765808
2258.528320 520.474670
348.227936 411.170380
3451.502686 294.293213
42.614285 392.324646
3723.807129 480.808228
2329.176758 536.446045
1605.963867 87.058327
847.049744 105.043312
1776.178711 143.909821
1109.100220 207.567612
1397.718506 87.299759
1709.276611 139.515335
804.633362 306.434113
7914.092773 668.982910
6753.967285 474.031799
2385.571533 189.277496
3157.439453 85.839851
3211.489258 73.127579
1095.023926 4.752430
1674.171875 14.092381
685.941528 41.691135
761.532410 85.663010
3580.343994 374.729065
170.027802 217.742050
2921.675537 96.435287
6877.345215 26.960709
1460.046631 253.456055
1218.442017 364.312439
356.983368 442.534424
1866.281982 514.833374
8058.846680 158.608490
3558.504639 23.069883
2557.510742 23.960056
12.108023 122.523315
882.149963 38.776302
1568.746704 116.877029
2563.164062 231.227432
7517.898438 387.599274
4697.573242 660.832947
1407.881592 320.450623
173.904327 103.663696
335.140686 20.295528
138.890289 82.280228
44.958233 55.663616
3173.821777 43.428223
82.277740 37.391972
2760.468750 307.456116
5990.626953 258.701172
11938.492188 192.510284
2620.459229 129.005203
478.845154 56.601852
1004.280640 84.952820
340.824188 132.974854
410.118164 189.942413
9683.553711 102.573059
4369.851562 80.727417
5904.663574 61.201374
2089.902588 50.382168
464.867584 111.749466
2644.299072 106.987518
1546.605713 91.694839
13949.376953 126.920326
14857.540039 186.360474
2775.684326 57.460564
1798.645996 40.835453
328.495789 80.295334
5181.788574 19.958139
1179.988403 48.189800
594.783630 102.854622
48.246315 186.445877
40087.125000 127.804924
14888.004883 62.356472
13986.648438 25.842497
597.468201 13.006403
1342.402344 30.685877
1674.234863 39.062893
497.355408 54.336334
1502.430908 79.991646
10251.521484 254.422516
1351.465942 147.042511
1008.152405 72.793564
2476.571533 37.168716
221.391617 152.594193
1302.198853 210.085754
3995.908203 318.082184
1463.468506 456.045746
3926.536377 121.058151
2046.220581 134.920349
4006.454590 139.264008
160.678909 137.524048
89.025352 24.226995
1187.303589 38.805813
613.389771 50.380421
5198.976074 100.287895
9162.282227 429.317871
16127.746094 171.934448
2391.936035 39.539112
3736.685791 9.188601
44.607010 62.197926
1627.816772 96.466232
2783.188721 159.855804
2902.047119 251.591156
2986.549072 73.194817
10387.582031 50.026520
5393.699219 44.256645
695.156677 47.888733
480.408417 269.278381
487.904907 353.060944
2310.839111 368.991394
552.932922 360.452545
379.749634 299.054993
9542.646484 91.999008
1297.143433 52.944798
771.902344 142.029846
2549.011475 109.422287
1078.711914 218.893173
159.251572 341.808289
3572.159424 475.175171
8094.494141 526.820862
53.408504 243.110199
4003.500000 80.080063
78.482643 46.830116
2973.430176 126.875122
1937.221802 132.943207
2132.781250 159.490005
3783.544922 203.555206
6855.536621 334.570496
13106.707031 254.309174
10109.134766 187.988968
1183.393433 144.625275
3383.055176 6.936108
1236.704346 21.253296
3668.187500 62.659157
10052.559570 162.077576
67606.523438 280.920349
1309.564331 113.894600
4147.457031 30.165915
5275.321289 5.253569
894.610291 59.239502
411.441101 135.941010
487.651855 205.955902
546.906433 236.970901
356.147156 185.479645
15256.775391 97.027954
5010.915039 29.775517
3536.893066 15.615103
156.930023 0.462731
105.510857 8.159119
2357.816162 44.681847
975.855896 131.399750
4041.958496 217.489441
812.396301 98.057983
1359.317993 33.796745
2289.460693 7.559876
155.788239 27.018467
773.198608 31.933140
807.033081 46.073990
1531.836670 68.853531
335.853394 99.888580
2868.955811 69.244217
319.797211 45.809143
6678.050781 31.585909
412.441284 53.509033
4438.668945 104.564072
230.296143 181.292633
5415.423828 269.834137
7387.951172 6.968904
5376.250000 9.668089
2459.998535 16.083155
1223.095947 27.416821
96.345306 33.221500
288.953430 76.188499
1566.009644 132.004990
536.217407 165.692078
6480.732910 256.083252
18055.480469 176.347000
5879.950684 89.304749
285.882263 34.689301
1701.755493 120.038673
1510.673340 153.090561
800.014099 150.130981
219.664734 108.999985
18682.791016 145.694168
147.664352 82.972816
88.274399 57.963512
1049.782471 77.084206
3374.517090 7.651729
1144.218750 2.875432
5074.344727 17.370541
1863.108398 61.047424
26952.470703 137.280945
4456.398926 81.416504
315.429565 45.372105
1749.866333 22.518044
4118.224609 162.516098
1117.018677 176.403870
1302.031982 212.800537
7651.660645 288.686798
12710.284180 12.130916
6522.411621 48.804562
1419.648438 102.856972
4646.497070 143.537384
314.521545 16.214022
3544.724854 57.698494
2447.407227 136.377396
625.726990 230.090927
3139.798584 336.607452
7753.268555 209.760498
7907.610840 98.080002
5615.774902 28.749954
2336.213867 12.958168
303.063843 10.327085
6391.040039 13.582340
2370.063721 24.798035
9832.154297 101.211342
13896.238281 65.776237
8443.550781 38.765358
210.371506 21.721128
148.024323 25.716175
252.054535 52.437717
2656.492920 97.245979
812.537292 142.534683
26000.488281 75.538689
25947.027344 63.622143
4756.404297 41.821507
534.859253 24.240368
1127.838501 44.236851
2492.695801 50.891933
549.591797 60.192799
1715.912231 75.172867
13433.726562 103.430054
917.964233 67.512718
8183.770996 47.275581
3379.168701 41.350189
2951.771729 87.227547
329.190033 147.990295
1940.176880 220.547882
1642.561768 304.463104
15586.860352 61.807037
359.854980 16.316700
39.709343 12.285600
1590.545898 39.718513
341.683472 0.977438
792.347290 6.131360
1999.695557 23.799690
3193.723877 54.402393
12141.268555 367.517761
458.838806 209.574448
1015.910339 89.517838
970.492981 22.515732
2180.503662 193.607895
73.081795 270.497406
3972.115234 376.216400
5716.884277 506.629089
19942.257812 23.745737
14336.934570 39.312866
265.446381 82.444572
1259.105957 134.615280
3462.662842 52.427948
885.688721 92.262085
480.320160 100.032898
1484.205566 96.342590
10731.638672 482.544556
877.276794 203.911469
9586.300781 47.359123
5689.120605 14.935877
75.805710 13.874371
659.501770 33.878735
2710.339355 76.741196
1533.578369 145.028275
6851.800293 63.018177
2546.293945 29.537064
936.921021 13.752766
266.628174 8.976379
989.266785 21.392509
2606.544678 8.598223
3512.758301 6.888475
1236.943604 22.271408
9929.125000 234.956528
4071.304199 152.632233
1038.735474 88.306000
508.611267 46.023140
780.916016 71.096153
428.393982 114.168571
3177.615967 177.477356
10069.514648 264.498322
10638.368164 29.511019
6755.201660 8.232152
3021.961914 16.407959
981.519531 39.679661
1500.261963 0.180742
1710.036377 6.966166
5229.106445 27.406387
42.871983 80.946701
4826.453125 313.023682
11648.362305 147.485962
8298.332031 47.993771
3904.343262 7.136714
464.151489 2.785390
364.728394 2.797146
257.184387 1.809343
877.281006 4.093631
24886.613281 106.416603
2853.506836 54.221710
667.543701 20.260082
759.755615 5.580810
273.697388 20.726833
2527.420410 31.922249
4094.431152 39.074280
3690.909668 44.049221
7621.015625 21.420179
1133.346069 4.160305
2599.585205 0.549126
680.772583 8.181285
902.836182 26.611315
15.002726 31.796370
417.522797 43.169548
2212.920654 63.692123
45726.593750 91.914818
7611.305176 56.998543
11137.620117 35.872967
682.574707 27.061497
3375.199219 4.613243
684.554382 3.145281
411.990356 0.164311
3305.358887 4.324659
11845.941406 126.359039
3362.562744 60.710991
774.504639 21.657505
939.577332 6.943618
804.071045 25.360620
926.694946 28.942801
226.378403 45.288948
280.127869 77.082207
3192.129395 4.921424
4136.021973 12.997709
1940.265991 22.137674
1622.932495 25.778135
1870.305908 95.065453
6159.512695 115.331299
817.583435 116.947571
2919.082764 97.685196
4694.604492 36.293697
387.396790 33.483540
1264.847290 43.494774
724.430664 66.786263
903.632263 45.844612
2471.218506 79.302742
5114.612305 129.430145
5853.122559 195.671936
19569.068359 67.762787
25782.968750 33.359505
4796.515625 21.434118
2029.609375 26.725643
4063.568604 81.836189
1949.948730 191.684402
4276.878418 350.846619
1668.583008 558.180298
5324.671387 194.439331
3550.825684 59.757557
14243.522461 6.019741
3135.201904 18.318428
2229.733887 8.586028
489.560028 3.513979
1354.337524 5.818376
1167.319580 18.285318
23723.902344 401.926025
3597.497070 236.509262
574.095337 109.306755
4983.692383 36.546944
3334.836670 33.252472
286.661194 37.335297
92.986481 39.404121
4664.857422 39.905464
1501.998413 21.658684
6621.334961 20.563425
70.747040 23.022003
1768.192139 27.898605
449.633698 49.453648
279.820923 86.309509
1678.561401 129.620926
1776.163818 171.608215
6553.011719 13.737392
555.104065 6.322763
3906.291748 9.313598
1680.325195 23.440474
1411.693726 79.261620
1461.762817 116.303757
95.005417 196.440216
2637.623047 338.717468
6103.066406 114.623032
10862.125000 54.788597
13274.242188 46.369423
383.208496 59.400703
1685.763550 3.177054
5022.979492 14.101626
829.751343 56.679939
2933.111084 131.200470
12550.745117 313.843597
11845.696289 185.035919
643.693359 86.323654
392.395599 25.964382
590.097473 136.477966
1120.088623 212.076569
468.173645 292.641418
1301.814209 340.544250
9875.898438 107.864906
3720.230713 102.589729
1098.423340 88.772316
113.630806 93.879456
504.498718 6.335241
243.109039 6.141068
1233.366455 2.814345
101.044960 6.362627
9649.724609 312.009186
9850.363281 162.250793
187.187790 61.697540
233.428452 16.156540
2129.592041 114.010315
5052.766113 191.103241
852.548889 280.634979
1519.966553 363.374817
18594.726562 0.091576
12995.401367 5.615813
620.368164 24.195749
1737.777466 58.603294
2311.521240 276.812286
14.657135 382.938629
236.573669 421.825012
339.551849 380.853729
18471.484375 318.113220
15985.708984 170.654480
1742.710938 113.863754
157.963364 163.084198
483.807495 36.850780
6143.232910 75.589859
5677.761230 167.513824
69.690094 354.007568
19993.785156 330.884491
3365.446289 127.806564
3312.649902 38.776855
987.586243 21.969851
4407.148926 267.401062
961.878418 311.208435
128.633148 390.143066
2174.674805 449.156921
48545.035156 385.080658
5883.730469 394.034180
6004.091797 343.578278
2173.450928 284.425354
1841.128662 139.183441
485.676666 258.164429
1104.795410 447.499207
1522.219604 745.053101
14465.498047 297.352142
2249.650879 84.055222
709.867310 23.551693
1842.696045 58.363037
715.475342 57.303116
1704.520996 75.311806
2134.881836 126.370407
175.708527 250.331573
9402.998047 511.679993
2455.126709 251.935547
6186.175293 110.119576
3853.009033 60.196415
1451.952271 87.789528
519.693604 145.625290
933.618408 208.991302
859.891357 247.360168
66.464279 367.550140
2316.673340 236.435059
4465.329590 125.889549
1259.239624 73.623756
1470.501343 10.805298
1555.364746 31.117767
2333.382812 99.324036
2060.892578 191.422684
5148.709473 219.489868
6869.294434 172.219650
1406.344360 104.935600
3083.230469 41.498756
1260.902466 77.533043
603.028809 119.005875
381.536621 190.638062
2703.237061 275.621277
16309.074219 60.462753
8522.425781 67.593208
6952.391113 67.145538
3523.887695 65.091003
443.785980 104.736900
3448.834229 133.482727
6520.201660 160.597229
2241.337891 242.216660
4137.496582 221.126480
4876.101562 51.615650
405.005676 14.073741
1857.090088 53.951981
595.359619 101.554871
8481.806641 173.477280
963.749512 270.157745
1873.558228 339.071747
19131.078125 484.509247
13587.076172 339.131897
1843.828369 191.784088
4696.808105 102.703949
997.614563 354.441132
6184.004883 366.340515
3535.260254 396.660950
7629.810547 432.614136
7535.128906 186.583618
1003.558838 277.253540
9200.641602 332.155243
20.640577 351.102875
3292.921631 65.712936
1080.856812 76.964035
2259.210938 65.583450
568.674622 94.994720
2872.753906 541.022766
9466.378906 211.051849
14026.548828 55.182289
4164.113281 35.452763
4.581460 17.532001
1693.357056 46.582561
1849.135132 111.557861
445.119385 177.717133
10719.191406 178.899277
22729.507812 153.052582
1855.068481 95.016411
2894.645996 38.475109
2353.672363 190.367279
2277.712646 170.666977
287.968048 144.503342
2338.193115 119.863991
4200.757812 95.778900
4643.853516 141.334335
9118.881836 177.370850
907.843506 194.397827
1407.220581 180.398682
71.932549 417.753662
2831.427979 726.118225
423.696136 1066.706177
4203.881348 261.986969
2643.635742 77.976982
1160.979858 2.101305
709.779724 37.751892
3.064090 172.820694
4423.545410 192.221603
1988.216064 271.927612
296.085663 425.248779
8312.356445 739.954834
2184.010986 486.774078
1338.868530 309.210785
3537.829834 208.853058
1631.887085 11.111664
306.189362 6.137923
1784.307495 22.699772
680.446411 81.423904
21923.310547 541.772217
8957.492188 296.737030
1117.212646 129.804993
2143.697266 43.241848
123.362930 58.383846
54.365284 82.952477
397.194580 123.562340
557.573181 174.015839
4355.527832 54.760063
7949.887207 49.254570
186.628174 47.003281
883.899048 48.364075
1250.000000 52.945831
3980.776367 103.782837
7554.788086 203.856140
899.826294 358.490417
6561.324707 89.110199
344.481445 39.386177
2158.853027 26.565842
604.881775 32.041119
3383.467529 162.640503
2116.711182 213.439529
3634.396240 222.721222
2618.983398 189.240952
37798.644531 288.422028
4686.345215 159.116470
1918.646484 95.413086
7342.906250 106.841766
717.850586 206.091431
577.591492 383.300049
532.173279 633.415466
1938.245117 974.894897
20086.992188 242.130127
10838.635742 52.451256
656.430847 15.692783
1234.092773 80.916130
3343.597656 60.793331
2120.801025 25.296852
35.368744 32.870251
275.723083 96.836731
3121.405273 824.851929
8814.882812 534.248535
17.345705 301.085358
2666.737305 146.382645
6131.101562 214.591522
961.473511 290.022095
986.671814 429.118927
528.047485 633.002319
1608.455566 64.369247
2855.370117 84.321281
1036.694092 129.833740
169.826447 171.681519
555.884705 128.886490
186.801285 163.001068
113.919243 196.842468
986.974243 247.554382
2818.428223 513.795044
24318.605469 284.073334
247.650421 150.469421
27.523483 111.027649
1654.381348 1.936234
2321.301758 18.911583
4487.623047 64.631142
38.931454 152.433075
737.927673 152.433075
38.931454 64.631142
4487.623047 18.911583
2321.301758 1.936234
173.895752 0.670537
357.898682 6.422899
708.262207 7.119267
1317.891968 1.189319
73127.914062 248.449432
4277.050293 134.598328
2820.809082 49.596191
1532.208740 7.848142
5341.046875 69.572884
3422.332031 114.200302
555.480957 183.206573
2093.993164 272.039276
19377.099609 2.967267
7001.478516 5.808903
1313.857178 21.600454
1894.371582 41.984608
273.456451 78.943680
503.314667 106.428162
226.362518 92.544205
6623.752930 75.934998
1305.545044 323.093445
8722.499023 104.563690
28.025888 13.451644
906.995361 27.098902
1141.883423 93.360558
5555.933105 221.781815
10283.266602 417.395172
5624.099121 635.065857
6179.084473 199.768692
8070.937012 127.231636
1404.708740 68.231728
1242.398193 47.105553
1516.026733 214.107605
1008.066101 155.875931
362.946350 114.049561
3502.256592 80.461113
22371.357422 473.156616
20794.871094 444.043823
14903.319336 374.879395
7773.521484 290.727844
2857.916260 58.848999
71.267311 123.467400
459.197479 266.445984
5247.743164 518.061829
4573.106445 164.050385
3422.340332 47.216732
6194.681641 18.348862
3226.618896 29.797548
392.394775 12.298059
1458.684204 32.070854
6071.679199 24.756178
1217.889526 4.810619
23197.972656 549.524170
3529.424316 257.955383
824.057373 70.989906
4505.684082 3.748681
1228.462036 103.603104
647.466064 172.816818
2154.162598 247.812103
652.051880 318.768585
40796.101562 21.940731
6282.730469 3.271048
2090.992676 13.049326
1902.213501 48.190029
2798.267578 62.241928
1366.992310 170.186142
1415.489990 322.055176
808.081116 490.760468
549.149719 426.393738
5974.948242 222.266144
1114.428101 80.382736
448.406128 26.312176
381.973755 141.778961
2491.023926 171.204742
868.997070 231.554184
151.402374 324.438080
19883.449219 315.376099
4542.627930 224.076508
642.166931 166.312973
1110.487183 140.081146
2322.781982 134.005508
2471.913574 140.171677
1386.968750 177.389435
260.760590 243.338470
6862.596191 421.902435
5089.865723 311.712677
178.784348 221.201187
735.833496 160.801636
2608.524170 543.824829
1971.123657 803.636353
296.544556 1090.693115
8293.901367 1466.119629
4192.876953 233.017029
7310.169922 14.410358
2034.436279 68.680283
1298.043457 282.738678
97.726906 21.725800
1601.015137 19.940125
2720.161133 140.845001
1540.305054 465.890503
99.027496 1411.040039
1285.645020 752.024170
2710.795410 331.109863
2067.794189 112.520554
953.645142 90.921364
670.799377 97.166931
2638.331787 152.592102
551.192383 246.593994
23932.585938 396.375580
420.553040 301.664124
13530.592773 208.072174
230.680435 132.013321
1227.202393 63.479385
5378.499512 103.747467
774.363892 140.326660
3003.217773 153.479904
14511.150391 161.875916
4431.174805 105.755920
783.245728 59.328476
1098.377319 43.829872
1691.935913 261.981415
4529.557129 359.804138
3328.841309 458.743195
447.640137 506.778046
6249.671875 221.312653
11159.248047 218.295547
2731.254883 199.939087
35.344337 205.995697
914.883301 227.498749
436.413177 286.946320
1092.325317 299.916748
9851.948242 354.183990
764.981567 661.121643
32357.523438 247.033539
3691.326660 91.494919
3246.599365 128.436401
588.237549 24.618788
2797.759033 19.382645
8504.348633 105.650108
10151.323242 271.729614
10214.909180 267.575439
15615.507812 237.538422
7712.060059 176.756622
2234.496582 93.041435
2572.092285 34.594082
677.680054 43.350769
3838.516113 70.151665
2085.015381 92.066719
63906.125000 198.087677
9959.473633 164.077423
10804.759766 108.178864
11613.394531 57.751862
6131.703613 94.299774
604.385437 123.946335
3202.572998 171.334137
4299.323242 235.265533
22675.564453 87.054214
17182.291016 70.908707
5576.323242 69.742805
6328.949219 77.717323
2055.430908 129.718155
1794.888916 215.494843
290.735962 345.242249
11178.238281 557.581726
3029.203857 229.089355
1945.507690 60.137245
419.729950 21.606956
202.740997 60.990105
798.053955 1.900699
64.450806 5.776996
1708.273926 51.625034
1900.344971 176.576172
1253.585571 538.790833
13183.908203 267.401642
15666.498047 103.266266
182.071594 27.261648
483.338226 53.607452
1826.187134 59.147129
2864.332031 89.215149
613.816895 161.752869
4347.267090 149.241943
5034.661133 87.656059
903.704529 62.732113
792.642395 55.745613
1254.394043 161.455734
755.148071 248.451111
847.762085 323.683624
4291.637695 391.071106
9340.037109 134.262695
1760.404785 41.907475
5858.642090 27.411514
742.227905 77.610596
82.437447 27.081337
1614.498169 40.414112
1808.643921 58.479931
3249.299805 94.423912
6032.078613 575.625854
7301.880859 305.872253
5494.693359 123.610336
1485.016479 40.692326
4501.407227 297.758972
3969.748291 352.920837
7500.592285 460.141846
582.310120 596.498718
10181.824219 111.618469
1296.815186 199.568481
5090.275391 255.771027
9396.493164 278.270233
18.732738 67.360466
386.453400 70.117271
1566.978027 110.273079
2910.311035 258.837311
34243.109375 384.884369
7207.552734 154.135498
11884.541992 67.209343
1829.130249 60.216942
5858.446777 168.840515
650.107300 236.064835
4609.774902 320.076172
2197.759033 387.476044
15884.831055 306.808350
3400.535156 238.134338
400.413544 174.380966
2002.673340 145.862579
1881.186035 5.447957
270.006470 5.451844
299.127686 33.858047
1221.648926 78.018250
7534.759766 333.111938
722.475586 226.843063
2368.250488 122.498459
4584.681641 44.287407
2361.119385 32.680397
4369.569336 27.000761
1143.198486 27.973064
764.884460 35.696861
17723.875000 44.184063
618.806152 48.749683
110.031174 47.828873
969.103638 41.314209
2164.282471 92.436806
2479.274658 184.554489
957.973877 293.915222
2712.738770 393.252258
749.778931 75.736839
13708.076172 38.618977
2130.156738 21.069427
3695.049316 36.377476
2082.500977 7.626439
2147.759277 3.214722
2166.082520 6.006220
5657.655273 30.229813
1108.439209 283.714172
11323.113281 150.415878
6617.952637 63.660526
3436.383789 22.001968
548.594055 52.366455
1682.397949 98.409706
1066.792847 137.504684
1028.885010 159.876404
3259.943115 48.914261
941.015259 13.444541
12825.830078 0.177948
5363.414551 14.957275
1151.728271 23.884882
4564.222656 19.025896
1888.674316 8.666290
1480.696899 28.452072
9252.305664 155.557800
1339.310547 44.643391
1231.347534 6.357669
459.087402 12.460402
1093.388916 11.277092
4152.353516 4.110535
767.861938 8.361640
1187.055908 20.128738
15457.246094 47.120697
1895.382446 51.644905
7573.254883 43.464386
3775.420898 27.079020
75.583199 117.296478
9.677586 117.894920
1061.528687 113.945694
978.394531 115.359779
15479.092773 9.076574
11138.937500 37.282455
1918.645996 73.543091
1757.104980 103.028320
223.605957 17.634001
847.639771 9.134510
3846.102051 41.183987
262.090576 122.765434
6836.580078 192.683243
3037.137939 134.461990
336.655457 88.850891
341.052734 48.931507
452.938904 113.733559
215.543915 223.003067
1949.140137 428.617401
585.335266 688.931763
9139.075195 93.275742
3043.708252 106.794258
9057.800781 101.630875
571.734131 88.913300
82.334152 18.868481
206.251404 11.868883
2192.491211 22.538776
331.542786 71.663208
11652.386719 523.715454
5004.393555 289.576630
4246.211914 130.876328
2102.022705 49.365696
713.748474 92.000351
3596.955078 137.681610
1978.696655 211.750626
5470.988281 303.209442
2605.526611 30.662411
3639.985840 42.465290
2669.631836 56.157486
5185.794922 69.376091
239.012070 0.632322
658.653931 13.470977
587.709900 41.873875
8004.604492 82.914948
13199.405273 174.177216
7774.195801 98.790581
14931.177734 41.042446
1422.526123 8.326470
1023.550049 12.334719
170.060181 4.887510
136.463089 1.275270
1095.338379 14.371471
142.989685 26.737999
16230.052734 10.308832
14602.617188 10.181869
80.569870 14.052908
381.282684 35.548553
2877.635254 60.443726
850.053345 90.118835
1075.436890 118.251251
4276.343750 23.914822
3606.274902 15.399102
2262.102783 13.204926
1566.935669 19.471193
1112.940796 35.295006
4815.575195 72.150322
1549.905396 101.708817
371.725952 118.417068
3748.917725 137.259689
12682.071289 58.930054
7703.792969 13.520227
1592.403320 8.996776
1293.708252 26.546471
13.229082 98.820618
1895.814209 229.758972
4474.050781 406.361877
22260.150391 75.056648
2454.322754 31.468693
2283.078369 8.557133
1195.570190 2.875638
1099.718018 238.603439
487.062683 286.619324
1818.132324 346.792236
1289.813599 380.746826
8313.501953 343.295746
11026.058594 314.417908
8286.599609 264.667969
2580.596924 230.834473
1798.023071 26.471521
737.368835 49.033627
1441.648682 119.726494
653.421875 270.757446
5726.823242 413.190521
34981.070312 198.456146
1051.253052 80.150284
2073.386719 33.314472
636.856079 24.652573
988.614502 48.302380
283.861084 64.174461
259.390808 91.758644
13055.154297 291.115601
1785.642578 115.841553
8481.682617 22.817543
5035.928223 4.299470
341.366943 42.403748
708.155457 60.001808
317.621338 87.403336
2190.723877 121.053436
8128.657227 82.212326
970.890198 57.550503
3670.428711 41.627388
2736.992676 36.250366
1180.483398 97.370483
3230.781982 211.283829
3279.645020 442.531219
5710.682617 805.602661
1203.246948 149.906311
322.684998 50.776348
432.681091 33.451782
19.800266 50.874454
1104.991943 21.614418
1368.870239 16.608677
3920.464355 33.197224
1685.769775 93.323677
35736.402344 680.865295
12883.224609 378.084351
6616.987793 168.704636
9154.161133 60.133545
8857.402344 17.784559
1765.233398 19.058094
2713.510498 22.835724
6665.894043 28.936125
248.891861 52.229065
2245.115723 37.650818
2470.213379 26.435137
5729.311035 19.895729
972.686890 3.886962
1069.483154 5.726931
8016.360352 19.793707
16657.761719 45.404030
57217.074219 7.071897
49349.492188 11.707383
6639.053711 12.807184
1479.110352 8.745587
6335.825195 2.328522
67.173325 11.820545
991.858704 36.669426
5447.833496 78.766556
12985.285156 8.717004
10689.989258 1.652868
13044.523438 0.885375
8038.159668 0.856940
4078.265625 29.870398
307.618835 37.557907
693.899231 71.458084
2608.247559 145.455963
21376.830078 57.679901
14508.359375 30.544468
6754.444336 27.351954
35.538372 29.542269
29.195114 64.576859
1062.054688 118.276878
4030.428467 213.778412
785.916870 363.236542
3246.426270 101.459198
11076.428711 33.533844
3134.861572 19.156275
834.917847 33.821079
321.376953 28.608711
1693.052002 44.007961
1864.728760 34.163151
278.623108 7.457340
26768.496094 384.530914
6019.472656 186.711151
2262.050781 60.472054
1966.789673 18.148092
2349.072510 74.541039
342.449921 130.597397
1232.017822 185.102539
443.604950 223.913910
10488.302734 10.003562
4110.259277 0.376274
6288.762695 5.437776
2008.155518 30.262146
91.722321 27.317116
4546.968750 86.277954
660.689209 153.559555
2126.360840 214.441574
10841.792969 357.863983
5026.862793 180.357651
649.224243 55.708302
796.108521 7.370051
2581.312744 59.392021
4138.335938 33.937710
2949.272461 28.340017
797.353577 40.132061
5552.090820 118.861305
2061.271973 134.854568
579.835449 125.447479
456.658722 95.391251
1604.654053 11.366519
1635.850464 16.307346
96.057526 15.929995
196.330261 11.542711
25433.183594 28.514027
3363.646484 10.848037
6188.602051 2.954926
489.970306 4.785562
0.792415 251.406952
544.230164 357.133362
1537.936035 434.703247
4137.394531 472.723206
6519.947266 8.905492
3908.320068 4.979788
2703.055176 51.326031
2797.838867 140.472580
1145.941162 23.431402
3176.855957 141.870804
0.066938 382.993988
3752.837891 754.497314
9589.927734 507.508301
7704.281250 230.183319
673.556824 68.699326
4177.814941 3.235570
3171.643799 314.152039
629.145813 374.178101
4963.282227 487.908569
2523.017822 637.987061
930.270752 462.029755
9847.427734 392.262817
1641.909668 337.641541
1532.117920 306.524109
745.015381 19.428007
1352.570679 10.839870
1442.792847 6.795886
1289.677856 27.478779
32627.250000 600.727600
3284.246338 328.671051
7532.536133 141.988052
3201.360596 49.532375
81.460968 168.787048
516.770447 231.754883
1043.081177 273.471252
1131.182129 284.154694
10202.411133 0.000975
3723.889648 10.394939
2698.718018 44.628731
1635.397949 100.921249
569.615112 123.467789
1399.179443 152.444794
3053.283691 174.518585
10369.613281 193.956680
1010.972290 170.485031
4652.554688 109.091385
2898.708496 85.444153
2638.899902 95.515450
326.914612 16.166954
866.841431 15.011010
1007.702087 2.645213
2141.922852 6.503487
14840.942383 232.989609
21061.341797 90.920723
12387.031250 20.947067
4800.838867 8.170083
822.332336 35.726643
730.030823 40.970875
779.360901 75.075150
3925.447998 146.612289
25625.582031 9.363178
1106.499878 18.091757
1197.302246 33.258114
270.714905 38.788422
1884.372192 19.028240
577.026367 11.127367
3185.851074 9.679334
526.861572 9.153897
3413.231445 132.450714
777.045410 103.870193
1514.647583 68.778275
1509.838989 38.268097
133.478683 48.766609
1578.073242 83.523788
562.201416 119.249817
413.292694 149.443390
2710.518311 8.628705
8818.259766 0.246495
6.316962 4.199360
2358.069092 20.947889
251.243927 22.639359
2681.769775 14.400748
7067.487305 12.249427
1210.849731 34.612110
5997.621094 104.089432
798.629944 51.992123
3121.823975 31.158855
547.693604 26.662170
206.346527 26.006048
2043.035156 12.457469
3579.344482 14.821285
1471.369629 48.561432
28323.708984 3.063634
6294.301758 11.972119
7717.495117 28.822021
128.904022 35.224270
747.357483 58.579967
1557.437012 45.782413
799.154968 95.642075
7623.212402 216.420822
12875.030273 35.192371
4465.722656 81.085823
10534.751953 107.182899
1308.012573 93.658073
1198.444580 55.180611
1603.358276 46.332516
954.629395 86.693542
3180.592773 154.063004
5209.103516 180.299591
8159.944336 197.811737
1550.520874 166.030609
1631.049561 105.850693
3212.349365 109.876465
936.523438 125.028503
1762.808472 160.502960
1245.629395 205.656372
6129.093750 80.320847
4558.304688 105.323059
4148.705078 114.278069
7083.624023 111.065262
3614.156250 28.947582
2879.540771 62.926346
1280.972656 119.182426
13240.099609 199.710281
46009.523438 198.027054
7102.625488 98.437286
1895.760498 39.185558
2614.548340 18.733427
4508.765625 75.994415
8180.327637 110.228683
4747.860352 157.252747
7570.420410 194.253937
13412.758789 257.768372
19548.681641 185.928329
8746.690430 116.517357
2424.300781 75.756561
142.808136 0.771852
417.293182 1.326721
605.750000 12.171089
526.770813 48.068802
9779.839844 199.473709
38576.316406 95.406601
3250.628418 33.868786
1233.131226 7.814034
185.863861 20.213156
600.899719 43.296131
6416.852051 76.131363
201.978149 112.870445
1577.517334 5.879392
10639.251953 2.492701
4446.819824 2.818887
1118.769653 7.657856
2982.443604 12.802876
831.384644 12.850394
6100.454590 15.378137
700.996704 20.769653
34952.054688 32.762218
6147.640625 24.853598
9700.259766 18.828144
5074.812988 14.834795
543.083069 47.470177
317.760620 79.569984
2958.401123 112.094902
2987.185547 142.453125
22429.636719 24.868774
12820.048828 5.245262
155.621094 4.510398
1736.430664 20.416256
2211.299072 53.396244
778.418518 33.736679
1490.764893 26.997156
1834.901978 28.126778
18690.660156 127.113129
474.948547 130.987183
8173.096680 113.486153
5465.184570 83.351448
263.979431 50.072918
1497.244385 81.458092
344.799255 110.099945
1935.108032 143.484680
6072.426270 66.523727
5854.904785 13.150673
124.178871 0.464715
2325.682129 18.550489
684.033630 12.278996
86.007584 7.534407
3410.886719 8.913703
4744.293945 18.425373
1338.533325 167.959320
1155.001587 105.748253
401.254700 56.928761
910.510254 26.714731
3083.510986 58.382324
394.189911 83.711998
139.732651 119.391861
2353.382080 174.028854
12838.171875 87.724937
8937.837891 40.735100
1243.957886 28.346697
7224.487793 38.406879
119.406319 73.523041
2077.823975 109.617615
1721.405029 189.534546
12873.914062 352.220398
38487.273438 161.217148
1472.636597 48.926754
7713.454102 26.567997
491.075317 46.431667
4301.033203 30.763674
1327.569214 71.605820
407.188568 101.327309
677.586060 136.278732
2650.284668 458.912872
45184.867188 198.516357
7203.441406 46.371525
2173.269043 4.765665
2770.273682 45.050793
5114.167969 60.276356
2674.786621 85.535545
1513.348877 130.526123
6379.068848 179.101959
429.509949 95.443825
3719.576416 50.904152
1456.077271 38.720409
1194.582886 68.702087
2536.233643 130.427246
293.306335 197.312073
2482.238770 294.907410
56378.203125 271.390259
3136.093750 81.550972
792.936462 4.073480
1174.739990 15.019534
4079.538574 60.575016
2036.387451 162.528366
1006.645630 264.364929
421.399353 317.983429
2121.328857 378.286987
10990.766602 208.723495
7495.353516 70.750443
1252.265869 17.970675
807.568604 91.347382
1008.653748 64.373718
2348.111328 34.899242
3862.922852 18.702509
2232.715332 219.898926
5904.936035 166.378784
752.626953 132.236664
354.777252 111.378922
183.884277 73.737366
1002.086853 101.507805
6627.452637 181.441040
1078.182251 340.977417
11156.386719 35.837852
2107.068604 9.458633
184.174561 30.932655
5263.214355 57.381111
1824.989380 64.698196
2697.637695 32.245686
692.990234 16.157785
1227.385376 10.877642
44986.863281 292.140015
4897.938965 245.537033
5032.004883 180.876892
2510.181396 116.009682
1788.529175 49.617920
1418.466309 103.329430
1325.305908 185.468857
167.247208 285.607758
8247.686523 16.304415
2586.520508 6.652111
657.221985 9.155930
1202.857544 21.358200
235.026367 61.039459
144.542053 129.895370
7330.370117 261.387054
1137.712646 472.118774
15881.765625 179.444565
2997.820557 65.005630
2879.068604 25.135315
529.153198 29.280712
432.766968 139.430771
2133.331055 137.597900
494.687347 130.334045
2767.557129 112.090309
33598.003906 381.356110
7003.241211 284.032166
7942.810547 202.158264
4218.687500 154.853561
26.174677 3.901341
198.275772 25.116650
771.400024 80.561760
1256.901733 182.932404
367.835815 101.210030
9001.283203 36.106102
3649.808105 8.107957
781.548096 0.341403
954.847412 220.325180
667.903687 264.089172
1538.331909 312.984863
4212.487793 353.515167
7644.369629 91.302834
5479.005371 125.294685
3245.943359 156.374512
2719.242676 185.863785
44.740517 11.693893
1070.469971 52.738972
2862.464355 146.608398
1122.623657 320.670166
597.632263 306.377472
5362.543457 122.349030
1955.098022 30.319618
359.904541 2.641155
246.686066 8.438757
40.997890 14.195613
2375.427734 25.881996
7372.953125 58.779922
4206.372070 195.004944
4554.453613 87.469826
706.763977 27.783657
3616.418945 7.971980
265.674225 181.486389
631.734131 291.962006
2361.295410 434.453461
419.478027 595.178833
3047.794189 96.781349
18462.308594 57.049728
7441.752930 62.861935
5222.089844 105.422028
251.173431 19.468170
9355.095703 55.873039
8804.464844 123.751846
5704.731445 231.546661
20724.056641 504.945953
14746.714844 260.708862
1373.179932 98.893768
771.785034 25.359678
1581.212402 62.033577
701.774658 98.643044
2121.314209 159.889633
1090.624268 258.834717
16828.591797 217.093521
28882.101562 104.810112
15187.903320 51.769032
2362.269287 43.659691
463.967651 14.095535
3971.750244 23.478687
4896.013184 28.954716
1164.558228 39.101059
8726.691406 339.642883
20535.015625 173.011826
562.433350 63.107094
1511.408936 17.249533
1801.393188 140.134140
31.020023 175.859070
644.780273 211.270294
138.627853 234.028351
8405.431641 41.839272
9995.223633 66.077713
2082.932129 87.915443
2499.946533 110.976318
46.292828 2.262126
923.481628 2.077784
1024.406250 35.134510
3088.872070 133.888992
10581.728516 158.460175
3643.998535 58.794643
2432.035889 19.334105
593.188416 8.596754
111.525589 135.126083
33.478504 202.316208
3.883790 305.836548
1846.237061 432.805969
8930.732422 40.671551
8015.225098 51.655270
11477.959961 72.497009
2483.359863 97.145027
2266.811768 202.416275
2802.584717 194.349854
3838.693848 168.524094
3686.765381 135.181778
3146.142578 332.100952
12983.769531 258.314453
3239.239746 214.891373
2891.579590 202.131485
125.538078 98.450737
1791.501953 169.634094
383.165100 263.970581
2474.232422 376.700043
887.100708 204.442474
7398.981445 104.193878
1211.854126 55.846119
5804.336914 57.158024
702.172546 85.998802
6279.585938 152.871521
3582.493164 229.838989
844.145752 283.744904
410.031006 223.146820
1164.745850 151.053192
2202.573730 86.209389
223.070358 59.925938
886.820251 62.289249
207.391724 155.819183
3088.567383 332.510040
3659.135254 588.346436
9471.821289 100.338776
9194.041016 38.664833
6074.917969 20.778650
1349.498779 26.519051
491.266052 80.689423
489.582397 98.066734
2513.742432 102.550369
1000.346313 84.311790
16299.187500 526.143066
15110.986328 322.905090
1048.392578 166.438995
823.643250 89.710960
311.453918 49.569977
4871.650391 98.318443
768.726685 149.019180
5881.326172 208.393585
27273.111328 161.418411
20026.822266 52.285690
232.234055 4.579363
1077.130127 11.122231
2877.049561 66.361542
2269.609375 34.398151
3676.830322 26.236452
790.377808 38.213173
5088.382324 149.771790
24771.154297 166.317184
11133.429688 151.268875
1331.353638 111.823746
1111.882080 163.406815
865.516235 206.902267
1820.845093 256.234528
3700.510254 326.635529
5356.020020 52.296677
952.556458 34.199009
4815.642090 63.931877
1765.751343 114.226440
443.546875 31.346464
299.631500 99.192924
1688.804932 194.300049
1396.759766 306.483673
2753.187256 261.776215
9918.627930 121.890831
3349.934082 33.163113
15.007961 4.806101
1184.297241 42.866943
399.321228 109.938774
5993.239258 178.568359
2002.254761 245.409988
1995.961914 441.356354
2086.654053 204.250336
3097.172363 55.281044
1196.532104 10.025229
168.573593 318.233337
618.464966 285.382202
240.892838 242.978577
6773.857910 193.624664
7464.073730 247.229996
16411.820312 303.073212
88.548386 333.028259
1292.287231 336.388245
1999.162231 253.223068
10730.456055 416.412506
1451.389038 764.248718
7714.596680 1360.171875
4309.654297 203.273590
2199.783691 58.003914
4463.051758 84.907906
4313.442383 163.494812
2386.280762 155.596954
1712.344482 167.833191
1829.275635 195.293976
7.741445 202.685684
27123.414062 1101.194336
42532.539062 742.231506
2222.691406 423.445679
2212.547363 224.481857
771.804016 22.831928
441.166870 75.567703
2773.229248 163.064911
2418.960205 276.087616
4398.273926 99.248299
4009.303223 44.743263
1001.499146 12.665703
641.606567 3.814396
142.356873 12.972668
748.966858 18.483458
1541.697510 27.875092
3277.662109 38.354221
6052.399902 313.542114
429.479187 184.001465
5877.264648 83.340607
843.496216 28.247787
159.105988 2.542974
1942.433105 11.433579
2441.149170 38.043251
3863.946533 84.562469
1123.148682 42.129433
7508.359863 22.164736
647.293701 11.100262
756.567566 4.378873
541.959900 68.030952
1067.278076 101.894592
665.854065 157.858673
1875.236206 223.425873
28518.449219 55.042282
5886.075195 57.109581
6990.971191 56.054863
997.602417 56.016037
253.630341 29.695566
261.614197 23.324770
2482.455322 22.308331
1733.084839 29.462751
785.873352 169.107529
3118.003906 113.959129
6153.344727 70.891914
754.783081 43.800659
864.126526 146.993088
637.869873 233.607239
2159.960449 347.915100
2165.529541 481.601654
12090.876953 15.053875
13926.651367 9.871947
951.289001 37.127823
129.112320 83.584816
1206.129028 141.900970
1062.881714 172.415619
124.555840 174.039322
12464.380859 175.413208
15587.585938 393.982178
9977.492188 191.518005
2219.130859 98.273560
514.100281 99.556061
244.220535 3.678192
1926.528687 37.766544
4040.302246 158.969788
4199.020508 379.773895
2956.137695 132.565857
9613.146484 70.329773
10412.951172 40.384480
2440.907227 16.350727
2104.274658 72.626762
178.780884 90.453072
820.836060 152.717285
298.217224 266.033661
4908.414062 304.991974
15275.599609 200.164444
2928.247314 129.530655
9800.960938 87.750443
322.375488 107.842789
546.362732 110.987297
2033.155273 116.979568
3874.253662 123.947983
14497.884766 205.335907
7471.649902 164.298706
7486.534668 131.518692
912.829346 112.945580
395.363586 116.050140
1340.184937 238.035721
3489.373291 422.068298
3948.796631 665.627563
6982.982422 91.255600
5078.558594 12.713120
2804.490967 4.184819
3846.464844 41.471886
735.220764 26.528687
1721.110718 23.743534
190.562012 50.422970
1709.550781 108.900009
3425.520264 400.092041
4909.799805 253.983673
20659.431641 137.614746
32.993053 62.306694
1465.024292 47.612900
1453.779785 98.007812
1930.856689 179.947067
925.982361 294.714142
841.059021 64.978401
16960.886719 20.245539
4306.085449 9.227913
4125.469238 19.844862
1613.223511 118.541733
4843.447754 251.069626
151.078995 449.915833
1966.347046 712.096191
10737.267578 134.006973
7273.108398 30.065609
89.318787 6.450431
407.565826 39.468452
42.772324 153.085571
271.873871 109.309021
2617.230225 49.728058
1673.955200 59.825722
7665.603027 495.239380
2089.033691 250.091080
4053.322510 156.881714
362.124146 153.389069
441.049377 212.081375
264.105103 388.946838
2993.741455 637.081055
1171.956543 907.566284
17854.253906 119.599533
4391.129883 90.618767
46.218163 85.969994
3902.463867 117.502663
728.797974 100.828224
1994.664185 266.960266
971.607361 495.666901
670.749084 747.863281
26665.894531 922.651428
706.503052 488.258942
7359.725098 182.443359
120.122681 56.028717
640.911499 52.511135
1521.508423 69.882721
984.416382 141.151337
1534.435181 293.058533
5718.211426 553.652771
3484.160156 306.569336
1192.291870 152.027145
595.437378 75.962173
225.392075 59.164810
265.342346 57.822487
759.817566 82.744507
628.969238 131.497650
1070.122681 350.137756
5265.778809 243.985916
3768.487305 153.229279
1230.155640 90.323723
1086.012451 5.691086
333.960999 6.142079
1833.842896 7.176556
629.610535 25.974960
5911.905273 107.827324
2157.685547 36.488747
1087.468506 5.231432
1.875873 1.476115
2529.332520 39.836506
989.382874 45.310207
1709.313354 56.636856
6593.105469 75.899010
8953.567383 19.267162
1014.841919 22.465450
692.637207 29.554750
471.866455 35.648891
1927.919067 88.118217
1043.027710 136.670715
199.691788 190.364655
2278.363281 237.666901
19869.847656 53.824261
1338.706909 38.645542
11520.550781 37.410034
2142.119629 53.664383
1417.936035 14.094786
4177.981445 7.979374
831.906738 9.708559
1455.124878 47.387882
3228.473877 220.399841
10198.903320 97.768997
4450.923828 36.845150
948.696289 18.534706
370.458069 51.150139
1857.323730 54.995167
678.125977 89.528877
294.962616 164.511932
6569.712402 13.726234
1758.905273 27.888083
6828.558105 47.657337
1252.489868 55.006241
1603.096558 160.933334
1214.667480 190.143356
1686.376221 238.549088
1984.304199 281.726685
3466.915527 141.643082
3149.801025 168.379089
3270.526855 168.104843
5.191183 157.916565
19.454153 102.162712
141.594879 89.850433
181.279907 58.674530
3526.903564 22.958961
11656.022461 261.021027
11781.219727 172.032516
1462.227051 120.354523
712.710449 104.276962
1617.797485 79.033188
242.756927 176.417450
1573.585205 361.463196
2384.831787 621.036926
11704.744141 13.960295
19123.468750 9.760996
2355.492188 24.751698
238.455017 41.612309
1443.654785 15.002565
235.108093 27.618813
2138.962158 54.774399
590.581482 98.716675
2023.153320 470.482941
17578.058594 264.417664
646.264526 113.732300
919.590637 34.985813
852.817383 275.801056
6246.058105 348.824982
1094.226440 416.405212
5789.038086 483.865601
8047.005371 34.973175
3508.000244 51.267986
619.811462 112.731522
8473.239258 194.394226
803.591980 157.572205
6121.515625 318.627197
814.775940 591.279846
12010.483398 1018.252075
49860.050781 467.741760
5418.391113 159.942947
12090.681641 48.501801
552.068542 66.153702
5128.852539 124.546677
1035.364746 174.548492
377.354858 287.587982
2194.612549 404.957581
5923.482910 1086.877319
13906.335938 744.564087
22463.757812 417.945068
5815.192871 198.244003
418.233765 39.323723
1850.846436 5.437261
7579.640137 2.763231
3496.048828 27.088264
16339.615234 261.768585
3989.732910 225.087326
9108.040039 165.941833
4061.043701 97.956879
49.541458 5.970889
491.855469 4.199772
6727.838379 14.127840
843.840698 43.545963
26973.095703 8.216656
4345.329102 3.481625
7865.691406 6.958565
196.859543 8.815824
803.101562 250.256180
445.438843 365.951019
652.009827 555.534119
1027.770752 786.539307
18365.824219 35.695801
6134.887695 99.604919
5683.880859 153.670654
2216.299072 193.265915
299.467529 15.487789
1816.431274 24.525702
71.133972 44.766605
892.311462 86.768272
14899.580078 801.097534
3542.387207 440.770081
788.383179 181.949448
1730.049438 50.399376
2762.186279 30.442263
257.186981 41.038902
2062.546875 66.183159
401.365692 101.709221
3852.892090 36.750450
4676.230957 37.593800
7611.600586 35.478031
742.969604 31.063091
2239.946045 141.552429
293.567261 188.689316
283.820068 206.230545
6186.741211 185.931183
6438.910156 99.985870
1292.313477 64.753235
474.636261 59.066643
1002.932434 89.366272
13.476830 0.780947
4804.690430 19.421736
4120.194336 94.632019
1111.759644 237.496490
1431.252930 218.137787
3033.043457 118.784035
6415.356445 56.303879
3329.041504 17.674540
1234.260010 197.492950
4511.434570 275.334076
682.370361 396.196289
112.091827 519.867493
7966.000488 122.647682
3072.395996 160.517380
24726.619141 169.544739
341.410828 170.167297
1687.357178 90.345917
2041.394409 104.288536
370.910980 137.677856
1691.287109 185.299820
5652.561035 497.507263
4418.264160 325.445862
8884.418945 190.419861
863.567322 113.116592
1318.991089 63.011581
3776.993652 113.796310
5848.494141 196.098694
7264.549805 348.882294
2911.533203 209.856934
5606.092773 49.540047
441.220795 1.192440
1227.778442 20.681200
1005.592041 90.176018
512.460449 82.853065
1050.306763 56.932922
6780.706055 21.479424
60643.281250 220.298813
5608.611328 146.916428
17859.527344 102.798599
9033.773438 89.544128
4268.825195 12.581024
453.517456 3.285846
1590.755127 5.158065
149.803589 20.119396
1967.706421 16.452541
13060.749023 27.811401
202.895599 31.597023
7547.963867 25.026344
492.620605 105.020447
2778.532227 153.360748
459.885254 224.024902
1746.783447 314.496552
1693.029175 12.362007
3563.759521 18.252869
2109.697266 41.625137
249.810074 70.679047
1548.349609 69.399193
2877.295410 100.848129
2352.148926 116.615082
1089.472900 157.656433
995.694153 370.736389
670.928467 134.076309
118.170326 29.065170
597.322632 28.333269
1766.613647 53.936337
423.996796 129.012909
1608.881592 231.942169
445.792480 363.251709
15604.355469 237.579086
6515.717773 93.936180
9864.623047 20.708546
690.988770 12.846779
301.199188 5.692566
3671.933838 11.372344
647.603638 41.914394
135.679962 87.023346
3823.747314 417.318604
7671.557617 263.008209
3380.881104 128.972321
3750.776855 41.262150
1918.535645 7.282758
1228.058716 7.491469
6894.550781 9.732624
10069.392578 16.353195
42764.640625 88.190971
1710.908691 50.361366
9751.434570 24.271395
748.290161 11.204848
3384.380127 94.238045
355.891510 106.638420
1254.812012 113.058907
474.636444 116.751793
2519.739014 14.150064
34911.613281 27.386120
14973.961914 50.063007
6908.480469 74.498611
25.590107 21.074532
1204.823608 66.270058
2143.182129 161.440384
137.977844 315.809265
4247.891113 137.454758
1059.654785 53.187790
584.250366 15.902176
2484.383301 7.561827
159.522339 61.100693
1280.654663 100.360657
268.102173 189.246567
3213.368652 345.333923
6251.817871 208.546936
121.577499 103.767906
4574.151367 58.835068
879.798401 49.481510
1103.433350 50.459003
1281.456787 57.915237
725.046814 65.977211
2950.155762 67.689835
3062.118408 306.492371
1997.667236 198.893066
269.763550 111.168373
3036.250977 62.401405
798.624756 71.552391
2478.066895 108.274567
8373.333008 140.863297
6673.407227 161.539536
19528.060547 131.549469
1079.585449 76.820724
6305.930176 45.733269
1181.325684 45.837563
2161.656250 5.084886
499.696930 3.642875
1247.912476 20.929329
545.991455 51.166496
21675.855469 90.518150
28439.312500 74.581192
3481.202148 49.868839
2943.678711 23.289341
262.932068 73.743080
1292.139648 110.278732
3071.697754 158.675446
688.000793 212.862808
79.740646 28.304979
10376.311523 25.805517
3530.606689 33.562149
1357.649414 49.096542
499.112427 65.983231
1910.736694 134.105820
268.500214 244.604889
1162.101807 409.954803
7588.317383 148.519638
15074.135742 45.473713
50.710182 12.558532
3448.055664 25.488522
1692.635254 16.683170
674.205505 25.339529
806.690979 45.340794
1929.722534 65.963310
9878.858398 357.334503
2852.975342 223.733902
7210.144531 109.445862
851.870789 39.548382
73127.914062 73127.914062
73127.914062 73127.914062
0.000000 0.000000
0.000000 0.000000
0.000000 0.000000
0.000000 0.000000
0.000000 0.000000
0.000000 0.000000
