2485.039795 249.217865
3184.169189 325.019623
1044.044678 427.816895
2847.651855 542.468994
8893.484375 196.011032
3589.097412 178.352631
3846.812012 180.961777
187.511230 202.931946
732.143799 238.314819
8247.079102 352.670563
4452.704102 638.334351
220.081299 1096.722900
663.396912 578.968811
38455.089844 405.308228
6312.963867 302.267273
3919.664062 240.627060
1043.099243 9.217582
396.870361 29.751980
5766.833496 82.685951
1601.536987 205.578918
19681.779297 267.418854
38698.011719 93.298340
8661.959961 15.459739
786.511292 0.135090
287.927551 271.473724
440.076080 356.535583
1640.698120 471.179565
7825.022949 686.300537
4907.491211 188.813293
753.938660 40.881893
2515.975586 64.648163
542.900635 168.145874
637.452271 145.435608
62.680290 233.882965
2552.857422 332.257874
1904.155396 454.469849
11357.587891 817.176392
916.747559 416.827423
2727.698486 176.389633
230.119690 103.581612
1453.554077 33.091343
71.066307 14.970061
1362.578003 9.289527
4252.709473 5.978751
26578.869141 249.262604
20613.562500 197.354263
1669.184937 131.332916
1521.862915 72.185524
205.799805 33.312782
3884.872314 59.312119
3474.234375 89.735672
11602.532227 114.327644
17141.361328 26.218170
4060.887695 20.535656
1669.707520 15.884593
2045.353760 18.597172
179.864258 175.549301
611.551514 175.088715
4748.270508 266.071503
6883.574219 487.325500
14192.644531 90.327759
3015.846680 118.383949
2691.832520 172.995987
773.856812 193.170486
2421.725586 38.948265
237.923706 73.591141
3786.342529 101.703369
3071.211914 136.360535
33690.781250 351.290924
11080.204102 155.326782
15906.367188 43.662151
917.615112 15.941570
14.813416 15.245821
174.822433 25.151728
1391.602783 27.956858
967.041931 37.233063
9742.215820 142.398727
16403.667969 51.611156
6441.359375 7.459782
1190.602539 2.667323
2170.417969 139.204285
669.021729 191.525269
1190.990479 271.044922
16111.491211 354.265381
21667.882812 66.357918
3923.906006 95.086716
641.224060 108.789345
928.011047 116.771568
502.434784 107.932976
289.321899 91.510078
61.408543 127.112267
4115.827637 286.881561
19018.089844 147.415375
13571.810547 63.813225
2348.518066 77.308670
4103.859375 108.285057
1357.858154 113.925591
1358.479126 156.151794
218.923248 241.374298
2252.945557 367.918335
10910.984375 117.254395
5890.347168 98.265404
3315.942627 96.017563
270.724274 99.553513
559.870056 365.615479
630.445923 404.706055
902.510559 492.816589
14100.110352 745.057434
3627.245117 167.619232
13532.295898 59.658054
1542.317993 144.106552
2911.947754 279.583588
1280.277222 166.647263
4910.645020 237.502167
3702.320557 303.709137
194.731720 386.095184
5738.846680 984.718628
18575.328125 520.373779
218.138885 233.545166
2876.673096 136.993134
639.877258 28.908453
5038.246582 24.971926
1459.182373 29.615007
9222.246094 42.968010
8519.255859 276.076202
3177.536377 177.676025
3013.663330 98.558762
3043.691650 49.932213
477.579803 13.519285
653.055481 42.776329
286.147278 106.419159
7056.831055 214.591278
4978.185059 121.273026
9713.294922 47.278316
28566.044922 13.472657
2730.433594 5.170108
244.487503 121.075378
92.457809 159.879623
3845.548828 182.693420
926.396545 209.165924
8160.853516 106.400185
18359.812500 32.222370
12499.819336 26.940514
2034.706543 68.236473
123.970627 21.640581
597.416199 50.647690
2090.089844 117.644157
9406.574219 215.206055
526.581421 204.924484
10733.816406 127.992630
1692.234863 67.312080
3338.119385 29.345213
45.886353 4.182162
245.921478 7.190637
539.766968 13.826187
13284.110352 24.720083
6217.050293 20.122021
14976.764648 11.102679
2909.568359 5.971511
458.727753 3.868212
1274.282593 42.709614
1371.273926 83.602249
2471.721436 116.991928
4881.131348 127.945366
2196.011230 46.129578
5396.736328 20.859610
89.553436 5.677308
368.444153 12.744070
1143.944580 157.760086
458.557526 183.278717
1337.901489 205.548981
3630.890381 221.134048
13495.566406 125.656921
2303.003174 116.323395
3466.365723 119.423630
3369.604492 134.532074
239.712570 116.188400
194.245560 93.125145
8150.913086 69.891624
5466.383789 77.004692
3185.388428 104.095650
2861.214355 85.667679
2202.808350 99.989120
1463.098145 117.899872
976.630188 56.651501
1937.473389 57.937038
1064.512817 77.083389
4559.993164 96.294121
190.583954 240.366577
9914.567383 197.293182
4655.486816 137.272186
5604.352539 84.322823
135.994202 138.037354
894.807739 183.997345
1134.638062 250.133698
11069.968750 333.149292
3590.502930 30.973507
38349.929688 45.624844
2119.416504 73.769676
1944.347168 104.351624
30.848232 111.554504
4715.178711 151.081497
11538.100586 184.952179
18712.900391 218.966461
4669.092285 344.069275
20869.195312 189.472229
3714.173096 102.175537
2353.061768 84.512856
2006.449585 7.744320
1420.103638 9.539420
1059.790894 14.933461
1777.721069 24.591171
62218.718750 38.536407
458.416809 24.284367
175.456268 14.523676
1968.284668 9.254376
2800.878174 87.254982
1413.160889 131.825638
1729.221558 169.335709
3498.395996 188.865814
17580.601562 67.464577
356.419037 42.354794
7389.335449 34.674404
2208.611328 50.801487
4127.306641 63.818192
3161.863037 79.897041
1379.495483 125.158981
2580.380371 204.985687
27408.550781 81.711578
14760.122070 65.051544
4160.858887 62.440407
263.060089 62.003334
127.504501 93.315460
1724.829590 131.876816
4709.907227 178.756363
11010.877930 251.196564
3645.814697 148.844604
718.115723 61.931416
6356.313477 38.446598
331.807526 57.586117
3074.347412 44.263069
1213.465576 44.917381
3160.275879 40.216484
1710.229736 41.554871
3843.118652 320.991974
10582.623047 179.468170
6010.497559 88.027229
1482.429810 49.911423
141.671051 193.811035
908.059570 245.622208
247.985748 327.602020
2094.379395 440.451965
11069.418945 5.944237
2315.632812 48.838936
14078.496094 105.177544
3916.701172 153.200958
729.456970 116.467026
324.735229 103.816994
113.826790 108.020332
1432.602173 194.124695
16185.759766 277.586151
15372.660156 128.610504
6381.286133 91.920403
3113.767822 107.414047
163.982666 24.202465
223.282166 40.253319
1951.185059 60.000011
522.591858 88.441177
3983.510254 127.970589
850.416382 60.369900
3803.160400 23.551817
1957.971924 15.116707
3518.296387 0.846894
796.472900 5.246450
4469.890625 21.806501
32036.580078 59.269054
15332.606445 79.335419
1695.858887 33.832909
5542.946777 10.732880
3816.100342 2.288984
1665.692505 138.175690
647.079651 171.266708
2376.662109 226.973740
9238.662109 330.230377
53597.562500 19.737780
4483.361328 9.990246
585.038208 49.929871
775.635193 100.061844
4777.396484 16.179180
1407.890625 28.470226
3032.675293 61.170086
6963.902344 143.728195
17003.113281 206.106613
14585.041016 76.203514
7595.818359 19.159470
2675.768066 9.231253
1892.647583 5.504957
466.319489 6.405795
1953.042603 16.031363
4183.668457 48.260674
20637.498047 85.612274
10282.030273 33.103558
1490.561401 10.350194
3.719335 5.471783
1508.236816 24.555958
2328.599121 29.333960
4701.631348 32.168919
626.392029 48.481701
7950.932617 50.540634
1502.962769 9.006478
2836.537354 1.119355
296.636200 12.227551
1142.316040 12.289717
874.122131 17.132221
829.270386 26.676165
6425.316895 46.376980
26296.503906 75.212914
13862.825195 36.945122
3070.218994 16.743580
370.077942 10.775409
255.762939 10.246512
1986.609863 9.697460
1262.916870 11.125748
535.303589 27.331488
1142.411621 75.948578
8781.965820 29.102215
5933.952637 9.824423
6.995184 8.032526
42.864521 47.491890
506.600311 61.299812
277.716064 94.264343
7767.152344 135.208313
2402.181885 48.509811
1889.907227 61.849247
9063.234375 60.651363
3263.369873 51.257103
1464.863037 47.260269
3490.273438 42.327446
8098.813965 32.544903
10374.414062 36.519665
7559.093262 43.039181
176.201035 18.175621
236.155640 22.551222
763.093201 38.382080
1263.656494 8.446535
835.788330 25.110428
1844.797241 47.303761
22186.847656 74.193855
18287.121094 88.031914
232.639832 40.437603
1443.218262 11.011814
3376.772949 1.688302
432.492279 126.934097
1083.524658 225.228165
221.988083 347.456055
3921.259277 487.300812
43805.160156 154.395142
10168.626953 62.590401
1431.766235 33.536007
1300.623779 59.363968
102.159073 34.205158
3202.961670 38.038860
881.095093 56.256763
1982.625732 106.417068
3290.182617 182.405334
26284.736328 94.715012
7730.257324 50.459095
461.046448 36.043407
887.577026 6.685462
279.868011 6.086962
198.184052 8.086578
5906.540039 13.478266
1222.021851 37.701145
3490.542480 25.101183
464.123627 15.655346
2079.058838 9.703274
125.887695 9.495749
608.849365 8.999004
755.543762 8.039818
7148.087891 6.700233
10241.716797 21.526983
11858.550781 16.444042
2956.990723 12.484392
40.588928 10.314839
1235.722534 33.814941
1249.605835 85.280304
4047.545654 160.060043
4629.666016 244.097305
31603.267578 48.787025
6176.633301 23.366909
1839.433105 8.715673
4430.139160 9.736090
581.850769 46.720428
1249.292480 82.752754
5958.832520 139.230881
6043.654785 216.904205
783.674805 116.708328
1205.565552 58.841881
2544.571777 31.366949
517.260437 29.118620
1811.432129 137.920380
1203.020996 162.468582
968.420410 165.090759
4902.164062 151.947571
40217.812500 113.515678
6684.487793 76.321732
4031.125732 74.420341
1192.855469 101.541122
2751.437256 59.991119
1649.950439 35.167938
1559.189209 19.660797
5570.137695 29.417435
3327.783203 151.279022
371.322815 118.038666
6441.327148 98.380005
1764.123535 81.708969
949.684082 153.328140
1692.863281 207.788345
2970.738770 268.755829
2421.907471 320.889343
71.220032 30.074375
1325.152832 53.991241
3861.788086 80.537827
556.336731 111.731995
253.581558 340.022156
587.986572 344.921295
3212.470703 361.369568
3413.833496 445.119202
354.164886 217.455002
88.526398 184.611237
7065.804688 235.123444
4286.062012 303.045227
667.299255 119.510483
2037.793701 213.143753
9012.855469 365.588959
972.618042 548.775940
4702.028320 498.365723
4298.541016 312.810364
3520.797852 172.742264
3482.567627 104.347321
1899.559326 225.529785
431.457428 282.058441
1918.404419 338.158386
657.977783 360.887726
23715.007812 319.454346
10424.007812 270.710510
7680.297363 220.461411
684.829651 200.758423
216.120117 265.591675
27.274454 385.115875
126.618179 652.364380
34.996040 1060.550537
571.880981 301.462402
8821.264648 254.090866
14566.138672 244.419388
891.086731 240.021072
1025.698120 164.864426
1717.640381 248.010468
618.304016 411.133179
2936.874268 699.349426
6982.377441 376.185089
15169.017578 171.544434
2049.393311 105.502548
387.924408 118.163307
707.197632 115.488571
3152.669922 176.385406
249.899643 212.291016
2509.237305 230.142883
13765.231445 579.599060
10276.938477 289.485474
711.577759 115.937286
455.634583 72.971954
831.544678 63.474876
2536.838867 117.848381
148.682053 206.102417
240.930939 273.866150
844.249084 394.314972
310.475311 297.991486
1028.187012 174.018829
2429.610352 82.205826
408.077484 125.689850
2595.184326 171.454315
4135.740234 263.873627
2927.162109 395.976379
11000.259766 49.147945
17217.011719 71.424927
1409.370850 94.811478
1444.485596 108.648636
739.950867 165.357452
3527.383301 223.005737
8811.513672 354.190643
10792.808594 606.959473
5954.783691 156.342514
18006.916016 65.798347
1081.614258 78.186890
47.386478 123.602798
1014.714233 209.481033
2924.429199 272.749146
6522.771973 282.459106
18435.916016 226.607040
31750.128906 841.576660
6683.301758 489.742065
773.861755 250.638611
4124.614746 171.193588
4186.326172 383.934692
679.141602 375.794006
2960.522705 415.718445
2287.294434 507.166656
147074.515625 148.363342
4449.472656 280.670593
15015.972656 372.051666
2349.541016 399.058136
6124.813965 122.132607
651.791382 115.776993
6377.451172 153.941956
4817.272461 312.023834
35735.636719 410.294525
7357.009766 198.982788
5313.004395 126.301384
4768.525391 122.109009
99.178375 46.480774
2295.081299 83.814476
594.707153 103.883286
3601.767578 81.558319
12653.861328 435.861511
2578.276123 257.477386
70.060593 111.384537
2648.467529 41.897835
553.480225 99.533813
420.046265 88.405487
233.736694 89.943054
325.653687 117.493851
37452.812500 17.628750
4331.992676 51.046844
608.600708 85.820320
5331.565918 103.073868
345.885468 243.191589
1556.653931 390.466217
5216.855957 512.676819
2073.012695 609.657837
3085.547852 443.268005
6257.302246 187.969162
12.434103 79.585014
316.709381 116.176079
1388.051270 24.122719
2514.763672 34.117805
9428.456055 67.667122
7465.890625 125.740059
13872.507812 204.496246
13534.029297 127.529457
1318.232910 70.585846
4095.707031 36.257618
480.916504 41.137691
24.631197 42.487255
337.237549 66.999809
2645.636230 134.118759
17227.785156 87.662346
17276.046875 48.648586
6369.922363 40.981491
5379.276367 42.653069
1403.593140 9.297622
1148.805054 19.819563
7719.795410 30.943596
2361.426758 38.245987
1213.512939 13.729437
6306.757324 8.022897
398.835663 3.411795
3097.397461 3.328331
47.426357 47.220482
3351.979980 117.962807
8671.183594 225.641052
10923.226562 349.913208
8498.206055 7.981780
1581.400635 3.323096
213.725143 3.963686
830.314087 13.755112
430.584167 192.922760
4453.764648 193.500534
4048.828613 230.301453
12531.478516 357.862091
14002.818359 120.215874
20095.917969 86.081139
8838.238281 126.411545
615.202454 174.927948
695.008362 249.676529
699.562439 403.127472
123.552071 598.546997
210.381149 835.725891
7529.240234 579.857422
21621.769531 299.445618
1216.825073 161.244003
3344.320801 156.750778
751.049927 25.677778
401.962708 25.298155
1508.242188 46.587662
3484.895264 97.588959
8026.679688 467.286499
3529.770508 275.820557
4871.440918 135.416107
3665.978271 56.164604
2046.214355 198.637039
4821.153320 291.710693
2081.740234 430.384033
471.015045 577.833313
12783.433594 59.628345
7788.417480 105.456894
0.357451 133.098419
269.400330 154.056778
768.158875 286.068756
161.045303 317.519165
2948.242188 402.628326
1993.749268 598.548096
4272.237305 292.899323
10650.694336 197.561829
184.540329 208.139435
5407.811035 252.912720
13.476830 17.674540
3329.041504 56.303879
6415.356445 118.784035
3033.043457 218.137787
5108.995117 237.496490
1111.759644 94.632019
4120.194336 19.421736
4804.690430 0.780947
1660.541260 1.753318
534.324951 0.480372
431.058746 4.616096
434.210541 39.280815
6503.437500 175.964828
6604.140137 65.466568
8964.571289 12.999665
5.022012 0.801767
71.975548 122.998146
984.334351 162.959946
5020.493652 223.248306
6418.040527 319.130524
14273.444336 22.486580
220.596725 11.602951
16816.203125 41.915855
1002.461853 84.364838
4852.173828 85.137932
3226.412354 95.372803
1697.745850 144.215485
17325.480469 295.432190
5184.009277 204.794739
2190.022949 64.000710
5386.032227 40.048424
161.297958 65.382477
475.660034 177.245575
2958.160645 301.869965
5732.449707 394.131958
10618.446289 416.943848
12593.180664 650.837341
184.437027 354.482849
1846.452393 153.697174
6218.271484 102.089798
4329.852051 126.447395
855.564392 94.294830
2289.018066 91.369934
1219.546997 106.244110
103776.187500 230.349304
14323.405273 253.426147
5200.681641 231.647873
734.429443 180.204056
626.028198 61.617157
1430.833862 129.914948
5176.103516 253.307800
2077.636475 441.946014
6009.023438 87.179932
4952.454590 19.446463
1050.207764 7.863913
3088.182861 25.259922
920.087769 35.520027
155.174744 19.035902
4256.020508 22.959185
5617.792480 117.225090
4608.336914 206.615265
12873.209961 51.685650
1021.207275 14.166369
5098.185547 29.236895
1230.209473 75.116684
238.895493 117.217262
3343.531738 135.615738
4423.507812 153.216003
1339.325439 209.471100
10086.755859 57.781685
18934.378906 1.016636
1314.688354 22.112881
199.200897 71.046989
1169.589600 149.369461
6884.761719 213.119064
1727.079834 249.213760
8017.457520 408.003693
5823.349121 191.932190
3013.625732 55.535149
1931.807129 22.954588
15.597406 25.133114
1251.007324 37.451725
2511.153809 49.829941
5387.281250 58.546249
5164.104004 68.024918
3123.453125 42.351681
1264.625977 24.521059
116.635208 19.084705
214.310379 31.010046
496.063629 32.876900
2052.329346 37.613914
4468.956543 43.444023
9871.161133 78.705032
8381.854492 60.464401
5743.042480 44.543625
2810.503174 34.422421
623.045593 520.397217
1428.318115 684.915588
341.062134 982.950623
19.374754 1461.802246
17795.390625 192.940292
13063.270508 163.103226
2282.263184 267.949036
1683.574219 398.842834
2492.884766 199.720474
1969.290771 290.584381
6093.906250 475.654602
1461.522339 806.716858
7428.375977 1116.673096
5866.473633 595.560425
7108.619141 297.642731
39.482792 188.314575
2120.176758 41.307739
145.985489 52.612228
4134.075684 82.707474
1478.782837 121.477829
50764.378906 225.260040
4230.238770 160.050476
3117.684082 98.850159
667.530151 56.510334
1009.466736 88.638390
973.888062 95.372650
3405.128906 68.388245
7072.117676 27.314762
5789.284180 38.755352
1591.399536 3.588243
1765.480469 13.975817
599.926270 52.815216
975.980347 396.936859
508.948761 415.640015
3759.299316 440.609650
21186.496094 477.819366
37034.183594 122.176193
10413.548828 215.817474
9158.346680 304.667114
4977.361816 365.423401
21.518129 389.073822
637.010864 437.279846
252.904800 569.457947
129.318542 852.418823
27767.632812 569.717346
7318.125977 383.346191
6401.033691 340.310059
5507.261719 360.227020
591.792969 58.551498
405.357697 148.797348
4385.831055 273.276459
4364.891113 376.036102
22526.673828 620.613953
13538.020508 389.036438
3227.819336 179.310028
3025.111816 60.365318
525.561035 31.775358
915.252197 25.154602
8381.895508 16.257877
19440.841797 9.114675
21165.060547 90.894531
50390.675781 64.626411
1112.544189 46.753891
1448.019531 37.322845
29.710188 20.533211
111.103615 36.744484
1883.639893 60.032032
20324.230469 90.426262
31046.744141 12.189749
2699.630371 2.710404
9062.766602 3.048091
704.223267 9.575704
74.977417 119.155785
190.422012 190.591415
676.923584 328.787048
3010.571533 556.633911
17418.662109 85.126595
13164.607422 26.536852
6802.691406 38.482964
1888.980347 75.215752
1485.983887 51.066895
1416.608887 68.247566
1660.307861 119.099297
3049.272461 253.965942
36671.542969 321.232727
107.269585 126.137199
7547.957031 47.386166
3907.805176 38.883114
445.378174 51.079369
132.290970 80.338211
1555.471924 161.187134
420.324463 297.042633
10235.958984 67.274460
1419.103271 53.189541
4748.766602 52.561306
853.086182 49.760418
198.147278 253.527740
3088.508301 309.668427
213.381805 373.476868
2559.917480 506.076965
16026.696289 111.539436
4267.375488 22.687246
418.933533 66.933868
86.551102 166.704910
551.717712 102.048859
3662.391846 141.536880
4168.238770 179.304306
134.551392 225.912628
12072.177734 596.566589
6823.291016 323.175781
6245.819336 150.549438
558.780884 88.657249
1472.321777 289.190155
1293.782227 340.806458
9968.858398 446.185455
13298.897461 559.090454
16903.892578 259.887817
15211.624023 321.042206
7284.790527 322.908081
888.214417 295.394531
1976.713867 214.518692
1126.747437 270.537750
750.512634 448.410187
4071.064209 785.341370
60337.820312 197.851654
12980.834961 156.504425
1449.089600 180.914841
403.238586 203.082123
1759.204590 184.532669
420.408508 252.736710
472.768250 296.686432
4100.923828 335.414703
1266.563843 534.775391
2593.543213 267.819977
4867.811035 132.254578
2796.280273 122.993782
308.934326 46.409576
4317.591797 44.877686
1722.361084 59.199215
5678.353516 73.145546
5564.841309 398.991882
20699.105469 282.081360
4468.967285 166.515839
443.742615 83.937546
164.221039 35.079193
1313.155884 40.888588
1271.375732 50.153275
503.182739 60.728363
198.301819 15.530180
199.029480 23.206532
2247.729492 28.698208
611.599121 31.903572
9.444317 148.494339
2528.442383 198.399277
4117.172852 242.638321
5520.781738 288.666992
24103.150391 117.714539
1378.236328 63.766674
4836.630859 61.521469
433.902405 97.130203
3999.334473 10.961479
817.587524 0.552427
638.132080 8.591821
9322.816406 48.024445
29382.839844 142.288528
7305.166992 86.388977
3370.258789 51.452675
1545.761719 28.629608
1181.373169 83.547073
272.182770 96.050705
4834.301270 111.738632
85.867676 147.773361
32838.898438 8.230375
28234.265625 2.655438
192.649841 27.876554
2895.859619 60.503136
1477.880737 30.291151
119.413712 35.902477
673.300293 68.972954
443.543213 149.780472
10881.330078 99.487030
3589.569336 47.277061
3465.024902 32.114914
2979.793945 30.996330
684.628113 7.807889
2458.513184 14.549486
4917.541992 20.527233
3519.619385 17.131186
41816.332031 139.442123
11573.750977 88.347870
1694.375000 41.522034
408.152802 13.793288
930.560608 83.001801
14.008560 92.623459
179.558167 106.521049
481.578583 131.420120
17891.322266 5.065839
6433.131348 20.617313
4574.472656 46.073437
971.961548 68.717392
712.283081 20.789776
683.801453 53.666203
4339.039062 103.640335
7502.717285 153.505325
315.248077 210.578705
3008.381836 130.332642
1609.394775 60.407997
3105.042969 21.048969
671.768555 127.219742
761.875488 207.392426
2916.122314 285.323456
2650.285889 330.167786
55441.363281 59.331551
3244.333252 51.597721
1750.499023 49.113937
197.118011 71.239113
5646.212891 25.470364
160.208359 11.526375
330.711670 29.925285
10633.311523 102.070030
22386.333984 69.334213
6639.556641 49.635330
2734.419922 48.968430
738.435547 43.231022
1105.755737 44.956856
1543.159912 85.833397
247.873962 126.344467
30005.503906 147.330475
7943.140137 65.463264
7948.967285 43.438408
1283.130737 23.532169
1670.988159 21.767296
2874.110596 29.121174
342.872131 37.399071
223.877335 68.732300
5903.612305 124.300980
50224.523438 59.690010
3903.899170 48.863537
2329.037598 41.974041
1200.756714 34.120132
1390.341919 12.767981
247.950165 22.889219
67.355408 56.629539
8433.068359 117.844292
30228.562500 7.267275
2420.133301 6.268702
6533.647949 11.424711
2447.054688 12.958380
139.731796 39.915020
2942.004150 56.410339
4349.341309 67.702148
2238.619629 86.462929
564.273315 74.454773
2031.347412 19.373148
314.420258 4.608494
596.626160 18.017004
5036.870605 18.646879
2375.364258 32.235462
1304.408691 43.469078
1170.542969 59.763416
24779.785156 128.240799
2995.897461 53.510498
2206.507812 14.392069
2448.973145 7.715015
1199.306519 72.411987
1069.942139 159.828735
475.926208 249.199905
14989.477539 311.762817
4368.653320 122.821999
4755.605957 55.289417
4269.847168 13.010139
293.140869 17.577595
2669.650146 146.009644
4487.096191 136.774323
1278.697388 110.616501
11037.493164 79.619919
17465.546875 84.022552
14559.687500 92.149307
3198.736816 113.082039
3693.957764 135.532486
118.593903 1.653092
548.556641 8.678877
745.042358 52.467670
30.587227 139.354294
1174.661133 156.351166
5405.701172 92.661835
7390.802734 48.722202
8699.365234 18.220419
147.435272 62.565872
11.556414 59.175652
1101.897461 75.464058
1361.190186 147.689682
23333.412109 51.613640
6511.179688 14.197365
9725.164062 28.560019
2722.228760 53.776615
2110.105469 5.911095
154.137314 7.582767
4903.618652 10.077763
4412.660156 19.127962
16769.410156 96.151711
607.541321 46.756668
3300.755371 17.455179
835.950806 6.596425
2277.028320 121.782883
3262.177979 228.088654
6506.966797 383.313843
2466.868164 573.332642
8496.055664 30.066887
4716.145508 7.803876
3994.220215 20.674883
167.331848 57.214554
92.868744 9.757746
2092.978027 2.145104
2652.043457 23.806622
30414.294922 113.899567
5870.301758 97.538460
43695.984375 22.610561
146.001083 7.827548
4425.951172 12.984940
3575.874023 5.555198
13363.861328 2.514848
10596.520508 0.174042
11539.615234 3.409579
7810.902344 36.255108
30188.154297 18.893524
2883.711914 10.355953
3884.839844 7.421729
4328.745117 14.631554
1081.367432 21.188171
2469.596680 45.746258
22980.738281 78.141487
35687.644531 44.604378
2399.676270 50.771729
8593.767578 41.655968
9410.188477 25.070509
2053.455566 18.290792
50.429104 24.544638
596.798035 45.674866
3086.417725 86.976173
4917.466309 1.413244
27205.718750 2.236396
28229.785156 10.400883
6979.312012 16.152180
31.750191 34.204144
551.357239 68.160713
2879.418701 146.114807
9523.468750 262.345093
10429.787109 15.236342
1577.902100 21.503340
8959.257812 28.304361
3715.227783 28.457523
656.009033 198.273514
320.952118 263.655151
5857.378418 382.677490
2575.406738 591.587952
16164.423828 50.918365
1672.069824 19.518209
214.976898 69.684326
955.246948 139.412155
759.088806 20.736635
1283.816040 11.036828
2800.836426 11.578369
7827.116699 75.029274
4073.944336 302.911469
4792.703613 114.025536
1954.976685 33.084198
1106.955322 19.659594
1225.735474 59.874260
1831.491699 84.442749
1637.681519 90.920334
397.906342 97.106865
35508.960938 153.261932
11907.752930 48.903835
1478.041870 10.535099
2426.501953 25.211086
146.205780 99.541756
689.372681 145.245010
7541.737305 186.162750
1865.074463 209.249176
220.108582 430.255432
5344.120117 256.606995
2684.129150 132.523438
317.772064 83.711670
1173.664551 76.053963
2985.592529 77.116592
1387.569580 105.771706
4284.930176 146.426620
15624.684570 131.015320
2898.980957 146.019745
4271.746582 131.273895
1463.752319 100.252869
1185.274170 3.145769
1742.951660 0.853705
259.894470 2.145711
5620.581543 18.208851
17206.417969 53.073410
14372.987305 18.327768
2028.833374 4.826374
719.734131 3.240924
162.317230 152.700592
262.135773 194.531403
65.755981 223.259781
7942.145020 262.966339
3206.229492 72.964355
9067.975586 18.497183
2591.118896 35.371922
1356.626953 92.565361
1738.261963 164.066147
424.831940 294.524750
2117.939453 469.659912
1916.946167 652.938965
594.215210 599.323059
4292.608887 355.932373
8091.731934 183.619003
1690.604126 118.485802
1457.430786 127.350578
735.386353 156.895584
2265.031006 182.324951
3478.398438 194.525665
8460.460938 65.719200
12990.801758 73.361404
2513.865234 84.207771
1847.363770 101.848663
1960.023193 137.876221
135.275711 111.305374
2624.272949 114.301773
3858.136719 176.867905
23224.513672 170.695129
11159.288086 154.017090
9167.470703 160.828995
2530.195801 159.635040
2009.681152 109.696915
497.669983 107.087723
1355.640625 99.850037
7145.170898 90.035522
14082.144531 78.732536
1823.973022 89.080292
14488.703125 99.284271
3210.809082 106.841293
847.711670 64.508934
1071.460327 37.792316
864.655029 14.010077
22320.328125 4.194947
10368.017578 47.812347
1102.803833 67.485924
4580.798340 81.961258
4037.859619 81.622482
1962.094238 48.799549
2671.891113 26.264391
1292.904785 35.404907
6269.755371 84.666817
19070.810547 83.985031
34868.363281 96.995300
2853.340820 99.210800
10843.319336 80.456955
1205.198364 27.009197
534.448914 54.893028
3093.985352 95.766670
996.434570 135.453262
4678.199707 56.348656
2204.223633 43.851948
21165.771484 27.950876
588.914185 19.020477
62.116714 11.354063
647.170837 10.619857
20.021458 7.843229
1977.814697 4.659911
3795.688477 36.752392
8731.319336 22.800976
9413.474609 14.350176
1032.924561 11.473522
1425.880127 40.402298
470.566650 52.470345
2903.183105 68.739861
3530.253906 88.280975
5354.608887 21.161861
10202.255859 20.646244
0.783066 24.839231
1091.436157 31.555511
939.516785 12.138710
233.159439 6.028262
263.914001 19.142763
3242.127930 55.532005
6192.112305 51.737526
6406.383789 45.461113
1432.364746 38.717949
1048.775024 26.488270
2522.549316 26.573578
3554.281250 45.465446
3372.151367 84.119492
4456.683105 124.580818
40400.691406 69.513184
24190.019531 70.294579
1143.081909 53.032177
456.759003 32.424183
2543.121338 116.220886
5966.678711 170.287231
1399.872314 239.156342
147.848465 308.588043
54476.125000 117.191040
6861.253906 90.607628
2884.471924 78.041397
938.611450 85.160881
4009.276367 94.347168
1924.612671 139.863464
4964.468262 178.454636
3025.304199 180.981918
9114.210938 195.658081
12570.320312 145.668030
4582.718750 94.826233
2501.295410 74.136505
8612.019531 141.188324
2351.089355 160.421463
708.154297 179.329819
8219.644531 211.538132
42333.589844 53.003090
2521.232666 49.505341
5888.362793 76.015205
2677.402344 111.993416
206.352875 25.401947
4371.831543 53.004955
14764.279297 87.796028
11192.125977 139.026886
5048.511719 122.503906
7332.333008 40.960190
2589.055664 4.921759
589.411743 5.326855
1568.773438 60.757969
358.089203 65.372696
5466.640137 60.432732
17293.818359 44.626167
34897.558594 117.067665
10914.681641 84.486595
5484.587891 62.339455
3917.208496 56.061989
665.312988 32.363323
2117.036621 21.191038
10245.726562 38.951523
1688.711670 102.003830
21437.720703 14.962251
15597.511719 24.895239
5566.772461 42.347000
24858.603516 45.597748
3417.617676 4.312887
42.131104 16.127850
9939.926758 32.368027
15695.673828 46.485493
30673.035156 29.922968
55.075569 19.154665
935.343384 7.722244
4047.950195 1.441670
2955.177734 4.566108
1471.694092 1.022952
1625.992554 4.230868
6151.444336 12.951944
27977.541016 25.216320
7520.013184 25.722992
8075.558594 21.057480
2851.448730 12.679591
1683.888306 36.366898
1003.225586 54.272289
5319.936523 58.327244
3073.309082 52.069359
16679.597656 69.826736
20057.910156 23.176632
633.886597 5.110676
1788.625977 14.224341
1641.850098 50.635143
1307.570068 54.799007
517.453552 73.383720
16.872974 94.343315
19049.769531 88.474373
18247.257812 94.677917
4408.687988 82.461716
189.912766 62.902088
138.410950 58.824593
981.539856 64.439606
3278.756836 70.646362
9967.597656 104.440453
6862.745117 77.212425
12589.079102 21.387417
5768.243652 18.139297
536.346985 40.022060
3471.326904 2.446331
1167.858521 1.919404
216.545654 4.231903
13523.954102 13.827247
4593.112793 127.532005
336.796143 68.492287
1890.643311 28.423496
130.011368 8.630300
660.114868 32.477619
2188.476562 38.079689
755.381409 64.046852
16902.363281 133.371094
5160.711914 41.333794
17919.203125 7.051032
3489.591553 10.750853
1287.526367 24.924847
1316.741577 85.004539
1445.746460 141.703583
2345.548340 268.134766
5765.050293 490.314453
15848.901367 43.445728
1859.754272 0.378253
2536.161377 19.601196
371.730652 52.923569
248.719193 86.976593
1561.753662 98.732597
3702.902832 123.730141
1177.723877 242.823883
12956.934570 324.982574
8777.501953 90.240807
7280.585449 23.609730
4494.562012 50.572941
1035.117676 35.081612
1691.863525 47.769730
5367.291016 77.995003
2012.948486 149.373367
9980.390625 224.861206
465.213623 102.127213
258.572266 43.508232
798.699463 29.710917
483.101624 134.860901
282.193481 198.886719
2371.189697 278.468048
6711.332031 422.363312
8390.218750 211.579788
4952.854980 43.432327
11714.294922 13.027440
1034.352905 64.120018
334.173981 130.329681
932.994629 196.222473
920.370300 225.578583
533.046387 224.328796
20464.625000 459.565643
1652.936401 217.759125
1369.849609 85.012985
1046.912842 71.136482
298.079102 43.349590
220.754562 15.792924
6516.750000 23.011387
1573.422241 54.600040
2624.835449 213.566864
9034.918945 204.582367
2226.267090 161.051102
343.039154 98.906410
394.370514 80.812675
16.253452 136.164429
8992.717773 217.214066
2893.224121 308.275513
18131.898438 84.770187
25230.000000 63.936047
1663.561401 52.260372
559.868164 54.867779
769.346497 9.800809
3625.888184 11.385537
3790.831055 11.394251
741.058777 7.041846
7357.020508 102.915741
25034.296875 64.357452
3911.697998 32.294197
1281.750732 14.391095
2075.346680 30.301645
1182.254395 49.999760
4361.552734 76.083168
2622.408447 105.321800
12698.000000 9.551265
2211.492432 6.506574
2047.406250 9.449437
145.046783 17.190987
734.030029 65.187805
874.666504 138.112503
331.174652 257.389923
1586.887939 407.933960
23813.597656 35.864460
2349.311523 21.679041
2929.147949 21.381626
710.109619 31.944695
2083.147705 53.479538
234.311569 36.641582
159.093170 13.389614
6418.519043 4.594531
12525.813477 114.057190
17834.367188 69.180725
4438.408691 54.994640
735.188904 56.327652
478.679565 36.321243
334.509247 53.081306
116.882652 104.009674
15120.777344 167.127945
3828.708740 127.638626
9532.666992 124.093330
2016.327026 93.891968
1596.207397 55.857544
497.463989 110.153603
490.866547 132.696121
1247.326050 145.769974
258.346893 151.227341
3749.616943 12.728341
9547.930664 23.056860
470.991669 47.991756
752.478760 79.894379
1880.027466 32.392521
569.620483 83.480064
1587.143677 196.969940
16684.638672 369.842438
945.634888 180.846237
9082.968750 102.655006
4665.610840 54.166466
6406.794922 28.504471
380.795410 50.834835
214.636444 85.444519
1772.468384 164.430267
13784.368164 301.142578
5450.693359 42.858082
24945.287109 14.012038
105.947449 19.992159
473.390656 34.512772
5.009118 199.731216
2234.407715 287.174408
4400.273438 384.076538
12600.884766 513.575012
6990.161133 302.111786
11257.591797 134.943237
6230.854980 84.980461
980.328735 121.940285
837.253052 14.418702
141.272552 40.824619
12514.125000 87.966072
38087.988281 176.305862
420.210175 381.530731
9159.061523 174.243195
2124.268311 53.621094
1883.505859 10.388425
74.285698 53.722610
823.308228 88.099625
9491.856445 142.694290
6598.870117 233.446442
37164.238281 69.753304
25626.000000 13.095199
3760.999756 6.195506
2447.888184 25.853233
2156.959961 74.063461
852.478699 89.293991
708.957703 103.078880
7500.778320 143.653275
1417.585205 183.829361
8234.240234 75.198677
85.160889 38.988865
6332.553223 50.378876
731.299011 99.106133
327.846497 101.290352
1463.344604 115.121994
3529.275635 127.888046
20192.312500 134.890411
18891.921875 143.548935
894.809570 131.786392
2514.916016 112.000725
310.031738 42.022285
3288.914307 47.081516
589.623169 95.635475
7938.157715 195.790604
3032.450684 68.229523
7224.767578 63.324871
96.168839 64.272079
417.302979 55.428642
4410.502930 111.248222
1568.877075 175.464691
814.828430 253.931427
7519.578125 313.626038
41058.667969 81.877495
4100.993164 86.896133
533.030457 78.906631
381.189758 80.201958
3146.160645 297.694061
702.180420 303.649689
5242.201172 335.849152
11535.020508 431.297729
7756.792480 143.716431
6178.478516 161.014954
461.172852 222.098099
1715.181885 275.759583
1361.755615 149.491196
620.599487 222.351227
1368.722900 313.841949
2016.955322 407.195160
13098.312500 467.215027
29646.740234 289.674866
5962.069336 167.822937
3107.401367 123.049461
219.323486 138.547607
268.057983 157.507599
7442.349609 191.726379
24126.550781 232.765442
14637.929688 287.756134
7400.963867 224.952988
441.305725 172.860107
256.276733 142.637131
2759.336182 41.666439
462.762848 125.576561
814.705933 245.379974
4515.879395 369.680664
39432.238281 42.043594
9591.296875 23.105831
2524.845459 5.431842
2888.359375 4.869556
3823.260254 99.300850
1004.259766 64.126839
1269.862183 29.183392
35657.019531 41.082726
18809.699219 39.833462
3057.645508 29.679964
8922.944336 65.254189
9741.189453 99.847893
3869.879883 54.566898
3289.249756 82.016571
1905.470093 119.446014
3875.191162 148.821594
18982.750000 251.890350
8278.583008 171.368805
8035.140625 98.578720
3141.237793 56.936981
1149.417969 85.399704
834.296082 113.612854
1452.912354 169.494919
4580.635742 225.168304
19568.082031 136.512772
3111.799805 143.950378
8217.333008 121.917152
4991.940430 93.137688
3770.760742 156.729584
1150.714355 198.572723
565.525391 273.617401
953.452087 407.502716
6126.592285 143.499893
14434.570312 83.795547
585.640137 89.119888
64.090508 121.598175
261.895996 30.484921
1500.676514 75.082039
2341.305664 126.321472
6803.100586 194.267990
11192.246094 326.851227
8428.458984 139.484070
2856.150635 33.127483
2941.132080 6.107861
1647.827881 150.949722
3148.735596 215.703979
1839.123291 266.486847
5959.232422 310.207764
4377.455078 399.593414
16865.277344 205.086060
2727.704346 104.524071
179.736603 98.576439
316.048584 197.571655
237.612061 201.089920
6288.786133 243.425476
8830.405273 295.492676
6856.442871 278.418640
15333.197266 307.071960
2381.335449 283.568481
3609.177979 234.126755
329.156189 495.797241
4693.406738 767.829224
9060.875977 1214.202881
2479.698486 1787.919556
22715.644531 480.616608
1006.571167 373.132629
8743.982422 342.494354
176.855347 372.408875
6090.305664 237.025818
1373.410889 252.267395
1315.203003 280.655975
2966.423340 385.542816
36703.238281 846.348267
3809.521484 474.327179
9201.719727 280.938080
4995.407227 227.949402
1602.681274 17.413143
33.202984 65.623909
1329.729370 121.048225
3818.319824 171.331665
14352.932617 280.641144
2162.489746 139.284698
3211.949463 39.744686
9157.845703 1.091696
4961.630859 4.284926
280.676880 11.532494
2667.896484 22.735943
6168.957031 45.694107
8305.567383 142.236725
1416.288696 64.823814
3620.158691 19.322906
26.692425 3.156640
883.431152 18.921244
588.284363 40.581127
1548.494995 64.404053
679.325195 87.427483
4527.892578 36.576569
5720.499023 12.025728
1832.325562 0.842865
5078.084961 4.066183
1544.022949 42.132423
1146.242188 64.026703
2981.489258 80.967041
11977.666016 83.912834
17934.421875 30.088652
9560.953125 23.684427
282.117371 19.792488
606.076111 25.466930
1114.089111 19.655807
106.109154 12.607840
3367.285889 9.238074
14360.065430 11.696890
20314.912109 29.874920
3590.714844 31.549402
3686.714600 31.044844
205.777435 26.800686
2505.657227 109.007469
288.577087 177.212357
207.556824 265.751648
3031.075195 358.230408
13141.214844 44.535198
299.831757 37.958931
3443.143555 44.513630
286.521271 66.117165
194.165710 209.006592
132.039536 210.759155
4468.791992 272.480225
13771.502930 427.871033
767.416992 292.763184
206.309174 235.556961
4286.932129 225.780701
567.300415 221.824753
123.289742 20.861097
2639.911377 90.538933
1290.628174 202.190201
4187.058105 331.484436
22111.724609 281.521515
20537.351562 157.042923
7119.556641 58.945286
233.260498 9.495658
5565.726074 27.453178
2316.724609 56.060436
808.050476 104.771744
4007.469727 168.162399
17413.902344 26.964211
47530.425781 16.932060
723.403137 13.662300
3023.370117 15.661581
120.009140 25.723751
215.257416 18.288357
298.672302 8.390499
1732.095703 5.989250
15269.507812 2.715941
1755.619751 3.516071
3667.313477 13.957700
3193.192383 23.998997
78.194748 105.297501
6065.734863 195.394455
620.398926 313.276917
23442.017578 427.315948
366.137817 233.168854
25501.257812 148.259674
5775.670410 84.915070
479.600952 66.460754
2899.920166 10.766700
913.084412 11.624057
3138.201416 30.168108
6861.581055 72.435738
55032.105469 152.557190
2174.617432 90.678085
520.019775 48.264160
132.980972 22.912462
1389.987305 47.772320
1465.866333 89.940971
1854.103271 161.176239
729.740295 253.944214
22702.517578 6.016274
6713.595703 7.975297
5273.041504 16.716162
209.487717 27.597187
116.443848 277.586914
708.200562 427.111084
1235.279541 665.838562
3257.660156 975.693542
3131.737549 66.816177
140.113220 79.618484
3184.538818 129.657028
3884.585938 191.045609
702.925415 159.362869
533.539490 203.941895
746.949402 383.511627
796.508484 761.102600
12369.199219 274.624908
658.166382 155.035721
4591.675781 145.346359
133.974304 156.663651
274.992981 178.070679
1205.444092 313.995483
2076.680664 426.387787
3285.333008 525.911499
14562.711914 682.988953
8283.441406 291.348297
4014.847168 86.605392
631.982849 72.155708
1674.376953 77.833832
318.769226 171.925323
2160.752930 275.600739
4286.798340 390.779266
14883.028320 749.947449
980.452637 362.096680
7008.925781 118.238525
373.533539 37.795250
458.625153 2.967592
424.632996 31.486757
119.256973 88.116699
4524.002930 168.879852
12310.124023 245.342545
6228.783203 132.348251
3272.488037 50.511379
1164.938110 7.647002
1518.581299 9.697224
262.167175 15.189174
1010.353333 22.133638
363.230652 32.674786
24843.544922 38.840546
2567.022217 17.894655
1051.619507 7.515814
1897.976929 6.082707
1914.503418 26.441326
1514.882568 25.031151
1021.684143 51.389694
3008.479736 113.493004
4691.301758 13.358631
3973.770996 23.640804
1991.695312 35.711914
664.298645 35.745338
502.814941 27.566948
716.035400 42.086853
1769.728149 54.997772
495.977234 67.660599
7923.096680 92.728348
6275.049316 46.187435
1407.771240 20.826359
264.736755 17.179600
1608.545288 37.984032
1075.484131 56.477829
2182.906006 68.229431
385.230713 74.842697
23757.755859 36.762867
15402.042969 11.558728
2788.626953 6.139503
529.429993 17.937321
779.963501 17.373333
986.360229 15.091574
1027.155884 38.343338
2503.777832 92.584335
13563.309570 88.735130
1003.759399 66.012863
3303.067627 49.398808
2106.138916 32.426735
3538.671875 46.201080
261.869202 79.867844
1557.419434 127.248833
4271.606445 166.571304
68490.054688 84.201416
4212.967285 74.180893
2606.580811 52.981018
276.548096 38.388737
1836.542725 179.987381
1311.787109 214.085968
5493.738770 235.913574
4536.080566 237.393173
30218.046875 122.220131
1081.704834 117.192200
120.092110 123.977295
1581.017334 146.296448
2746.681152 62.063080
375.214722 32.945511
1521.385986 25.355572
18650.716797 53.019295
8784.278320 143.111359
7054.003906 129.172241
930.481506 116.346603
4358.105469 94.016533
164.886612 78.226173
1149.176025 183.838776
701.341797 314.460632
632.040588 425.397247
476.777344 109.664337
1943.538696 69.169136
2002.704590 31.382259
5130.436035 26.865025
849.939148 123.507217
779.371643 162.917923
78.499878 259.450378
3256.540283 416.215149
695.964478 148.926483
154.916168 123.769409
8057.564453 118.753044
2395.880127 116.834496
189.790909 193.213989
8329.417969 274.060974
8827.403320 401.678986
3565.048340 587.580933
7329.153320 148.321487
8356.687500 91.133232
261.807312 98.186111
2776.310547 137.465149
184.378845 319.338501
933.345764 552.054932
831.360474 894.851257
12919.644531 1341.007935
5994.183105 686.312500
4438.356445 355.197144
943.263000 199.329849
1923.929932 196.971649
280.521271 306.933807
240.461411 406.673828
2157.756836 505.499207
4407.075684 607.132385
111715.992188 1076.960449
3773.530273 631.994202
15579.693359 352.193176
4874.414551 261.386322
498.485046 38.150249
2239.420654 24.098970
3826.889893 40.725677
1360.549683 69.119011
1608.401855 338.106934
7371.285645 269.706696
803.897034 177.582001
4999.664551 92.138077
2991.691406 42.501137
1840.145020 67.826248
4667.161133 96.960258
5413.369629 119.238457
33387.996094 26.880527
19309.857422 25.897060
296.727844 24.042850
1617.681641 27.829519
2750.744385 293.418823
149.700302 412.889954
794.049927 541.801575
2300.524902 661.070312
23525.312500 132.758118
24402.548828 112.110847
5141.950195 135.082443
1305.088013 197.633820
451.249207 126.130226
986.892334 119.793114
2779.776855 132.068222
2551.208008 215.720566
8286.325195 447.655060
1518.379517 242.734390
1044.196167 149.778641
2435.430664 128.305618
1324.683838 53.697540
634.138794 63.900726
1051.010986 89.430328
3998.107178 121.136497
3279.274902 83.671356
2251.944580 82.913376
5567.761230 72.456291
5017.399902 59.155323
1268.270142 141.150543
663.241699 148.157394
956.850159 138.719833
5303.516602 146.111069
10463.085938 77.726608
7232.755371 36.490303
258.819427 57.217186
1172.352173 104.915405
656.815796 54.172245
102.415230 116.389839
3464.691895 216.470261
7781.589844 318.130035
18858.171875 318.130035
7781.589844 216.470261
3464.691895 116.389839
102.415230 54.172245
4668.285156 195.025574
369.472839 224.597702
2197.026855 233.909500
4499.922852 223.914734
147520.125000 79.094154
3878.110596 85.397194
503.465424 112.201790
380.739929 153.055847
1317.014893 67.294411
1088.909302 56.584465
2577.561035 40.040737
2522.887939 28.367863
41948.078125 114.251732
1579.745605 85.094124
2497.052490 72.493980
1400.536743 70.183594
105.068153 141.336411
3101.311035 192.871521
7125.229980 335.447357
858.557922 574.300964
11267.943359 49.614445
9379.247070 78.258530
7322.148926 116.972031
99.406036 132.918396
1204.666016 52.614178
1530.187744 40.167591
447.995331 23.361607
52.437325 34.684250
26440.351562 209.754761
32939.250000 101.358887
1823.898193 56.270641
1662.499390 51.424786
128.194153 21.690115
6.903206 21.950945
2936.646973 48.913334
1603.610229 87.905991
7808.946289 133.268524
12175.496094 122.624596
11829.708008 89.232613
1385.471680 48.742638
1320.868164 91.533646
588.945801 114.200142
2119.076904 145.612366
582.312622 209.990494
14299.483398 34.685078
1549.831665 2.500481
41.561684 21.391079
2091.982422 59.478451
242.998901 42.325233
134.463318 62.129143
740.273743 126.820618
13619.838867 291.286041
4823.965820 178.484055
10720.919922 37.925964
924.430969 6.175519
2029.917480 23.331430
393.150146 114.892151
578.103821 191.882629
801.966125 265.340759
5107.192383 362.960571
27600.546875 349.149200
14261.534180 121.339592
4579.099609 28.009497
37.873638 44.490273
6808.940430 13.800341
2717.760742 32.806355
569.219482 54.556908
26651.130859 75.868568
15820.728516 368.118866
1365.420898 201.070312
1561.079102 78.926910
7017.613770 20.155952
14.462764 4.629662
447.113800 8.219127
5275.303711 9.503084
19924.904297 10.518422
18622.005859 35.327316
8684.072266 13.759914
6544.549805 2.484612
405.966553 0.985622
548.191895 39.932743
615.954590 36.500504
659.933899 42.374710
446.108948 62.494034
42343.625000 5.516126
27765.437500 21.542629
9141.501953 36.629910
1742.901855 42.648087
717.586365 24.473043
781.717773 57.176682
304.691956 111.046333
1807.805298 186.470551
4584.077148 91.418976
4362.091797 39.338772
1311.009399 13.801025
835.000610 10.103913
372.330444 43.295334
50.505856 99.532585
1068.219238 196.046631
2720.413330 322.536865
22990.480469 3.983988
2722.774170 0.744566
1637.672241 7.265258
632.502136 18.160568
2074.210938 140.513443
1212.241943 162.369995
3637.485596 189.332855
16105.800781 248.747620
4144.812500 91.586990
7314.965820 49.875549
161.084305 66.005157
279.632324 106.069855
307.345612 80.061554
150.484222 95.274307
4100.772461 111.161736
16215.432617 128.198822
11531.073242 287.797607
5415.116211 181.388947
3526.939697 108.919586
243.598969 78.528687
352.356598 20.240244
1127.653320 23.304773
4549.682617 36.424690
11902.916016 46.425865
12116.178711 132.947937
18716.330078 107.158646
8110.659180 69.229904
5648.453613 36.112759
1733.299805 27.984161
427.121948 39.823456
3408.526611 47.589317
4463.195312 53.329475
27740.779297 11.508786
3285.823242 0.714797
1383.690796 2.662364
795.722778 13.824971
1786.777466 71.564804
1328.583130 136.814774
1992.260132 230.887955
7316.872070 346.898499
61.580086 77.654579
12813.005859 33.471157
121.633148 20.675198
1616.544434 33.779030
1180.408203 94.626137
852.592285 129.180817
3296.785156 168.217789
3243.162598 216.605042
29786.546875 169.149872
2474.489502 95.436546
354.257263 63.903458
639.957397 68.540207
156.615173 268.886261
18141.970703 190.036469
2699.546143 110.854195
11330.986328 57.785912
4379.798340 335.277863
63.107235 347.712646
319.918854 349.124786
1203.034912 324.907349
204.414307 680.652405
2373.206299 662.283203
1490.523193 519.566467
9716.246094 286.934265
213.170792 1018.089355
6119.363770 767.197144
2257.766113 637.394653
1238.989746 635.738098
283.232513 194.247940
181.420380 190.024124
1230.672485 190.870483
4885.258789 166.628647
14461.042969 772.776489
5500.265625 576.489624
12724.534180 382.100067
2818.828857 249.231842
1900.636108 293.097412
3390.966309 318.741974
802.774658 306.955933
9177.006836 211.687851
1451.842285 1200.388916
1469.816650 831.175171
1365.458618 508.453979
2519.944824 329.202148
2247.768799 403.422821
4368.017090 381.952850
357.521484 418.565308
2091.262695 419.977631
658.770081 1220.992920
345.559235 1067.893677
1828.867798 800.611450
882.119934 547.545898
109.957199 84.620743
963.967041 34.903645
3399.340332 13.711577
2233.048340 23.079649
3280.570312 166.529968
8345.739258 196.107819
1100.752930 187.862427
4498.189941 144.240295
6025.013672 14.927339
3877.780273 10.164474
11952.218750 14.218519
1455.127686 32.086731
11387.421875 24.591579
4369.183594 22.537682
4421.613281 23.227074
1438.939453 20.940390
2.128872 207.535995
8660.687500 238.901398
23627.664062 196.343307
917.944275 94.013290
49.801727 567.988586
425.928894 315.008606
199.907211 173.386734
286.468384 157.011353
2522.681396 200.104584
846.137024 214.473801
1040.733154 239.453918
1597.778320 231.888031
3862.097656 528.265381
22133.335938 444.470825
7856.999512 327.814545
84.293556 235.410614
3141.369141 6.322423
2120.043945 21.150032
717.562744 59.228210
4486.808105 85.928017
3085.770996 317.588776
9004.424805 234.389618
187.999847 127.331512
442.294739 41.544991
1697.773438 54.302246
1783.245361 30.068489
3479.144043 4.762856
18157.753906 13.763247
10466.326172 20.202110
1976.153809 4.423211
131.160324 26.876305
271.234985 52.617779
632.588928 183.008331
9216.441406 255.336029
1168.873169 275.873260
1947.859375 204.812515
21603.535156 806.362427
1392.627930 493.347595
3822.456543 251.065216
432.985046 153.081573
1570.610596 16.902069
1389.238159 33.306126
1939.464722 54.387646
15842.851562 94.875443
6279.354492 302.827667
3901.219971 141.192642
941.097595 45.542870
787.295532 12.501827
832.637756 316.626007
3340.915771 360.732239
15325.408203 348.461182
4370.068848 227.986389
7414.891602 1528.299438
466.041351 1006.114746
2641.379639 572.742493
2387.287842 347.854614
86.536865 524.498413
3204.201904 533.144531
14308.101562 601.327759
27301.164062 617.791016
5433.712402 1265.217773
4718.585449 1142.773926
861.194092 891.135132
2746.808350 649.487122
748.501648 35.505211
8196.146484 20.732893
39752.972656 33.004787
985.152466 55.469383
1244.133423 238.729843
3509.008545 207.753693
2735.292969 147.411545
2829.081299 81.873138
1175.739258 70.344650
868.363647 92.443855
2082.418213 101.175636
13190.158203 77.506348
3557.520508 359.136597
9961.134766 233.011276
6218.716309 125.855042
887.920166 71.685829
371.179352 115.783752
8849.156250 74.836029
5441.029297 59.632923
1192.709229 50.022995
5180.304688 468.810425
297.842651 404.823853
12109.993164 300.453217
177.344254 194.053635
1175.334717 130.655884
3498.381836 117.524155
1171.132812 96.887985
1563.646606 64.950775
8987.863281 277.995453
1426.585327 229.637085
25.998167 181.747879
3401.974854 148.556702
1394.637329 13.637180
2003.095459 7.161644
5516.870117 5.820611
637.878357 8.622833
401.866760 96.212036
5336.207031 71.656174
1476.356201 46.846088
1691.613037 26.754272
985.222778 33.410904
832.015442 19.475161
8539.917969 14.829434
31473.630859 22.369991
808.482666 27.904440
3889.493164 45.621262
1792.505859 53.397163
1438.308838 47.859333
102.663673 82.017097
586.518921 41.497173
9267.464844 29.635633
880.408569 51.893063
19106.777344 171.425903
4185.066406 182.799683
1709.431274 170.343536
946.494751 132.299103
1399.739868 102.166458
3159.662109 114.900711
14328.950195 122.066933
13435.161133 104.526245
13943.795898 277.887695
4466.371094 215.174469
174.160416 149.568497
5434.879883 109.105484
3871.736084 67.794212
14454.597656 70.306709
185.658844 86.569054
13976.099609 113.758530
7123.571289 48.174122
702.607788 66.198349
29.492632 74.711632
4803.241699 72.764870
581.710999 110.021545
858.763489 111.936630
174.454636 80.594727
3376.003418 33.750740
5063.224609 118.777954
18045.091797 66.446838
864.826050 58.384903
6492.034180 82.836098
239.840973 202.024185
17.919781 176.818207
312.251221 175.926331
25270.871094 171.744751
364.535706 463.898315
14299.477539 433.762573
1653.783936 354.294952
2271.798584 265.333221
2154.522461 8.018804
2599.778809 3.639364
11384.214844 4.328140
21140.626953 6.373808
30472.730469 74.500237
71.612717 58.943230
585.127258 38.526344
455.814301 19.964344
2447.225098 56.149071
2312.922852 25.424459
2330.273682 12.805193
121.760918 21.379017
24721.417969 125.886826
1454.132935 133.278473
630.029297 122.223495
1281.029175 93.238319
856.774109 134.231186
1856.939941 108.426376
9471.482422 68.491035
3957.328125 26.061001
11042.850586 230.513626
4934.271973 189.701950
1170.351440 162.764938
247.432861 148.247284
88.945114 181.187103
25.696424 189.255280
11408.413086 178.086029
2712.081543 132.884827
1672.799805 368.554077
613.486694 291.198029
1751.032715 220.506683
504.287109 183.737000
1456.016235 93.248810
4821.337891 118.760239
15207.331055 175.212524
14807.032227 215.720551
4667.232910 354.161316
1921.450928 305.094788
229.092056 211.946411
107.556488 127.188049
12.176576 71.163879
175.732300 70.154007
4260.042480 38.735332
5226.598145 4.857638
866.793762 144.770355
3801.271729 53.029072
6822.905273 26.356125
2479.493408 45.645573
599.415161 196.728226
5131.837402 251.379517
9109.157227 301.608429
2949.499756 278.264343
7625.811523 840.928711
12692.243164 610.059570
1187.441895 371.281799
182.213806 222.450928
810.835449 37.040051
1125.416382 41.178299
2882.296875 48.822880
10789.205078 47.015747
3709.579102 233.646729
680.671753 166.332367
3080.348633 98.877174
681.536560 53.344799
2874.807129 0.164349
3393.830566 15.296021
5103.133301 42.608810
4269.074707 67.509705
26665.882812 227.072220
4816.168945 142.513794
4062.317139 63.964355
5703.669922 13.817277
3147.779297 107.826828
1632.099121 119.387779
729.106018 96.244995
18262.464844 44.580437
22736.941406 358.705841
452.664154 208.584915
2334.864014 115.714081
1251.265991 91.573418
3210.062744 104.693680
171.399139 133.118134
3148.126953 159.023834
2505.398193 144.218796
25895.748047 552.506897
1683.466553 386.908112
2427.587891 224.914490
2835.785645 125.436195
2500.291992 14.265540
2416.603271 20.571955
4091.769287 38.368149
370.994568 52.425415
6862.180664 293.525269
5501.422363 196.147766
409.794739 102.157959
13.765385 38.384312
276.608826 29.907015
4234.334473 41.545380
18286.410156 53.774841
5624.015137 52.436943
2941.014160 220.080399
223.774261 147.916458
160.409332 79.911926
1064.008789 38.716507
626.303284 9.469959
444.099792 15.888384
7419.429688 26.989796
214.678772 33.357063
1868.820557 140.995270
9844.391602 94.616608
928.767700 48.993580
31.397789 18.798939
894.844177 23.459309
2185.732178 37.661545
1712.255005 56.302040
2715.903809 60.009727
4015.300537 217.425858
336.775513 151.253799
1876.963623 81.417686
35.115356 35.082756
3243.241699 11.774269
2741.137695 5.901118
624.501343 1.978157
1162.707275 14.835673
1788.461914 27.606226
553.519165 4.778447
2714.952637 3.667666
837.998047 10.209946
4211.475586 68.700615
8356.122070 78.127724
10191.208984 83.538681
46402.671875 72.935295
2361.196045 190.688202
638.479248 144.432968
2831.153076 98.906143
386.574646 72.213333
1515.678589 56.935085
5642.605957 62.127995
6963.444336 64.504333
1242.045410 57.614960
16288.060547 92.917816
5684.007812 80.380028
1170.794556 65.549278
1957.205322 56.770729
119.314293 140.208176
7691.345703 128.202621
4733.536133 109.910675
19848.226562 78.298996
6569.245605 407.818085
9567.721680 311.889679
1792.925781 223.591675
99.431183 166.184540
1298.052124 109.138695
4040.625000 87.457901
1894.638672 81.047806
11896.394531 66.899994
17015.658203 453.416382
15008.027344 371.565369
678.559509 262.574280
1475.624146 167.020325
2227.153564 20.122787
1615.609375 19.917320
4758.189941 22.729740
7388.498047 26.693344
4063.094238 69.423950
728.248291 52.887524
975.825439 36.965176
471.810272 25.519514
632.531799 5.577059
145.540131 2.166803
4737.425781 3.021008
5526.403320 8.716380
6344.484375 41.171883
931.387695 30.818287
3700.235840 20.884991
514.651428 12.177502
1482.719116 74.566727
859.307129 84.430412
4954.620117 72.184181
8336.845703 42.939671
6835.229492 75.223007
10948.299805 44.130150
3932.965088 37.342113
5731.974609 52.645088
1654.279541 77.375801
303.639893 51.545742
3.728720 33.851700
6991.238281 20.487749
9878.593750 316.731384
4855.261719 250.634003
3395.459717 178.822754
477.319336 118.730064
336.883209 129.673813
977.882019 97.893776
6999.564453 79.895691
28964.535156 71.227959
24750.630859 205.910522
408.751770 220.971069
4066.649902 205.912521
1469.520508 170.219055
914.703430 52.948490
549.219482 80.127998
13368.468750 109.817863
10721.876953 118.573204
21811.898438 171.980194
11024.680664 129.959671
1177.000366 80.732491
346.766815 50.717983
8.326843 27.753847
1734.566162 13.903806
13752.525391 8.551087
27220.898438 27.352003
7406.911133 41.355526
3127.949219 30.264111
4001.442139 33.444893
964.909302 35.572243
954.710632 266.814331
5007.941406 250.255585
17613.517578 226.631577
53.115734 169.694458
4993.575684 761.491882
3474.686279 601.563110
429.399017 435.946381
4266.563477 319.699738
1124.134521 297.494415
3392.551025 270.655762
10661.416992 245.261902
4641.264648 203.489731
15907.772461 598.652222
6552.356934 525.013184
3137.909668 429.323914
4552.875977 347.841492
2856.954834 264.251129
10119.706055 141.199188
15725.933594 61.203148
12063.034180 53.050884
4109.083008 254.246643
15751.320312 366.980957
767.145386 414.661224
3225.137939 373.419220
201.753387 472.539490
319.515045 432.902435
8806.685547 302.084564
230.355103 134.408295
2505.593506 711.846008
1088.763550 513.342285
5316.101562 431.752350
328.874481 445.091095
1222.032104 425.360992
2286.986084 391.453461
5469.334961 320.115265
6997.918457 188.347305
1864.606323 1295.124756
2048.652588 968.630859
6211.952637 676.591553
44.047813 497.326447
1973.003174 310.879486
2773.906982 242.256836
1744.526611 245.520660
6050.512207 260.253174
1446.347168 911.709961
10726.867188 858.397705
2342.354248 682.758484
206.446075 471.452637
597.921753 174.084198
11767.954102 80.704323
4556.568359 37.410770
10164.273438 68.819664
6974.380859 147.707260
509.522278 246.859161
212.166321 293.564148
119.272430 262.686798
29.433609 189.844772
3645.192383 140.805527
3792.575195 64.810410
11960.003906 7.460874
821.924194 172.401947
14307.994141 144.882751
94.008453 163.747818
1088.053711 192.093292
7848.317383 254.171600
620.969238 284.471558
3939.154297 255.824036
7219.273438 152.340027
7267.653320 910.411377
2351.040283 585.795532
99.519188 345.041199
1442.664062 245.050980
5510.259766 316.847412
894.867920 289.450287
6953.271973 378.249298
14878.539062 498.831177
20015.294922 800.430420
5010.415527 817.158508
2434.145996 676.422058
2452.048584 470.541199
4075.376953 155.203445
3901.078613 118.632889
603.404419 46.196888
32379.470703 4.065928
65524.058594 90.453583
2036.593628 33.112427
7369.867188 65.745712
1618.987183 128.242584
12259.240234 285.904602
1861.395386 382.342987
1920.380615 444.929047
24496.259766 390.573547
32340.029297 1064.404297
288.355286 736.688843
991.301697 434.360748
64.089157 277.008026
1698.712158 135.970978
720.515747 96.143875
2308.857422 127.437103
7891.832031 206.495728
4715.453125 319.804871
3042.265381 358.540924
2552.567383 319.624756
1729.062134 227.571793
1865.794556 37.510925
12620.702148 43.980354
1126.382568 35.090324
8266.987305 23.028503
10260.355469 93.318466
8596.386719 34.594269
2772.062500 12.921333
832.060242 20.764889
599.891418 283.414429
1523.840820 294.978271
3202.187012 331.565155
8587.247070 336.870056
3514.823730 699.504272
2660.251221 609.239807
788.066284 465.299255
1326.608887 340.331635
417.844482 19.113369
1866.989746 16.776434
12474.945312 29.273510
14612.430664 34.726128
13269.575195 300.892456
19017.978516 223.800766
819.624817 130.841751
839.773926 56.143517
3267.701904 26.266933
361.114502 31.427357
732.418701 44.698982
6439.919922 42.122425
25024.568359 418.160675
8305.900391 284.930481
1118.101562 151.770081
4576.023926 60.890724
941.693542 50.544785
4677.022461 39.795624
1538.587891 25.542604
1131.745728 12.870873
774.166321 19.432533
839.448547 34.276363
1798.776123 47.253014
1116.626343 53.471664
174.423141 57.161648
107.641693 49.522110
7231.973633 25.238346
9290.746094 6.697807
6375.860352 76.865723
2720.726074 31.915369
1060.516357 26.977242
3224.112793 44.112579
1802.030396 239.457642
9487.004883 218.018997
7644.560547 173.487823
4220.522461 96.838661
2394.120850 723.579041
14946.748047 537.358032
1351.015869 375.512787
2264.478027 278.487518
598.934509 527.924194
159.459793 533.603333
1184.500977 503.169617
9243.849609 399.011810
11913.964844 939.524414
2492.218994 793.709595
3013.477051 641.981812
2409.465088 549.684570
480.032562 135.037659
4056.827148 113.270660
1222.347290 133.656250
11647.099609 148.801056
11.676469 608.137451
13266.789062 523.848755
4511.742676 374.390900
1433.689453 226.807281
1570.546753 83.688530
6964.465820 63.178162
8665.679688 23.706745
54731.050781 11.001618
16391.843750 49.421425
6760.992676 3.526740
1769.017456 22.717497
2897.709717 64.353867
1741.123291 363.751068
491.084015 342.284058
5753.468262 285.557617
226.779480 176.198318
1011.223633 1040.278564
15424.249023 776.901917
1940.185059 547.245972
909.495361 412.283508
1234.260010 170.167297
341.410828 169.544739
24726.619141 160.517380
3072.395996 122.647682
1143.430176 519.867493
112.091827 396.196289
682.370361 275.334076
4511.434570 197.492950
567.669678 45.779522
335.156311 61.666279
15498.396484 102.537926
505.021149 133.892990
7447.435059 465.312012
8010.804688 334.837769
889.795166 191.997467
1426.473145 86.816200
2482.978271 69.854355
405.123840 74.368324
1601.044800 57.524075
31624.232422 31.544607
13396.067383 289.643494
442.973145 158.449738
1458.422119 81.520660
2999.179199 60.909367
10405.288086 185.488388
3479.763916 229.316803
8859.815430 256.764282
6525.074219 213.768753
22117.503906 940.664856
7791.067383 642.688477
389.345215 369.402893
2819.250977 212.296753
3010.500488 325.908478
1265.042725 271.565308
2288.938232 291.457886
48451.421875 342.006653
1318.394165 607.321777
1223.004883 652.435974
3678.065674 582.341797
1422.984863 448.261566
3018.010010 105.598846
6958.770020 49.549042
186.724457 7.661971
12536.856445 8.794451
83151.406250 39.366634
10211.043945 89.727798
184.117157 133.097855
3720.404785 140.394196
1351.371338 168.621216
1651.794434 214.596985
22035.716797 196.352295
6727.832520 119.413544
2588.433594 334.596405
1014.054932 169.552124
2350.163574 89.692543
602.579163 104.426537
768.119019 96.461594
124.477737 149.801697
18341.533203 218.930328
1768.211914 234.968307
17912.574219 906.294983
6511.522949 615.939575
2664.163086 327.055298
5173.411621 141.977341
298.108582 138.632385
2711.053223 151.695221
1755.122803 179.023193
11673.458984 179.853363
6152.259277 518.695435
10579.097656 412.076782
2251.763184 279.697327
3846.985840 178.312851
1252.192383 118.004700
296.342590 103.761108
7334.970215 154.559021
8259.426758 219.781570
4279.229980 476.788879
3330.264404 452.084869
714.841675 343.292419
562.801758 209.857513
218.847275 2.575414
644.128601 5.569803
5077.984863 18.444481
9067.109375 31.010977
3256.226562 77.379639
7520.488281 63.321426
1064.488892 38.402859
416.206116 14.645949
5419.500488 18.544373
3498.071045 32.614510
192.582108 59.357563
10950.351562 88.088593
14094.585938 41.778580
5469.237305 40.791962
843.712097 30.792402
2873.436523 19.915760
5287.734375 493.163879
1720.538574 557.838867
4592.550293 479.298584
15887.135742 272.816040
140.300156 1062.610962
7955.383789 643.289673
3625.679688 408.867340
2416.875732 391.717224
393.431580 637.812012
733.674866 651.955872
3813.525146 660.063843
986.683533 547.044006
8778.058594 2006.610229
2242.647949 1575.206177
3495.728516 1098.651611
2486.243164 763.354858
1673.640625 59.697887
4333.824219 14.552982
11446.314453 9.113440
367.440552 43.209213
12850.785156 398.040466
13382.242188 321.384033
12387.998047 229.065765
7700.823730 136.138458
436.347565 7.694469
1108.559814 24.308693
7062.081055 64.548286
34162.675781 98.796066
20887.322266 245.242432
2644.797607 184.486755
695.010498 102.294617
3161.062500 34.670052
9688.179688 117.922707
1040.260498 70.754105
5465.048828 29.667685
47319.324219 30.241364
34212.269531 155.016876
2931.367676 136.176956
1358.137817 142.294510
1785.730103 143.115265
15483.818359 468.737671
17458.476562 516.014038
1495.186279 520.416138
12229.345703 410.090393
38243.609375 1443.065186
2552.851807 1059.419434
916.787964 703.969910
1256.014648 502.014771
3895.450684 391.621185
2355.550537 261.263641
25569.722656 165.349670
6315.303711 118.217331
3416.935059 492.008301
15057.269531 582.347168
4891.604980 591.090332
1953.906250 517.170654
508.693024 105.844109
2846.987305 73.457306
6153.305176 46.722591
12303.742188 29.600349
4583.928223 117.290298
33552.777344 143.326813
1701.636963 149.392181
2950.334961 134.672729
9782.580078 44.209450
1150.854126 53.055111
861.556091 49.233780
8966.672852 35.162670
25886.500000 22.617731
1822.673340 11.773132
449.001129 14.306072
8434.178711 27.995464
492.845001 178.698364
1100.980713 225.950150
4254.683594 209.583008
6694.212891 125.182610
584.609192 513.419678
9397.601562 289.786072
3384.232422 152.237717
2876.077148 128.621109
1877.944092 192.078827
1029.365845 248.474915
1433.147339 284.700562
1521.554565 241.148834
10767.797852 884.492004
5078.071777 607.077698
6830.297852 349.826141
2922.396484 205.993484
1697.847168 7.666509
3455.762939 23.986086
1092.698853 34.619865
1929.740845 49.416523
5745.852051 324.455566
4114.444824 151.342697
6041.162598 42.428131
503.573456 2.825513
573.120789 201.274384
12271.816406 215.209595
4416.977051 202.813141
1021.735229 132.737274
3777.360840 908.819702
4439.288574 621.717407
13.945651 372.873810
640.346436 233.408096
3580.600830 212.686111
803.457397 203.208817
3176.333984 258.122803
5381.081543 297.184113
8526.269531 878.457764
3278.064453 761.697571
1291.431641 545.207031
445.517395 333.829041
760.322021 197.525925
6781.409668 127.552856
5870.654785 51.013103
5059.523438 37.716919
2246.621582 3.170208
848.957031 47.891254
10469.874023 138.847961
275.546570 204.035294
1333.907227 322.298004
4797.853516 331.131348
3539.816895 256.911041
5153.447266 117.235931
23794.605469 940.392761
8473.956055 588.846375
1643.462646 365.799835
1828.897705 298.910492
932.464233 425.951599
1732.102539 360.825958
1601.302490 329.236023
11734.652344 285.285217
3246.916992 936.473877
11765.421875 874.317261
3855.263672 721.473267
1272.929932 551.916687
1854.344971 143.149841
1823.149780 109.176102
7479.072754 109.648010
285.773956 135.233002
3788.232422 201.510223
11333.546875 245.896683
1539.395386 241.158234
1765.027588 197.276840
1187.390869 4.664667
4210.029785 2.329763
686.935425 0.379114
28764.505859 4.145973
1742.057617 7.280568
1156.140625 0.461204
108.729797 1.067606
2473.314453 3.971169
3080.959473 144.388824
2821.451172 124.338753
746.724548 103.931114
19829.464844 78.738914
26428.435547 285.851379
1049.877563 252.317291
1367.821899 209.579559
363.481812 171.678360
807.777222 64.561020
5278.264648 82.219604
7255.299805 97.876770
2697.017090 92.076614
25325.414062 229.675888
574.283325 168.891083
2936.619629 106.331200
1.260576 68.592529
814.357300 29.717907
5495.079102 26.746817
3827.738770 21.379564
880.650574 9.624002
11838.566406 217.787094
6932.749023 144.277161
2886.468018 81.466217
1495.009888 43.725994
822.202759 81.692368
5336.033691 112.469933
6209.735840 125.503906
648.251648 98.853241
21047.914062 374.006592
172.274841 239.329681
328.412781 127.445068
3347.503418 75.342972
330.789673 41.439518
2465.379639 29.841843
3881.869385 35.366405
17457.068359 53.351414
8475.530273 89.149017
542.887573 97.583969
6840.195312 87.712570
3013.528809 64.858391
2563.180908 38.140800
324.500977 45.822510
1036.230957 38.525795
4350.558105 19.273386
12655.458984 88.767014
1596.025391 45.586487
3866.598389 24.022522
76.972244 25.446150
1910.556763 84.679428
2218.420654 61.228622
791.832825 47.722790
1204.198120 41.837666
1858.609741 186.557556
3938.339355 176.260117
121.108971 150.106094
177.422577 116.457573
382.286926 124.486214
5326.936523 82.699539
7213.050293 35.983078
3976.085693 17.418022
21137.953125 5.885487
9271.268555 46.608330
4844.759277 100.232727
1538.744873 132.625916
2938.127441 28.947273
600.515076 38.219608
6321.708008 43.851357
1743.276367 30.573734
26728.949219 342.184662
11942.718750 218.510925
5107.343262 109.147087
6334.420898 45.154232
7269.306641 67.345093
2604.329346 46.093117
16674.429688 29.916485
3833.194336 27.700598
2363.463867 27.624889
467.160614 56.107811
4531.476074 77.020721
657.310425 80.757141
771.663635 64.060905
379.994385 49.116005
174.831741 28.816458
15597.225586 11.251688
26752.910156 120.992950
352.800415 96.325882
2248.643311 81.170982
285.708099 72.836411
3267.534668 44.557076
101.913429 47.154079
2034.148682 36.427639
3719.913574 19.383158
3369.953125 136.380692
3651.224609 75.373322
1443.946045 42.369904
2592.406738 37.022484
95.127419 82.861336
2302.702637 81.935402
843.337524 78.780106
13621.176758 62.623493
2526.067871 228.757111
2923.692139 182.096832
257.098022 131.779312
514.136108 96.717232
1901.548584 52.080452
7862.365723 53.586842
5235.248047 73.322357
17648.617188 88.027710
19299.070312 231.355820
1707.229614 198.739838
184.226471 139.387558
97.830795 82.589622
533.141846 63.536072
4517.925293 36.630066
5041.391602 27.274315
11906.476562 38.461159
4032.129883 150.429031
4871.631836 146.208740
732.149109 128.379639
2390.179443 98.087967
1853.605713 125.217545
2377.848145 84.003929
9981.715820 49.595051
61269.183594 28.015507
5932.126953 145.762848
26889.554688 174.542404
439.222595 180.340546
1541.419556 161.488434
2660.137695 80.081940
370.631531 127.894958
3386.891602 150.893112
5419.068848 129.626434
9773.179688 188.502548
9923.226562 107.775269
6764.637695 51.508522
1150.062500 44.217110
489.521393 43.007992
756.750854 79.886398
7258.684570 105.055923
67.652550 89.042953
4178.947754 414.010437
6842.004395 254.004242
7987.005859 114.694672
1029.135132 42.932274
2178.208496 15.397189
8873.400391 25.725811
934.476318 41.486595
1339.724854 49.610554
971.328613 130.360794
2310.636230 93.196625
5028.245605 51.713028
428.409821 22.895107
67.840752 110.594925
9313.051758 130.022064
10802.556641 96.269455
14187.210938 33.720665
1265.157227 260.880737
1218.436157 107.201439
3990.291992 44.432957
387.672607 62.886261
599.391968 23.681166
1058.524902 40.523182
5904.783691 68.298531
10253.845703 68.744873
16772.054688 664.219055
29799.167969 434.911224
3392.170654 214.807144
11699.989258 71.449570
3492.879883 5.181496
3815.722168 2.037514
40275.164062 6.862032
80885.796875 14.776791
7951.635742 153.282776
15037.265625 104.501648
472.713959 57.162647
6851.262695 22.616470
199.079163 22.100853
1914.812622 11.977818
512.724854 1.520082
4319.270508 5.094157
29012.703125 7.841797
1277.636108 1.965347
6033.796875 11.311820
2275.295898 21.683874
4480.213867 33.912563
829.060669 41.624153
8450.760742 33.101295
10412.332031 16.215227
2126.154541 79.255547
5095.988281 30.032537
5351.180176 10.673466
3909.352539 17.551849
709.987854 27.082960
3105.515137 37.289307
2277.766357 32.529861
14282.000000 31.328661
5249.937012 153.151672
11215.566406 50.336178
2578.599121 5.477459
91.872444 7.605409
1286.607300 197.247833
2709.912109 203.095901
10027.896484 152.632141
13.187627 62.221436
3592.369141 672.699707
3439.505127 403.109833
506.483398 233.884247
473.710541 182.104126
540.887024 140.634552
1867.390381 180.114838
3271.006104 244.467712
1262.509521 269.188721
16729.984375 847.728210
3179.830078 614.732788
802.773071 366.049164
263.869568 194.244278
1390.206665 74.139442
2869.952393 64.943787
10120.927734 76.192596
3361.583252 82.555557
13546.136719 418.767120
1803.205078 330.196564
3537.349609 218.798828
1707.811157 125.151138
742.053040 142.159988
401.999542 122.790482
1387.662476 164.300476
8245.432617 224.480698
9851.786133 419.961182
1962.990356 420.239868
404.067780 339.942047
897.501465 227.181671
153.328934 91.341278
5504.333008 54.008011
6378.674316 16.700005
7922.971191 8.312585
7185.523926 15.998389
754.391846 42.633141
2109.590088 81.266090
859.543396 102.800171
158.908188 44.430191
5745.323242 63.303471
4832.190430 80.621338
4954.561523 86.312119
1162.985107 122.788788
9809.868164 83.891808
1029.786133 51.346951
91.595695 37.544075
74.886322 123.437164
3954.501953 130.480652
7315.960449 132.953247
2959.500977 108.976227
2559.826172 373.092468
1981.689819 289.156616
972.328125 200.228668
219.038391 141.349442
703.741821 321.076294
10077.172852 301.140747
5761.378906 296.164642
14597.483398 282.434326
6997.033691 624.644226
373.174713 559.539612
4480.932129 463.449219
36.478413 375.473083
589.054443 30.159071
1480.008301 15.726960
15964.610352 8.188364
1914.756592 13.649212
18195.578125 78.458611
11244.476562 66.993408
9401.137695 56.994415
606.014221 45.025639
2740.677734 83.482941
5702.217773 94.876945
7127.420898 107.649155
8482.719727 98.845520
10755.520508 448.052338
18216.587891 314.757355
321.258606 187.780624
910.132385 107.462952
3447.953613 60.987873
3620.816406 75.616272
1840.856323 90.051910
22679.916016 100.298935
2611.557373 16.434900
407.543091 26.534233
4735.575684 37.050922
1761.937744 48.182098
350.800629 11.196132
703.163208 24.394842
26630.558594 33.255150
14634.913086 30.801376
6542.319824 62.942291
4896.365723 35.128773
1900.824707 12.670383
652.450378 4.612986
1893.141235 30.877071
2078.504395 46.554146
20206.333984 53.800537
1058.439697 45.477158
12916.316406 141.417816
17449.541016 83.464264
2089.247559 39.950256
5449.343750 23.536301
3181.474609 76.121658
7140.772461 69.238976
216.563629 49.212601
8091.440918 27.167204
6268.129883 18.653305
10084.703125 25.977673
7983.508789 45.522678
3862.701660 66.236908
184.752762 22.160095
95.682152 9.399401
2126.614258 4.128644
10100.424805 4.240327
1142.561035 67.695709
2074.153320 68.874496
9082.057617 58.261536
70.656830 40.382504
829.159424 32.989441
4925.246094 29.541698
2120.759766 23.419228
1001.067688 17.655622
2515.061035 33.890835
1049.541016 30.865171
235.915558 31.286077
1731.237793 32.987984
2352.070312 35.115852
2187.349365 44.309616
10191.458008 41.685635
1193.232666 25.539000
6831.828613 108.084366
1531.153320 62.812840
1010.579834 33.443699
606.401978 26.552473
3413.855469 28.014812
1353.111572 21.711540
9724.176758 13.488830
15058.996094 14.960028
1914.553223 3.296054
22551.832031 1.362787
1086.876953 12.464760
3200.632812 24.550285
3857.099854 162.664017
3082.499023 145.664627
2690.067627 100.181953
10996.790039 48.399620
10416.103516 134.786316
10507.085938 113.956039
11008.938477 124.459732
655.981201 149.438934
234.056213 64.985840
849.429565 31.622326
6886.192383 32.093517
4035.210449 75.418190
19751.066406 58.202103
15787.296875 101.100342
12238.071289 120.485405
223.485336 104.315529
2832.355469 136.892715
3791.426758 125.256424
29361.982422 91.394470
3825.944824 45.244564
13420.202148 195.979477
4310.383789 154.515442
8075.619629 134.362244
3332.656494 133.805527
192.830093 52.453205
1036.630615 59.891926
7449.007812 69.108955
81090.835938 60.900284
5439.677734 280.694611
6294.417969 205.009888
2052.599609 124.907135
4230.610840 70.382164
234.310074 23.616619
1806.182739 7.930369
7795.937012 22.375183
44353.492188 57.002228
8175.680176 145.664185
786.522522 141.766113
2846.978027 110.322571
1475.986206 63.870316
2084.307861 28.578266
516.959717 42.073048
1173.218994 37.663158
17932.550781 16.556353
25659.302734 192.398499
5187.687012 95.233269
1487.585449 33.746067
4704.570312 16.761341
2160.657471 1.234147
2785.265869 1.325765
6655.860352 11.166828
1619.567139 33.455452
17179.064453 46.200680
913.103943 27.868010
181.369064 15.500525
1064.500366 6.784713
5619.620117 0.339086
2686.369385 2.117570
6626.932129 7.853312
4401.800293 20.759798
6545.651855 20.930426
11754.582031 7.327446
4562.401367 1.423287
1046.725220 0.030120
225.669189 24.875530
7150.524902 44.002838
3782.597900 71.962128
7212.108398 90.130783
5821.368652 106.258224
2809.250732 85.021881
1017.523926 52.415916
79.542557 27.770292
1533.049561 29.312180
224.225952 9.319033
2240.111816 0.357935
15767.299805 17.663748
12282.338867 1.195528
8582.632812 16.730547
184.532822 35.771568
1458.812256 41.549149
548.908386 83.340675
1712.191284 123.960365
1423.077026 147.531052
8901.656250 130.154144
4130.236816 268.822815
3309.650146 173.580231
4850.572266 94.568275
2104.686768 64.125984
2262.901611 3.973650
1344.650635 22.259647
3139.213867 59.522564
822.697266 96.564377
5339.378906 154.883911
908.577576 110.997139
215.030457 57.693863
95.042580 16.614134
2495.477539 46.229626
3964.604736 85.346771
22338.753906 102.298470
3184.924805 87.613983
1935.069824 230.670288
1235.646484 111.978592
3584.549072 34.743866
2980.615479 17.614334
756.211731 115.022057
1278.026489 165.323868
1261.652466 159.773163
33360.851562 102.289993
1689.678589 523.145874
5318.834961 255.799225
1130.295532 96.134071
291.026855 65.383194
654.932617 213.716858
299.740723 274.046906
8133.202637 333.195862
3341.609131 308.925598
4628.213867 1144.976318
8146.296875 806.013672
7957.627930 469.307281
809.353027 259.351440
2605.343994 46.113647
2574.129395 72.569016
18363.390625 112.496063
6121.683594 135.306503
2861.249023 516.497742
690.301392 340.267426
1179.456665 175.979904
1517.284912 73.156235
392.036469 153.157654
2193.807373 182.732681
3369.869385 205.045166
20769.707031 165.859909
86.073471 939.340759
4680.262207 648.296326
2164.681396 370.244019
658.172485 198.352859
2419.925781 211.984116
5310.995117 153.581528
1511.261108 180.937347
10605.624023 232.672180
10324.724609 768.506348
5326.879395 732.978027
608.867737 572.449402
1224.080811 368.574280
4190.264648 80.296356
6030.692871 53.347752
5144.295410 30.323948
10465.706055 20.614992
14193.517578 71.876656
5004.206543 91.336044
243.623795 103.092155
196.931915 99.470360
765.177063 117.754341
1410.992188 134.654984
10533.419922 118.272278
3863.839355 77.697777
8178.263672 100.238647
6793.759766 57.110886
4206.367676 52.737751
1326.868408 81.187462
308.691101 34.865311
134.553543 9.226772
1979.941772 2.719906
1211.058716 10.615729
14902.017578 119.798950
19475.669922 128.081451
674.836731 109.764900
3553.303467 73.357430
1190.613281 44.443935
2268.140137 44.572323
1335.419678 31.812660
3603.803467 14.482896
3462.792480 15.136089
59.275463 7.426826
2161.682617 15.524086
2776.502930 31.819710
763.501343 63.933407
1448.118164 66.837868
5689.566895 45.391441
23913.093750 15.582676
1144.619751 197.719559
8656.187500 97.920624
2547.782227 49.835655
83.435150 48.061592
23.884588 69.498680
6680.923828 54.769497
3621.337158 57.309048
7083.105957 56.365814
14795.030273 346.264343
19437.126953 283.968933
3439.722168 196.448868
555.377747 117.393158
338.477081 48.926071
1630.492065 46.314137
5571.308594 41.839722
6749.949219 50.007423
11864.514648 17.838537
2710.156738 10.291601
1345.967773 23.047276
3009.512207 40.340179
986.139160 71.481079
8585.167969 58.586430
368.356659 38.618126
10531.925781 18.406986
6209.166504 61.484982
11587.192383 64.684898
450.764435 70.658035
2456.866699 74.704170
384.246033 168.911041
3052.376953 169.054520
443.687927 137.469223
1397.515015 77.164711
3546.636230 349.753540
85.332306 248.634018
3069.468262 182.002716
1235.284668 161.802551
690.990967 101.569382
2314.845947 82.784920
157.898407 54.162663
2443.592041 20.384396
830.901428 446.240601
5650.298828 303.674591
1455.221191 192.476318
3352.168701 129.250244
2369.005127 393.177948
4053.361816 372.066162
7827.756836 320.682831
34711.875000 223.088913
1702.387451 718.119446
6131.048828 607.357483
1343.022705 495.603729
2849.475830 423.633301
1245.985352 159.144913
697.878113 174.017914
5305.972168 206.393158
14250.350586 204.582275
15634.021484 625.063538
16798.861328 498.256409
412.601501 335.996338
1157.509521 209.745453
337.198761 27.221428
6998.990234 42.313377
6963.897461 50.464378
31354.833984 36.001518
8309.317383 380.653198
10811.162109 232.216049
2491.758789 107.281898
2649.302734 39.302856
705.981995 89.051514
5801.436035 90.574142
1391.284180 111.960495
3846.396240 110.139076
4430.864258 588.169006
981.358093 448.824402
2330.043213 280.684448
1249.090820 149.162659
1454.125244 78.768951
2992.710205 55.116722
2489.070557 36.894234
11754.789062 38.636322
8027.123047 15.662652
8362.885742 48.155891
255.822144 78.360878
4709.781250 89.918564
2402.610107 84.762352
1055.180420 107.576859
5130.587402 94.099342
942.573730 49.555389
1439.874268 225.237885
371.687836 111.764404
1499.284424 52.247879
1549.511230 52.575371
1156.381226 28.710207
13669.406250 15.601373
3625.730469 17.356213
14917.827148 54.207893
5936.243164 9.567363
4690.910645 8.305843
3103.461182 24.279432
6876.445312 34.555988
43.931709 203.448608
860.645508 175.112411
6866.036133 127.126183
21212.732422 64.944313
4020.891113 608.165710
5045.568359 442.870636
2424.299316 312.047333
809.811401 237.463196
2027.517578 307.794220
1097.738281 262.838959
1836.818237 236.359711
2137.946533 210.178101
7062.990234 512.733826
2438.962646 509.979431
5098.264160 454.423859
3274.200439 376.734253
193.098877 230.222794
33.130230 171.196716
3784.754150 129.058701
25939.927734 111.875793
5467.605957 254.453094
1369.740112 302.820343
1317.054932 314.348877
2704.648682 285.631409
1437.205811 69.902328
3547.309814 54.391766
5857.462891 23.737719
34010.265625 5.799863
20727.642578 76.282188
4327.501465 37.649570
275.926178 40.244625
922.716064 60.479393
339.879639 56.314949
1205.353760 40.428349
14789.912109 38.651527
8035.733887 27.807735
23512.882812 527.084900
19303.509766 383.917389
9929.756836 231.237885
4831.031250 115.737579
3648.430420 74.720154
3447.609131 89.343956
1119.357056 129.555099
17230.949219 174.698181
35197.523438 122.714798
814.669617 133.295837
5495.495117 116.293640
4806.208008 88.830238
679.969116 66.212769
4725.182617 24.735853
189.795898 0.907518
7064.219238 24.114656
8504.558594 20.845747
313.886749 47.982651
3686.039062 81.681976
731.462769 91.054077
150.034821 272.716949
6577.534668 277.807281
2515.678467 233.328888
6672.880371 140.867401
886.754639 472.382690
9051.367188 350.099701
409.771057 271.820862
107.536797 254.649323
2455.234375 174.967316
1425.358887 163.762772
592.444031 171.382217
545.227905 162.160812
2594.337402 520.167969
9293.028320 448.736145
460.995972 335.711639
227.802231 232.806244
1261.948486 155.339539
5434.313477 147.261963
3411.074219 198.852814
15114.340820 245.178772
4243.561035 693.839355
831.056824 604.145691
1750.224365 430.822784
225.510666 257.336426
1498.092529 136.408508
1959.172119 73.443787
9505.129883 25.759163
15098.183594 27.468758
2526.791016 57.392464
9264.376953 112.953506
2629.906982 163.323242
963.595398 173.978745
1362.138916 707.401184
579.257019 649.572449
21159.232422 457.544067
47446.996094 216.596313
1049.729980 985.866028
4345.828613 716.797485
11601.896484 621.869507
939.217773 659.487549
1383.079834 641.673706
151.601212 538.258423
5374.646973 479.679321
10889.500000 393.565918
20109.394531 1591.458252
5324.562500 1426.913086
19626.919922 1136.256226
1740.345459 845.025635
28.531239 155.793121
2609.145996 116.093819
4566.324707 94.330193
9460.781250 78.160835
458.003265 339.229706
2682.145264 330.829407
362.143036 281.878418
2087.576416 215.483856
1697.391479 38.218998
914.953003 25.165844
2486.419922 36.613281
10942.153320 49.878632
11884.211914 282.207672
6690.183105 239.455673
1087.427734 163.709549
181.306961 87.440880
1140.780151 18.193087
3055.177979 12.976553
7676.190430 9.575326
5109.229492 5.653545
811.147461 107.415237
560.499329 78.893738
4686.788086 50.624886
470.676331 29.765987
675.770752 26.339521
20.499712 17.434967
3052.310547 14.027191
7640.581055 20.925728
2640.319336 14.426582
19481.375000 24.504406
2653.776855 32.611359
1902.407104 33.222504
272.240631 2.508733
4320.673340 1.057905
1684.421143 5.370955
5067.043945 12.171380
12020.007812 57.647552
711.102051 43.641808
383.798981 26.485453
569.149414 11.410293
2188.163818 102.811653
3816.189209 83.967278
8336.237305 50.872498
6305.327148 21.992102
13730.337891 88.144623
337.813171 77.358208
2461.318359 86.529167
397.539612 100.834930
3391.356201 300.113495
19940.093750 289.602417
943.304443 250.900162
12133.913086 171.057007
9825.558594 682.378052
1063.004639 532.115967
984.090149 399.638000
1281.145752 323.954834
1419.971069 226.661194
5008.851074 194.833664
1667.401123 139.632309
7321.645996 73.494308
11233.996094 299.931824
4990.581055 268.968628
5859.279297 249.225266
626.462830 239.674271
215.953461 6.188008
8938.325195 1.401722
10896.541992 0.873764
8784.232422 7.819701
22844.169922 203.270996
5821.480469 120.213394
10260.794922 57.435360
12679.886719 21.359154
4462.376465 18.671669
2195.396240 8.158276
2132.701172 4.124832
8120.740723 3.002793
2844.900391 169.855698
6236.237305 124.590652
4555.102051 77.919075
725.058044 41.128880
2439.289307 191.223999
1633.396729 178.961685
7144.750488 156.715942
4128.452148 131.893326
286.087219 162.796417
4083.811523 170.783875
7101.873535 182.158096
1021.748901 191.167465
168.066879 68.957138
2771.928223 61.910355
2110.955566 59.785046
31395.158203 51.126575
18103.802734 225.547348
4294.441895 185.773163
3559.515869 134.904129
871.011169 92.462784
642.479980 43.813332
1314.298096 40.818123
5329.087891 22.115273
5840.962891 2.689115
20304.593750 108.196480
4480.508301 51.120506
1500.257080 29.289883
4322.041992 33.891151
1174.649780 215.285782
298.926392 163.348846
9040.753906 76.955765
12109.873047 11.730441
330.280029 541.664185
1007.369263 348.206635
973.817505 253.560791
281.585205 229.663925
3520.348633 447.512207
2937.125732 431.338318
7137.644043 342.813110
5169.231445 180.630783
9025.727539 1417.345093
150.652985 975.209229
405.789124 641.128540
25.274719 480.746613
217.421875 617.784546
729.640625 552.095520
8896.658203 498.774353
3155.532715 411.329956
20319.359375 1101.071289
8169.277344 1040.337280
877.677612 891.878174
3655.757812 732.904602
1205.960693 287.773468
358.738922 256.554230
2293.492188 307.418030
3759.720703 357.423035
26301.761719 950.320251
9666.250000 871.977295
2031.137695 665.449402
933.642212 437.376678
30.806187 47.213814
2885.618164 45.692764
788.861267 60.871628
6779.394531 63.750763
12170.335938 389.093079
497.065125 297.292908
2468.846924 183.519989
123.129524 91.783981
992.371155 10.874908
149.407394 1.632501
5537.559082 5.490347
449.156677 14.394217
20449.132812 146.953247
7308.652344 117.653328
9866.694336 76.467392
3071.125977 37.132507
9244.978516 25.692432
4732.835938 33.919453
1254.098022 28.392376
7655.438477 11.520893
4891.177734 139.283783
1589.755615 69.881241
563.465576 27.467901
1444.501221 16.932514
1773.010498 83.678322
769.570740 81.493607
8260.433594 77.901810
3739.785889 65.438141
486.670593 143.554337
7873.665039 130.792038
2762.458984 110.014954
576.503540 92.397835
2326.592773 10.602811
3680.115723 6.876288
2219.712646 9.622321
13983.422852 12.612133
265.947449 83.633896
10562.311523 69.284981
786.717529 46.462036
299.513580 24.450346
1826.236572 34.609386
2892.297363 46.880375
814.090454 52.948971
2359.267578 41.280548
1351.449585 210.895081
4207.571289 136.155304
802.103394 71.493332
3171.371338 37.364079
1205.021362 65.382889
1487.276001 56.254635
160.403564 41.897434
8953.914062 35.006790
24910.804688 2.762653
694.586243 16.671877
8517.867188 40.478374
5624.556152 60.048023
1834.460327 116.932755
850.113647 83.815353
313.331055 59.885754
40113.925781 55.499344
14334.576172 110.710510
6952.747070 137.146469
5021.299805 151.014053
2434.569824 143.489685
463.152679 86.550827
431.380585 80.984337
10548.050781 72.146141
14763.445312 52.345421
14064.655273 217.829590
2375.393311 176.968658
158.705673 132.886017
358.187805 101.329193
655.894775 151.528427
1303.496826 108.559280
448.267273 54.502960
28767.083984 22.294094
11081.917969 48.201775
8421.327148 80.310158
5420.082520 127.768806
458.791809 158.647476
7553.436523 160.270966
3490.868652 99.190033
985.257019 46.500366
12941.700195 16.164406
6939.287109 501.753479
7647.726562 400.721466
4943.600098 306.497375
726.461182 227.484985
5498.229492 355.720154
11781.642578 309.684418
12984.716797 219.693588
15185.960938 105.760818
4458.036133 566.802795
1452.083618 467.570953
1924.045410 402.192993
5999.050781 374.309357
4097.367676 687.839844
1987.282837 623.611328
10130.333984 504.840881
9294.378906 319.575195
2603.097168 1445.258789
3318.674072 1172.395386
324.145416 923.010559
473.589050 765.105774
4222.080078 661.793274
4806.551758 496.331573
6837.988770 431.188995
10273.341797 401.122681
35246.058594 1515.205322
10472.500977 1477.672607
14389.677734 1247.738037
1714.421509 935.566345
2658.169189 179.885300
6089.786621 121.401459
13105.253906 73.937653
6455.395996 52.808064
3287.097168 133.827271
9256.399414 197.444809
406.734253 231.962555
946.270142 224.037323
189.870712 3.574327
2330.963867 5.766767
1982.944824 12.968941
10637.787109 26.470858
3858.061035 34.706024
14202.439453 19.703606
178.089783 10.140530
453.507355 5.086202
1247.423218 278.708740
2542.389160 223.566925
15708.941406 139.034470
4798.255371 63.493641
6851.009277 256.947540
17100.974609 247.650055
2312.425293 267.816650
2907.739258 288.864288
217.486298 235.727524
1457.440186 256.133636
1600.183472 292.041046
14123.238281 273.927551
18022.986328 906.102722
4387.865234 711.652039
1442.086792 477.021851
644.842407 301.988098
1946.693604 5.565737
5261.972656 0.750233
3107.405029 7.048285
3532.511475 34.292053
564.680908 70.814011
1597.869629 38.435642
1374.221924 21.940212
2040.230225 13.048024
10864.493164 101.200851
318.894806 106.198135
910.668762 112.967232
9290.907227 96.023735
3302.135742 406.444824
6114.523926 309.774780
351.299500 203.766861
697.268799 129.013504
4668.285156 153.055847
380.739929 112.201790
503.465424 85.397194
3878.110596 79.094154
263.749664 223.914734
4499.922852 233.909500
2197.026855 224.597702
369.472839 195.025574
1355.748901 156.310165
3677.493408 132.939255
7133.773438 97.278336
9964.857422 65.395317
44877.316406 65.395317
9964.857422 97.278336
7133.773438 132.939255
3677.493408 156.310165
8083.294434 1.039343
6563.214844 20.954258
1194.446289 60.416088
16502.853516 94.445259
61863.949219 158.655991
2255.764648 119.527763
2139.898926 62.842937
1738.509399 16.203182
3108.039062 124.865646
10957.882812 134.184494
16444.253906 93.148804
6325.878418 29.540878
10802.090820 389.753387
8269.971680 193.273560
3527.496826 96.121124
245.205963 91.551834
484.459839 136.605850
138.288925 161.170715
971.785645 191.526291
25388.289062 188.066040
3327.492676 492.199982
16514.425781 377.527954
725.813293 248.718628
3823.333008 160.367493
1109.582275 7.419665
885.575806 0.091218
1116.503906 9.939363
2400.366699 50.949692
2826.801758 62.308662
466.966095 33.966370
10625.003906 23.508366
1684.007935 17.041929
297.011932 100.333397
3699.676025 128.179565
5987.016602 123.771706
679.160095 86.819366
4077.596191 242.925049
717.995056 134.160706
1865.504395 72.755341
1315.488037 69.018799
2709.047119 129.175034
2736.365967 200.430847
11777.390625 250.474518
7922.483398 226.510498
21353.929688 780.393860
5655.546875 493.972534
721.137268 247.522766
1709.025269 123.740997
4649.356445 239.183319
3110.314941 237.275543
1094.384399 246.939011
17454.648438 214.578171
16463.242188 852.030762
19209.253906 678.802734
816.380493 470.328766
1382.396729 310.471741
1831.116455 115.738403
12777.212891 80.838142
27134.949219 93.772324
1421.276978 121.239349
13478.865234 429.356476
3474.971680 409.129578
4.757705 319.244598
532.655640 204.718170
359.001862 2.040254
1468.195557 1.519851
1145.456177 10.899079
34754.308594 20.118050
3426.927979 95.897285
1509.452637 77.080643
5036.292480 46.732594
145.426987 18.105310
2243.683594 28.768505
446.299072 34.577003
1993.160522 27.954124
1142.467407 13.519639
13226.733398 22.571432
4185.329590 4.925538
3337.816895 3.488572
2917.221924 14.867794
1338.953247 80.657562
2624.171143 98.013840
3357.389648 92.973289
3002.965576 62.164711
1842.489502 174.002655
2975.313477 107.980370
1263.434082 67.229065
2.396956 62.091335
1352.295166 17.128134
2388.234375 23.127716
2449.440674 14.354092
1698.277100 2.545199
5496.781250 187.673889
8560.210938 80.733376
4446.254883 21.165705
1158.265381 7.637288
28.037556 123.305397
3532.703369 88.775208
19102.386719 62.250427
4312.570801 32.944099
16516.582031 545.752014
3086.519043 420.277924
3993.554199 288.771790
1514.691162 186.079544
6011.684570 170.358200
540.892456 156.487579
188.743988 159.230377
18047.640625 158.294327
4491.439941 298.141174
2790.848145 298.446564
73.115059 260.074280
330.941528 208.740921
172.555176 39.798828
4854.600098 24.108284
558.142334 21.981808
11256.266602 39.789867
7765.268555 18.340282
867.107178 41.778984
2284.352539 56.760006
3770.402344 54.955925
220.414200 27.536415
590.614990 34.383640
4205.844727 35.463379
6105.613770 28.921175
13131.324219 24.511923
1297.976074 18.290115
1453.386353 16.038012
2049.006348 19.788536
3378.443848 84.799393
906.977905 90.187469
15140.212891 77.871178
6382.641113 48.252205
606.431824 225.424652
2671.539795 148.207062
2598.828125 96.341980
1577.074219 79.198776
1724.453735 114.712746
4726.173828 66.149391
725.722900 47.029354
5672.205566 43.687675
13860.550781 438.913452
24.646692 387.345032
3444.858643 296.230713
1161.951050 196.017761
147520.125000 147520.125000
147520.125000 147520.125000
0.000000 0.000000
0.000000 0.000000
0.000000 0.000000
0.000000 0.000000
0.000000 0.000000
0.000000 0.000000
