2788.601318 182.515045
1454.165527 322.059296
5151.495605 472.192627
37267.898438 590.047607
6320.075195 65.537506
12492.147461 42.766777
584.763000 42.915867
604.258484 85.973274
1325.197754 14.903291
2272.753174 89.952133
548.716553 341.188446
24120.460938 810.179871
5963.159180 395.431641
794.606689 185.626251
1506.080688 86.266220
261.121277 32.662155
560.310547 47.484398
1363.178101 83.114281
1820.344604 178.045349
1876.969971 338.236481
17513.244141 272.154846
10309.852539 161.349396
2351.162109 92.069420
1969.382568 54.450977
22.290184 112.180794
6250.671387 211.414459
15648.295898 399.184357
3010.929932 708.963623
1116.202759 122.000473
2349.727051 10.874117
3261.984863 7.846456
139.282120 51.319214
1035.112915 14.516491
2270.660400 27.994179
8644.078125 86.434235
27813.253906 256.396301
4193.886230 601.112000
2319.572266 253.671600
3217.653809 75.814110
595.410767 19.160254
1012.659363 35.322403
199.691071 39.295040
1344.738037 49.508877
196.813446 54.065430
9440.227539 282.680847
6219.222656 193.416199
152.545258 109.930115
1569.362183 55.276108
4074.840820 71.747688
1384.836670 125.884041
13852.541016 186.240768
2568.160645 237.125885
11907.800781 41.234997
4237.062500 25.672871
150.238434 21.408895
1898.151978 35.595451
769.276855 42.662617
2379.598877 71.592804
3301.228760 159.291321
41459.269531 326.208557
3512.451172 85.031242
746.861877 37.299877
986.223572 32.255428
737.245850 36.864170
863.763611 3.923868
1148.678833 2.366751
8115.792969 44.954773
8636.690430 167.599426
11019.272461 144.003143
2193.397949 53.490910
9041.312500 22.665897
560.724976 13.825745
814.140808 2.627127
5838.398926 5.552581
2391.476074 23.428278
8527.548828 75.175674
1119.274170 192.792465
5339.402832 86.045395
4489.891602 28.422279
114.899796 7.052830
113.901604 119.761757
2163.975098 241.470810
13323.976562 412.297211
12791.150391 585.355469
3912.335938 88.375732
2008.121216 75.203400
412.208099 59.304878
575.791382 63.979286
675.058655 2.491738
1432.411865 10.464828
202.966125 82.347343
12415.615234 256.150848
27416.777344 227.792542
220.023239 98.151215
141.100098 41.401382
1731.091797 17.227661
906.029236 108.533600
1153.330322 218.771851
13.457800 385.385040
4927.269531 583.688660
16790.667969 89.730431
1056.438843 52.459270
510.113403 40.212559
748.604370 54.173759
839.043884 125.182281
1890.820435 211.655243
6560.089844 385.274536
19600.824219 684.991943
34755.933594 127.337067
332.348450 23.574938
564.958740 26.770222
2493.340332 71.052818
6833.392578 28.315451
3378.180908 35.703697
608.150391 82.423271
5279.579102 244.267181
17478.462891 560.901855
7870.742188 225.641830
654.220764 67.365967
1025.855225 27.264700
1132.441895 91.262199
353.500122 100.274483
288.312988 137.065765
17584.740234 206.226318
8492.571289 356.601746
6951.700684 240.535797
1481.875610 157.131058
988.696350 108.893906
1302.362305 5.301981
440.400024 21.723131
3368.671631 78.119682
4218.079590 202.752029
1341.095459 202.752029
4218.079590 78.119682
3368.671631 21.723131
440.400024 5.301981
748.217224 37.590759
339.471832 97.118050
692.036499 167.023560
20126.839844 231.086487
77472.070312 102.005196
3905.316162 42.792351
948.776978 6.539951
6930.131836 4.345445
859.336548 0.421595
1002.686157 5.332682
5701.462402 36.447807
8810.980469 114.623756
4428.773438 200.335861
8432.016602 90.576233
321.391663 32.021397
279.229156 7.992057
121.350922 5.968915
1966.903320 6.739417
2009.331665 10.195226
248.377411 16.841705
1167.005981 42.194641
544.853210 26.398848
2498.104736 14.861249
157.978683 8.306841
519.435181 33.771729
2219.014160 60.067497
2692.369141 95.186523
1359.881714 133.610886
14500.640625 2.122972
2488.222168 1.827660
900.530273 6.949194
1338.811035 16.879253
553.276245 36.515507
3531.235352 95.741409
4491.130859 164.533096
2812.488525 205.221970
40406.875000 177.662079
548.827881 118.638794
2332.019043 53.553856
1208.871338 19.511532
2883.343262 54.785370
7292.206543 66.532417
2412.971680 69.985947
11595.801758 69.726227
1405.253052 91.531036
5151.598145 51.418968
2078.741699 35.177780
139.741028 40.174046
361.465546 30.107742
941.098755 21.258331
6846.776367 8.247795
45249.839844 1.970385
2979.132324 144.319778
3133.283691 84.693649
517.108398 49.717430
1778.435913 35.802406
477.456604 86.613373
630.305054 119.451614
5943.805664 202.858948
6408.383789 338.252991
9755.764648 9.388311
4300.835449 34.602077
3356.732422 63.556835
490.020905 77.729034
1024.768066 7.440276
12867.940430 14.901748
20540.140625 55.752846
8726.074219 136.333893
12234.566406 257.567047
6648.718262 150.140762
2355.956299 73.679810
583.820068 27.265110
2080.152588 10.416858
986.171997 8.808434
12199.888672 13.461946
10393.427734 25.988754
3400.094238 99.280334
3181.535400 63.442558
2191.237305 35.989342
2383.981689 18.780396
2947.511475 30.895248
1510.873901 64.280525
6447.603027 106.197189
18647.699219 143.148560
4330.105469 39.172485
2433.209717 26.453827
2451.561035 15.295193
693.119690 14.510589
1339.801270 17.307316
130.802948 49.418186
1161.729980 104.985336
6581.390625 173.625000
10158.978516 74.495888
2951.464355 45.431534
50.630650 22.146650
146.648514 10.110364
2890.751465 21.282066
4510.968750 61.226009
2647.087891 148.506409
5468.929199 291.943298
2859.939209 60.449829
4578.134277 14.323016
3528.778320 3.308802
149.246109 6.976449
2740.260498 22.083799
237.768356 9.555776
3404.807617 3.139823
10984.640625 27.383728
18287.585938 301.328705
3446.368164 158.409988
480.945221 73.941780
2289.109375 37.212654
239.412109 123.867874
360.422272 239.016327
5249.177734 418.855164
13160.240234 632.471008
13031.594727 21.605600
4298.409180 29.795246
1804.322998 44.926830
266.484680 68.231216
701.004822 11.350815
812.767029 15.261503
2512.703613 40.714264
10410.230469 127.862457
9683.422852 326.512329
11140.236328 134.988678
4.795322 40.341972
1158.520264 12.953065
820.013733 16.255516
1809.107544 42.023689
4325.212891 101.635414
1759.744507 205.271088
1307.473267 81.451172
6172.066406 29.209391
341.994232 10.272984
1456.930542 8.268990
1097.371704 16.384590
9113.133789 25.284950
40529.140625 50.117744
6685.544434 95.139282
20470.005859 150.982407
8041.435547 85.574471
410.635254 42.898479
4387.298340 21.414574
1221.357300 27.682987
619.383057 89.244888
583.307861 221.664078
5737.491699 417.120026
16183.543945 6.426261
3601.195801 3.085916
525.430542 9.468758
1267.404663 12.264071
903.232666 4.911595
2239.355469 11.352467
12136.898438 57.514961
4355.779297 175.391159
25101.107422 225.679932
21557.736328 95.434196
355.800293 34.278793
2328.906250 12.504148
1332.406006 5.267302
312.521973 11.399798
5612.866211 30.371796
8671.865234 70.027679
2685.260010 80.543335
1108.291626 36.401253
3957.707031 13.952990
1041.798828 5.883448
2693.854492 3.928170
3795.096680 10.296600
1104.135254 33.345821
11305.865234 81.659363
3067.083496 20.682648
3857.508301 2.667744
1001.043701 0.545518
67.406754 2.546501
2230.678711 17.585922
2349.463379 29.823959
3559.497070 59.683914
9132.935547 112.185745
12974.879883 97.305550
2533.113525 51.937824
2958.364014 27.138092
3570.555908 17.115955
229.684494 7.377209
105.148506 3.179914
2846.053467 3.509666
10844.924805 24.904837
17125.824219 75.001999
3118.742188 26.733234
770.506653 8.854591
278.566559 7.499327
296.637756 30.142841
4235.506348 50.301922
8946.203125 79.084381
5941.455078 108.683609
4113.494629 9.209582
1836.745361 14.188022
2082.296143 16.877943
700.135132 20.294622
205.877960 28.524746
1767.861450 30.968742
574.839844 37.291599
19147.873047 52.567581
4080.862305 12.011561
290.395905 10.837011
1763.029663 17.346306
2072.866943 24.511606
2212.223633 28.051926
616.495178 50.483135
9246.261719 95.344383
4884.761230 166.112823
33998.703125 91.942924
5739.890625 47.851627
6901.845215 26.617594
1526.816406 21.166761
818.949707 44.054520
1188.786499 120.076088
3739.119873 253.088226
15552.764648 449.344727
34377.441406 158.263641
6860.314941 51.153751
6469.023438 8.075083
2395.157227 9.082150
12.447656 4.657326
193.921265 1.665073
11.473841 10.168666
9926.511719 38.858070
11669.110352 272.984253
10546.636719 152.651001
740.442871 68.230095
321.997772 22.589283
210.467545 11.789009
2579.147461 13.221580
16438.277344 15.289485
10802.291016 21.007336
17211.714844 13.470355
4788.793457 6.871688
451.098419 6.559735
1833.135864 9.252563
410.991180 25.185326
395.797455 34.878334
3970.632812 42.997322
3630.503174 47.884396
29235.871094 3.587511
4233.507324 4.479986
1266.645508 8.648747
870.259583 15.881009
2444.573486 30.687847
3048.382568 59.441692
4097.449219 128.373856
7675.534668 250.680710
1293.431641 84.124138
11469.386719 32.683895
2851.632080 18.777529
27.357237 20.831524
736.943359 0.567311
4969.266113 15.297170
11964.617188 56.707527
18474.037109 126.007607
6207.703125 185.850418
4678.092773 103.164230
152.417206 44.152039
1980.051025 10.284258
291.831390 63.744408
668.681152 116.708214
310.798218 180.093475
6336.796387 229.190994
5774.524414 65.081741
12837.901367 53.431664
4908.475586 38.449230
1102.734863 37.474789
1465.044434 19.324051
6072.191895 12.927903
6861.591797 3.111256
7652.841797 2.844628
8074.710938 223.347702
2632.224609 119.371307
6873.627930 54.467888
457.021301 27.042347
343.964722 113.866753
3007.103516 204.026459
1346.844727 302.929504
5124.464844 381.917694
475.753479 1.267045
6434.947754 5.180906
591.887207 17.837387
2261.872070 50.910843
334.937897 144.733429
3862.954590 238.356812
853.409241 331.439117
22796.837891 409.715637
4060.277832 185.613266
3195.154785 91.577667
1924.635620 52.579521
97.174744 74.649689
4786.650391 26.040865
1484.077515 43.989761
3218.655518 100.513565
9194.601562 246.725006
2728.528564 326.707672
10163.107422 119.136314
391.495239 31.280663
2434.759033 16.797993
3623.800049 156.355042
801.302612 265.178864
1581.883057 384.728271
23455.636719 450.489655
1679.909790 244.503708
151.303223 199.057877
7773.496094 135.470047
1251.738281 109.734024
523.508118 62.552639
237.845978 220.571869
551.892151 504.973816
9926.863281 898.524597
10978.736328 240.885696
1378.704712 95.668274
2514.809570 22.879519
327.403442 7.536963
1227.760620 13.333459
706.365906 60.330276
5331.928223 212.074326
23146.656250 504.900787
9854.211914 335.903900
2299.495117 148.698334
705.284668 58.841049
2295.692139 20.575148
840.675903 39.922161
903.468140 57.185898
7536.284668 77.826523
17446.505859 124.957184
10950.306641 306.939026
2701.883301 138.733276
1256.942017 50.132938
1468.956543 28.371033
1028.714233 14.176224
590.963989 52.964878
2994.010254 97.356628
35835.828125 120.507202
1941.797119 266.131958
8567.125000 161.352280
2091.527344 65.317932
1318.601074 12.735322
123.479416 43.614571
2288.573975 151.385391
1193.642090 320.615265
20929.697266 500.906494
1306.355713 47.281910
2228.314697 46.000130
723.573059 24.121639
7.628660 9.611258
3387.115723 43.045464
3841.691895 96.031181
27892.392578 235.005493
21941.435547 500.161499
6865.209961 134.460205
14715.123047 24.582851
3556.689453 6.368890
13.606449 21.240587
438.140625 91.106430
12854.707031 86.944168
39787.929688 65.316605
17276.125000 52.640396
2425.845459 432.697266
2666.592285 237.768280
8062.708496 125.592834
917.224854 90.124603
1278.677368 207.950119
3816.780273 328.779480
121.271912 532.376709
10944.722656 746.336060
7201.357422 205.753464
21279.716797 239.758331
10844.336914 217.979874
2545.979736 185.143188
415.632416 22.998745
3394.190430 6.398477
7177.713379 41.473145
14430.656250 214.189880
31021.511719 358.826172
8739.242188 125.077858
474.855896 42.310562
1565.281128 31.817909
588.558044 23.535105
476.641022 19.269554
2998.009521 13.456351
1536.127319 7.799159
6187.419434 183.316315
1547.214600 114.985481
2394.457031 62.936653
129.216888 34.275143
325.290192 85.617477
594.905518 94.073143
257.021667 137.746552
26083.966797 206.634644
12122.307617 102.090912
10740.800781 121.549309
1977.050049 120.291626
4601.915039 101.863586
1799.006470 47.981789
2099.232422 140.379456
3861.324219 311.698425
541.622009 585.148682
2983.383789 263.818176
3632.533691 81.222252
2684.764160 7.825706
459.201080 5.510646
87.763962 93.954315
6323.089844 112.747261
1960.652588 170.944382
8878.699219 281.474823
3838.783936 542.344421
3742.112793 330.120728
3159.314453 187.409744
858.556641 114.148712
1674.840698 5.072036
352.668152 0.283853
4288.213379 4.425738
1297.181763 35.609016
9074.190430 270.433075
8922.052734 137.070587
3495.853027 54.942242
2460.831543 17.809361
2163.245361 20.185532
3479.931641 42.662247
1370.405151 76.044357
4721.111328 112.889832
3717.310303 7.620399
468.502441 7.248808
254.905060 7.151460
3449.930176 9.703065
392.533875 64.657730
6496.172852 137.110214
5535.413086 254.491684
6293.168945 405.830444
1807.537231 51.112053
2294.585449 23.336386
344.002960 18.230484
1013.812317 29.673174
1196.585571 62.630428
5776.942871 133.392731
6521.259766 233.743225
56212.804688 348.576111
5791.033203 141.716171
3713.208496 73.401077
5166.200684 33.939491
723.995728 29.167393
486.682098 53.277870
5.906223 144.419388
5771.386719 351.202881
551.389526 723.492554
6278.176758 285.487732
11063.390625 76.020950
2620.025635 9.714936
4677.628418 15.319689
500.290741 55.244518
2904.848877 29.002930
391.588013 21.577297
9981.754883 65.171295
906.831848 601.139282
1479.635620 352.176636
8694.333984 186.604950
277.585785 98.557785
1850.370483 154.961777
1686.386353 266.048950
6177.312500 431.981171
34718.007812 622.409607
188.976715 29.219727
10572.517578 45.432625
195.219467 67.258537
241.014374 96.462112
1886.400635 51.250095
1054.463135 99.406860
194.210419 216.600922
6505.455078 410.439026
13166.607422 290.958282
2376.649170 163.369843
3589.075928 88.416855
77.359344 52.061722
3383.055176 5.253569
5275.321289 30.165915
4147.457031 113.894600
1309.564331 280.920349
439.405701 162.077576
10052.559570 62.659157
3668.187500 21.253296
1236.704346 6.936108
2492.243652 5.461718
221.069336 7.311024
5521.858398 22.088554
2840.518555 63.508579
678.319702 188.880951
314.720703 93.208389
2845.562988 36.847958
1706.658569 12.416013
397.765869 53.389408
4526.467773 144.754913
7131.075195 310.214630
5447.450195 529.308289
3237.090332 17.095367
2991.742188 10.585585
2560.207764 13.385974
952.168335 20.340710
1767.596680 21.060476
2007.150879 37.166389
26516.599609 88.774040
7282.416016 224.613312
3369.735107 212.803696
18853.691406 56.395298
349.814545 4.093057
396.512695 7.272860
1602.982300 41.424023
5454.267090 72.390030
18235.707031 129.233109
1419.815186 231.905060
36997.300781 236.601105
4356.284668 102.757889
1037.320068 39.124401
3776.417969 26.782684
386.551239 104.668213
2588.869873 125.772911
2386.786133 167.796860
14350.623047 191.655304
15663.191406 381.344238
43751.144531 312.215698
3243.676758 213.887726
1109.253906 134.016968
2824.609131 27.424286
3451.461670 118.025185
1685.471680 330.080170
10804.582031 677.666504
4312.737793 105.079979
1584.606689 22.514620
551.362061 3.469217
85.581573 4.482493
680.360168 0.536767
3062.083008 3.303157
191.466339 30.021330
2174.554688 114.733582
14985.404297 316.966339
8292.933594 137.023361
654.515747 41.843559
379.562225 7.807290
1866.663818 21.644039
140.839050 44.695000
1555.212524 111.056671
10795.583984 242.962006
2522.670898 59.760780
7460.547852 8.560204
5746.015137 3.218224
198.712921 12.212245
1145.523560 8.495582
2512.227539 32.058945
3354.514648 79.654335
3163.080078 169.430481
12229.648438 409.892548
2833.656738 196.206543
341.952301 65.290405
1607.888428 11.680220
1146.847656 33.221695
2113.227783 38.600552
3869.046875 65.718681
7283.666992 119.588272
2458.157471 245.997147
1395.360352 152.477921
2916.512939 86.136093
10.242411 47.930824
34.130524 105.813606
1320.817383 170.444031
15309.402344 250.518448
9456.457031 329.835663
3248.073730 239.462555
5734.699219 147.691010
4680.079102 88.331795
2802.967529 74.432037
1894.906250 242.224701
795.345154 498.326843
10127.484375 931.961121
1581.725464 1549.322998
2439.817871 150.272491
1177.841309 11.275563
488.169464 18.856028
459.042664 99.647995
106.416748 40.846752
2230.079590 0.137845
2316.860840 98.807739
1889.018555 470.886536
6882.442383 1021.141174
13377.073242 507.368042
1700.141602 243.507202
1688.606567 120.677307
1431.088257 51.030102
302.928650 79.321556
2604.455078 130.472458
16965.943359 191.329529
2342.290283 250.980896
7944.632324 168.037277
1512.914795 97.770699
1173.379395 56.244633
742.158569 58.869843
9375.551758 58.695377
8842.095703 48.531055
10148.106445 30.870239
70.962090 41.840057
2417.486328 39.880379
457.997375 43.735294
242.717133 51.871998
786.757751 193.412430
3289.394043 358.770111
19649.304688 555.710999
8111.416504 701.492798
19182.148438 160.551910
4748.731445 148.468750
7837.621094 112.917549
2825.219482 112.070679
1645.219727 127.129860
1737.493774 159.843842
12357.382812 225.269318
50444.648438 413.048584
8604.814453 447.015137
2511.390137 151.947098
1933.686401 58.628319
574.979431 81.663078
993.514465 12.107401
1340.623657 14.173031
3047.296143 70.555000
14952.582031 187.410263
20801.402344 300.941284
207.985474 194.462936
1388.470581 111.111534
2235.499512 48.835999
3443.594238 2.095739
4598.615234 7.253528
14019.655273 27.484531
6525.928223 44.681911
28086.751953 145.615982
17526.886719 114.819000
8511.617188 66.512016
792.479675 23.076248
1440.593506 48.899723
5872.361328 89.612015
34664.093750 156.205154
6988.375000 241.880234
8635.534180 55.883484
6807.285645 35.297569
535.566284 27.629883
1576.536133 30.708384
49.250580 52.964836
1082.318237 146.146759
556.884644 340.122772
4306.637207 652.689575
22964.732422 152.541138
6872.775391 40.310879
5521.754395 9.331662
2983.994629 16.991898
1268.416504 20.883972
1912.760498 15.633613
1730.754150 84.171906
3312.073486 283.844452
4808.568359 334.785614
7252.308105 155.895355
1604.205322 78.151886
2966.910645 45.611000
438.252441 66.587776
1417.183228 126.256546
2782.919434 229.186005
14508.635742 368.486084
12492.794922 92.426613
271.358429 53.673363
2054.968018 38.909534
1734.391724 41.602985
2654.603760 70.147926
500.729858 147.496292
3147.091309 301.858978
19858.701172 544.652954
2818.455078 59.706406
451.798248 8.422304
2320.308350 11.610552
308.861847 33.868439
1254.798584 40.999939
4270.269531 31.373123
3969.876465 14.057215
1282.356812 46.343960
5956.019043 473.834625
362.355072 202.223328
38.060310 67.993599
353.598083 36.925003
2313.777344 180.692719
5491.425781 313.617279
12966.695312 494.154358
45656.246094 656.219543
10355.310547 119.591560
1288.887573 136.747833
1503.790771 124.680161
333.579407 123.825089
454.904755 27.787514
1712.635986 73.134850
2058.122070 225.463104
6119.737305 515.925293
7489.056152 209.551590
2980.579590 94.499130
6982.312012 51.479279
839.132141 32.697750
584.365479 59.453728
76.432144 84.987625
2053.437500 150.709442
12487.916992 271.035095
4707.674805 223.987091
1228.377930 125.858879
9863.002930 76.071815
336.685791 57.784103
700.261963 12.287945
598.609985 2.988304
5096.949707 2.662191
5027.368164 10.720789
19781.722656 348.469391
3917.668457 218.459839
864.911438 111.109566
556.713745 43.400238
624.498657 30.641376
2739.610840 39.059010
6713.081055 59.138939
15995.556641 85.236984
1699.890381 45.516697
1417.525757 45.627274
1757.798096 40.341480
498.939728 33.051178
1510.907959 40.049046
2066.295898 105.085587
6980.128418 204.069229
12448.636719 321.099457
13611.876953 55.190647
17812.335938 24.310606
4055.235107 8.329386
1983.512329 10.511174
837.075989 17.600883
608.834106 13.238364
12343.237305 20.341688
55488.441406 54.898911
9834.123047 220.842621
1932.698975 118.717224
1737.145630 57.336040
150.382614 28.974400
1831.237427 38.699440
2559.789062 86.633896
3405.561035 151.031631
5483.461914 220.114792
30509.589844 17.848173
5050.338867 4.244079
744.498047 1.177958
3678.665771 11.090478
2399.200439 10.076823
1033.090454 3.389171
3379.764160 13.374290
17691.513672 75.747498
611.235474 107.627129
10950.974609 25.793997
3530.187012 4.217936
384.011719 8.948263
411.994324 18.655302
5681.844238 11.846811
1620.777954 4.737677
9301.757812 0.716634
9485.907227 43.994244
3050.164062 34.683659
436.648102 28.407690
1902.299561 23.815367
982.425903 61.177334
47.190170 67.296555
4263.205566 89.912888
179.291718 132.978989
6039.323730 11.914562
2726.784424 29.933702
925.889648 49.033199
647.273132 58.909592
127.623322 13.580618
1751.982178 0.939851
24259.806641 9.699161
98.191711 57.153568
697.666748 150.482208
123.852951 89.356491
3150.594727 54.439880
163.432190 32.419540
82.365501 44.105370
1056.015381 129.399963
1497.144531 281.462830
4791.711914 463.684967
8546.518555 38.932915
3854.277344 46.482681
1311.902588 36.371361
2306.076172 23.597025
1323.515015 8.974207
1979.409058 2.054144
5554.985840 4.693159
10137.368164 30.827686
3215.140625 276.336731
10363.726562 151.239838
3780.062988 68.478348
186.122330 26.313871
159.796021 47.820461
1330.250977 78.348923
29902.191406 119.354149
8331.842773 163.230591
17901.097656 1.303677
461.236938 7.208145
837.888855 16.266397
1374.841553 28.462219
472.958008 2.674466
1144.886963 18.788723
4198.521484 53.138020
10111.405273 95.537025
52705.367188 124.927292
1466.078979 81.210869
215.189957 39.160889
1618.258301 10.135041
2104.440430 1.708636
1984.935913 8.854506
7471.193848 33.271515
4417.705566 78.202263
8751.091797 11.388950
6951.823730 4.322773
270.302094 3.673746
820.936523 2.580811
1086.139893 7.478859
1550.074829 23.938007
2087.967773 64.669983
17179.425781 132.362503
2289.820557 16.440437
3682.854736 4.710459
49.297085 3.468428
181.467255 4.014616
1555.603027 10.688392
3646.827637 20.581581
6725.066406 33.563156
33655.320312 57.926575
5670.443359 147.684555
1060.275513 66.643768
38.341358 20.688662
1692.192139 6.545684
1309.255859 11.144334
3718.475342 43.790413
878.621155 108.830498
7824.976562 209.353333
6317.702148 75.304367
6597.625977 26.579544
8269.046875 4.885151
329.086334 0.533394
5297.660645 93.217712
268.437286 143.833359
1489.273438 210.682220
14113.895508 255.374237
2037.101685 193.543823
12144.710938 166.144302
2090.454590 118.103638
570.829102 84.948410
554.754578 27.617531
392.712891 46.816002
3413.520752 108.762032
4436.029785 241.350037
45250.234375 282.746155
2378.458496 132.322739
1519.062012 56.660675
1578.285278 29.953627
407.091217 4.754443
378.222809 18.734875
1350.398438 54.383274
4958.275391 129.803848
21983.691406 141.878784
5286.354492 51.573586
0.510082 10.185623
1659.467041 0.484400
1297.160522 34.575432
1137.953857 50.382851
8003.108887 81.554779
11422.445312 131.847916
986.076965 79.675819
565.722290 46.276291
1180.937988 31.388023
896.420654 28.775261
3083.460449 37.425812
5961.284180 136.904816
4514.353516 356.413147
37732.671875 701.182739
2591.984863 83.357964
522.954773 18.274305
103.738701 5.897943
1152.464844 9.463169
265.956451 16.727715
10999.701172 14.627065
16941.429688 30.090656
18644.300781 86.083237
6315.495117 335.641876
8901.395508 173.493301
3019.814453 75.587044
1919.928467 31.509361
4854.940918 13.478826
16951.859375 9.534486
30277.964844 5.676158
13384.686523 5.392356
19758.085938 1.394774
19997.794922 5.361151
978.389648 10.896043
4878.276855 14.255696
814.358521 3.493735
6387.553711 18.135361
15428.868164 40.658630
40367.328125 61.777145
15684.484375 18.119202
8138.908691 15.378122
723.681763 7.242674
2994.010254 0.808838
2786.879883 3.158880
1281.033691 21.936642
3523.831787 68.743454
10722.103516 140.132721
58290.687500 1.181633
41809.914062 3.480763
9199.035156 5.195680
1500.382446 2.385954
152.213348 38.034111
3253.572754 88.296005
5287.841309 175.072372
4279.909180 289.758392
2155.819336 31.284828
996.642212 15.432359
3226.560303 12.047831
609.554382 17.040390
276.211395 28.589996
2602.827637 123.662354
7097.829102 338.538727
7457.659668 664.170166
6982.255859 36.806087
1058.146240 14.946579
2119.946045 13.950265
1748.659790 10.304790
339.725067 6.885174
748.719055 0.936385
2366.216553 11.746910
7184.802734 77.952362
533.857361 275.935303
1122.752197 114.447166
2035.987427 36.244984
862.999390 12.952911
719.190430 35.431347
981.419861 62.643925
69.965324 115.810928
10675.171875 202.876984
11055.488281 51.519577
4201.486816 18.114712
1646.535400 13.023691
2443.133057 20.982794
2005.419678 22.322100
2533.234131 42.765186
2007.292114 49.982262
575.735107 60.288162
1585.177856 330.692169
4118.642090 142.526382
746.255188 34.695965
12.332180 6.203580
942.290283 36.858185
1900.191040 49.236145
2368.332031 83.251114
27883.476562 117.617783
321.448792 126.482193
2888.361084 120.138481
2839.505615 88.904663
269.961731 53.642578
1563.321289 0.850175
486.844055 3.622918
1289.605957 16.719950
15680.551758 45.246735
2215.888428 23.246418
1119.453613 8.434885
5090.795898 3.388155
2483.341553 1.775179
405.274353 115.274223
1567.595947 175.621857
1742.806519 254.254044
9221.865234 354.534241
522.492065 22.381397
1500.346558 4.277082
1315.245972 24.757242
433.502136 65.369598
995.895874 2.790824
178.067276 34.082504
2758.914551 146.068405
23304.339844 379.251221
7959.301758 453.620056
524.475220 207.246277
1669.047607 74.004501
1266.746460 16.627941
1474.026367 172.664795
1172.754639 222.752762
7841.138184 303.505615
5068.996582 395.049866
12473.373047 278.683594
886.482117 228.484985
596.081787 184.709900
161.457275 161.602509
1874.760376 29.658585
1824.818237 23.286047
4350.126953 19.334427
8654.697266 28.910711
5259.066895 340.945557
4668.026855 196.646393
4001.104492 97.158463
1921.598145 47.122536
889.314575 78.478851
7516.129883 108.557709
9991.462891 125.193481
12230.465820 123.786682
2872.988281 6.530828
235.917633 5.766888
3317.202881 18.520189
230.116730 44.915989
2135.814453 100.870102
91.773903 114.010445
6218.713867 113.006912
32855.359375 101.903633
14598.785156 101.584923
1425.256348 73.178589
137.426270 67.167870
2202.707275 80.576607
11.748449 19.478718
834.011841 21.507923
1401.070312 10.725895
878.592041 2.422089
42376.187500 136.221970
8599.020508 52.318810
1879.735229 12.561767
2838.469238 9.355520
1232.871460 13.545391
1041.793457 17.781012
394.405640 43.905643
24148.044922 98.526779
1810.337402 0.862242
2734.897461 3.875995
2834.353027 12.904850
1690.743652 15.989494
195.547134 6.870985
603.829041 5.619448
2481.335205 6.960852
396.371216 6.392894
19502.576172 76.923843
2884.629639 56.378956
1451.831055 33.333706
1061.261963 15.594596
253.183151 24.127050
147.891083 51.207474
2348.570801 83.422653
17733.568359 113.395782
12288.231445 10.300385
739.073608 2.290750
920.423035 0.202405
594.447266 6.825639
298.362854 18.829500
952.915161 8.751267
9294.607422 3.610275
17039.705078 18.328932
3057.974365 59.716858
1021.412476 31.980175
284.137573 24.272293
19.459396 23.626940
509.096497 32.787884
2066.859131 27.151087
5439.276367 23.602346
3418.525879 29.319752
5757.069336 0.897712
3385.098633 10.575692
9045.898438 24.107351
2018.479980 32.794777
1225.875854 33.225418
2021.885010 26.480431
5684.433105 86.434402
12204.558594 220.052979
36366.671875 23.741405
6201.517578 61.552917
178.961578 82.240761
2352.573975 66.562180
1090.974976 65.682999
280.705627 66.301277
1305.851807 81.262550
2031.119385 96.434708
14224.370117 131.135406
5619.793945 132.316223
3332.818848 111.478867
564.950928 83.650009
1469.376099 38.865738
1874.566406 63.425209
18241.863281 137.508560
13822.108398 247.244720
6167.113770 36.757401
5763.496582 61.462467
2805.858398 64.978516
677.599915 49.362923
1361.659424 11.164629
21743.398438 32.528938
6771.838379 86.693855
3602.362305 186.407166
7712.914062 153.863647
1945.357422 68.038673
2738.368652 24.632751
71.927330 9.260122
479.121490 57.259495
6133.231934 95.448761
17086.816406 129.396820
24751.638672 144.097595
39395.253906 168.389679
21694.597656 101.211502
7079.116699 51.670143
209.902054 37.145737
9107.378906 1.316477
6540.169922 2.917174
14876.968750 22.029774
405.846313 63.434158
27505.304688 86.692200
13913.496094 50.361271
2809.315186 26.253031
5513.046387 10.348145
1172.291870 7.320063
5999.293945 13.167786
4832.165527 19.304337
1786.528931 23.704498
477.977600 0.851278
3077.452637 0.847572
702.144836 1.304457
866.654541 3.243362
1673.134399 0.855275
562.201904 1.116250
21944.250000 4.707911
15220.786133 8.863148
8657.247070 29.004265
4431.139160 22.734661
5733.389648 13.648159
377.270752 5.348413
2087.340332 14.559738
4438.714844 15.868547
3032.479980 21.926466
16695.779297 45.238506
2294.152100 31.649754
503.898590 5.948925
1824.542969 2.913089
4055.636719 9.577168
295.898651 38.513081
101.802505 61.405750
1346.404907 97.003174
9067.465820 125.762520
4953.027832 114.379608
11418.835938 95.199600
42.077309 64.213318
14.106688 40.261551
449.645905 5.904557
6057.217285 17.256062
4458.867676 60.415253
210.810425 152.407593
15833.492188 45.015923
4006.287109 7.360091
784.666016 1.232415
760.042358 3.969707
469.425751 17.865599
1693.918579 31.728455
20512.275391 56.795517
25200.863281 97.931053
1749.134766 146.448456
4492.629395 74.822762
1607.612061 31.958513
478.399750 15.700975
1153.607544 25.895866
6850.202637 74.124474
6689.108887 171.639771
6627.759766 319.102020
25709.644531 57.499397
4573.795410 19.827719
1665.895264 8.466582
214.618149 9.639542
656.121399 43.192497
1173.486450 134.706085
8940.329102 336.431671
14778.923828 658.630432
11855.458984 108.487228
13541.076172 29.975307
1834.721558 11.728213
0.788679 15.551973
893.630615 0.181271
367.573029 16.590260
802.599487 99.635124
1029.420898 297.321930
26962.746094 294.818634
2532.954346 112.132614
2402.607910 32.417358
842.139648 7.159868
523.628784 39.820213
2608.893555 81.554100
4539.610352 177.853531
10874.621094 342.996826
1573.863159 217.330643
2993.310303 104.862320
1273.643311 49.937096
1410.359497 31.977825
93.237160 27.620838
3341.229248 71.130173
3588.116699 185.232910
2768.194580 415.142303
642.807495 194.356827
2187.445312 45.254215
2292.320312 1.734536
91.426895 7.839058
173.286026 31.945023
210.534805 73.162354
1112.395630 106.298553
24799.316406 135.975266
10211.363281 328.882965
2117.052246 145.061447
4299.872070 35.252007
2270.242920 6.505898
2441.408447 48.897846
3725.074219 45.333931
11015.879883 32.790596
19776.035156 13.066972
7202.441406 208.575180
3074.924805 135.221573
1739.092896 81.397804
706.629333 55.408524
1400.951660 25.685987
3348.188965 37.741066
1632.011719 98.154480
4928.369141 229.889343
4640.895508 20.838215
8368.055664 1.512035
2527.253418 14.376709
115.140892 25.313179
1819.531982 32.092274
1238.745972 19.964668
1810.693604 13.675600
1632.546509 9.030940
1999.600342 176.776337
7948.303711 136.644226
4934.158691 92.290756
355.371429 55.620010
2517.956787 20.217388
3350.010742 58.633720
6811.281738 123.157837
11240.970703 204.211380
2811.210449 5.424608
4580.813477 1.173342
469.686340 0.926337
24.218542 4.476266
156.268036 32.839550
2165.255859 89.061752
1174.761230 199.178497
10663.511719 368.490173
8268.708984 103.290573
885.754333 35.703369
5009.424316 11.205748
892.538086 11.462681
415.084961 72.903000
947.611023 63.963402
2613.966309 44.352806
25216.884766 19.036169
12837.720703 183.967896
10879.961914 131.426376
587.192566 95.168259
702.155945 78.734131
57.630161 2.030913
2697.628174 7.530930
5328.061035 22.000793
6758.322754 49.720394
11075.134766 78.224228
2180.583740 37.755367
320.157928 13.757009
378.803894 3.399888
177.784576 112.355209
2660.872070 158.231293
103.362999 222.346771
23576.001953 288.647339
6379.991211 37.369659
1520.545898 57.095840
239.785370 72.244804
265.918365 86.803635
1265.391968 10.825357
5220.702637 49.369167
12559.677734 148.084106
12913.369141 323.713440
18268.638672 238.894821
1086.413696 107.150764
852.879639 37.857716
3321.654785 9.793231
911.625549 13.240402
2658.545898 51.641006
1547.872803 119.752403
10355.619141 215.959839
6416.868652 97.223404
2687.895752 39.717468
720.134277 8.711012
2390.199463 0.169895
995.402405 50.301765
5651.654297 132.229187
6240.304199 306.416443
6338.716797 577.245056
9143.118164 92.557983
7004.873047 33.214729
512.314453 20.099667
791.801514 24.309557
711.889587 17.254961
10349.554688 31.465593
15395.101562 94.948875
20593.726562 239.376022
341.927917 449.511017
3886.009521 225.289383
1027.343750 94.109726
361.169434 34.606720
2281.053955 36.689976
4311.488281 77.783066
701.445312 166.678986
22897.787109 315.425140
41787.085938 156.124084
3877.836914 69.197533
3535.095703 31.860104
2605.463867 24.215097
942.137451 15.169766
553.404419 13.576006
6275.268555 18.170897
17625.273438 55.439163
13814.611328 203.243286
3518.142822 85.373863
339.271240 28.767498
3041.950684 14.857761
237.202667 76.651131
3046.644043 122.531784
11056.553711 164.760223
530.986450 183.253052
12093.265625 50.278069
4184.067383 42.918560
5138.710938 36.460457
2014.733154 45.541428
266.430664 7.853685
2418.491943 0.612190
4553.385254 28.488148
917.349854 114.705818
7946.649414 84.264687
610.429810 42.122013
1780.897583 29.892063
146.768677 21.968576
2158.048340 109.177361
1966.942383 170.119537
1578.693604 236.646637
31044.162109 291.018433
3013.145508 10.449203
9881.482422 20.162838
1490.680420 36.399040
336.509216 64.298004
98.938095 129.756836
1076.083374 162.443100
1947.664673 224.294830
7507.857910 305.946472
7629.230469 159.686462
2296.530518 143.452469
1864.522949 130.493454
129.478622 122.731400
740.536987 47.807537
1341.277344 89.215332
8548.188477 152.072220
26169.906250 252.192261
32404.671875 222.399628
3697.418457 90.502121
3595.311035 29.504881
2389.983887 23.310806
693.250183 29.623810
11937.538086 84.009827
4208.404785 150.722321
4272.470215 199.741241
4439.451660 220.568756
19.676321 134.611908
899.876465 55.976662
1183.376221 16.498114
206.326843 48.327095
3650.957764 109.063766
3186.236816 225.058731
9250.774414 393.621338
5919.926758 76.517868
901.223877 35.794445
4305.973633 23.290155
101.102966 25.939995
995.921326 36.699608
7494.980469 48.760979
17506.283203 53.524357
8323.443359 41.553982
38561.402344 225.491699
1762.638672 141.645889
5032.349609 72.962044
10465.507812 38.607235
2207.394531 24.439741
1857.632446 37.051819
12883.537109 36.052235
30701.232422 40.265720
26046.974609 172.510605
6239.317383 57.919853
2.409410 5.512265
1976.707275 4.593856
44.952400 60.452568
1432.573242 90.000282
2172.465820 132.731461
30032.671875 163.714371
12521.204102 120.745949
1677.383545 110.037231
1780.887451 81.859390
2947.943115 58.928524
2554.721680 50.679302
1782.636597 104.877975
1895.024414 230.652374
22252.609375 433.735901
4319.508789 37.268467
6795.329102 17.434023
1699.469238 25.256489
208.134125 34.663471
588.950562 15.755226
5485.657227 48.145924
863.027588 125.083435
18465.585938 262.950256
456.961853 275.586670
224.126709 128.310837
5344.501953 46.474472
210.033478 14.440799
4015.470703 35.090752
439.130432 55.866245
2338.811279 68.851364
9698.718750 107.603683
13764.093750 339.366455
763.427673 128.674820
353.557739 25.953117
1518.524536 11.305348
1760.555786 227.358002
5830.343750 292.441650
6703.029297 342.896362
4318.934082 344.917236
7719.864746 198.170914
532.473022 187.176590
3372.866455 172.378891
1246.677124 182.154144
1487.434692 119.374969
10256.142578 319.009705
1915.268555 757.519104
3451.020508 1442.754150
11998.142578 169.273239
1652.649170 60.015450
2089.653320 48.360004
2209.249756 61.471249
1672.164795 48.944206
14.864786 46.238556
7940.375000 100.428261
8303.767578 222.627106
26292.013672 760.475342
10884.333984 469.437195
295.619446 248.332626
4520.208984 111.459053
110.519394 17.796543
5596.805664 46.708263
1359.078247 110.745712
1043.126343 219.368652
5803.109375 179.231918
2190.911133 83.813957
3781.110596 32.341148
2202.356445 13.441002
585.435669 7.039618
606.937012 7.239347
6677.208984 13.411749
3769.215576 31.597641
7449.849609 260.850769
12870.236328 144.499817
522.906860 62.476624
2130.023682 20.287907
308.704102 0.102743
703.242004 3.264115
3577.935547 20.877029
8891.547852 60.194141
39197.296875 25.794836
2061.866699 8.104646
143.578598 3.111739
4135.602051 1.642147
1704.102539 31.048328
2237.074219 48.588264
3078.861816 73.948509
1217.859131 99.714417
8007.729492 20.857197
6207.097168 22.863976
6280.707031 22.518148
107.911407 23.426130
109.203880 22.359730
3313.884521 22.880331
8803.088867 19.942434
7823.944336 13.184752
12893.171875 90.761414
4706.423340 59.179451
808.460571 35.530533
473.149750 24.223557
1034.446167 94.082596
189.768219 181.191284
4207.798828 300.175415
15390.041016 433.000458
10546.547852 12.066057
1583.682129 2.298327
1130.598755 12.315556
2142.586914 40.512875
123.761826 55.679398
4926.757324 93.277451
19173.585938 150.226501
43927.925781 238.435013
2659.551758 270.368195
938.065796 130.026611
526.529236 55.605553
96.146080 37.856552
408.130157 10.261553
1063.949463 28.630367
2785.311035 124.677719
17050.765625 320.934937
23639.982422 156.565491
1784.013916 82.247635
870.223145 49.842335
2742.401611 27.129251
2771.480713 31.839386
953.009644 41.562950
1323.676147 72.447739
29458.628906 128.774185
22858.281250 159.318878
14609.417969 99.036293
1996.122681 59.683788
551.083191 38.270031
332.253845 51.679825
310.134735 48.102726
9520.697266 40.496906
2749.173340 28.577768
7622.383301 63.310059
870.256592 60.204739
4660.118652 56.291702
427.673889 53.609108
1817.396484 42.272812
1023.745178 106.863182
12138.625000 215.352036
2820.648682 372.192963
34413.285156 105.060547
5604.053223 27.707184
4423.679199 1.335073
959.185669 8.989025
1537.420044 29.160975
3801.835938 17.049030
3539.818848 26.382303
19369.498047 63.108727
21318.628906 286.391632
10406.374023 190.342377
485.619629 113.649803
405.937561 60.620869
2167.929688 40.373055
787.120789 93.780960
2439.782227 178.615891
2402.322510 284.911438
4518.507812 36.124939
9904.863281 15.154127
2050.539551 8.824873
122.046181 15.151958
1666.626831 107.268600
200.441971 293.735107
47.110332 578.251282
209.058899 914.643250
5540.777832 79.231010
2240.275146 22.993643
3679.853027 0.953248
570.829468 19.324255
960.559753 42.112392
558.934387 65.573700
13711.316406 179.992981
4986.059570 435.047058
6433.840332 278.853912
6640.142090 124.926643
1017.586060 68.335312
297.115906 50.599434
1718.303101 40.457214
3467.504639 132.858566
1102.204834 341.324127
115.395660 681.201355
2562.261230 163.062561
8384.765625 54.096508
270.521545 18.687130
980.558105 15.140958
597.224060 34.377712
4089.078125 82.498810
814.806091 191.396698
6143.069824 385.781311
1918.888916 877.896179
8666.931641 457.126862
1826.414673 182.594788
129.790680 54.806122
1498.462402 22.973717
434.943787 31.433754
4178.824219 73.186302
3457.901123 180.718445
5406.116211 423.509918
3974.056885 208.812973
922.941711 86.155144
187.459320 35.366520
1257.924805 34.832043
562.055969 50.069012
1019.173645 75.097290
379.993835 105.724281
21277.515625 159.435852
4068.548340 101.483902
1931.729980 57.907730
1523.665894 35.723690
273.288727 3.398088
876.848938 10.839667
14988.473633 27.593960
23793.492188 59.134811
517.241089 43.686562
2082.713379 15.067056
1076.158447 2.760697
1817.059082 0.616481
225.093628 11.338866
4579.855957 9.546436
1979.818726 19.526571
17312.253906 50.767559
13892.615234 16.833584
2411.161621 8.094729
3830.061035 10.773583
231.815002 13.454636
981.022217 47.257351
163.978317 71.795319
5510.943359 106.811699
16980.607422 149.471878
10630.337891 60.707058
11377.462891 39.434013
2476.681152 30.801506
588.790039 33.627441
457.393982 16.618416
2248.212158 8.941002
10671.519531 1.608340
8382.211914 19.615467
2436.823730 132.203247
1441.119629 51.197605
766.120422 18.623604
240.843582 15.561639
33.937214 35.516388
3446.421387 36.418568
7912.960449 51.236370
5462.301758 86.226830
20330.113281 0.929938
7002.275391 13.004743
721.968018 28.301353
1830.831055 35.978146
349.065155 100.498749
9274.098633 138.366455
2935.488037 193.483597
1117.579346 243.371170
4561.658691 81.456192
2873.578125 94.848434
1318.745605 92.215851
672.316040 88.047150
1241.626953 50.529301
5613.196777 43.132378
4696.571289 24.764217
7728.044434 5.623135
13209.292969 171.232574
4813.485352 104.525139
436.164917 65.417557
653.698669 52.461723
1842.623779 43.466164
1663.790405 119.865486
1917.635132 252.415222
564.711792 426.897400
8655.938477 14.448493
6316.633789 0.632822
103.353859 1.683236
1647.516724 11.478354
1832.359375 18.894112
630.206116 78.247284
9290.440430 158.135178
2959.375977 234.810043
26814.187500 289.056274
893.249756 158.329987
4012.208008 54.958855
434.856201 6.265769
4779.992188 123.481056
6281.946777 241.872192
10535.510742 426.121765
20119.960938 658.795410
2594.569336 31.892853
4807.383789 11.591244
187.838913 24.690893
583.951294 58.581490
295.154205 63.532074
15.608495 210.484283
15950.509766 529.532776
14211.324219 1067.353638
15355.488281 418.231323
1148.527954 133.784271
1809.127930 25.091192
211.461914 13.451193
1431.823975 63.979504
1924.135620 93.748589
8867.813477 170.845581
2295.065674 298.179993
2502.154785 823.349121
19388.570312 484.924377
9746.023438 236.545074
1273.987061 101.377869
4606.962891 26.129471
4545.861328 4.201734
5380.992188 2.783139
16955.548828 13.460705
2311.974609 305.923462
3096.729736 232.372665
294.698395 148.225159
627.083862 74.920525
1672.029419 29.476341
331.407043 25.774889
5118.873535 20.594934
12384.904297 22.336578
12315.314453 1.520614
7307.004883 3.538964
4438.009766 14.680661
1838.999878 25.638002
2695.821533 124.861221
1037.219238 254.727585
6631.903809 480.426208
4079.492676 760.000916
22601.076172 15.664527
6378.292480 46.218132
1571.347656 65.247879
1334.497681 77.452415
804.551147 18.328747
3400.529297 3.614772
797.446106 20.975857
6353.145508 108.194756
5212.005371 539.577515
3327.887939 287.910522
908.463684 131.461639
381.646606 53.622932
11.223564 37.659473
71.083290 69.555557
6927.237305 114.134537
13721.228516 158.695129
242.461487 50.576733
2016.839722 38.500507
339.810852 27.213406
1729.028320 24.348259
271.518524 67.018456
520.192810 88.058563
26259.794922 113.442757
27642.683594 149.057755
6830.105957 35.445156
458.946716 20.253532
3969.718750 27.390579
714.767212 46.018578
477.579803 5.170108
2730.433594 13.472657
28566.044922 47.278316
9713.294922 121.273026
20494.693359 214.591278
7056.831055 106.419159
286.147278 42.776329
653.055481 13.519285
1175.739258 71.685829
887.920166 125.855042
6218.716309 233.011276
9961.134766 359.136597
8060.803711 77.506348
13190.158203 101.175636
2082.418213 92.443855
868.363647 70.344650
3082.357422 103.231827
2252.344238 138.330078
10898.386719 170.173920
16979.119141 197.629272
4573.859375 284.247833
10594.910156 168.843414
959.911926 99.207573
1706.574707 82.227837
2097.288086 44.407150
5977.434082 124.904816
919.111145 264.839966
29770.150391 462.785767
6363.728516 96.609810
3571.100342 25.088701
4768.494629 0.852813
71.092941 7.714907
311.621552 50.292751
1281.019653 24.229258
1632.484863 1.559587
488.889496 13.094339
13106.392578 127.159363
4254.727051 74.860336
1047.447266 61.241013
1299.531128 61.015438
915.780212 13.700573
429.532349 21.309193
4468.430176 36.033306
271.177399 49.488514
33405.453125 58.708744
6124.698730 48.339645
2727.314941 31.828133
865.185669 17.830692
1866.664795 32.636158
69.935242 102.306190
220.312775 250.922668
18040.199219 469.081055
129.706985 24.288162
1156.735718 13.865654
157.899475 15.516326
852.262756 15.767922
1144.925415 21.465809
915.439209 55.614685
14048.837891 150.858002
33310.769531 350.284454
4736.846680 287.045929
8515.317383 102.906525
1015.576355 26.468889
776.152588 11.781191
3987.598633 10.945997
830.700867 46.692474
5488.569336 149.022125
270.386902 354.636475
6018.819336 202.082367
4887.973145 61.632645
8783.130859 9.748712
362.077393 2.049103
1376.421753 6.520840
4533.815430 0.843750
23295.208984 8.389270
10139.333008 41.488243
6187.483887 378.762970
5105.751953 211.466415
1610.018066 94.165627
1837.282104 31.239029
502.786102 0.241223
2316.540527 0.025348
7783.325684 1.015737
391.009033 8.119181
3452.198975 69.003563
468.524384 32.411118
261.746185 10.662585
934.922363 2.011387
1443.160156 36.160225
881.822266 55.820061
2619.082031 85.862328
5346.733398 121.089615
48077.101562 10.806047
16872.384766 15.128057
4151.627930 20.196228
1509.720215 25.862770
201.937546 9.454257
449.643341 34.698666
5715.118164 109.061401
994.674377 246.348206
5626.370117 97.681046
287.995117 38.919456
575.103394 16.414562
1309.388062 8.465769
287.492798 49.238792
548.600708 94.240166
4041.988281 180.185104
14743.585938 310.309937
4498.976074 113.927948
3002.801270 56.573345
879.053101 33.570660
367.939331 32.101242
3854.073486 31.985992
9354.722656 59.485435
2945.770508 109.255920
5164.865723 173.642487
3111.026123 132.130981
10250.749023 84.345917
756.708191 48.099224
268.887604 28.986958
109.620354 29.791361
2378.794922 41.401554
21667.802734 52.298340
9058.751953 72.686302
19292.517578 140.483124
4375.591309 63.910046
2022.416382 25.705498
290.264191 19.822222
591.736450 9.660872
2185.171143 2.524780
5079.043945 2.090329
9539.249023 4.048673
24567.869141 112.719193
3947.810547 86.055313
1327.442993 54.454628
722.989319 27.103012
264.520020 23.475685
531.940002 45.483723
1276.694580 84.862572
598.062317 138.654007
1112.237183 21.543009
6177.357422 13.668037
1064.963745 12.276986
248.982483 14.544788
1010.809143 32.536739
469.076660 82.334366
10614.762695 178.247375
6901.161133 329.884735
15223.708008 109.041534
106.853157 34.452934
2640.731934 8.462824
3225.496338 10.817137
231.150543 17.774761
2095.717285 41.138123
68.957001 70.864929
13219.033203 100.986496
28158.820312 214.976624
258.721252 117.866974
223.417282 47.160908
1815.473389 15.065831
4739.024902 399.727448
241.436310 477.743225
3405.681641 508.429138
2374.117676 486.115540
9751.928711 151.056915
2438.348145 159.163315
616.586365 211.019196
334.659424 299.728119
507.354004 227.244812
37.692757 310.337494
15535.393555 454.606995
123.937958 619.483521
16461.378906 860.369141
5457.775391 596.560181
3552.822754 373.347870
219.168106 243.320297
1037.337036 11.166121
1760.121704 35.306995
1974.308716 101.293800
6320.216309 156.873535
6674.045410 415.167572
3085.003906 320.048950
1260.729980 181.364059
7174.863281 62.433537
820.634521 193.965805
1737.784424 373.901703
114.523056 596.952026
4325.305664 757.446777
6880.320312 509.772736
3401.548584 373.613464
2031.239380 217.834045
4176.845703 137.862610
1537.085449 143.998596
1248.334839 107.454811
286.065826 225.230499
3428.083740 460.140015
4072.408447 647.471130
829.150635 612.653687
1339.447510 483.235229
594.567444 298.173431
2145.212158 157.891663
361.300354 120.831665
3054.155762 72.065620
7390.254395 29.414249
12105.752930 71.447166
1285.370239 113.355675
1217.960693 151.313431
7319.945312 169.145142
1240.432007 79.906250
2153.547852 75.786835
8857.073242 64.470398
6953.138184 50.504513
2619.817871 37.094616
1745.264526 48.810314
2864.465820 63.128288
2124.211670 75.044060
788.405884 154.653381
2302.627441 225.852692
603.440125 270.284790
18761.818359 259.558655
1885.612427 474.857880
6770.328613 290.652588
1001.674316 156.536148
718.384705 114.553223
792.281311 27.675285
3073.692139 46.841080
1728.025391 153.590286
7822.126953 307.000488
24935.960938 223.866745
9061.460938 232.053375
7434.240234 175.436813
6267.947754 87.307350
6235.842773 19.865040
109.682320 16.087608
2215.828613 50.082287
203.677887 106.514702
6648.146973 143.314133
4196.952637 139.033173
76.847710 105.058083
292.111542 56.720299
1479.666748 188.531357
303.325378 238.313400
161.177246 251.391373
1845.494019 227.813919
2250.916016 7.486691
1215.760132 12.954708
347.008301 52.580070
1238.823486 118.290504
5320.215820 46.136810
1049.179443 97.589691
3556.042236 182.716629
2928.268799 238.617004
7281.747070 652.887329
11793.175781 453.257843
5842.290527 237.109650
270.602325 87.290482
1093.409668 49.399200
1636.864258 85.887474
243.442780 107.701973
2273.068115 100.217850
1735.134155 114.284851
1179.146240 62.476021
217.757278 26.441141
1638.128052 22.969994
95.539719 279.199219
4276.467285 468.764832
1091.855225 676.580750
8003.687500 776.035217
4793.272949 846.727905
3998.241943 610.135864
1313.580322 359.739166
110.382675 228.632324
1361.284180 174.707947
6915.480469 184.735260
8533.341797 365.982269
618.244202 663.663696
28660.130859 548.224609
1992.572998 557.902954
1291.456299 461.169128
2834.979492 299.942200
7244.351074 63.848511
4719.547852 67.478477
2980.926270 95.967865
26853.451172 143.592041
2261.508301 77.133606
5443.958984 90.514160
3052.008301 89.858139
2748.604980 76.652824
748.217224 4.345445
6930.131836 6.539951
948.776978 42.792351
3905.316162 102.005196
3714.781494 231.086487
20126.839844 167.023560
692.036499 97.118050
339.471832 37.590759
517.099548 90.989159
466.825806 132.120438
3724.293945 190.205429
4706.641602 231.064499
4283.038086 231.064499
4706.641602 190.205429
3724.293945 132.120438
466.825806 90.989159
1027.084351 43.098679
438.309265 21.681839
3045.069092 29.309546
10821.679688 72.367783
36232.425781 215.388443
197.037354 169.529251
142.447296 125.076241
1146.678955 81.249878
9235.574219 26.726828
1594.552734 22.411802
3354.280273 21.054121
7196.998047 22.282557
3665.810547 67.560432
613.576050 56.635574
662.115051 44.752960
1474.764038 34.299561
1476.604004 27.549202
4610.165039 49.827938
6820.665527 91.870300
11146.615234 149.174438
1707.076416 0.566564
2238.979004 7.031690
511.242249 14.182257
912.470642 19.030907
232.365067 124.191055
1557.629272 130.774384
796.112854 126.738541
2022.682373 109.452339
6495.073242 193.384415
18474.683594 154.617584
1490.854004 127.271545
2785.073730 118.755211
303.973877 141.631836
5126.664551 175.359360
3297.978027 198.990021
3184.468506 192.456039
11351.244141 193.804413
6396.098633 161.508759
226.166656 130.562561
949.027344 122.147476
947.224121 47.843903
3577.041992 15.263099
12148.389648 3.359352
6093.794434 32.968513
28340.818359 94.249939
1032.863281 87.352188
514.175354 87.771111
1479.210815 76.419319
2733.771484 125.898018
12.097259 198.185211
879.981323 268.432068
10181.239258 316.418518
14668.839844 49.062622
11693.210938 36.961166
6744.294922 41.057640
1366.284424 70.253952
2226.195557 75.458611
362.631744 71.629868
15504.026367 131.740295
10782.311523 229.009827
2739.339600 339.274811
984.997681 306.843475
1213.851196 230.373123
1302.699219 139.134827
1717.523071 10.376240
6796.136719 7.248279
7850.276367 6.505821
4835.352539 8.719131
1518.776245 26.557766
692.942200 23.277130
998.625000 19.297527
3494.822266 14.767586
453.776184 66.046432
1003.941223 64.204247
1489.527466 72.091476
5104.094727 87.147301
6614.066406 87.313370
5088.080078 89.513832
4396.188477 84.683281
3102.448486 74.917290
1772.110107 116.531181
2070.185791 141.988983
4186.823730 152.374420
6608.134277 138.563644
1123.308105 170.895004
5298.778320 126.394279
2397.442139 97.326195
83.106384 95.658897
2207.012695 75.123901
3064.592285 154.997833
608.493958 267.809875
754.184509 370.298157
140.420532 167.882385
5899.486328 130.057648
1454.870361 80.264389
254.429962 52.170586
719.112061 42.990147
7417.989258 4.887478
2464.314453 23.047424
11212.792969 88.771484
528.447266 255.241592
7478.838867 248.528076
887.073181 198.687668
93.196098 119.241966
582.395447 149.872772
340.992859 262.272369
28.688637 347.080536
8392.251953 374.998718
24521.455078 65.644989
942.671509 14.455575
9476.625977 4.033370
839.388489 52.352386
7007.083008 83.325554
3800.132812 111.763199
5881.889160 186.280304
7304.023926 255.832291
4796.216309 538.474243
4283.657715 417.156189
1349.898926 261.561707
815.838501 135.078751
315.739685 11.128352
639.259277 19.027624
1184.782349 58.227428
2798.164062 111.812210
11072.589844 90.762054
1244.098145 92.046341
1724.364746 68.045967
347.924683 33.362476
913.553467 22.411789
5448.050293 16.219254
1835.166870 16.827320
9817.640625 17.515858
9742.980469 111.763931
14185.041016 93.883972
1363.721924 66.252953
921.594177 39.704979
1398.539551 65.005730
1645.783813 159.144714
10179.830078 258.714539
3425.500000 313.898834
2897.281982 220.425751
3844.059814 135.240097
4983.708984 54.021488
1147.033203 23.792568
615.112244 15.459881
891.835876 11.088887
2949.067139 55.810226
10978.023438 119.188156
16441.699219 337.024109
9921.963867 277.499207
239.190903 178.147064
3309.365479 77.720490
484.240051 1.192450
1630.156860 3.984334
2317.549805 19.312054
4796.521973 33.209312
212.821121 114.990883
2486.637451 91.651535
1599.070679 53.858536
844.983582 18.998325
2236.589355 7.770243
3602.030518 33.863674
6788.751465 77.046761
18743.408203 114.964516
1293.069580 83.911575
6951.956055 68.122185
838.458923 36.799278
724.931091 10.492249
54.824654 9.189119
2022.225220 20.996323
957.332520 44.124584
390.213562 69.209442
3412.695801 37.766193
4143.913086 34.011395
333.075623 22.699085
1649.448242 11.394844
323.644012 19.008991
223.111938 4.182174
3681.141357 8.595490
1524.831909 24.088860
3198.758057 139.174026
6042.899414 126.259903
115.283028 93.082169
708.462769 52.179993
4024.416016 27.834688
1465.044312 31.216412
1278.774414 24.947418
97.817764 16.696104
552.323303 18.417944
305.534332 1.506195
2132.339844 2.819111
486.579712 15.442808
3197.413086 80.892456
8359.235352 117.032288
23279.095703 155.529480
24425.630859 174.879608
1896.053467 93.338379
1194.970947 84.988831
1355.327759 69.175758
2360.355225 63.950111
3230.983154 12.579838
5463.250977 45.538898
4655.614258 98.076202
27290.111328 158.182861
415.768982 17.072998
16634.539062 10.327267
3254.603271 3.209511
1598.874756 0.813923
3155.426270 28.754578
2185.017822 90.691391
5528.672852 204.690918
1753.227539 342.994873
2722.680420 248.141541
1908.936523 160.734741
4537.423828 79.964828
2233.900635 28.531071
2067.630615 81.081055
2886.925049 49.175995
6004.062012 38.608482
1039.725830 40.577026
5473.520996 343.631195
21516.390625 289.112427
1924.402344 213.277771
4744.701660 138.082687
77.386353 24.966942
7706.670410 15.986221
1239.074463 9.141157
770.248474 5.022012
3308.872070 38.312389
3703.082520 42.237865
976.029907 40.593555
236.560150 34.081638
572.641174 32.158123
1121.880005 53.500999
1317.490723 77.724846
12074.864258 100.374420
9880.964844 18.690111
627.106506 10.707804
455.406342 9.862879
143.976868 17.051332
709.720093 23.265671
1509.619873 65.316025
4456.694336 133.240646
29.248938 221.505234
10460.409180 40.323479
887.014709 11.979709
1775.209351 0.829571
4088.471436 3.763870
322.592346 37.902321
360.459412 16.415358
12782.544922 21.015524
8284.952148 46.180115
2238.263428 310.758575
2384.318848 238.363251
5664.725586 158.087662
1319.894043 86.975471
1259.334717 169.442169
1555.703979 226.067993
4576.187500 284.029572
11123.093750 317.474487
11051.983398 102.136749
2008.496948 113.078934
3332.163086 117.776611
130.566193 132.543060
241.005356 40.598717
3667.462402 19.704325
3955.809814 11.455231
2217.224121 17.168093
1045.481689 214.969376
24163.943359 166.373627
231.857346 116.687126
178.879959 73.413513
914.763977 89.014320
8499.770508 128.245590
1937.892212 153.099030
11900.375000 162.488068
12360.110352 29.055653
1988.908325 7.450323
4983.117188 14.290244
286.063690 45.836964
466.084686 357.426910
917.675537 460.131775
5623.323242 532.399658
3704.924561 525.630127
11434.078125 489.579346
7371.492676 383.398682
5640.779297 300.002686
2513.186523 289.686157
1156.380859 125.749977
1545.158325 90.447197
9941.961914 136.569855
22614.619141 277.980255
29984.093750 389.511597
4595.096680 336.340820
2641.748291 277.739227
969.012268 201.744171
9145.867188 468.625275
3226.900879 470.764526
3721.100342 432.372162
10587.747070 366.077820
1657.473389 172.063919
6877.636230 255.802628
886.502075 346.600372
2595.906006 423.849396
520.713623 230.110641
2113.085449 363.402649
404.601990 485.126404
5673.138184 566.801147
10524.853516 595.028442
11257.595703 334.899963
2060.851074 173.960648
1923.298096 146.661514
796.254883 199.646896
3143.351807 228.385361
1359.275146 316.221191
4268.822266 400.395782
7329.893066 850.378296
771.549255 669.623840
1260.829468 450.164368
2506.982910 274.796814
116.133217 205.097778
2732.855713 172.776932
2763.825684 231.021240
1214.339600 350.833679
14990.199219 392.526306
894.171692 441.596405
2453.145996 403.091675
2496.170410 303.003876
4022.335693 143.797424
4492.117676 91.960114
5238.060059 48.007401
4082.101562 53.091877
12705.814453 90.038361
527.358459 107.773491
4518.007812 146.441010
145.337372 165.693024
642.384766 184.074234
1180.651733 263.751038
11197.120117 298.593781
2683.479492 271.614075
1521.329834 142.621674
8000.103027 78.279037
5525.430664 59.796162
523.617554 101.670815
557.656738 132.352829
3279.544434 222.526672
9335.711914 336.479919
13075.647461 414.967896
19284.384766 530.155151
1294.962280 369.143219
132.421600 211.116730
1686.562500 122.030113
4397.185547 211.689224
2931.622070 142.607910
11614.302734 204.134842
27569.050781 379.786102
4625.383301 392.001495
1473.608521 485.701782
2647.472168 469.442810
5033.844727 352.816895
2103.609863 418.120636
1910.815918 558.632263
6058.603516 597.937317
3667.729736 514.636902
26353.818359 115.267838
7362.727051 75.539207
11101.054688 115.566307
3672.619385 244.670471
848.232056 103.666573
5816.918945 117.835251
6417.374023 213.444733
9811.675781 331.200653
1921.703735 699.711853
12291.660156 565.115723
1043.422852 372.893066
3838.638184 197.046783
771.978333 63.036987
3180.707764 25.449177
2999.043701 50.828316
7922.947266 140.692291
6354.473633 92.429634
106.338226 152.221313
2425.507080 165.974442
1257.712769 126.213547
2275.304688 152.135910
2586.082031 218.767059
10006.742188 259.194031
1263.394287 253.127411
78.120880 59.940182
532.554443 46.953663
12148.940430 52.167942
2136.443848 88.923904
675.363037 54.684105
3609.045898 193.296021
204.971283 475.663605
11316.191406 826.297363
6848.249512 337.809357
2995.842773 268.576416
154.414352 160.801910
58.201164 63.394882
1197.912842 147.403687
1058.911987 121.711800
1528.365601 124.261757
28576.214844 160.658310
4986.521484 304.438354
5379.874023 270.455933
2493.538574 231.824432
1303.314819 188.432098
569.358398 61.859837
3367.391602 18.547552
59.434349 0.853600
3369.418945 7.693374
32017.039062 454.845184
9046.560547 346.080353
3600.781250 231.909698
142.978943 133.492783
233.621063 63.122326
1449.706421 86.733406
1383.989990 111.473312
3862.572266 132.375977
824.996887 13.937576
839.560791 18.871704
1456.919189 28.850807
1396.667725 43.555267
832.427429 26.461607
1147.404419 56.634415
2517.664307 90.234016
38676.953125 126.275635
5889.682617 73.197884
1088.077637 24.709106
777.758301 2.354132
998.913757 5.405846
664.994751 269.136383
1708.692139 367.840179
15787.682617 432.976257
2901.136230 412.546875
11578.500977 472.180115
11862.046875 343.028168
700.773926 235.885437
1035.037720 209.144852
656.466187 160.593445
5205.334473 305.093323
83.056458 580.840027
2690.103516 916.854309
16166.748047 447.206238
4963.598633 356.173950
3531.523926 243.695404
319.927216 155.893814
561.867981 164.486389
773.780212 50.861557
9022.003906 1.054499
104.051994 24.779003
2157.753174 549.077881
3425.707275 522.392883
4880.408203 438.514801
1961.887451 308.081909
1075.675903 162.046890
10628.874023 232.002396
13045.806641 280.623718
1846.635498 310.751251
3403.473145 36.365532
2361.667480 0.912916
2709.474121 21.019632
453.084686 83.382256
204.505905 268.702820
228.934036 329.714233
1064.229126 407.202179
99.817154 439.627777
10649.717773 812.554932
8804.587891 618.344849
9788.911133 417.093048
2170.014160 289.180481
894.610291 15.615103
3536.893066 29.775517
5010.915039 97.027954
15256.775391 185.479645
3996.333008 236.970901
546.906433 205.955902
487.651855 135.941010
411.441101 59.239502
1236.362183 7.518661
4817.289062 8.268678
907.211060 35.112640
4020.097168 64.277039
4489.573242 194.630997
12497.886719 164.642197
2192.246582 104.544838
434.943695 43.174942
606.833191 65.392616
2501.065186 160.567154
6562.155273 252.885559
3660.770020 298.181976
6602.746582 117.302597
7506.429688 62.391891
1138.656616 14.283968
433.052582 10.414112
4186.006836 98.030548
11160.180664 148.708740
2145.922607 230.807449
4085.241699 289.949554
6440.300781 477.183807
10458.539062 362.421997
6432.172852 222.784164
1098.742432 121.407104
243.396210 126.360703
2708.076660 134.747131
27403.236328 278.056580
13321.154297 532.782104
13530.699219 235.119507
1115.646729 291.888977
2589.829590 280.113861
92.460571 203.276154
3465.592041 335.930603
3987.788086 329.589661
1058.524658 265.722351
3950.716309 166.418198
10404.114258 149.453171
7886.178223 169.993515
8354.998047 224.024994
9708.035156 290.955383
1443.753662 32.105968
5424.567383 136.745132
5962.825195 282.295197
3945.803711 419.431580
3658.790771 221.943802
452.187988 129.997223
116.888046 42.717293
1116.619019 0.557658
3065.651855 29.987049
2998.152588 47.916447
266.784729 103.769119
26437.832031 143.650085
19979.185547 522.304382
2476.420654 395.787262
756.913147 228.211411
1143.929077 90.480789
1298.566162 40.079784
622.485107 125.850685
1320.813477 282.489563
415.536774 450.579681
15123.416016 135.047455
11236.929688 136.715469
2483.077148 90.695992
1573.011719 39.564980
2368.067139 10.964757
5555.755371 15.006180
4072.511475 119.818596
15114.884766 309.452545
2369.128906 250.238739
6744.356934 223.935715
6054.950195 163.492569
1231.781494 78.103981
1291.796753 96.772095
402.994537 120.257843
1187.468628 160.933456
12867.648438 216.470428
6262.375000 82.007568
6421.497070 77.055031
207.755859 79.612305
1144.332031 85.425957
135.594315 218.225571
5787.736816 220.491318
362.323303 212.604736
13272.786133 198.365005
10541.296875 122.730865
6442.830566 150.088898
2089.895020 179.539688
408.426605 204.001099
681.101624 351.319305
1933.153076 710.796692
955.969604 1068.526855
2575.177979 1310.260864
6714.628906 597.334045
178.429398 291.020325
8.581236 102.751511
2399.787109 120.977295
459.991180 241.362244
272.904999 103.474709
5804.826172 196.232956
16684.009766 460.929382
258.288818 1582.976929
4318.678711 1367.905151
4824.400391 999.097778
2312.473633 577.287964
3414.161133 138.065002
2248.167969 106.086182
6938.546875 77.351768
7469.532227 58.541931
8400.732422 173.514786
1680.025635 183.101349
3199.474365 180.980286
12754.597656 165.169098
1283.895142 37.759483
1731.740723 46.924980
3778.490479 85.581657
16800.787109 128.438721
12151.325195 192.563461
1839.199707 172.029221
1195.002930 121.095879
1822.119263 66.923141
38.431221 364.181396
1347.796387 471.296783
3665.735107 500.098236
13084.303711 430.760925
18213.486328 182.434875
13978.410156 135.699234
2106.416260 149.119339
969.461487 236.092606
9147.273438 342.364594
8410.871094 373.612335
5095.586914 465.498901
3981.696777 575.434448
10509.685547 989.191956
13492.372070 776.767456
5894.176758 561.395935
6300.455566 404.466614
5428.922852 173.937653
5920.315918 102.375259
1669.140991 108.368523
41466.253906 208.266602
6688.250000 263.521515
1189.567993 317.883728
2748.941895 325.559784
2521.474609 268.119476
1172.675171 85.199837
3346.758789 105.883087
8168.556641 120.147079
7821.128906 117.467415
21259.927734 70.754921
4645.537109 68.163742
403.109619 64.816566
2678.272705 69.575783
1111.298950 72.241364
9279.314453 117.303780
846.766846 161.590530
17155.753906 192.718948
11258.173828 10.393004
4522.250488 8.828682
1835.954590 16.155500
2825.365723 36.898392
7.822616 54.396870
739.353699 178.827774
4421.947266 330.787109
6511.898438 458.510590
1536.350586 314.606873
3113.893066 167.651596
2406.347900 48.785114
799.733643 4.733664
332.722412 37.340096
1013.456299 15.215290
4233.400879 85.999100
1231.188965 196.104126
1404.983521 681.094177
2457.856689 561.453430
8442.159180 365.786682
8044.517578 166.693542
1930.825195 35.295303
188.373672 60.058006
2228.647217 72.252373
3065.686035 62.124718
204.773087 161.888046
1070.385498 89.198380
3361.894531 36.795223
225.280304 20.553726
2826.081787 136.076294
243.833908 275.531006
7507.171875 451.144073
2855.007812 570.351318
3413.306152 467.960083
498.830933 342.914124
367.481415 192.256348
2235.391846 104.751678
755.254639 166.571808
745.444092 69.866562
5321.124512 72.308067
2578.507812 172.177856
8148.069824 509.546173
121.685448 520.914490
55.390568 452.769348
1407.300049 316.832123
3103.238525 366.525452
2137.202637 428.593048
20278.062500 420.142578
15111.898438 361.343445
1551.028076 17.462761
5806.041016 32.325897
358.420929 120.219978
6417.234375 248.881104
1947.374268 174.564377
79.525253 226.867142
170.896942 289.081635
4925.465820 320.952942
7060.966797 800.998901
4444.904297 543.100098
567.285522 318.380524
2037.158447 191.835129
1071.272583 273.565216
2534.484375 310.764252
1492.523193 434.510986
3897.942139 583.999512
5121.660156 453.108246
9438.785156 480.132812
1909.238525 421.326050
1481.654907 327.607758
2892.342041 69.388199
2855.519531 28.913326
1786.422241 17.764105
2363.840332 51.097542
1965.361328 149.520935
9829.044922 150.055313
4458.010742 142.290466
1049.320435 113.948776
762.511292 33.943428
2056.079590 42.879108
17728.097656 45.756615
621.946411 41.362576
717.042786 2.755592
4297.931641 5.382114
866.602234 11.992031
406.752686 22.354315
2371.455811 94.717049
373.726959 168.148849
4499.256348 261.274506
4485.390625 338.465546
9492.558594 159.218994
9712.059570 121.003326
780.135498 80.399292
2257.461670 65.039345
665.662476 28.587009
4810.006348 7.809000
7035.093750 2.696553
10858.403320 11.301626
7125.419922 191.669128
10751.733398 154.658401
556.993164 108.862679
177.812439 63.980366
628.506226 32.253544
986.032471 81.358482
1287.719849 127.424232
3453.590332 145.607468
30135.144531 117.263184
647.575684 66.028259
652.314087 21.225510
718.169434 7.506038
4016.722656 36.510471
643.107666 32.199684
4987.623047 48.504887
5447.171875 74.748962
31335.406250 223.966888
4019.479004 175.548508
645.216431 117.365074
1266.228516 66.469330
1443.935669 22.801569
1692.842285 5.203587
11154.929688 5.863313
6973.961426 27.556566
2625.062988 30.600969
1276.618164 51.630310
2547.424561 57.869541
530.777832 45.492561
437.106903 70.951324
994.565186 108.264153
350.801605 140.386658
3050.410400 154.274902
86.279106 33.677818
1018.664246 28.152357
2965.706055 28.159096
1713.152588 41.850571
95.614532 59.534092
2365.429443 11.533791
7771.850098 3.705680
10857.571289 45.686340
1112.463501 196.312973
3013.290771 194.944168
2764.302979 171.811508
583.262756 121.991814
2332.875488 119.016754
1165.477051 197.976120
4070.803955 291.614624
12549.698242 380.593811
2597.721436 0.007451
840.187744 7.206963
2031.012451 27.495855
4162.171875 62.868328
3632.946289 56.253357
2609.123047 26.641022
1280.466431 7.929137
7845.191406 0.056604
23722.957031 419.395172
5219.371094 299.293335
3419.994629 188.526169
3684.054688 106.866791
3237.999512 71.029739
11013.571289 94.000046
4340.928711 130.391388
8976.478516 179.568146
4724.922852 4.796395
574.908875 17.927338
3934.046387 37.111172
214.964569 54.522663
787.906677 21.563374
365.486237 27.005136
3050.153076 31.186657
5174.572754 31.728130
7976.332520 168.154144
15680.140625 101.902512
1161.117676 51.273304
1271.859131 25.717529
1149.433594 27.536596
1483.298340 36.203205
296.356567 38.844940
2153.750977 31.189499
1377.747803 93.572083
3257.572266 59.140995
593.967285 33.098339
4307.902344 23.279011
258.051910 35.830032
807.069519 76.249161
14243.994141 138.187302
4292.032227 193.201874
3473.308594 94.008965
331.859894 82.985451
1459.098389 54.138832
66.492172 30.873672
811.426086 8.869322
4921.881348 23.786253
10754.811523 61.747032
6597.319336 111.687828
3195.099854 71.730026
1654.118286 59.102310
277.804382 37.990101
390.834686 16.892227
2699.473633 5.494567
412.244080 10.898735
876.969849 67.423645
16787.160156 172.648163
4305.933105 103.228111
11754.582031 87.732506
152.685715 64.951454
487.505798 32.168808
3247.776367 301.653748
4492.919922 363.866455
6921.952637 394.858734
6183.322266 373.561371
2973.300293 148.025894
2823.913330 164.714874
6303.018555 190.173004
81.401848 236.875870
363.818298 14.727763
2742.147461 18.390482
1199.839111 61.994453
3803.955078 140.978195
624.376343 241.818359
22950.492188 169.133270
10740.180664 101.050529
1392.446167 45.858299
449.665955 5.620743
2041.798462 33.280087
32.513229 79.194557
7145.749023 114.968216
797.645630 308.543732
2990.570801 202.907776
3319.598389 95.285980
122.198578 23.468678
1212.698120 29.517345
3563.543213 38.232029
2752.365479 63.965878
4068.176025 94.610741
8676.197266 68.430336
2031.530762 70.946846
1698.296387 57.817039
456.151886 39.230217
67.937317 32.476906
5702.735352 126.290863
832.678833 264.689209
23854.037109 412.676544
1388.550049 213.867416
1637.378174 116.575668
258.909698 37.771824
1041.560791 3.378582
4754.339355 57.464989
3044.287109 16.632162
3335.935791 3.386353
19324.007812 0.492429
31888.960938 554.407715
10940.874023 424.374725
1083.377319 273.074371
3649.012207 142.792297
1920.178101 13.770209
26937.707031 4.659106
22631.244141 7.538662
441.308716 17.055317
19319.181641 117.259743
500.800171 97.095886
650.146179 66.855865
488.590942 36.058647
825.330139 23.213123
1956.886230 24.103113
4259.147461 15.415851
3921.227051 4.717111
5258.038086 17.026434
1338.801758 1.533991
4985.327637 2.391696
779.020752 13.225744
2541.862793 6.834719
2290.377197 27.573059
534.038391 48.710243
11858.552734 57.810886
17503.011719 79.989510
24604.478516 46.191387
353.270325 14.986438
2362.705078 0.342736
1988.975952 31.409084
1441.420166 54.107212
5117.682617 61.728119
15553.466797 51.708233
3734.560547 89.879181
11697.707031 36.218048
7568.526855 7.467199
1398.973267 9.407018
14.436993 89.261246
2306.789307 210.006561
751.318970 344.158478
9882.696289 418.464386
2284.051758 460.297089
1618.202393 294.880463
304.033600 133.742889
663.439453 54.245049
246.019760 61.284607
1134.766113 57.983913
3721.030762 102.094337
17246.359375 150.152130
18001.560547 410.130829
9854.271484 357.115540
772.545593 246.089371
1712.666870 130.703308
397.163910 28.483616
1992.870239 93.439888
7307.291992 201.546143
3612.576416 310.035645
1943.290283 88.649719
1223.427124 85.596115
4497.335449 52.648361
1564.239380 21.131041
112.366112 88.266289
478.220642 50.691772
6656.458008 74.092529
6583.463867 167.133331
15746.230469 222.411972
1104.646118 224.458588
1532.791870 204.094849
1783.659546 152.193512
3604.159180 131.194443
1260.724976 129.406555
7868.270508 101.107010
13908.812500 59.520088
3888.090088 62.124535
2384.969238 58.316742
2769.515137 77.802834
992.855896 108.700317
1351.019897 9.189533
730.239807 28.302181
6194.406738 55.193645
2778.692383 75.644745
4262.650879 50.993927
9861.667969 39.441776
184.322998 20.408846
366.960327 6.917900
326.980560 150.500626
230.737793 265.808533
2760.376221 394.185791
94.505241 487.757996
1573.394653 91.395325
3705.535156 78.233292
2698.734375 64.958382
598.321045 81.921715
2428.992676 56.601753
8052.266113 48.221333
10749.959961 178.928970
333.297150 439.673706
5376.859375 541.039185
2733.896729 432.247437
446.972382 303.084290
219.867661 162.365540
2767.711426 227.692398
1322.245850 264.591675
4205.515625 296.926300
13718.657227 318.476593
633.188904 125.500389
3550.072754 138.216278
8020.274414 161.044495
1680.955322 191.806442
2111.039551 115.242447
697.288940 76.438904
5679.839355 48.423256
9937.958984 30.091732
3360.096924 562.760986
7403.263184 417.303497
963.043945 280.626617
902.418457 178.906677
4055.228027 100.732124
1742.418701 137.933823
681.658203 165.738663
9646.297852 181.143982
3950.924561 2.835114
1164.291260 5.613616
465.879822 26.358475
3162.573242 60.681061
867.119812 106.019928
2311.791992 102.638306
111.201843 89.768356
34412.035156 70.871513
9680.279297 124.302803
3391.711670 109.168457
1175.296143 102.357361
1577.847168 103.404411
3127.622803 54.172909
1265.411377 39.690868
608.253418 17.090420
18308.503906 1.849729
39199.351562 180.150726
10848.190430 111.933792
483.914703 74.264694
3339.730469 60.840656
886.341309 27.589760
699.160034 41.502117
2999.382812 69.232666
2380.062988 111.441917
11135.861328 7.115354
9996.716797 8.116359
2095.621338 14.640834
1728.350952 20.813246
817.281494 39.903034
1522.482788 31.338762
408.319458 23.760906
6144.706543 16.228868
7529.973145 69.095825
5898.778320 67.464745
385.995880 59.970715
34.654289 49.848915
1143.166138 34.142578
781.188354 58.272053
8402.155273 79.061180
5410.584473 91.879860
1395.004272 21.235344
712.711182 6.856325
4824.272461 3.728240
2877.964355 13.792439
3318.896973 34.788227
952.348328 17.178253
1656.810547 4.524764
28714.152344 1.133416
1672.786255 131.984283
2087.289795 104.388901
167.903870 78.246216
481.682495 55.156979
311.994446 26.638584
4523.384766 15.940295
5515.210449 8.467564
14324.271484 18.926258
4647.180664 5.481338
2734.089111 4.671381
952.802490 17.291372
1791.245972 27.851826
88.930557 75.522591
2386.209961 100.738754
5150.322754 158.025040
3736.322266 228.717407
7396.541992 139.340500
575.319214 132.461777
7756.523438 109.333794
2002.464355 83.420288
261.950806 87.466751
3538.532227 61.272366
3158.970947 53.916550
9038.974609 73.908012
9453.189453 46.764606
6394.917969 89.198776
7070.884277 114.658493
58.512363 111.878868
5142.654297 127.493607
14176.114258 195.945740
4173.057617 266.035553
6434.296387 301.181641
599.593323 159.137360
45.268650 131.732788
6874.914062 99.107483
3272.717529 92.139252
630.959961 0.342554
10370.389648 18.001568
9821.703125 74.179337
16590.769531 147.819946
2658.555420 172.232513
11781.566406 133.813461
1210.646484 77.760841
243.842804 25.111551
617.398987 126.327499
3654.872559 108.853439
5424.021484 86.854141
20518.837891 64.272598
11101.000000 90.658051
11549.705078 115.756744
809.995239 131.507050
2526.040039 134.917450
1497.784790 9.099503
2070.364502 11.998216
7243.791992 16.298330
3053.691895 13.918666
36705.417969 261.622131
2749.354004 162.544235
8768.823242 77.116287
840.638550 25.770479
2281.534424 2.966657
197.538055 5.594953
1834.021118 14.296388
32275.242188 30.452312
2280.104492 29.017696
5812.208008 16.215282
378.634521 8.480418
1401.880737 4.284593
1040.430908 11.289801
4758.354004 19.180828
893.566467 26.433647
4324.003906 33.535160
25680.791016 31.816200
4435.931641 13.505669
3010.675293 4.676482
2245.598633 5.081735
1762.535645 5.520753
314.889282 31.611469
798.023438 87.255768
2768.937988 158.046127
1178.437134 24.543463
4691.208008 28.083431
2046.264038 19.692396
1011.623108 6.584058
290.499512 108.978355
2654.817627 105.961304
4016.472168 81.157509
2324.941406 45.372257
8080.475098 20.707546
4740.722168 32.962986
3483.592773 59.805267
1316.253174 90.118759
2187.130615 20.864111
233.857788 79.816505
1847.781494 166.699615
4549.815918 243.277390
5782.597168 142.666199
6101.063477 103.537987
842.894287 48.931831
794.205200 12.169862
211.860138 32.614254
3055.534180 24.506933
1599.590576 30.095541
1170.726562 45.693794
1005.652710 59.106678
1120.673950 69.617744
1285.093628 65.311455
1385.269287 49.678875
7019.741211 41.316216
6303.257324 108.965515
5470.177246 181.948364
11302.660156 224.853134
7479.104980 118.998611
7634.254883 72.724411
2588.556396 26.019835
2796.011719 10.295871
39.212143 40.833694
1446.461060 142.891327
5599.697266 254.867249
8036.817383 325.800537
4804.312988 275.445374
8566.100586 151.925278
4006.233887 43.294247
1408.502319 0.003965
1055.573730 41.109028
1495.101318 98.852249
1242.559570 241.115173
1953.403442 377.018982
1655.774658 638.015930
3068.719238 508.478577
6144.992676 301.074860
559.344238 116.600616
2563.090820 13.009783
4196.836426 55.398342
6234.556641 131.299362
17617.880859 203.638824
628.888733 140.644745
4294.937988 117.708588
603.271606 66.677696
1275.144165 20.839916
1266.715454 36.199207
1141.601807 107.324661
6342.938477 254.112152
13618.511719 406.095001
2094.648193 448.087555
14564.414062 347.747864
1141.110474 199.569824
170.244385 74.231827
209.122345 133.467010
3247.186035 120.041077
7979.723145 184.012344
2176.066406 299.458435
2021.886719 317.050293
9936.837891 335.713287
358.566742 291.357666
2553.723389 206.919495
558.706665 171.215958
1863.635498 133.282639
8821.577148 72.821342
6543.288086 20.129093
19356.031250 116.357742
3809.790771 119.857544
974.704041 147.046127
2293.042725 172.691925
1962.706055 30.513680
1984.885132 75.292679
2571.019531 155.663483
15653.485352 262.715210
10355.454102 66.354286
371.927887 37.757397
1660.711792 21.344366
1514.355225 16.289078
457.747498 91.037491
5.596717 54.870785
5399.851562 25.546524
3068.577148 7.654737
20086.273438 139.599457
7271.986816 153.198853
348.962280 148.242981
5445.214844 125.360504
636.489136 34.143723
2774.741211 73.211601
456.720337 117.412155
3133.285400 154.491760
1844.325562 33.099648
609.961792 14.593211
1745.052490 4.557411
332.647675 10.044546
1719.737061 6.166783
1000.151917 40.237148
937.921265 98.744011
7075.325684 176.316483
8944.699219 204.755981
7471.309082 105.028412
1703.679810 35.320297
745.188843 2.707789
430.032532 182.253571
176.902542 151.002380
2453.064453 124.385788
4338.913086 94.613327
7448.734863 315.840759
15016.991211 305.565430
5950.385254 268.806122
2603.886230 223.001831
2252.115234 8.521046
234.372131 2.804574
1634.870972 10.775656
8702.122070 51.363594
14474.643555 106.563477
1746.937256 48.111725
307.171814 22.913811
1134.177734 14.663062
3292.772461 181.362427
647.222168 247.514740
311.332672 301.827423
889.130981 325.120361
3202.264893 28.307598
3663.702881 48.553230
1257.646484 77.439354
1023.157532 121.479698
1109.078735 15.422735
1199.119019 33.319317
1526.840210 85.221909
11130.236328 162.624969
12808.023438 312.439423
3805.985596 197.324249
530.354370 100.601624
601.578491 37.600632
2590.146484 62.781906
955.937988 78.074493
173.111816 87.254051
2735.807129 76.503677
8418.527344 298.907837
706.690125 198.675644
550.907043 113.082924
965.564819 67.579735
8214.095703 198.748688
360.082153 344.135834
6503.840332 548.256714
5959.328125 730.537781
676.208801 322.951050
2450.765869 275.630981
1594.119385 199.259247
3471.665527 154.960785
1540.860107 10.993211
648.158203 11.251648
5299.912109 86.969368
38226.171875 208.444824
1204.719727 350.572144
18938.857422 292.057922
5386.108398 191.551422
507.438812 82.528107
1826.414062 7.565914
5507.811035 42.469200
10134.731445 104.173386
6675.773438 165.365219
27287.390625 198.448273
1498.066284 136.888947
4135.423340 66.716866
5857.573242 16.534349
1062.992920 73.690674
474.216309 44.978325
4759.539062 59.917583
15807.077148 97.001709
28379.593750 389.259338
1611.183228 340.857025
5082.907715 249.661972
621.514709 148.790283
2909.020020 158.854980
3776.328613 172.228607
134.342834 159.802948
1123.433594 132.603241
6766.784180 3.141879
630.416870 24.815918
2253.047607 69.127937
2343.278076 120.198273
311.467712 17.001242
845.849792 12.414725
7021.541016 25.390724
5203.322754 50.947727
3400.182129 282.171448
210.049835 189.710510
1353.873779 105.997131
83.038696 46.781925
6294.416992 78.749832
1457.136963 91.860741
8886.900391 106.049637
2003.552979 134.543121
139.799423 20.374557
2577.589355 11.797322
693.432678 30.179834
5335.550781 57.336777
631.346619 323.917511
2089.792236 363.226105
4155.033203 376.623138
12688.329102 332.095276
18958.148438 548.469604
6411.879395 445.390961
5254.357910 350.535126
956.210999 308.316925
1424.541016 176.883240
301.922607 188.653809
1591.473145 257.528381
2075.780762 375.871002
5689.655762 254.922775
10120.365234 252.812775
4384.953125 235.527878
6165.538086 202.850128
3121.812256 181.867142
2017.327393 204.937866
8253.849609 219.037262
32466.337891 223.284454
7232.399414 164.033707
78.762817 143.861633
129.388870 141.950089
165.970459 157.324402
1500.710449 5.438620
2294.642090 16.486109
527.207764 55.012295
7310.793945 124.522728
9585.566406 123.449921
4268.544434 70.649475
3271.026367 35.396549
859.042847 13.687234
1415.698730 173.745728
2144.593750 187.325790
5047.933105 191.697113
1679.605469 159.959824
7191.358398 487.740051
21186.021484 374.299530
7166.187500 260.612427
14.108872 190.220856
66.716667 25.554585
323.359375 22.056604
10666.839844 56.413227
1242.739014 144.709778
10028.370117 61.062748
13197.768555 45.443497
3962.158203 45.381710
1228.203125 39.571018
907.410217 166.623093
492.748230 144.039810
6273.846680 93.670021
3655.463867 39.715340
6433.140625 65.452316
570.758118 79.495018
3683.680908 116.161102
322.556763 153.335205
484.728851 182.482803
2009.080078 297.518616
3740.173584 421.374878
2644.021484 500.238617
5755.308594 251.977753
8549.710938 190.259613
2512.649170 132.531937
907.826050 122.540245
903.417603 10.660716
177.695419 47.721279
2194.683350 152.870972
2089.322510 290.663269
11484.008789 207.554352
4055.197998 177.092041
4407.404297 112.323555
137.286072 42.547554
52.721153 102.101166
1155.412476 64.622658
2363.989258 109.599976
10743.323242 226.478775
1924.858887 397.587372
3089.080322 371.775970
435.213531 299.696960
289.918121 196.030670
1692.876343 449.710388
2838.167480 425.517883
1067.145264 328.107086
16371.025391 198.452347
12927.611328 99.100479
3710.806641 171.142563
13353.576172 283.439209
1136.341797 392.749664
1262.354248 334.915771
9809.546875 530.911743
12993.081055 790.282593
9611.547852 1056.649536
2499.948730 747.882446
4220.626465 486.915100
830.597351 306.930176
2285.349365 252.220093
143.991776 432.436035
6231.879395 402.069336
1436.644287 453.663513
4031.913330 516.139771
10308.039062 1072.234741
3650.338379 984.207031
27795.626953 786.795593
551.809448 573.278564
1090.742920 8.923590
2673.110107 25.681393
1899.722412 97.254723
5964.895996 209.601044
8158.565430 75.401794
2048.403809 81.812729
2123.335205 65.647835
209.318726 32.514130
948.057617 15.635728
3995.133545 1.391408
3167.494141 6.812454
2799.381836 28.163292
2529.436768 143.941071
4201.750000 120.194290
1444.816162 84.939468
609.253906 46.454102
913.931152 8.518316
3433.452637 0.063695
2351.861816 9.880730
17240.164062 34.510933
5770.155273 77.915268
2859.457031 72.407616
1573.163574 55.001434
352.728546 30.310583
1075.139404 47.519703
760.186707 63.784904
1835.103027 86.429565
4861.417969 112.503159
3574.685547 12.213910
6887.606934 18.644665
2111.438721 27.307129
1289.809082 36.385567
748.849304 60.410019
99.394020 46.140873
5477.992676 30.559635
4363.123535 18.730305
832.349731 111.942589
2850.519287 95.920212
3191.104980 82.827156
1183.300049 71.964836
1140.324219 108.712875
297.445587 178.653198
2689.947266 246.142410
3584.011963 300.406311
4655.083496 34.083191
2600.953369 8.463375
3326.149902 13.754842
202.591583 49.651608
3806.325195 251.787292
3168.272461 284.836395
10630.423828 305.044708
1950.870361 295.296936
8619.975586 517.056580
4098.418945 386.917542
842.737549 285.269196
1340.321289 241.625122
363.095428 21.402725
1291.318115 11.886564
7570.704102 69.416687
5051.773926 185.537369
7269.370605 228.431488
754.912964 199.638336
1008.457581 146.896927
148.425354 77.933937
5510.344727 37.724800
3776.963379 37.253750
10609.082031 46.916771
7650.800781 68.259583
33934.406250 155.700867
369.415588 108.327911
3625.982666 71.783371
9043.462891 48.613945
729.727173 117.874268
6135.806641 113.176155
186.469025 108.973099
6220.183105 99.545570
4249.089844 201.969864
7801.791992 179.683899
1183.967285 152.179642
2313.374023 130.003754
20.132128 57.724552
3229.241943 126.473618
6707.464844 246.669006
8552.399414 410.085327
2071.303467 100.084770
411.300995 51.326599
89.832558 30.450865
398.601593 30.562473
602.816406 33.946728
1992.683838 5.118376
17743.322266 1.528764
4266.400391 20.451332
146.348221 281.432678
5029.740234 222.891479
2418.388428 153.086212
6428.222168 85.917145
686.282898 18.288540
4421.316895 48.547993
2335.567139 79.149780
2057.923096 103.879700
8293.657227 107.337326
6976.584961 46.869423
2080.720215 8.971683
3094.843506 0.969036
1841.514160 140.948425
2494.889160 245.849792
3565.174805 331.964844
4332.700195 374.192169
1227.014404 410.623810
1481.764893 212.256851
3951.625000 88.849899
444.936798 71.181488
226.026917 350.144623
2110.410645 379.044495
7262.104004 399.490936
4552.473145 363.480804
1291.541626 965.798828
8874.718750 738.963440
4269.171387 518.347351
2638.739990 382.427704
2134.709961 233.930206
253.230286 412.889191
4695.170898 741.482117
1318.452271 1105.254639
9485.280273 343.537689
5629.370117 371.491333
1794.367920 306.694336
75.064453 223.440384
883.179565 15.602211
3454.356934 45.338554
3233.778564 221.551483
3776.487061 504.971375
4215.595703 511.610168
9087.121094 409.252686
2336.995361 263.868958
2179.792969 110.035248
412.039978 82.556717
1913.368408 38.627331
4517.565430 46.244057
475.100098 114.451622
15855.819336 300.301544
718.142761 266.879974
3327.010498 218.310822
666.721863 151.783783
1764.966187 85.610176
402.097137 67.393463
2583.028564 54.707691
1087.269043 48.039261
1954.101562 157.115829
4491.854492 147.601746
5916.051758 129.679794
1613.199219 107.523392
900.946655 16.041262
6412.184082 23.280586
3491.060059 24.653149
1671.399048 19.204338
831.043579 141.847656
765.434448 77.894455
964.057251 32.911533
858.858521 14.492770
95.484787 38.395164
4146.716797 48.308006
263.150970 78.751808
14888.830078 118.812187
3581.205078 59.455482
8433.765625 68.559105
1065.708862 62.018719
80.748459 47.109642
1263.412354 16.131889
3920.690674 46.493023
1474.648682 90.035187
3312.126465 133.919601
13398.130859 23.223564
2146.788574 15.781327
7589.849609 6.896379
3594.574951 4.131289
223.434540 55.653847
523.884583 23.226725
10801.541992 2.682605
4158.426758 4.189296
1269.151733 205.759949
4421.834473 165.505447
4283.729004 127.899338
514.754700 91.626587
793.004517 36.982262
932.212646 43.055561
1849.693481 63.985565
562.443115 107.598595
1989.099243 1.989593
102.232040 6.879399
1979.060791 21.480537
821.654114 32.557442
724.682129 186.920685
4035.620361 214.604446
3378.150391 237.727768
2165.071777 246.156937
1606.564575 97.572952
4644.858887 120.535370
4078.162109 140.784485
2839.967285 161.851013
386.110931 161.200500
605.557617 136.010925
2029.082764 95.714378
4288.129883 49.015339
2167.133057 223.870026
3730.090820 201.027496
3442.322021 184.428741
2635.305664 174.031113
118.716835 57.612782
5502.543945 107.327126
1474.790039 189.358124
1931.869385 301.861877
4749.852051 23.923677
5301.321289 7.373654
6299.235352 13.160675
636.352234 29.759098
544.515869 166.923355
1455.954956 157.516266
2245.092529 128.402435
843.042603 84.821304
83.332756 480.888916
10027.289062 335.358276
7035.132812 229.924011
733.279297 179.830338
4379.682129 339.517944
10517.543945 479.231262
20883.632812 593.147156
6336.902832 635.015930
8022.139648 218.396820
3118.561035 182.071213
1718.573364 174.957520
1966.168457 227.045654
322.605530 253.428497
4519.277344 372.649200
13780.182617 622.171997
7636.672852 930.117249
1987.110107 825.572754
7439.355469 638.184387
191.247940 436.861816
3362.695801 286.146881
3087.066162 459.304565
3697.828613 370.171173
4640.996582 404.770477
8622.685547 528.663452
19895.140625 989.309021
6909.550781 976.724365
7830.121582 845.126160
16492.384766 643.720154
5567.883789 106.821205
1810.897949 68.253136
1346.885986 33.322586
14426.919922 20.963320
7451.023438 125.993790
8259.391602 130.585739
3526.466309 137.447357
1157.732788 131.918152
312.642395 17.195131
390.391968 4.551109
2554.934570 1.850309
14311.269531 16.694597
4395.681152 34.046501
391.864197 33.709595
1253.504272 34.608864
1942.750732 29.416695
1035.274414 269.060699
5024.451660 412.871490
2172.612305 563.275635
3972.216309 672.619446
19329.214844 131.683746
5058.045410 118.524300
5053.092773 122.771744
1784.870972 168.535538
414.431519 119.369728
716.293152 79.471130
6110.386719 113.230621
2568.497070 182.277649
21525.498047 746.573059
3319.766602 618.112610
962.753967 430.372253
676.886108 245.164871
1908.220093 38.411713
4021.454102 39.695557
656.868652 31.582090
261.908997 19.119329
3610.268311 18.437258
1442.571045 12.553938
814.876221 17.546021
1425.213257 28.840723
71.073265 131.851776
6517.519043 185.755768
931.804871 250.783188
355.674408 288.007874
4587.634277 220.228348
6271.633789 192.520248
4881.267090 146.415482
2430.504639 117.959351
244.487503 68.236473
2034.706543 26.940514
12499.819336 32.222370
18359.812500 106.400185
8248.287109 209.165924
926.396545 182.693420
3845.548828 159.879623
92.457809 121.075378
371.179352 194.053635
177.344254 300.453217
12109.993164 404.823853
297.842651 468.810425
486.806274 50.022995
1192.709229 59.632923
5441.029297 74.836029
8849.156250 115.783752
1618.719116 139.728546
3293.915039 100.803093
555.431641 67.222229
9496.402344 43.982632
12198.151367 232.850662
6387.945801 228.549576
1791.478882 209.218765
7341.623047 177.916901
7969.337891 61.738304
3381.005859 124.870079
4285.280762 173.550690
15520.596680 197.280930
12554.577148 377.940765
5574.109863 182.847626
168.450043 57.512352
25.018562 24.104012
2389.702148 104.761513
2091.543945 87.390518
2901.466797 106.536621
641.946533 135.152390
7988.684082 317.179565
2767.232178 306.248840
446.575562 244.050018
2840.361572 164.185089
389.550140 32.031715
2810.616699 31.188288
1609.761841 22.233269
2313.200684 17.524319
1779.557007 16.885120
8585.582031 0.416564
994.146240 5.730844
2135.401611 21.024586
93.115356 85.283981
1093.185791 213.048843
9820.351562 350.886780
2381.659424 441.127502
946.938599 80.594612
504.119446 44.413548
389.379761 7.846445
691.734436 13.145994
525.911865 17.956764
4088.079834 93.807793
5724.914062 206.294067
20057.894531 299.745728
15844.888672 348.641052
1859.614502 233.407196
885.337830 104.591560
29.476057 20.350000
653.138855 53.631783
440.722687 106.705292
2786.343018 260.350739
1955.383667 449.512909
31009.046875 390.695984
8812.221680 347.297394
2680.281982 234.765656
1001.364014 111.896851
11364.541016 56.821243
9231.173828 8.174525
8181.457520 12.194703
13414.297852 68.887695
2462.178711 233.010895
10508.643555 237.350494
160.616623 202.608994
318.114044 133.457565
1030.081909 14.399746
1858.343506 7.502698
11992.066406 9.319897
20135.318359 19.324419
20.744957 39.546230
13914.412109 41.617657
675.215759 36.833427
3323.665283 26.172167
423.602173 72.010788
2418.410156 106.571533
949.072632 125.488083
2831.875977 121.697121
11770.315430 5.060518
7961.554199 0.042592
724.067322 9.165771
12637.620117 35.224548
965.809387 1.216327
3568.505371 25.626459
3176.319336 88.717072
9568.992188 172.665955
4039.329834 174.963165
1261.138916 123.672409
1295.288086 65.863159
342.652710 18.553543
1610.639282 10.640449
757.237061 28.540615
5798.790527 56.733662
1294.281372 93.963165
2615.930176 161.457764
273.209320 85.026123
1908.778809 32.651878
3915.245361 9.272798
2458.152100 145.556152
4725.765137 153.599579
559.853516 170.155029
4317.054199 165.663010
11656.956055 428.279144
16.222033 348.348785
1928.220215 249.937378
1202.719482 175.066254
1635.883667 112.671402
459.572418 116.201324
685.157104 147.495377
7246.781250 199.712036
3368.264648 133.700043
6666.908691 147.212311
485.487610 144.486618
2228.678467 128.015228
1064.994263 22.831837
44.708664 7.913045
10253.328125 0.242503
10118.183594 9.796102
9165.183594 39.867325
6824.771484 36.605267
4724.663086 37.768600
2824.735107 34.372120
2527.533447 42.402199
2544.690918 86.411194
1315.421631 137.914291
12012.116211 182.153198
7043.217773 1.078725
3859.664307 0.096348
169.892242 2.347914
1995.574463 14.407934
2665.411377 13.754311
8466.086914 60.388546
341.486938 139.247818
8160.913086 235.619659
4609.452148 157.469620
902.678528 87.348892
4621.766113 33.051197
679.388550 5.549702
2009.456909 126.461838
1679.790894 93.482468
5055.632812 77.995399
6587.153320 75.741562
14958.183594 340.525787
7950.199219 298.877594
4741.062500 239.234802
2109.845703 177.294220
77472.070312 77472.070312
77472.070312 77472.070312
0.000000 0.000000
0.000000 0.000000
0.000000 0.000000
0.000000 0.000000
0.000000 0.000000
0.000000 0.000000
