2129.802979 60.130619
5336.091309 77.985229
4276.652832 156.377792
3999.812012 276.963531
4061.801758 269.148804
2929.818604 222.568756
3720.944580 159.450882
817.375977 95.814392
160.145691 244.753571
2749.167236 99.467712
369.893372 36.202896
6902.030273 176.473251
21657.195312 723.562622
10.208279 524.401672
2893.377930 438.149323
1160.917847 366.053986
710.371826 83.874298
5.954334 59.020100
2457.567383 55.797577
17.863878 115.579758
12898.625000 458.206879
4440.398926 269.387360
1046.534546 162.422089
4345.810059 112.712830
1146.608765 89.032829
666.906860 48.406361
1002.569702 23.871691
1373.435791 119.435883
16276.229492 484.497803
1146.151733 201.855774
1252.404419 100.082016
2588.949707 94.398651
1386.396484 193.627289
928.996277 180.796127
3396.440430 118.321808
10941.363281 41.826443
5841.423828 1058.590576
4565.087891 613.338379
456.685242 323.894470
414.423523 208.213028
1355.043823 26.283802
351.277435 22.471462
4.420397 41.668495
3116.487305 60.083481
24903.496094 303.688202
9611.785156 237.639206
6742.173828 148.020889
5.343292 69.345810
128.174286 13.787050
7964.733398 47.392372
520.757202 96.510605
19979.519531 148.183762
8188.499023 25.895296
4606.353516 14.368641
3952.849121 3.516933
3276.192139 0.472424
2242.116699 95.852592
488.994751 38.438560
582.403320 23.091629
8780.621094 123.770912
1408.376343 178.588379
3580.826904 110.846855
405.841400 118.187012
1177.057617 127.868744
864.080322 113.400269
139.212677 93.261002
132.482086 44.256031
323.027893 4.696163
42528.019531 379.061920
36832.851562 208.789978
8944.195312 125.037453
4178.352051 109.704613
954.451294 14.040314
2069.827148 26.075525
2436.041504 20.814817
12714.666016 9.173767
15904.494141 233.220337
1530.183960 98.722992
191.806610 20.840078
1204.181396 1.313928
261.106873 7.607186
3969.152588 48.421036
3486.706055 160.097565
2498.352783 324.712830
2255.306641 39.515141
2888.946045 50.750854
1167.689941 43.083992
279.785553 18.603918
152.087860 127.015846
951.121216 70.061401
1239.273438 7.240827
7228.340332 28.289219
2845.702881 341.660828
15048.446289 164.567749
509.152557 119.780319
3537.104980 133.945755
423.311523 25.757454
395.519623 84.009186
2603.989746 205.788849
5905.832520 397.988983
1341.740479 106.857079
14196.611328 35.447128
15.783188 9.296266
552.454895 6.953558
200.392563 137.050323
2479.982666 74.465378
1554.690308 34.087559
6503.678223 151.512054
4064.834473 528.191528
4501.666016 224.451141
881.397766 135.706833
528.999939 146.021164
38.679268 281.896149
4532.319336 263.520996
5693.267578 172.152237
12376.494141 49.740578
18322.339844 1139.740234
4321.853027 680.348083
1366.876343 390.414581
160.424149 286.038330
437.015259 19.512028
5800.208008 18.277416
6427.996582 26.111473
6160.898438 40.737446
170.172806 307.685760
7749.242676 192.714783
2327.824463 99.065178
123.457947 42.078339
1400.951660 25.313179
115.140892 14.376709
2527.253418 1.512035
8368.055664 20.838215
23048.308594 229.889343
4928.369141 98.154480
1632.011719 37.741066
3348.188965 25.685987
1962.706055 16.289078
1514.355225 21.344366
1660.711792 37.757397
371.927887 66.354286
1678.095459 262.715210
15653.485352 155.663483
2571.019531 75.292679
1984.885132 30.513680
678.746887 45.522015
642.449402 25.985512
600.045288 11.587606
3892.279053 18.880222
20511.117188 271.827148
574.971375 171.200195
2357.343018 104.597382
137.038223 67.798447
124.873505 6.233916
3447.085205 5.894797
876.973450 8.774020
5343.088867 15.662651
8894.539062 53.832039
2762.856934 34.123840
285.888458 19.248781
1572.542969 10.242057
120.438080 9.868846
623.537537 20.726068
8587.178711 35.710770
14269.530273 49.009911
5686.344727 29.143097
9236.691406 20.809145
149.735321 11.761574
694.974365 6.909544
162.773010 31.413618
1583.654907 58.926659
1258.696045 121.814552
2293.038574 190.854477
4741.122559 180.996094
19891.248047 152.920792
1948.286011 99.893005
575.225708 49.634483
210.351440 77.551086
1023.712097 64.362045
2588.147705 40.897865
3255.756836 22.578085
18781.953125 171.429993
6516.978027 114.649559
4941.278809 86.824028
868.589111 80.342239
2856.453125 75.909966
2906.983887 90.353104
1443.259399 98.675049
9797.871094 89.600136
39457.988281 148.688278
2874.316895 116.181824
1039.872681 85.386337
816.144348 70.998924
645.418518 53.267639
1156.988159 32.328636
400.379456 39.630577
5.597952 105.188332
28603.449219 19.068794
6157.379395 24.764090
2509.203369 52.129139
5535.318848 65.871384
812.435486 101.441956
423.188354 81.896164
2338.087158 58.632576
7139.654297 40.843117
14535.781250 416.140991
12114.263672 283.747345
5079.327637 184.728485
289.528992 128.508759
907.684814 4.388960
442.959900 2.596723
4320.159180 3.799753
5010.614258 7.768725
9033.975586 84.048515
7679.173340 53.439621
2422.074951 28.080187
676.687744 11.877111
716.843323 15.495636
800.909973 33.805855
1003.516846 67.693771
1347.415771 105.019707
32189.343750 93.374893
16751.308594 68.155853
681.110596 39.399487
1452.773315 18.464205
25.607420 28.560125
1587.239990 8.210361
2943.780518 19.299339
2764.740234 72.122398
11178.822266 152.523483
3496.056641 121.718063
5173.067871 94.163971
2093.905029 62.072491
134.998032 63.859241
3247.451172 33.953541
70.246819 8.795341
7044.428223 25.647963
2807.785645 209.491669
4211.604492 122.069519
812.340576 87.864944
1201.407593 78.652046
1785.857788 101.561043
821.717651 115.238007
13241.756836 95.665939
5041.273438 46.679661
3440.154297 362.446503
3649.612061 210.259369
1787.270508 113.510963
1004.104614 86.075027
91.257202 17.219437
2101.341797 24.859766
2099.057129 95.073242
4241.781738 246.987946
24456.722656 4.481156
8827.112305 7.218507
148.301559 26.365749
1444.922852 29.190475
30.627560 132.622360
3568.913330 106.549530
4699.059082 44.393612
1131.625610 1.484422
9818.948242 511.756378
2841.970459 267.802002
6695.230957 148.851562
687.115723 127.147049
164.135620 14.852298
1019.083374 16.260447
1587.665527 19.571571
11605.725586 42.744343
9071.207031 144.997467
2980.362549 60.033638
1853.979980 19.657272
324.014404 11.552686
3478.454834 7.321380
800.664185 22.197723
3136.352051 42.922386
4969.999512 74.983459
14884.951172 140.896820
14236.763672 62.051392
4752.878906 16.185490
2715.752441 1.638534
87.268639 30.547844
62.356030 5.204482
1740.775146 18.273998
4366.377930 115.950912
5616.318359 75.788986
11314.247070 32.048340
453.802460 38.864464
3331.558838 47.015392
516.111145 63.129108
3094.393311 47.369553
1051.296631 18.081652
702.616821 18.157986
37113.582031 342.006287
17937.576172 162.855621
1683.461426 77.739143
223.281265 61.181252
1226.023193 7.227507
945.752686 12.021943
2908.282715 20.342226
1518.277100 44.816582
18252.550781 148.390686
677.860596 64.355415
957.502991 19.034998
78.794418 5.434034
740.197998 14.938532
2664.310791 10.432287
1190.173706 2.957069
10448.997070 11.464761
1110.356201 85.047485
5965.677246 28.028326
2284.661133 8.104402
235.441284 10.495086
145.540222 2.997347
884.976196 5.807166
146.873322 11.643304
4368.399414 28.837870
29583.021484 103.051613
1324.449951 45.372570
2590.988770 13.418487
227.969025 2.833545
197.549896 29.422379
970.423218 30.532515
657.054077 17.805531
4358.458496 5.721901
1847.387695 125.936195
8153.878906 52.458908
432.411255 19.290596
2599.643066 18.937920
1450.464966 12.719008
3280.578613 27.278238
1477.381958 64.793098
30.704037 120.295624
548.634521 9.500293
3843.128662 16.298168
1428.986816 18.109388
536.360718 13.914873
1101.633301 38.888878
3744.235352 26.471144
11653.388672 8.355931
10115.630859 0.608311
5931.753906 79.187019
2908.447754 46.390209
965.282715 37.268204
3309.394531 39.902504
367.759735 11.523178
146.812744 7.254780
7195.872070 4.468926
10013.855469 11.846498
6867.779785 91.952583
18312.556641 48.802696
1199.320557 24.820389
2254.835449 15.400002
103.664261 28.285463
1984.911865 25.546535
3431.592285 42.887177
3382.864746 105.839470
7126.500000 261.902954
3526.147949 134.798508
9408.974609 66.302757
464.381104 38.671448
1255.445435 42.919628
338.028564 27.754498
1468.581421 12.741385
6894.322266 6.739027
29656.449219 348.266052
7205.449707 218.024536
892.002136 121.834969
508.983154 67.768250
13.288008 13.295003
366.570740 15.508112
2462.011475 18.380024
9601.263672 23.942556
311.996094 45.678806
4187.447266 26.501944
1909.551880 15.664922
2884.757080 12.348523
328.770691 0.839139
1868.018311 0.264938
3259.858154 0.037235
12066.013672 0.355879
15055.558594 6.486176
4964.540527 4.523022
2485.543457 2.898522
759.177124 1.694807
989.133484 15.536688
469.890289 7.646690
2100.237549 6.647828
1891.142578 33.023994
24630.035156 53.703957
1818.123169 17.235214
9204.443359 11.169663
2006.761841 16.098886
239.661255 15.139493
955.320618 8.375451
5776.056152 18.881575
2822.956055 54.003197
9910.437500 220.073700
12344.957031 136.541412
3674.842041 75.165558
1157.453125 36.345299
457.445465 53.206467
2106.767334 51.346699
7598.937988 62.501831
1244.503540 79.173309
2423.593750 166.363998
72.694008 138.327240
17.003380 102.987732
414.487701 71.525902
501.216278 71.349319
183.313782 74.212967
3056.504883 57.916691
750.718750 27.202515
3724.810791 184.228516
14623.945312 114.074181
1420.019531 72.377312
422.879211 63.224846
6.372884 27.689360
892.105774 73.673813
18310.458984 153.064896
1388.885620 248.499557
11490.025391 15.278547
17738.310547 18.345112
6679.057129 15.872892
225.610947 13.514791
614.521545 129.521271
4020.507812 118.427185
444.405090 122.146866
789.187195 165.031677
23691.826172 415.784546
1065.315308 273.520081
4008.964844 188.271255
36.535652 148.098862
1167.728638 128.384827
2510.522705 114.553101
240.094910 93.281654
5733.318359 90.660690
20761.046875 572.217163
14861.814453 349.271698
10404.240234 207.737320
47.332008 146.309540
718.644470 68.889572
4550.928223 94.909195
9781.057617 189.117249
68.253075 294.013092
47058.023438 375.373718
1279.296997 343.600647
837.238159 241.861191
502.865326 128.802734
338.756561 108.867844
319.533478 41.875183
1313.774536 89.815086
548.256531 315.627106
4949.675293 448.451721
4300.451172 337.673889
1232.212524 276.659088
1965.566528 204.458221
3022.112305 129.967056
317.662842 50.815399
2088.255127 11.503420
8815.794922 105.565186
3211.511230 724.070190
2896.544922 425.546997
6799.793945 271.063019
2157.430664 196.587921
2234.741699 123.276039
353.368561 124.404381
2923.023682 99.111328
975.511475 47.322498
3897.054199 757.285400
1853.016968 466.479706
2190.876709 249.943817
716.829102 144.568069
719.554810 28.618332
2504.493408 54.245945
3437.538574 130.084198
1664.732544 201.704468
2147.977051 380.480804
2227.281738 314.519043
6127.553223 194.294037
47.980141 80.991806
765.098511 17.276432
1114.720947 5.658217
687.987427 80.411636
1156.826416 243.348450
9647.410156 96.677246
834.269287 120.213943
9480.932617 116.196877
952.888306 72.045334
845.867493 89.733658
3180.308838 36.807178
1298.030396 12.047068
13123.035156 112.642235
15025.957031 376.018066
839.276550 171.105621
1559.096436 110.244133
3818.592041 109.279808
1822.320190 259.124908
1467.326416 313.984955
6833.415039 310.564514
9712.322266 216.533051
20876.554688 846.786804
1064.460449 552.232300
2256.888916 325.807800
50.067600 234.835785
4455.476074 79.351524
427.461853 70.611923
3748.451904 183.684937
16126.617188 418.451202
2116.417480 60.513237
3689.378662 146.581497
1864.074585 182.027802
1188.646362 144.360855
1245.475830 213.864746
1137.325684 164.344757
7409.776855 58.691265
3528.098877 0.826851
7791.441406 628.248779
20500.101562 306.244934
365.786591 184.338226
1897.477783 193.250076
30.404602 85.623993
233.870743 115.849564
1283.295410 140.501175
9597.996094 129.257843
22571.537109 379.726013
5061.110840 264.827423
2484.580078 153.913025
952.103149 90.436554
3483.196533 18.117910
1678.487183 3.733613
2991.666992 21.746471
3145.827637 88.288010
1503.227295 3.808055
136.686310 18.080549
10027.019531 36.035286
1883.476807 36.064960
365.482758 126.742462
3524.323730 125.102013
1241.216675 101.234375
14992.414062 92.017029
563.926758 534.842773
2619.010254 289.364075
200.689590 155.030975
2592.476562 119.050713
713.695312 18.356499
1249.970093 18.603760
9356.574219 21.513794
3398.546387 31.412897
11208.347656 359.895844
1754.291992 206.284302
2582.090332 94.143158
228.420578 35.775475
1886.368530 24.205675
21.212973 24.821453
2032.451172 17.044643
755.714233 15.942993
36643.312500 231.780151
2902.594727 112.815582
354.943237 44.215759
233.626328 22.540565
1967.232910 5.653753
837.692505 0.437393
1443.276245 2.600907
1497.044434 11.905602
5585.382324 15.243086
5261.106934 21.091433
2249.272949 20.801506
594.928284 14.326756
511.881409 1.301270
2188.727539 15.102458
4469.178711 69.220360
2700.324707 171.637222
18451.570312 30.299133
51.772587 13.407581
3001.807373 10.543294
46.054916 5.921112
4835.432617 64.594742
5004.491699 27.619080
580.320557 29.397928
1860.480469 108.378632
33755.902344 330.148041
138.410812 215.439896
2208.152344 150.923401
1034.868164 107.702492
1203.693970 201.743515
300.461670 142.016342
2257.182617 77.618019
2014.023682 90.066650
5304.340332 699.523010
9737.027344 416.134583
1968.486450 277.096985
651.545288 231.862900
23.077652 94.461494
975.325073 88.545471
5049.735840 62.337204
6550.929688 18.831572
6182.678711 628.109802
14277.298828 386.856018
1517.822266 207.191620
2519.292969 117.464149
214.145950 36.118793
4637.941406 66.373993
10454.648438 167.161697
4094.621582 336.391754
6861.396484 3.276899
2153.027588 28.688381
236.336426 47.453976
44.923508 43.463051
564.143066 152.120209
1085.355469 86.119629
1270.526611 56.422302
2461.701904 131.232513
2841.954346 545.034668
8129.268555 357.608673
4210.730469 261.991058
257.889679 209.055710
183.884277 57.381111
5263.214355 30.932655
184.174561 9.458633
2107.068604 35.837852
1048.637939 340.977417
1078.182251 181.441040
6627.452637 101.507805
1002.086853 73.737366
190.003311 33.155220
457.593079 40.390976
5080.117676 41.703098
4073.468750 52.557430
45392.332031 292.751709
5101.959473 145.044220
608.268005 58.154972
499.257385 29.646503
2632.773926 3.339363
302.497620 4.895926
4347.876465 58.345917
1907.691162 195.328476
16366.248047 50.939270
14720.093750 8.301862
522.205444 8.464225
992.758545 11.625231
1622.888062 81.506508
2208.152100 50.871841
6553.935059 6.050159
8397.911133 21.825069
3496.555664 467.031616
3842.276367 206.944443
7443.890137 94.825455
1186.322266 79.784019
702.257751 162.168823
910.941772 182.725159
3089.277100 177.989182
17119.750000 134.738861
7270.732422 626.643860
6400.670898 410.160065
35.187386 243.326202
240.377167 165.484253
1780.677490 39.212204
248.540039 36.340431
838.987122 93.120064
2716.508789 175.834915
52982.136719 223.062927
12152.474609 232.747406
3505.300781 180.566620
281.208893 99.536621
115.557732 53.045044
3806.809570 16.100958
2542.705078 15.567800
2058.866211 124.139595
7735.678711 129.877899
3487.091797 41.991001
2375.605957 44.781437
1143.919312 65.211533
684.300964 70.618401
942.639709 63.464684
7671.736816 35.980061
257.973633 39.824844
35321.781250 471.276154
752.666199 212.725815
848.731995 84.896805
774.033325 59.773720
2214.294189 48.891808
1392.131592 39.237484
1344.582031 11.691261
3170.347656 3.968378
50484.035156 258.603821
4826.447266 108.680748
1069.506470 43.248318
169.078598 38.746468
139.229965 46.968601
2799.354004 74.661140
1820.866211 82.221825
1150.393921 57.368626
905.020874 516.545166
4639.119141 291.783569
2877.869385 122.782158
200.829712 46.400818
726.992920 3.834001
859.865723 3.853532
2014.747314 2.937660
434.104279 0.365494
18617.109375 132.057343
374.826538 77.049171
191.710083 34.179607
427.991302 10.835487
4666.567383 20.572372
69.730713 63.258705
634.459961 113.211464
3966.414551 153.369034
13796.783203 87.349388
2890.361084 44.370152
552.806396 10.677361
455.412048 0.857195
651.824280 154.229248
2198.964355 89.075859
7930.375977 119.708969
172.312119 385.546936
17649.523438 388.024384
3138.104004 190.606293
2255.685059 171.630829
3028.380371 189.904938
1430.082031 369.745026
431.582092 264.155670
1352.318604 101.987885
6541.511719 18.579521
12453.127930 1508.312744
5988.872559 881.782227
2239.782227 538.118896
247.748703 418.992432
1853.482422 24.135805
3615.094971 39.215828
1383.976807 89.392105
3085.768066 159.221588
44167.929688 328.253906
4325.344727 224.499084
10692.482422 125.302269
1115.196777 53.569187
918.279907 61.397854
871.402222 81.205673
9993.341797 75.976318
13559.914062 49.044167
15441.029297 74.015999
976.109192 28.427807
840.714050 14.291934
110.570312 31.222237
2517.703613 61.145924
2812.713623 108.497810
7089.055176 242.754578
2230.769287 431.387634
13890.573242 100.125511
14576.194336 133.330261
567.622864 123.040207
1250.460449 82.911186
2712.993408 286.839539
2122.048828 241.329315
2328.698975 157.507431
951.550110 138.815216
2389.499268 871.422119
21359.849609 482.198090
4013.946289 306.709656
2578.476562 280.993103
688.092407 110.739212
3894.395996 65.166489
3811.594727 56.052956
1811.223389 71.841064
12539.518555 631.528198
14488.420898 492.233856
4288.107422 337.027222
2298.395020 202.481812
641.482849 36.292091
107.788818 10.842710
3702.064941 2.731382
5235.845703 5.567266
78130.734375 163.963791
5220.746094 155.112823
8355.429688 121.916763
804.300720 77.055153
2046.335693 4.055273
16.217167 4.597785
2531.909424 16.247925
20058.669922 46.766880
46101.386719 11.008808
13897.008789 1.515909
1896.673706 2.722944
93.780067 4.911326
1316.200806 45.131596
923.689575 10.938501
1365.808960 10.877493
852.932251 119.133316
678.483582 206.916748
1798.109497 75.692078
984.611694 49.334415
1825.946777 57.681015
2116.901367 143.959457
93.193192 102.646149
362.706177 32.638847
2704.907471 16.355572
2601.333008 501.416626
16072.894531 244.595093
14274.050781 142.369614
2385.998047 138.542862
722.826965 5.652442
1517.791138 32.512196
75.666733 106.445061
3859.620605 244.765045
4816.395996 102.068329
8519.012695 31.413084
215.747131 5.871479
188.948730 0.762341
1637.125610 72.726807
1190.441528 38.723957
3007.910645 23.961586
8396.371094 107.006958
10063.385742 312.615570
551.698669 132.086487
986.352661 77.125290
1079.017090 79.779510
1005.959473 150.606384
2481.924316 176.826157
1431.016479 145.458038
7990.573730 64.618896
383.834320 780.281250
8123.736328 434.630035
40.289707 207.655640
595.348694 130.571381
2136.595215 76.247299
5717.732422 102.563538
319.114502 236.288483
1336.907593 442.037262
205.723572 134.555740
4067.955811 197.488388
4905.974609 190.102982
4272.053711 128.550232
1781.783203 125.095428
604.890015 47.171398
1964.087036 33.639656
1041.280273 185.789383
16570.839844 395.937744
3465.954590 237.938858
1623.765503 197.049835
4495.821289 180.266647
32.443043 176.482437
3282.698242 133.564362
433.715729 79.374023
6682.033691 42.411057
15299.872070 692.169189
15058.010742 462.696228
1143.730347 304.024017
1731.882202 220.059219
1376.153320 72.713051
2970.435059 68.520996
792.051392 72.239624
283.318176 61.514931
11824.526367 393.470093
2100.992676 298.278320
3175.554688 191.234131
638.721313 110.421936
823.167603 7.035994
844.336121 10.402636
269.437164 26.436193
9821.488281 54.262375
4759.847656 10.337803
1302.437012 13.865672
2493.661621 14.617990
1242.383789 10.913567
1600.674316 44.512913
774.741211 35.857811
717.910889 46.026600
6611.342773 85.835243
3037.589355 176.550079
13586.274414 122.046150
1388.213501 86.199951
1110.217651 62.104740
498.544617 51.979813
1010.606140 43.946289
1066.602783 26.065535
6214.938965 11.622454
196.569382 214.461761
17138.390625 126.107536
864.085144 74.013779
1806.675537 55.548653
87.362770 2.501499
572.353210 5.633257
4154.708984 24.799896
5600.126465 70.863785
17581.130859 60.853317
4560.375000 24.271141
5939.594727 9.349555
2836.840332 4.579889
381.000671 55.333988
2230.631104 40.577660
934.938354 10.247463
12442.974609 3.181314
33605.984375 194.461777
7890.864746 80.045609
1582.223877 39.981415
874.586548 46.148174
848.264526 33.143024
1522.427002 39.447525
4658.252441 43.380013
6381.099609 38.654655
2692.519043 101.197372
1954.152588 73.581688
3783.141846 47.957710
2781.863037 33.913616
1295.345215 30.515202
12.600863 20.686872
629.078552 17.933916
772.443909 39.403595
1511.070679 6.293328
3687.104004 4.239683
148.648544 18.888239
1371.074463 31.280716
292.715424 41.836784
602.291809 31.922997
339.022736 23.214048
17303.160156 21.152386
12997.541016 206.460648
3599.871338 137.655853
1761.184448 86.576744
473.615112 56.883080
858.092041 24.949614
1400.925049 19.044746
4745.832520 63.130322
6553.365234 152.798233
23165.486328 40.412254
2441.509766 74.941841
1567.348145 81.701828
503.372009 57.359505
618.375122 25.219002
2104.718262 15.724701
1876.553101 4.158691
299.352264 7.276298
39137.222656 197.521576
554.496155 105.382484
5323.202637 52.646301
2932.138428 32.347179
157.111938 18.533665
2328.882568 25.571608
1327.220947 42.591904
30405.482422 62.682987
3381.368652 38.976433
4639.473633 39.162964
5582.729980 31.804752
3601.172119 22.342438
609.857727 13.507591
141.706665 1.768789
1522.376587 12.677765
1791.952148 47.649647
3493.081299 108.848885
25989.623047 90.371017
1866.478882 66.881569
201.121643 38.880688
422.262726 9.668406
1011.277466 1.339195
527.757446 9.066435
234.991577 47.882656
6077.811035 38.307327
10417.998047 20.126743
7307.261230 18.537067
2211.485352 17.571358
695.392334 27.659863
1118.340820 13.652264
579.675659 0.933011
3187.975586 8.471357
3122.138916 108.290482
4849.850098 59.059013
1822.569092 38.940445
59.821407 33.964737
1144.180786 14.611887
1630.794800 19.426704
6964.566895 15.437167
3653.108154 4.207037
1513.620850 206.554306
12511.720703 110.877487
3264.691406 44.279503
837.735474 15.942863
331.627502 12.653870
2111.173340 25.692806
12305.468750 50.963478
6893.149414 86.798553
10679.220703 138.180008
3792.109863 79.554588
958.503052 37.142097
4272.442383 15.219608
49.621033 46.693600
3171.136230 32.734348
16836.828125 45.974537
2267.659668 73.095009
7355.029297 157.482101
6691.730957 160.281204
9986.413086 130.982574
49.320580 85.350212
71.860718 58.563057
1481.698975 47.888477
1034.062256 22.981323
5450.347168 14.552181
177.959427 183.044922
21133.324219 84.176170
9191.847656 47.023415
3243.746826 50.324226
869.184448 32.037300
396.937683 21.799454
832.684937 3.414633
2859.875977 11.852298
4201.850586 170.283066
2701.117188 61.740639
10468.571289 21.912712
996.978516 24.692211
1845.199341 18.756298
1317.752441 23.307100
1213.051270 24.754232
7299.642090 30.246634
5211.604004 94.605316
4552.089355 43.995930
5678.716309 18.101816
945.250610 13.495853
2062.247314 24.985128
1100.759644 2.515563
1856.760742 28.755636
3272.185547 161.463715
1410.099243 71.007149
1645.419678 11.587814
97.177361 21.481775
36.331383 37.429588
2074.347900 27.795395
449.099274 25.399954
799.917175 14.649284
5381.332031 25.871822
80029.671875 334.243408
4354.645508 151.691742
7943.800293 53.359489
131.759720 25.524979
4035.591553 5.833267
3384.514893 9.871806
2223.545410 13.092533
8914.765625 20.137131
16714.392578 39.982220
4255.521484 13.203440
2438.932129 1.398882
1224.971436 1.233670
159.741241 0.390927
2717.200928 6.334455
1991.739502 33.059711
20289.644531 74.443474
34563.628906 18.477976
28312.150391 25.676367
4745.465820 21.888803
48.382507 9.746433
1398.651733 15.112160
1792.151367 5.148396
602.355286 12.125514
245.644745 52.294807
20854.273438 7.428392
24590.894531 5.300911
4934.849121 16.549862
2774.136475 22.149200
1332.127686 2.477702
550.166748 19.369385
5590.111328 77.640923
784.862366 189.567841
9801.503906 25.365004
21959.683594 1.748948
9060.956055 1.038101
1060.848755 2.193838
1672.152832 51.161221
2360.725830 6.602297
3442.357910 33.797401
12085.120117 211.123871
2902.356445 179.816833
6963.582520 88.443535
1099.125244 84.634865
101.006607 86.452972
752.486267 98.343658
233.027969 94.703171
3279.186279 64.446808
3110.001953 50.950821
23933.986328 516.694336
7631.470703 256.223389
4319.481445 118.998093
339.597900 87.139694
3697.135010 8.087900
966.593140 5.857659
1131.908447 0.473539
635.831665 12.960431
3623.607178 198.769623
1525.558228 83.734375
2088.648438 23.513756
2754.324707 7.070641
223.964798 82.833382
310.486664 123.981697
3646.285400 141.870377
3150.602783 112.012718
14031.146484 493.736877
5186.617676 297.636017
686.534119 142.224915
702.317139 72.927040
685.086487 33.140526
3100.780029 23.786621
1986.521851 59.506714
1203.621338 127.185196
6887.286621 100.538986
1511.671143 127.049171
839.572876 115.010742
64.268639 73.933960
675.452087 31.168186
2324.635498 28.719690
2511.779785 24.414120
3658.231445 30.067749
17331.955078 63.221870
46.777348 32.342850
2303.350098 23.698448
1203.201416 27.443897
1954.687866 39.098930
1785.692139 34.881165
145.060913 28.606812
354.150208 47.419365
1255.379150 152.580673
828.468689 64.135925
2641.815674 31.198418
1292.390137 32.594257
571.533020 152.805710
296.206909 134.183289
11679.793945 113.444763
9993.216797 116.384697
1238.304688 635.569885
9358.306641 404.236023
479.946838 252.104614
744.098877 179.698822
236.908051 46.479549
4611.764648 56.394482
2653.253662 88.172668
2228.112549 133.690292
4887.336426 121.947716
4261.173340 103.839188
484.153259 79.965302
52.204659 57.246628
479.390381 83.387291
444.707611 78.164589
7055.933105 67.322334
1630.582520 63.934883
26834.953125 281.135040
691.342041 177.247086
4218.665527 113.663513
355.218811 88.640671
1594.441895 65.325714
3748.807129 78.499565
1117.761108 86.612953
2870.566895 84.691475
15307.450195 44.198685
2456.416016 44.464031
3227.810303 46.336975
678.058289 53.271629
559.041138 51.453979
3699.390381 56.002106
7381.777832 47.911457
8948.332031 30.116718
1108.188477 42.241726
1298.239258 29.750050
9963.778320 29.322515
880.760010 39.321270
963.193970 36.815178
2159.857178 41.006207
2253.204102 36.376968
3763.187012 28.787891
35299.792969 100.799263
25700.197266 54.514000
6523.085938 31.180107
350.054749 29.194239
757.546936 31.500832
1243.597656 18.950048
1558.719116 13.544905
2293.642822 25.315294
16846.216797 23.016520
18325.417969 28.188503
1498.822876 37.219978
47.605171 39.528957
36.377499 6.752275
448.937836 4.458412
2386.825195 5.884497
2606.735352 6.729553
377.817291 68.832642
5730.742676 53.157894
1013.319458 33.296658
2051.286133 16.356525
973.887634 7.947721
887.923950 10.530295
2580.906250 21.782785
2752.407227 40.892994
4543.832031 27.751329
812.395020 22.602596
3080.733398 17.194834
102.967941 11.450438
443.856903 33.128082
514.173584 21.732494
2143.806885 6.010624
13668.615234 0.636920
1568.021484 61.429119
2423.303711 35.709721
511.791351 30.408794
1543.298096 34.052395
795.577698 28.370451
1337.849487 32.964951
4008.042969 44.322304
34800.855469 61.506210
36053.933594 8.873425
1006.668335 17.771214
1946.027954 24.464508
256.410431 27.141571
95.477669 89.689072
1459.400513 45.837593
768.407104 27.846996
23178.179688 68.509399
7993.900391 72.356842
934.662231 89.120140
5253.260742 116.446152
1301.208252 120.121536
455.513275 63.610573
106.840080 85.019119
6416.440430 126.612686
9029.537109 163.840240
28727.566406 137.370163
8975.227539 132.716492
4503.443848 103.694977
1162.983887 72.942802
4252.628906 59.900482
5942.347168 26.138874
2855.690186 19.698343
3472.601074 65.373611
3629.435547 70.132332
1645.184448 77.694702
3270.567139 92.487137
4898.356934 88.443336
112.741043 18.093971
2064.176025 10.790316
9707.208984 0.918031
16723.203125 9.300693
22643.044922 196.835327
590.305481 92.951073
786.206970 38.045895
17.722227 21.157991
893.116943 26.253092
1217.162964 56.414757
10716.483398 92.945366
9432.306641 114.511635
26337.281250 175.084534
7771.535645 115.874802
2658.241455 57.200768
1820.310547 23.766832
1721.999390 22.417421
304.519073 6.794634
570.398560 1.607557
8175.149414 27.927786
33235.964844 55.170883
13505.501953 30.246300
8956.197266 28.765213
76.736526 30.671194
965.034058 4.714621
836.081543 16.988762
4034.345703 35.483917
3142.341064 55.973228
70.644424 16.284903
12127.199219 8.495612
3544.232910 2.360585
578.409424 0.224950
2166.300049 0.767391
1547.855225 6.345865
1204.766724 19.385967
2211.651123 37.597832
69051.101562 4.812380
3696.531494 4.983366
4500.388184 3.570824
3893.841797 1.094428
1130.587646 34.686829
983.075134 42.661869
4461.624023 32.428925
828.550049 11.995706
12155.216797 69.612221
9464.800781 23.304914
904.967407 6.919971
983.646851 16.502048
779.270935 7.686133
522.285522 23.526117
111.252357 71.473755
32.554245 133.583801
36528.429688 64.631615
872.997498 69.477448
5645.236328 51.065220
616.899109 22.843689
1248.494995 60.486427
293.557404 41.455032
4045.120850 9.849054
4402.312988 3.193702
8525.187500 115.777283
5380.297363 45.942905
2715.241943 35.220528
867.762939 52.529076
1512.861572 19.294550
1527.802856 43.191502
47.063915 64.758263
8706.776367 82.161079
512.805420 144.521774
13.876521 66.687393
222.462112 18.430874
41.265312 5.649230
2297.461426 20.892225
2624.877686 15.239652
166.630096 25.624168
19557.824219 85.406784
2026.404541 68.760178
13654.949219 10.709541
130.770447 4.863686
2382.295898 17.170692
52.990570 24.614792
355.868866 6.916365
6436.120117 42.522686
2449.689453 204.980072
2619.351318 151.940918
11330.004883 30.114431
4757.884277 15.274755
148.698761 30.713951
125.786133 124.261642
2756.031738 88.830185
956.499023 25.742632
6651.953613 21.982399
3039.763916 590.363464
30477.210938 273.693115
3931.245361 134.888748
1261.589111 117.702972
123.051926 18.191448
4830.314941 30.336771
3704.324463 55.160496
2407.358887 123.808792
561.806152 302.456573
494.252106 124.799675
2131.265625 35.029884
635.148071 11.888376
751.328125 58.304443
401.800720 36.773499
7193.083008 5.222893
2736.710449 41.344501
21578.748047 446.270142
3693.190430 173.349930
657.432678 59.539146
834.177124 49.275906
3826.716064 79.783653
105.055237 110.285263
183.450317 119.605644
1502.752930 86.249710
194.150131 666.889771
7124.470703 402.064453
3843.040527 191.734283
185.888763 87.996239
1150.686768 40.155426
457.518402 34.173996
1.044718 41.294296
1152.639282 47.887146
7978.754883 193.703384
6579.278809 162.137604
4710.383301 113.500412
754.947021 67.741592
58.718678 68.301613
663.144165 46.298988
368.408142 27.461826
244.743378 45.513691
30111.160156 45.513691
244.743378 27.461826
368.408142 46.298988
663.144165 68.301613
1254.774292 13.502958
2727.456543 12.314080
1123.262939 17.594246
2433.431152 18.847977
97509.101562 145.914169
1274.927979 109.837021
1407.152710 66.032890
281.322052 30.862148
2394.153809 7.947196
1616.842773 0.267037
5661.283203 6.958271
2074.108154 35.661533
2871.645996 5.072080
705.878906 10.503481
668.322876 17.710821
1007.414062 16.937519
39.874191 8.402098
3892.867432 6.181421
1500.413086 34.975285
4295.285156 119.340775
16606.875000 85.895622
2468.687500 33.613018
2911.010498 19.074516
750.568481 15.552766
726.696411 57.100994
1689.573364 52.066483
633.135498 35.964962
531.338196 12.658432
40940.835938 220.919662
6366.739258 142.909531
7706.562012 87.925507
2210.010498 62.927666
85.769371 30.212048
403.346680 35.767433
1306.941162 54.073349
2008.033691 80.689552
7204.398926 54.010830
6763.136719 51.985966
1313.012085 44.871639
233.070038 35.404274
1833.956665 26.458988
1554.658447 24.483223
256.972565 38.301853
3877.595703 71.375389
9063.294922 17.348549
13950.399414 26.839243
1202.715576 34.385254
142.548187 33.273476
108.390488 44.189888
1593.919189 11.918549
445.272614 3.327560
4424.629883 53.824234
5639.995117 275.049683
5875.123047 166.721878
996.342285 108.744003
426.699921 75.843201
698.973816 7.692850
137.722626 0.655399
6699.035645 29.472355
4030.310547 116.180435
10938.370117 189.126633
3717.116699 103.512268
70.506157 56.365959
2544.737061 28.441406
1606.433350 126.466835
2529.812500 64.781082
1655.865356 25.560692
571.034424 70.471779
4313.929688 422.448761
16423.890625 274.971039
2059.271484 206.382660
829.391479 171.430237
888.270508 70.908279
126.629066 54.652374
7926.741211 22.682964
2535.298096 5.029819
13185.330078 547.257568
16022.712891 301.934601
8429.039062 148.971802
287.614532 86.493492
1271.550049 2.936770
924.092529 0.328489
5772.757812 9.807732
1111.796631 63.715519
38876.765625 183.799377
9662.700195 64.267075
2321.986572 12.505860
648.157715 2.611727
1180.241333 60.343895
759.187256 59.689999
1044.478638 35.512341
6423.607422 11.164612
30258.984375 352.309296
12586.468750 176.598694
203.284882 78.210960
19.673204 52.451851
1783.406250 39.358910
188.523438 53.000835
3151.588867 89.905334
5365.424805 131.168930
15201.750000 93.912613
5988.302246 98.629196
737.199890 79.443642
580.206299 52.561882
63.450840 62.808228
1336.086426 30.593920
545.567200 4.072833
22755.302734 22.929251
10978.115234 87.857170
1462.184814 51.878445
1722.163086 58.835281
1015.159668 72.021851
3854.265869 40.523655
5239.437988 88.455467
8697.328125 164.312286
215.260162 247.224884
3471.964355 17.915871
5969.564453 25.765732
7249.986816 24.444555
873.315369 23.474186
496.949188 116.049026
500.925323 88.554405
5073.304688 98.619125
7065.609375 179.304642
623.415771 250.436096
7909.585449 190.398758
1130.762451 165.977097
5027.208984 146.295517
1768.290161 122.723969
188.408875 112.541321
788.516418 102.290039
2567.955322 96.797668
14029.953125 519.912048
14542.654297 350.809082
2094.536621 222.250198
608.784851 150.540390
485.548889 70.759186
577.923645 60.003929
15810.034180 84.817551
2029.301270 122.486084
1377.508667 351.359863
761.140015 296.597046
1349.632324 210.587738
180.681473 125.362282
560.877563 11.403551
4758.630371 13.327642
8591.073242 52.245045
13569.105469 140.745361
17548.091797 55.771858
4594.042969 35.606583
1379.708252 30.541134
357.613434 22.832203
308.130096 30.047535
2216.999756 21.495878
96.966736 14.088131
1453.354492 17.926874
509.607147 219.995117
19469.917969 131.446213
5479.354004 72.323387
791.631226 42.652748
1671.294678 60.964241
384.655731 97.367218
579.948486 112.338348
6499.002441 91.613014
8716.462891 215.167648
38407.132812 120.358833
5084.136719 53.261440
1562.716187 36.075916
112.015190 18.792496
5141.957031 45.203983
862.062500 121.345108
3204.387939 219.455856
2695.867676 88.655930
16070.585938 102.084473
7406.675781 79.192200
75.543701 39.632572
837.641968 94.438904
571.647766 39.265793
4406.115234 13.909741
545.822144 77.162704
13993.237305 218.889435
192.274597 147.575012
6164.618164 135.489777
3950.607422 129.541748
636.284668 46.608192
490.604340 28.905727
1191.346191 7.078776
1913.632935 2.881980
11865.697266 440.006989
11265.647461 251.649353
3959.123291 127.882767
231.004318 69.118004
385.540222 102.081001
1206.587646 141.153442
10552.223633 139.573120
4959.828125 95.486305
578.736450 565.892090
4524.515625 303.794678
1285.556274 130.923737
3296.123047 75.691437
369.101624 77.246376
1477.533691 113.690491
1157.936157 204.244202
14658.994141 306.475464
30042.710938 192.515152
6023.092773 201.165939
3321.272461 159.466507
906.528564 102.411049
1322.597900 218.362625
3119.420410 116.136810
14510.474609 164.548523
19525.140625 484.654419
2302.634766 544.626770
4127.765137 405.686646
4113.922363 374.577911
2704.071045 327.609619
1019.788696 277.153259
865.769897 179.148880
5906.104004 86.573662
1197.269409 37.255028
5662.774902 1276.407715
14831.788086 889.939941
3862.327881 589.555115
2606.235596 397.250000
809.358643 24.414341
1589.238525 9.872721
964.865601 1.134551
9777.968750 5.326717
12108.796875 334.321533
680.549255 207.340027
2055.242188 110.474426
1274.617920 52.675095
1186.270630 6.418832
1133.735352 8.147873
2759.766602 7.557452
12245.493164 1.368994
5180.207031 275.551086
614.763733 160.884415
3558.760254 70.138916
203.552673 20.498312
625.056885 5.237980
3039.429688 3.363409
2821.925293 2.777977
15.311912 11.693682
3202.538086 58.139709
10879.736328 25.035236
318.002472 9.481169
1781.616211 5.722604
18.766247 16.197769
664.715759 22.060726
4947.824219 34.642570
2389.061523 49.025570
28991.921875 20.622532
5586.053223 24.028557
6314.316895 21.854649
1389.428345 17.434031
1147.255005 9.556292
173.768112 16.333220
3028.886719 22.226028
1624.011963 23.025837
5572.649902 43.069675
3237.694580 27.516445
2467.405518 13.883781
41.946316 7.558877
1608.213013 14.107471
3379.264648 23.286886
506.153656 66.748833
828.083252 147.404037
14469.788086 53.563526
14454.629883 41.542542
368.033508 34.238167
151.201675 23.235018
2195.926514 127.849144
1454.799683 87.861717
3411.897949 65.485107
16242.074219 95.867615
2229.196045 455.219879
7247.043457 310.147156
3336.434570 220.664673
641.281860 168.653778
331.012665 77.395264
508.308411 28.564545
5462.403320 0.415082
5227.004395 29.675037
18497.070312 286.555542
13262.373047 201.275070
3578.807861 154.125702
1847.631592 119.842766
5953.086426 11.384083
1265.692017 15.568591
4751.086426 33.826168
4798.702148 73.161865
49822.945312 113.566727
941.458130 61.814545
3146.010498 31.065796
4146.961914 16.217070
1136.460815 6.693916
450.732727 5.292449
1516.751953 3.666505
627.483032 5.429418
5665.977539 39.026897
5916.226074 20.694923
2952.216553 10.812799
6959.313477 7.519196
310.633148 55.811825
1544.000854 50.819214
589.030396 60.581642
30180.015625 94.201599
10170.445312 196.982697
4964.208008 135.066315
4389.208984 94.119553
2403.663086 69.787537
1004.077087 40.254822
218.124664 21.905958
1011.265991 6.564361
740.533997 0.727020
4283.189453 230.331146
5138.108398 158.714920
4325.424805 101.835922
297.862946 64.192146
546.289490 0.730183
371.345581 5.249176
960.712646 39.452324
1627.742065 112.769043
5687.276367 31.086811
11379.136719 15.108355
3224.822021 11.946477
4084.854492 7.445993
1107.901611 17.104292
2618.537842 36.989193
2390.097168 177.330292
3853.652344 461.092926
8323.759766 196.099243
3097.998047 129.403000
2360.279785 95.341904
764.961670 54.770504
484.276672 138.037262
215.440903 42.301765
831.921326 8.927882
4916.700195 156.039276
5.879000 664.819763
1657.896606 387.057251
157.749329 267.756195
501.189240 212.036514
485.482422 183.433517
840.488708 106.738533
953.160889 31.759600
658.720642 21.696707
35795.867188 780.526794
8762.908203 504.194733
713.766113 335.026520
366.136536 246.991028
164.633331 80.267776
747.970703 78.737946
7851.820312 63.008362
6968.325195 30.852791
35710.019531 1032.659668
6459.857910 616.860229
2598.325684 297.721893
1502.114136 128.451523
124.568954 18.091259
118.728149 19.514917
2133.321289 9.719738
11985.933594 1.730959
11633.028320 386.122375
1256.861694 198.353302
608.621399 75.372231
506.297180 24.367853
805.889526 3.339263
1308.698486 13.230622
1001.179321 27.104099
1070.565674 40.198246
9046.230469 104.916367
10009.578125 60.186081
2369.413818 24.195219
1612.279297 5.072429
1280.908813 10.284418
2399.521484 3.430992
2429.315674 6.226662
9608.398438 32.460781
6733.329590 41.272816
270.269897 18.865835
1384.795776 14.519499
2911.407227 14.680508
32.282887 39.878178
104.625206 29.414440
4196.396484 13.029452
5594.432617 2.296728
6776.764648 95.680283
4802.483398 61.019157
1744.756470 45.536125
1333.833618 42.509331
123.077057 0.747004
2019.948975 3.492208
7168.381348 8.293237
3949.884277 17.322821
25421.539062 61.948154
9620.494141 30.283951
10496.724609 10.084901
190.291153 1.522509
350.472748 35.576431
835.863037 32.640778
772.974487 16.726490
15376.540039 3.565755
2133.795898 139.192200
7.582229 65.408279
6509.021484 31.264639
1185.286255 28.649927
2311.475830 44.748466
461.204956 42.899685
4666.762207 47.897327
6340.971680 62.106441
672.502747 21.491404
3725.033203 33.663689
5348.281738 43.718430
118.456772 46.998981
459.276947 72.323616
1168.347046 77.696388
7467.003418 106.240822
5179.133301 147.880310
10119.807617 109.466331
5071.154785 116.540115
1879.550659 106.499481
1805.868042 86.603882
200.463745 59.414680
2279.081787 46.126965
2870.889648 29.330603
1247.658203 14.948221
24649.306641 194.159302
1628.459717 138.448807
1376.249878 97.144531
290.168304 73.169075
5.254732 15.162115
861.813599 13.510818
1867.794800 53.222885
5264.528809 135.352936
383.556183 71.480057
19654.578125 70.417778
6015.226562 61.485390
1014.715088 38.942322
510.453735 19.898445
603.331848 23.693642
2082.163086 84.613007
325.589966 194.916183
2635.534668 340.910461
14563.871094 242.013626
2090.919434 146.065216
1403.036133 66.138336
2942.780762 63.075420
5892.524902 24.045233
529.571777 47.587135
27154.996094 174.541718
23313.068359 288.568695
400.668365 203.037689
241.391190 157.975739
295.871277 115.818588
2064.299561 185.136505
33.734692 100.247810
2108.893311 75.177979
18875.609375 216.808655
28949.693359 982.744873
5041.572266 592.351990
3045.962891 378.227905
2166.458984 269.906250
2165.400879 265.081940
3661.960449 221.902481
1176.142700 191.437363
2930.204346 160.965698
2416.132080 1418.336792
17097.654297 990.789307
2913.993408 619.674866
7077.688477 378.851074
260.748749 77.697418
230.328003 38.733276
729.882446 29.614952
10284.902344 34.905174
5984.167969 341.281311
2632.471191 308.911499
8664.476562 235.358017
6354.904297 148.644211
988.939880 29.560265
181.177917 43.491253
1907.957031 54.943264
12368.943359 63.653748
32394.638672 9.341726
210.481964 2.489238
992.450745 5.164240
372.425507 15.478581
556.313416 77.564209
1821.727905 56.055447
6144.980469 108.087334
3540.583252 253.302063
48163.085938 135.409271
2178.319824 143.532166
2566.222656 148.977417
969.856262 123.352280
352.010956 163.810181
713.525635 131.077011
3354.974609 66.379311
1988.151245 11.761431
14156.857422 686.360107
1583.284668 410.353668
131.568726 244.353241
494.050751 181.436096
1359.421997 14.280534
1543.223022 38.338516
3219.961182 88.764961
3657.665527 156.154114
6198.401367 58.288681
376.403076 43.504715
7746.176270 27.379509
1309.944580 14.096824
1072.712524 63.535522
224.651688 54.492512
3515.285400 34.603992
8422.822266 28.147360
4545.552246 165.118759
1901.270874 86.446350
753.917236 56.261425
2020.532471 57.909771
394.370514 54.867779
559.868164 52.260372
1663.561401 63.936047
25230.000000 84.770187
2821.774414 308.275513
2893.224121 217.214066
8992.717773 136.164429
16.253452 80.812675
765.177063 81.187462
1326.868408 52.737751
4206.367676 57.110886
6793.759766 100.238647
10832.986328 77.697777
3863.839355 118.272278
10533.419922 134.654984
1410.992188 117.754341
2440.563477 56.526890
526.276184 95.508171
353.985809 119.381699
481.125000 117.834900
13127.865234 164.484543
9240.833984 84.383698
595.880859 34.000496
2489.231445 27.683300
1023.429688 30.704523
4922.278320 18.050617
591.760132 65.390724
12000.546875 213.459808
9363.814453 120.757339
8482.570312 64.952301
1311.338623 57.724205
908.100220 52.231400
1414.909180 122.975174
240.728210 107.969917
704.361511 61.579700
1006.031311 16.386433
61201.871094 291.770294
4883.401855 165.657761
4615.302246 111.346939
1154.572998 111.586731
1736.022461 6.028649
394.076385 27.720312
139.710526 78.353714
3870.616943 144.720215
3351.854736 57.907673
11970.394531 49.601837
1619.953857 31.442368
4739.660156 11.693989
145.106979 27.787483
1684.714844 6.401589
5245.517090 15.122966
1124.304688 97.972183
6247.323730 46.474636
3829.366211 8.821481
2130.144043 21.295031
270.609589 36.647915
11.200579 51.731453
151.017456 33.838593
542.702576 10.047340
2588.771973 52.306744
14452.568359 405.506409
2065.660400 154.902390
449.348267 51.578644
166.428299 42.938271
335.324188 85.398430
97.409874 59.301968
5282.422852 16.740744
1860.770264 13.656625
34002.359375 514.658508
16575.271484 259.076080
9727.308594 127.948883
1633.402588 91.777534
1113.402466 43.540352
9196.581055 45.362648
1447.179688 40.775742
17700.246094 18.935688
15201.936523 480.919891
9737.734375 302.762177
228.391235 154.105591
1993.901978 69.123894
392.710510 3.206583
302.512665 8.642919
4878.921387 9.450226
10235.177734 4.936333
4764.009766 79.439468
8873.258789 39.158024
3799.330566 11.385161
855.828125 0.918305
2018.270020 8.487136
1153.789551 2.777642
72.031288 8.185745
1547.011963 31.154331
36334.902344 0.173118
25025.324219 5.937915
1238.339111 13.557914
1927.322388 14.606814
480.370300 38.335251
479.768524 17.565197
360.103912 0.368593
14521.843750 17.584938
4399.612305 108.802956
1645.049316 53.773098
2012.425781 41.012947
33.614010 44.243641
256.912048 0.396161
1569.542480 9.362059
626.436035 46.692574
846.720703 129.917831
6706.689941 68.438499
629.475342 18.018250
2493.501221 2.192483
200.764740 0.157152
64.276306 38.862255
462.846863 27.931858
4.442770 37.243477
20736.605469 84.383850
6485.949707 245.142212
1914.446533 151.032593
784.142090 92.459229
2709.198975 59.334984
812.313110 87.694168
1020.045410 83.178055
4893.753906 67.241463
5522.166992 40.347145
6800.081055 315.515472
13601.742188 214.338623
640.642334 137.393051
778.934509 98.356323
2380.412598 22.948807
449.855225 23.536264
1256.521973 36.860725
5859.666016 51.010742
21548.117188 99.395164
14231.431641 91.459778
2238.349609 66.963379
1620.319458 39.518265
465.984344 6.413104
615.666748 2.231910
4128.802246 0.415282
606.571472 8.224481
11356.738281 7.752081
9134.311523 1.519880
1019.770996 3.739677
518.726929 7.088839
214.340271 17.760046
2716.991943 12.037950
6125.402832 21.217224
13657.308594 69.807892
13356.202148 132.628571
2927.677734 58.828857
1511.790405 29.168278
1893.500977 22.254894
118.257645 30.229115
516.936768 37.239929
3563.614746 57.199684
629.242126 82.376816
5069.991211 320.375824
2221.754883 206.615448
1279.635986 110.304459
276.872009 50.798164
3174.131836 181.149857
5512.055664 199.812881
2846.117188 193.439041
8563.671875 166.387222
1136.374878 15.574899
954.908264 46.839092
602.495605 92.270477
1550.416260 141.563965
2550.932617 259.256897
469.620056 375.531769
4912.877930 482.601166
25894.126953 549.630554
2991.794922 13.313402
9729.969727 40.914230
658.567200 87.044373
619.420715 159.215164
196.906326 219.895386
4863.890625 280.440552
5089.327637 321.409058
2387.051758 331.388092
14134.051758 42.079018
948.557861 62.430344
1897.395752 100.382957
1986.369507 155.334656
5215.293945 339.979980
2132.135498 454.121002
11522.466797 540.531738
204.077042 572.664001
2520.283203 36.322536
7236.672363 74.049721
290.475555 136.396408
1437.124756 227.263733
152.939682 121.447845
1069.087769 227.711609
4355.429199 358.900299
4952.302246 482.796844
4242.761719 0.145495
4988.937012 5.593208
1557.008911 20.208807
637.186401 54.011932
29.776339 3.879704
510.441376 5.278656
1962.956787 9.598557
9676.462891 19.288479
4344.334473 7.943988
2302.075195 2.519318
5163.237793 1.846475
1288.288940 2.921162
1062.950562 35.052486
6218.198730 38.857357
2047.343140 37.886009
14389.247070 32.822662
4832.541504 6.568237
601.574158 11.161438
911.987549 18.716064
1416.593628 27.545652
1606.204956 169.215729
5412.556641 194.974686
389.267334 203.164917
1595.668091 191.650665
13732.726562 25.440790
1547.428467 54.174828
908.710083 91.288429
760.021729 132.020294
3693.806641 98.452118
3213.181396 178.765167
5559.994141 264.846130
3845.942871 331.079254
698.601074 1.812378
2546.671875 2.711055
5636.641602 12.307899
1898.861328 41.652679
278.802094 30.515390
4064.364502 57.941166
2177.230957 90.980148
9305.206055 121.119354
9180.823242 2.245513
5245.139648 2.183759
121.125862 4.735915
1517.529785 12.996506
714.640747 114.901543
7330.109375 133.186951
1650.780762 132.234329
9842.632812 112.410400
2810.597168 24.829666
171.787354 33.272877
1985.953369 54.424183
172.728088 84.841812
89.091278 150.139740
1904.553467 202.096939
27.641960 240.097931
9359.808594 253.510773
2359.906982 7.423395
3830.463379 23.518017
4881.816895 53.313595
1693.989258 97.120636
1271.650635 196.768860
629.523254 229.218948
4512.425781 243.000046
9291.722656 235.687622
1356.836670 58.116268
188.070709 77.433502
2993.631592 110.905212
2.990964 153.761978
645.944214 392.509827
8264.126953 498.184143
3395.289062 562.821655
5475.454590 566.548767
2014.242188 40.516033
2037.424561 90.152451
1966.065674 168.691895
4.521542 274.210632
243.034424 141.316177
2232.023438 279.333679
4711.688965 448.786011
9720.992188 607.804565
1194.562500 2.310081
3480.109131 0.856789
4276.580078 13.474504
721.164734 54.313419
308.606598 76.231369
7915.516602 116.058685
15523.905273 159.063293
15321.780273 195.205444
6179.943359 17.678726
651.108459 18.738985
896.411865 27.500818
811.743652 46.122917
1819.531982 55.620010
355.371429 92.290756
4934.158691 136.644226
7948.303711 176.776337
10971.805664 9.030940
1632.546509 13.675600
1810.693604 19.964668
1238.745972 32.092274
457.747498 125.360504
5445.214844 148.242981
348.962280 153.198853
7271.986816 139.599457
2760.018555 7.654737
3068.577148 25.546524
5399.851562 54.870785
5.596717 91.037491
879.509644 27.401669
2540.899658 48.457542
72.071732 78.122284
2218.531006 109.903877
1341.501221 2.094895
5889.946777 5.959857
26.653269 10.076250
841.844604 15.793233
157.099411 3.991489
3536.228271 2.726519
308.027344 1.913296
2369.475586 1.546625
421.456421 10.268498
2159.471191 9.138296
261.932861 7.467659
236.430573 5.639926
724.981201 12.242843
1016.551636 25.606434
10846.556641 40.824764
12683.222656 52.401958
728.700073 4.032562
977.724548 3.205966
1536.400146 2.202367
159.966354 4.353584
3362.892090 63.203407
1059.468262 58.794460
4014.139160 42.214195
5109.825195 21.464201
2869.714600 6.248901
2121.373047 16.191254
5568.441895 34.694813
1664.386719 53.465240
1513.075317 51.303799
1373.458862 61.229897
3576.809570 64.247597
9822.366211 61.709267
668.760742 0.121380
1874.672485 5.878636
1558.139648 19.080160
1709.352539 35.904366
2813.876953 2.047088
4115.460938 4.237132
9126.448242 19.068478
2485.567383 44.160114
3111.059570 17.411320
5258.445312 19.291407
953.393250 16.096914
157.375458 8.437247
460.127014 79.042465
574.461853 113.581573
2950.918213 142.840134
2761.425781 155.351868
1580.955322 18.861082
6716.816895 23.659142
910.961853 32.172958
1976.586426 50.118351
4283.592773 64.121078
4008.350098 107.312958
1471.036987 149.133514
18746.982422 177.850189
5113.957520 2.085625
1534.139893 1.213842
1867.004883 9.031775
2247.829590 29.714893
1137.750244 5.975851
2137.636475 8.739899
4472.831543 13.595702
10344.771484 19.616871
13927.225586 10.610057
4079.885742 8.325244
3360.331055 6.427830
1895.927734 5.393826
921.569641 36.036205
3599.838135 41.361523
3757.199219 41.882210
1773.657227 37.109978
726.700684 8.050702
5571.344727 12.651107
4656.953613 19.479603
30.890699 27.905636
379.820343 80.380852
462.701691 93.972870
4971.087402 96.194092
8416.161133 87.349953
1292.367188 4.246931
2628.337402 16.100115
1837.362549 35.524513
627.159973 58.919369
367.463867 118.055893
2288.625244 178.939636
2716.375488 231.305756
1157.219971 258.852112
3905.416748 1.296605
609.825012 8.701982
1114.851440 28.022635
109.210030 64.646973
982.788696 23.098700
4857.549316 54.424496
3680.927002 97.213806
860.949097 141.569611
5164.125977 4.595887
1577.235107 1.662222
5319.522949 1.098040
682.747131 6.372020
968.198547 168.774246
247.908722 206.722000
14845.127930 219.417450
236.015228 201.065277
5297.112305 26.915295
6043.253418 43.423496
279.287537 74.624962
503.625671 119.631981
1716.544312 114.439857
4742.622559 161.300781
8190.684082 206.056549
11974.556641 239.372101
1024.914307 4.713913
2734.305664 16.495642
3793.414551 39.433422
2999.173828 72.556671
171.628098 73.762650
3777.280762 117.183510
10204.923828 158.241653
16099.368164 185.081314
5971.891602 3.719230
1319.684814 5.714323
2076.474854 15.893949
2598.637451 38.313469
7908.879395 34.891315
6577.513672 43.314335
6074.901367 51.619534
6226.121094 58.044189
4187.612793 19.684948
2125.726318 20.124012
4151.584961 22.793304
2785.036865 27.784800
65.531960 166.908829
204.328217 219.317719
3333.883301 247.508469
3236.784912 240.839722
7800.422363 13.625628
5209.442871 28.068317
2669.111084 58.978050
575.464600 107.998703
58.523071 81.987862
523.108826 129.932770
4049.020996 179.783508
800.439087 218.312225
2396.059570 7.071598
7498.339844 10.977427
4343.950684 22.394831
735.424072 45.224190
1980.634033 53.167599
604.706665 68.201370
3669.226807 81.231888
470.180115 89.094826
3450.011719 18.217215
4070.380127 21.406301
1023.087158 28.360950
220.540543 39.202927
134.557648 54.096760
1461.985962 79.775620
2409.365967 102.183052
13336.616211 114.595589
373.982025 4.094306
392.717651 7.488077
2448.161133 15.982608
810.524048 31.596846
139.279678 40.880760
1694.438599 61.122009
4172.381348 81.712418
951.288269 97.524681
8055.840820 8.581235
3544.103516 9.548873
376.910126 14.560340
1276.450684 24.845264
89.185257 13.116959
943.093201 26.047104
1501.370117 42.648949
12017.667969 58.849453
2580.666748 0.628167
768.970886 0.905277
2862.577637 2.048658
183.295166 5.429812
992.106201 27.796062
2425.335693 22.763241
1120.089355 16.120028
1208.041748 9.830831
7230.947754 21.575821
659.519836 25.576460
2491.114258 28.825876
2202.285645 29.876337
98.888184 45.468941
55.766117 64.556801
18678.894531 78.679825
14617.877930 83.653328
539.245667 0.829922
1276.764648 3.892757
518.998230 12.247146
219.776199 26.655815
1100.135254 56.780022
2134.778809 91.118599
224.763763 125.899307
7872.595703 151.439270
3020.568359 3.924268
1602.074585 6.182972
4027.687012 13.858017
301.459351 30.168789
624.118652 119.998505
937.200806 170.375015
9493.240234 216.411789
2646.910889 243.808395
1516.187866 12.074919
3413.437012 25.902809
1442.568604 46.121330
330.551788 76.944206
395.447205 42.428314
1012.438782 52.912331
6111.749512 62.697670
5458.712402 71.185318
3514.156494 4.275549
3138.315430 10.348090
2435.836182 20.170227
766.635376 31.355896
3745.120605 4.660817
137.806305 7.391885
13978.334961 11.554585
16091.460938 16.880974
403.805176 3.814806
595.950562 2.537732
317.324097 2.420559
1693.421387 3.115338
500.633636 26.065508
4284.265625 32.369816
7988.826172 36.164135
1868.921387 35.637623
8803.416992 8.731106
1333.010986 11.048070
5644.000000 14.408591
3964.250732 19.534267
2726.049805 37.205349
381.253296 70.556938
201.311615 111.375549
3995.112061 146.774826
705.107422 8.802246
9751.821289 10.466728
1255.537231 11.344268
4835.596191 17.973339
273.781982 48.739037
7050.666016 60.296387
1596.706787 68.769661
22422.900391 72.369621
1985.264648 4.530004
980.874146 12.623098
3530.055908 23.478561
1598.748291 35.943012
74.337570 63.345963
2054.641357 84.418961
18105.990234 92.563843
333.409973 85.242798
20884.562500 0.682999
8113.071289 2.414562
220.714813 14.741159
1483.477295 37.083996
5478.447754 2.531509
4241.443848 6.261163
1928.546875 17.273054
5431.177246 36.101021
1044.691650 1.241132
500.973267 1.143323
4005.324707 2.348196
796.226013 2.462019
275.424500 81.175400
1764.337402 82.527611
22748.804688 71.869987
2128.713379 52.486698
1847.892822 19.844994
1153.911133 33.112701
5159.267090 50.961933
2118.787842 69.013687
6217.878906 212.986984
3339.015625 235.485764
6457.523438 228.253769
6088.501953 197.529480
614.768005 13.415309
12580.969727 49.804298
2341.667969 104.812103
1855.377441 164.926865
339.247681 56.198090
80.961067 105.607109
4841.674316 180.060242
17387.572266 261.298584
4852.787598 9.021458
1861.234253 20.261322
1759.216064 26.485058
2850.374023 33.669216
1179.659058 93.808197
3682.193604 99.505592
17343.324219 85.818390
4854.577637 59.433548
14359.519531 8.835051
6256.087891 18.308857
1153.036865 41.809414
545.191040 71.155792
1043.039673 292.890656
687.713989 352.993439
2663.194336 383.174316
1816.239746 376.824219
3295.491455 26.279776
2130.244141 72.247093
4431.637207 138.206741
296.329346 216.131241
223.254562 256.596497
1056.801758 345.043243
10248.764648 415.427917
2735.444580 447.874207
1523.677490 21.151165
1202.823120 51.286060
31.541697 100.512482
687.859741 170.497040
1145.184937 81.527061
653.813965 144.809387
6960.363770 218.089508
12258.268555 284.192902
1745.983887 0.970790
1488.534424 1.944574
294.143127 12.638690
601.048157 37.443443
1033.485962 15.587882
678.656372 11.016689
8909.583984 13.495624
4662.479492 27.818930
2285.119141 7.042664
370.911072 12.006041
2765.246094 18.267056
1965.550781 19.700905
4409.788086 175.031693
874.888000 197.334457
937.230225 188.662140
6692.249512 152.135406
1069.797729 11.990804
969.464539 36.931732
220.914398 79.115280
1815.326050 130.319077
1079.395142 220.428375
5250.123535 294.883820
6849.312500 356.064697
4019.678711 385.995880
3085.760498 26.218952
1704.113037 52.889664
1016.642517 93.244156
5039.385742 149.799728
4848.596680 30.609486
11540.620117 88.225700
6335.211426 170.404556
40608.093750 257.302307
3879.319092 21.242920
10742.552734 9.680538
3164.540771 0.981269
2907.393066 3.802291
2476.785400 228.629074
265.345490 257.329895
6432.346680 245.046844
16005.423828 196.430618
32222.126953 43.722660
7180.385742 63.393921
188.551056 109.261566
2841.819092 171.561768
568.104675 124.291824
334.431244 211.369888
12963.876953 311.791779
621.406616 400.396942
1329.730347 2.077887
396.284851 10.506658
8642.657227 28.669254
2005.402466 63.672932
135.955688 20.774107
1933.372925 48.352051
2731.348145 86.847656
20443.734375 125.959023
358.798553 21.385101
3790.556641 14.428988
364.773376 8.265952
194.171875 8.275577
2049.260742 102.265175
528.697083 133.339630
3940.945068 151.819931
5396.613281 151.660324
8994.764648 16.013945
10.079692 23.148390
552.419861 40.370064
2835.153809 68.289444
1076.934692 166.948273
548.713257 286.212524
7984.215332 406.915436
5364.604492 491.305511
1051.968140 4.174521
526.262085 9.400547
84.313248 28.505184
805.311768 77.955482
564.006287 29.432804
6555.037109 61.821053
5863.740234 104.517403
22476.152344 147.224960
913.953613 10.925850
2401.523926 6.854097
1543.194092 5.711193
720.853699 11.467901
467.168213 23.802975
371.314209 22.594524
1105.335205 25.851284
228.123657 34.089016
13831.847656 9.253837
12548.344727 18.535286
87.496750 24.731895
2427.514648 25.888718
3417.766846 18.105906
469.178284 29.464157
348.291168 39.267578
2412.338867 44.070633
772.450806 1.275350
1793.371338 1.162641
677.622253 3.070024
230.160034 8.660166
833.483032 69.973228
2076.996582 90.037178
12227.379883 105.562317
4818.299805 111.363083
781.759277 16.048895
2682.507568 23.919374
673.814453 35.055809
44.956795 50.584759
3240.301025 237.795319
10696.898438 272.582794
3750.248047 271.805206
25699.019531 238.005341
16567.505859 15.101456
13135.663086 51.112053
2288.377197 108.896492
591.444336 177.233139
1125.050171 226.181244
1807.573242 373.305603
1520.149902 525.892822
3199.993896 638.406311
23107.042969 6.700722
5446.531250 21.703785
5236.110840 52.447113
1888.346069 116.557114
1290.243408 19.781700
2184.187500 49.506828
2110.085449 94.589378
5335.904785 146.385437
1010.458557 0.994816
1339.897339 0.093510
1565.794434 1.074811
60.465759 5.569801
739.089539 111.580101
3008.979004 123.192276
22658.837891 122.474762
1023.344360 106.730797
4547.213379 49.914932
545.626953 61.738632
55.504929 76.181351
268.899872 93.850426
777.349243 235.271942
936.063171 287.167664
1436.101074 309.951324
17.840061 298.102570
4160.430176 15.420495
685.359985 48.487514
940.972595 101.305603
1263.853027 167.885437
1824.989380 116.009682
2510.181396 180.876892
5032.004883 245.537033
4897.938965 292.140015
2659.064941 10.877642
1227.385376 16.157785
692.990234 32.245686
2697.637695 64.698196
3330.796875 67.555054
3503.329590 91.297935
4427.322754 115.041786
309.237518 133.790848
9404.849609 26.704180
4726.187988 27.298807
2329.129395 34.224972
1146.217041 47.809216
256.661530 190.726898
3078.656738 249.122345
5112.811035 284.122314
7506.431152 284.529907
515.034790 20.929663
1667.956055 37.575874
4364.682617 72.583733
178.951874 126.491989
5279.599121 161.946121
3005.577393 221.933746
9021.583984 278.469604
3774.354004 318.424988
6215.823242 19.019011
1860.628662 36.590160
325.852173 66.423576
687.881653 108.499123
885.059998 64.626854
1228.884277 144.766968
933.241211 243.359390
27534.000000 331.441681
5221.522461 10.006683
2346.389404 5.248227
2011.252197 3.252401
1354.131592 18.275675
2131.670898 65.681900
2632.164062 64.389160
2480.100342 52.622066
4756.035645 37.983887
7711.778320 10.632109
4186.803223 18.053635
1534.160522 35.471157
1306.812012 54.421196
4718.654785 160.453918
2435.394531 256.780670
3507.327637 345.377502
4872.992676 397.499023
279.026764 5.466631
1637.036987 12.147199
486.580566 33.672615
1824.566772 82.023155
153.897217 131.501877
1959.942871 173.023773
7777.783691 208.506226
3838.903564 230.945526
149.703140 23.686264
1540.791016 34.383064
733.905823 57.487793
2884.230225 91.084877
363.369324 144.509369
1288.156128 236.416229
3656.585693 324.507599
3826.932373 381.472717
7411.088867 2.610701
13517.438477 8.215258
1853.754150 27.577839
1083.812622 71.650459
2151.703125 53.167374
1368.574341 107.488640
7964.956055 176.263885
566.858154 241.992355
1343.512207 0.151770
503.473267 1.617396
1786.080933 6.327910
1214.227051 20.596657
527.454468 16.664030
3115.435059 40.354454
3019.431152 68.844131
10374.036133 92.943596
3360.571533 5.361528
3323.782715 2.469430
1046.972168 0.030974
101.002052 3.269545
737.677002 76.516388
2341.101318 105.443619
8109.913086 130.119858
1865.320923 144.019363
7701.621094 6.056350
4258.545410 14.045946
276.571350 28.338367
1589.690796 49.526672
3160.272705 505.638184
2793.476807 646.283447
15962.011719 737.700562
3554.152100 750.001587
285.780182 55.906223
7266.282227 122.257957
187.600601 221.241196
1710.950928 353.757507
1611.526611 201.223328
1443.169800 362.787903
2333.813965 549.726685
4727.473633 710.316895
10929.180664 2.936460
940.432556 14.474607
3437.361816 38.096432
2360.236816 93.469292
278.200806 19.145994
3221.722656 19.574129
895.539551 21.082306
6322.488281 23.656279
1553.045898 43.777843
3619.418945 33.278965
16.338850 25.237465
169.765717 20.662201
42.851116 13.835121
6488.626465 21.160864
5827.502930 25.861961
16892.398438 25.897114
2309.948486 2.085851
812.923462 1.204842
1988.997803 2.399074
2335.331787 6.812337
412.414917 230.489273
9308.375977 240.205475
6613.830566 206.002747
11190.820312 141.697891
8272.834961 31.878292
6166.669922 61.425491
2377.356201 117.276756
968.179077 182.319489
3983.992432 207.744095
7313.590332 272.314484
12371.623047 345.769165
2561.442627 412.554962
1575.597290 25.825684
6307.153320 66.225693
1455.494995 110.235092
1782.038574 155.524521
4923.205566 45.651676
2730.867676 97.368942
4895.942383 160.945572
2745.341553 218.957657
351.439606 2.683437
586.192505 0.948218
731.342407 2.403907
1285.140625 14.573839
3346.708252 30.995319
640.407898 37.828255
5596.317871 35.896233
6576.667480 26.360216
801.010010 11.117613
8507.271484 5.807597
2042.517334 8.944644
6175.330566 19.184359
1080.325806 66.521294
4344.762207 94.388908
25869.935547 116.153259
8537.266602 124.989624
90.623871 4.320991
8970.321289 9.269176
3922.781982 20.625868
444.104523 40.173431
356.037170 203.415924
2390.099609 282.374146
142.438278 346.920959
1326.711914 376.347839
7732.072754 19.788593
4912.994141 40.783611
5215.313477 75.845154
103.428017 130.517349
2939.325684 128.243286
1285.006226 209.842239
814.375488 290.196533
9622.204102 345.060852
1047.910278 2.522195
160.006073 8.585654
2538.354980 26.165695
1228.244629 64.597923
873.598328 136.491837
1175.812988 149.341614
333.925598 149.355499
6594.913574 136.245361
5441.810059 51.619480
787.185059 68.146347
2299.518311 90.238068
169.483826 114.817390
33.999542 268.562195
2467.012695 353.783539
4581.543945 407.674896
22630.429688 411.780090
2550.102295 23.431080
2011.332764 51.464333
736.890869 101.971497
633.871704 177.515045
1874.122192 32.028709
44.235844 77.880608
1026.822998 149.748917
7665.548340 233.029602
8192.135742 0.182306
963.285400 3.334505
1985.560059 6.122946
518.006348 11.785807
2012.677246 128.972519
10231.865234 126.914215
6371.465332 102.371300
23608.179688 63.895069
9534.667969 45.744045
402.439087 57.944553
746.593933 82.378571
398.230133 110.511444
1.206873 220.165558
93.878410 271.387329
3421.880859 303.406921
3089.066895 306.280853
24187.476562 30.738029
5805.929199 63.826645
2625.590332 108.243515
659.795898 162.295258
1880.070435 141.483353
211.872345 230.636978
6359.979492 315.163330
101.817688 370.676117
2237.501953 0.399114
2451.755859 3.504803
1644.417603 23.542624
439.940704 68.979889
246.422485 5.237317
2522.282959 19.586674
1212.220215 46.094826
5696.024414 82.509682
3435.748535 10.535957
3757.202881 3.532926
2735.315918 0.585383
743.888367 0.358509
856.943909 19.257856
5356.856934 25.023090
5698.538086 29.325836
13556.066406 30.867519
5176.853516 8.169927
131.590271 8.131917
1161.583740 9.863600
65.354156 13.744859
655.226807 109.196609
2692.366211 146.799042
724.232239 168.529007
19794.175781 167.273270
6592.270996 2.903721
388.265198 11.697241
801.861694 33.065006
2606.028076 67.559090
754.339050 17.576281
5526.439941 31.983976
4075.112793 52.368046
21841.464844 75.427383
5309.347168 4.046647
501.840576 3.310206
3975.143066 5.063110
1027.710205 9.236301
804.012085 105.367500
3513.658936 120.728912
4645.079102 119.838783
19386.453125 102.932137
11460.317383 10.732129
5053.891602 26.112017
6021.902344 50.143562
5086.219727 79.068642
884.654541 37.625835
489.753998 60.104153
2341.755127 89.276642
29380.378906 117.709595
7232.385742 8.151727
11425.577148 12.727062
1392.811890 17.306084
2043.791748 24.184158
1069.995239 11.561504
2198.861816 18.395082
992.763428 28.970827
19188.890625 40.143635
13815.984375 11.143879
354.047089 11.178137
546.100220 9.979897
867.725098 9.266595
2550.068604 46.883587
1272.584351 60.603001
552.587036 69.945595
323.350586 70.801132
16152.167969 14.881931
1390.496948 18.319679
407.992706 23.949604
1081.077515 33.602509
8516.150391 6.729140
105.934258 23.470215
10682.650391 48.825642
18766.933594 75.211624
398.492798 4.409036
2540.065430 4.554329
721.592163 1.944783
819.161072 0.701345
80.335297 54.777756
3129.869141 90.781128
10229.713867 114.500908
16886.117188 114.824745
7394.541016 17.395067
4774.808594 6.276134
4562.568848 5.361512
752.958557 22.291653
847.078857 20.897129
5797.508301 16.731396
4522.978516 15.059489
1067.006592 18.876839
1613.220947 5.449824
9067.991211 13.233960
858.846069 20.399260
784.864136 23.113979
1151.445923 12.674679
5885.667969 24.769588
6900.272461 38.699776
28254.761719 49.539288
520.754089 4.578340
530.146851 4.131410
795.431030 3.486035
544.229004 5.545686
235.115875 40.870544
1351.386475 42.143784
2601.624512 37.192188
9.649004 29.201881
5059.676758 1.289340
627.340027 8.618991
12532.192383 20.540741
868.606995 32.807365
1003.496887 42.586369
2829.050293 48.954384
805.159058 51.396038
957.736877 49.062389
901.018250 11.153305
3298.523682 17.212059
2538.770020 25.066944
570.212524 33.999344
1049.499878 68.622330
3193.043701 104.008217
146.606949 133.540100
14152.611328 147.733414
678.447998 1.248416
310.386292 4.848314
743.903198 15.713803
898.491150 37.179352
695.088684 35.424080
1675.409058 54.851906
18202.072266 77.986694
7025.251465 100.476471
7196.501465 3.352714
803.074585 5.750563
3907.778076 11.751153
1058.854126 21.270845
1049.052734 27.110001
5637.948730 51.726875
13347.563477 80.310638
1972.690796 102.372574
2841.496338 10.426737
5353.458008 10.461198
3893.054443 9.196539
142.748108 12.962417
48.486534 74.345596
492.900696 91.917381
29068.677734 90.014549
1632.328491 69.536705
414.451416 1.392199
2434.978516 2.195574
2496.508057 17.871586
2687.938232 45.423782
55.409157 35.875862
657.725281 78.912369
10794.187500 135.125931
6876.626953 190.141418
768.408264 0.243911
2397.603027 0.412858
1078.554199 2.336684
2783.339844 11.539599
748.809998 78.279144
3073.351074 98.057152
283.157288 112.401604
1559.450073 117.906738
6071.546875 7.684427
38.183998 19.791214
1348.097900 36.602142
1062.797852 56.779831
3398.647949 67.537125
3659.037109 89.709251
1591.363892 104.963829
2806.888428 108.695625
720.917786 5.721005
740.347107 12.550961
577.244446 25.345020
22.044970 44.438278
2544.572266 122.465500
1995.640991 193.373260
9808.866211 254.643051
21479.990234 282.949951
4735.816895 24.063757
686.052307 23.350403
32.353611 32.783981
767.188538 64.925323
3289.799805 45.743046
9966.058594 50.180195
5858.194824 55.344002
5238.890625 61.159832
5409.207520 20.896166
14929.281250 27.532906
52.769779 34.830891
2544.238281 40.967587
2139.427490 14.822197
13109.126953 18.314247
10919.664062 21.554893
7768.759766 24.512077
9763.673828 2.821475
7378.807129 4.264679
1740.675171 7.322907
1812.879517 11.069284
69.686996 20.840689
3301.235596 16.464573
16386.992188 9.734813
1336.432617 3.804206
6379.210938 7.894179
2836.364014 11.841352
1964.061279 17.176216
190.900330 20.958330
1921.982300 44.831074
2137.312744 58.487324
725.383667 64.715073
1202.803955 61.355000
9559.064453 1.902918
18698.912109 5.371296
18672.695312 14.261738
4481.109375 28.431980
2204.771484 91.724136
1868.683472 99.318390
7724.040527 97.438034
2019.729248 86.201591
2029.781982 33.033817
372.358215 44.984615
2923.352539 60.496040
1220.811035 77.374275
427.341125 257.655823
833.165222 332.917786
3854.381592 373.041687
7260.396973 363.367432
1576.241821 24.005695
3604.017090 49.435158
827.254822 98.326569
2162.367676 171.788330
1192.478271 96.765511
2039.264526 145.345291
537.088135 197.951340
22051.107422 243.558304
466.977112 24.551779
4969.071777 24.361883
3709.614502 35.531845
1252.646362 59.377743
785.590637 120.358032
884.847595 182.801239
1115.611328 241.037064
3438.233398 278.229736
11809.830078 9.424177
1654.557861 15.926850
520.774170 33.805058
715.584106 68.306953
1006.898376 19.151371
437.984314 41.394470
789.413330 83.497566
10544.153320 139.611893
1067.234375 3.031607
1096.411865 6.988790
1306.833618 10.359976
936.535034 12.070900
380.314026 27.730049
492.224182 25.248623
9483.791016 17.822411
17226.802734 8.804671
9670.764648 8.948095
3346.196289 11.663022
264.335266 17.920946
980.677734 24.546478
3555.599121 37.839020
810.474487 57.326172
1475.388672 75.756821
13365.956055 87.955490
12675.050781 6.876228
4520.238281 7.341120
1237.599243 11.775914
1658.498657 21.875000
467.852203 151.464600
5281.199219 205.639633
1068.370605 246.040405
2389.044189 260.212891
4448.064453 9.497383
234.807922 25.893784
446.458130 54.655602
3473.242920 97.707390
3275.136719 78.645950
346.145538 157.937180
5694.888184 257.383881
17984.607422 347.701355
3278.739258 10.926447
569.399841 14.202353
2806.291992 17.092178
136.911743 33.301018
548.450012 29.261753
1486.754272 44.646908
14298.535156 56.566193
2796.345703 59.533588
2672.957275 25.959190
81.623055 17.872293
293.375763 13.560371
1708.061768 17.351292
162.802399 41.529030
701.800537 33.637508
10473.418945 26.723051
6045.612305 26.698900
6286.925781 8.576933
2510.058594 22.440224
4371.676758 36.442276
525.110352 43.590797
5652.646484 18.157162
8778.208984 17.579597
14046.470703 16.251158
873.561890 16.519587
1142.669434 6.776744
5626.750977 8.217339
2085.272461 12.327025
938.802734 16.334641
2303.565674 13.459518
14980.255859 13.757503
4706.223145 14.363496
7398.146484 16.339264
1333.192871 1.184042
2611.661865 4.703060
1034.631592 8.932722
1580.807617 12.075072
278.485718 18.786934
6865.733398 6.501051
4394.583008 1.393716
1507.077881 8.889891
1252.616211 8.127858
9987.593750 21.196344
4655.489746 30.190224
2149.295410 29.092831
49.237621 9.153867
589.994019 22.861805
8372.798828 40.217659
8274.370117 54.843449
488.542175 6.000714
2108.899902 5.010509
2310.907715 2.507687
228.641968 2.608993
195.840927 4.275434
21.913904 4.632535
802.366821 3.679805
1673.069702 2.070150
2193.461182 0.850096
305.714447 0.200322
1867.720215 1.057154
27.240820 2.782285
4100.498535 29.352451
396.012756 33.569977
1529.182617 33.369911
9209.929688 29.299437
663.576172 1.499015
1766.210693 5.801661
97.608871 13.103756
336.686310 21.776901
779.662598 2.913017
598.581726 5.766157
9150.966797 12.446451
4944.768555 21.279497
5618.822266 2.967660
509.924866 4.722767
212.816010 4.594465
1402.297974 3.259675
2558.942139 9.055735
3619.638184 1.706743
4190.722656 0.456315
19521.335938 4.675681
1831.608154 25.567205
7910.479492 30.545027
817.172485 28.141365
634.577698 19.541309
3221.430908 43.010090
3280.824707 80.815414
3246.450195 116.434181
38375.492188 134.752930
7935.779297 18.431227
2132.331299 11.816497
902.050842 7.841195
2517.635742 16.801348
3374.744629 1.946318
1233.120728 0.406800
468.075287 1.877107
17239.472656 4.043807
12003.218750 39.947643
3364.435791 30.406864
1186.584229 18.493999
5546.792480 8.112258
2453.646729 96.860260
4154.831055 134.109650
11169.060547 153.610275
4702.843262 147.253204
9122.590820 5.550998
788.889526 8.723265
174.931824 24.638134
655.754822 56.012833
4978.414551 56.216454
3623.271973 90.421951
19377.123047 124.977768
847.784302 150.074280
1809.227783 2.527323
2901.540039 5.433901
331.346344 13.378685
622.066223 29.700928
128.621704 6.135736
9244.451172 5.913927
5130.792480 4.825490
39206.718750 5.656689
2684.389404 6.848968
5504.529297 1.920639
2563.679688 1.970515
91.046707 4.370443
4387.070801 32.071205
3786.264404 32.739670
485.584442 29.129208
15198.867188 22.985916
21927.017578 3.453887
15659.539062 10.016017
3749.443604 18.662146
10598.500000 26.879555
1295.367920 3.963534
2873.653076 3.240647
3937.336426 3.897492
1566.263550 5.915705
15264.521484 8.864799
129.217621 8.304302
294.279816 7.160268
326.003235 5.525229
79.539345 18.433161
1218.707520 21.851276
7964.395508 25.582350
4284.907227 29.316133
4143.748535 3.919000
17354.724609 7.282835
1684.544312 11.276339
838.455933 15.033765
2205.194336 15.539650
2496.354980 37.357895
2072.247070 64.847160
1439.794678 89.648773
6887.361328 1.278371
3848.218018 0.824899
2792.636719 0.151081
171.103012 3.533178
1517.979126 36.076775
372.244873 36.520771
4514.851562 32.626076
1402.322021 26.911879
1014.354492 11.005714
3209.370605 15.021571
918.942505 22.650883
2820.189453 30.805912
1371.841187 71.227219
2088.970703 114.678192
2318.190186 154.300659
202.239365 177.509140
3688.777344 0.194872
1178.925293 2.905442
209.938629 12.969124
1876.217773 35.407219
536.240295 36.538921
4054.165283 58.005325
9282.820312 82.277611
3301.599121 103.831329
1339.044434 6.095879
2615.868896 6.975927
785.870544 11.553698
607.750916 20.961475
26.329596 125.771942
8752.228516 171.793579
2802.122559 203.351944
8188.319824 210.206024
3251.152344 7.686329
5674.420898 18.440144
6448.507812 41.476765
2081.472656 78.725563
327.589142 217.671234
685.238281 294.661194
3817.927979 352.315765
6458.712402 371.831055
5787.876953 31.437368
1980.258179 49.876190
3773.896484 85.485519
1466.337646 142.870712
603.077454 211.567490
532.633362 309.155029
858.056091 394.585602
5828.485352 443.602264
2132.355469 12.739669
5675.283203 27.581059
2052.993652 63.042206
1338.159058 124.975357
30.873756 163.629364
637.799805 231.766388
11892.359375 294.193176
7925.154785 334.466919
3640.734863 30.802610
279.766785 39.354088
958.546265 62.815502
32.919647 104.553879
1357.089355 187.541107
1752.808960 277.868317
6580.362793 363.066132
1064.923584 417.637543
11300.380859 17.858095
3864.066895 33.587425
1395.774658 62.544250
365.347198 112.846642
1651.907837 72.231918
2262.841553 113.372833
3670.259766 158.932114
5055.147461 199.960510
196.526550 0.382874
2050.036133 4.818013
576.690430 18.108816
232.179657 40.245201
7661.462891 14.024447
1308.246582 5.873193
2378.929443 2.156436
4115.099609 8.190475
309.660095 2.791506
2250.185059 10.391668
393.756409 17.928013
791.544189 19.502737
1254.774292 30.862148
281.322052 66.032890
1407.152710 109.837021
1274.927979 145.914169
5178.286621 18.847977
2433.431152 17.594246
1123.262939 12.314080
2727.456543 13.502958
1617.185791 0.115045
1507.979248 0.412770
1167.389893 1.197335
14900.063477 2.680847
3864.278320 2.680847
14900.063477 1.197335
1167.389893 0.412770
1507.979248 0.115045
1732.100952 42.287720
177.131714 61.521858
10589.510742 72.622772
3298.653564 71.119164
20115.330078 0.918222
2201.043701 1.076219
400.500366 7.562257
290.186401 22.170158
3875.251465 64.576782
218.054382 86.118889
3029.572998 106.637642
56.473259 118.474716
13018.775391 20.139994
3199.060547 28.195726
590.936646 36.222900
1604.030762 47.534023
957.859741 13.372713
6034.113281 15.317250
400.114868 15.491765
9685.935547 15.026241
1767.669189 1.089637
3474.746338 1.606236
621.855774 4.980305
2109.663086 9.541617
1429.337646 3.820302
2478.922852 0.718197
671.589233 6.779956
2766.819336 21.366966
1167.850098 15.748832
3387.041748 19.992115
1428.187134 18.738722
1060.190674 11.895226
872.876953 68.708229
1742.766113 92.810059
2849.553467 106.788094
13325.537109 105.347412
1505.727661 4.633916
177.209106 9.692213
1835.802979 21.941536
724.172363 42.683949
808.391968 83.985176
5539.782227 123.818771
3585.691895 165.803406
1888.362549 199.281876
2591.730225 5.570964
2735.691895 15.625472
2858.772705 30.654324
427.353210 52.634911
927.974915 131.498291
682.147522 143.113449
3537.766846 140.889450
297.664978 126.080360
2947.738281 27.955086
6966.494141 50.893322
1830.295166 79.497566
12.986054 108.497543
3447.943848 227.103363
1041.530151 338.916077
2582.394287 430.459106
2364.544678 472.496582
1466.720703 2.480016
2837.630371 16.796543
4191.747070 54.741280
1.907468 125.836998
1900.936279 104.787201
6205.285645 172.860397
1434.772339 248.241882
20012.091797 312.418030
1290.326416 8.908207
171.978165 12.076796
1105.435059 25.869947
2735.819092 55.225391
639.784546 101.346352
2408.704834 139.747772
4134.905273 172.112900
627.345642 188.145340
17138.376953 19.556913
22222.878906 27.407539
3226.743652 42.146957
781.564331 66.900208
792.335083 48.234348
68.588509 70.371155
1121.659668 94.509438
16343.971680 114.782204
1036.419678 3.882832
8899.465820 10.172632
199.076447 18.969021
361.939423 31.125027
1682.311523 31.788752
719.770447 26.672016
9966.886719 16.398788
6782.663574 6.371738
10566.669922 9.618603
4273.430664 13.241443
1273.694702 21.540012
1921.475586 29.412254
144.071060 25.936100
1103.618530 39.956715
539.077209 55.375763
10153.648438 66.656120
2254.463135 7.973751
4761.065430 10.492733
1683.098511 12.455059
1398.937256 16.751667
3552.584473 34.475044
4557.405273 25.529881
3765.086426 16.562601
4149.030273 9.389320
4071.042236 36.524109
1597.891357 42.175503
2794.239990 43.978203
192.670837 41.206810
2240.131348 162.577774
1088.555420 179.131104
8714.495117 171.337311
2917.505615 141.619873
503.421600 23.418793
2547.827148 48.867119
266.437622 85.913147
217.691010 127.680191
261.141083 71.300377
499.271851 119.990601
2970.794922 179.834366
3832.000732 237.350464
769.870239 2.468461
3244.475586 8.553206
3227.787354 19.782719
120.793053 38.817989
11.558537 67.318985
7789.719727 74.852570
6476.064453 73.437698
5757.432617 68.368233
509.889801 1.019850
1860.603271 8.522368
86.619293 27.478285
1667.510132 49.923321
590.920349 39.648289
7617.574219 64.583565
23277.324219 88.719475
23776.652344 103.310837
6436.931152 12.523535
10718.547852 11.337609
415.805206 12.665856
971.615417 21.376770
3231.408691 85.743553
4959.003906 84.781799
4604.890137 69.112579
16296.621094 45.059570
9904.677734 9.571948
635.283813 25.425840
7146.742676 48.635269
388.225037 71.728653
1777.767944 2.518831
376.551758 13.741620
5131.617188 47.480499
26194.666016 99.618523
6100.215332 5.692724
1236.337158 11.643700
5875.823242 12.190351
1884.750610 6.229934
1437.049316 46.492439
3525.433594 38.022816
3880.389893 25.529438
2648.402100 13.750161
9904.160156 23.939564
5537.114746 32.929352
7377.897949 42.334030
3100.258301 47.886002
1042.788818 174.663483
4325.091797 247.738403
3262.755859 303.252289
2240.857910 323.332367
3650.255127 5.365543
5186.380371 20.114319
1702.650635 51.607479
2764.485352 104.471764
3919.772949 118.906120
2669.480957 190.815353
2673.051758 264.207733
3684.886475 319.686096
1721.274170 5.673668
3084.888428 10.442181
341.213135 27.617207
83.104279 62.807686
190.259979 51.004623
3155.422852 84.948463
1228.481323 135.128357
1748.111450 190.352036
279.463318 6.358189
751.806335 16.722567
4711.252441 25.049019
911.072449 33.622749
2783.769531 103.203873
6012.100098 86.200905
15888.886719 56.442352
4884.542969 25.866318
153.865067 30.278173
9147.445312 53.879810
583.603821 81.265427
3136.656982 100.858208
3105.806152 369.336182
1394.976074 509.447144
3459.449707 624.774475
56863.050781 674.359436
3573.910400 56.109085
4749.208984 94.935654
1395.682983 152.499222
814.057861 243.437744
327.670105 208.848267
4502.496094 294.976196
7123.929688 363.822571
2303.006348 401.379578
32872.710938 3.184996
8747.141602 14.090645
1367.136475 55.074677
2755.785400 123.424362
3365.962891 79.035294
3773.963623 132.827682
4173.714355 191.694824
3839.536133 240.271622
4713.418945 6.283041
2421.853271 8.238562
326.598206 17.870953
861.791260 40.116913
4339.182617 22.853651
896.087830 31.825705
10817.917969 45.202805
9421.226562 62.011597
305.244659 8.710268
2546.949707 9.419774
3159.062988 12.725299
1386.357910 17.060406
1494.479126 12.269260
757.164551 23.397722
7869.009277 35.431595
375.288849 44.046333
5787.523438 4.377997
1163.907227 3.392186
3998.055664 2.802690
665.409302 5.191755
1151.378052 5.194433
2882.126221 10.282708
1510.873047 14.623810
1778.554199 15.759331
78.230492 9.935680
2784.792725 5.965450
439.374237 2.594291
835.659302 2.132954
583.820007 8.387897
448.449188 6.567766
3226.599854 5.577033
8218.085938 6.364590
120.495667 3.265564
1677.220459 6.378638
1240.486084 8.856893
582.861816 9.524971
467.044220 93.690353
3926.281738 118.718758
224.607071 133.774536
5739.590820 133.855194
1840.597290 10.032128
4561.539551 22.234568
3711.514404 40.831329
299.157288 65.701614
6318.097168 149.184982
343.767151 167.273071
8156.463867 174.394470
24299.421875 173.427795
2753.646484 12.416700
300.834045 42.031109
3878.681641 80.945442
4523.085938 119.272652
1757.870728 70.844696
4481.381348 131.292542
4232.901855 195.486404
28663.373047 243.282990
6946.534668 0.343436
2656.998291 1.068738
9430.605469 7.286589
3485.698486 28.420816
471.411774 10.105086
2257.000000 6.933237
13545.583008 7.299881
5937.323242 9.525040
17165.871094 40.014244
17959.113281 35.001740
191.285858 26.391352
438.202881 17.118090
2457.317627 23.509953
883.241089 27.616901
3881.321777 29.236509
4761.524902 27.875446
1416.752319 4.848011
211.628510 7.997797
495.246338 12.547567
760.473267 18.051435
725.457031 65.559868
2702.056152 113.657539
1575.130005 170.179688
26957.804688 218.661606
2274.569824 8.154472
2314.664551 13.045870
2167.109131 19.569977
1420.931152 34.593311
625.355469 24.444935
5157.372070 36.759903
6095.207031 50.274506
5513.396484 62.586803
3028.704834 0.685614
1610.746704 2.486764
5085.479980 7.227395
313.893341 14.530270
68.154747 77.305130
554.075439 88.244522
1898.251953 89.368439
11074.733398 79.743103
1632.167847 15.083708
18.732536 26.507812
618.646790 42.128181
1197.869263 60.329338
233.664886 289.856049
1770.247559 316.360474
3166.490723 305.071747
9720.479492 258.427063
4189.003906 57.686840
3605.306641 105.418922
456.907288 167.883911
1220.906494 234.853577
5547.037109 282.699188
4056.593262 346.186340
4144.625977 388.935425
7431.773438 400.835938
4994.877930 43.239925
298.490509 84.532211
809.616516 142.152405
98.775017 210.930679
1910.643311 297.859100
1565.601074 495.963135
2201.492432 685.309021
2917.145752 807.971802
5015.067871 2.753084
3404.936035 8.392504
1782.614624 46.584663
987.524536 140.613770
2859.033936 147.995819
5339.956543 250.303940
3031.600098 370.324249
13738.041016 482.406372
168.973145 5.325356
1554.206543 9.848614
2764.890381 31.930187
3481.185059 75.586929
2329.189209 22.744507
22.753391 60.852119
6128.604980 117.040970
26765.986328 176.810211
9086.342773 6.640216
8913.826172 6.477090
17.998688 4.209559
1566.095459 6.129459
141.252502 1.419156
874.082825 4.114641
735.560242 8.280178
75.607109 13.040131
4849.303711 3.264613
500.235901 1.831572
2695.647705 0.746125
721.232544 0.414988
916.210999 35.983467
2307.358643 34.455872
15901.349609 30.495224
576.066650 26.078243
1231.459839 8.157558
429.999451 17.360825
510.852295 26.732225
112.700096 33.471302
1563.516235 26.544338
1373.103516 49.083977
3278.943848 72.916496
601.780823 90.497978
198.856293 0.292485
3564.238281 0.540172
1419.293335 2.818471
245.994308 10.696157
778.998169 42.600388
1439.368164 58.564293
13264.776367 70.362259
610.293274 74.249741
118.308830 3.336198
1474.453369 7.110445
5057.406250 14.697952
6165.614746 26.891962
758.465210 3.702688
874.264648 5.766016
5946.420410 16.952066
31943.406250 35.264011
352.651428 7.005193
2862.867432 11.666329
1516.066284 11.782542
575.242004 7.630005
2614.976562 2.262333
52.192497 6.705618
1383.515869 18.264233
5240.854980 31.835579
19531.472656 18.832436
112.019730 18.976936
1091.067505 13.183764
512.437988 5.677778
2578.727783 47.976910
1637.370361 57.965034
8362.175781 58.652428
1185.982544 48.949268
2949.016357 14.203259
1321.486694 14.827490
124.471428 21.333967
118.272095 33.717323
227.336395 19.554253
9860.057617 15.082850
1757.658447 11.703849
4564.087891 13.896347
554.962708 0.863543
4561.124023 7.262428
513.901184 15.494146
698.043945 20.340834
282.636719 55.589836
1694.581177 92.299072
7995.962891 128.131195
5528.416992 149.882492
7897.697754 10.132328
2581.792725 11.465998
2723.330811 15.271166
1942.644775 28.717079
886.395569 136.769196
851.939575 126.963890
3248.677979 100.988724
5065.169922 70.647339
525.717468 19.848392
217.070374 53.252300
3677.092529 92.678612
304.677094 124.275833
389.808929 253.709015
3700.338623 322.994202
5843.629883 364.016327
32507.142578 364.742401
3908.010010 19.721592
2698.386963 51.328659
29.479525 103.736145
1534.658447 174.753296
2277.037598 351.232391
1707.812988 518.306641
5691.791992 679.360535
41718.113281 787.411926
10979.425781 22.116661
4453.017578 59.497021
1738.747803 118.918121
2709.472900 213.796661
8803.981445 160.231628
2337.095947 243.874359
2521.032715 326.708527
2067.671387 391.506836
16954.382812 1.075545
248.422379 8.739806
852.656860 38.074371
1155.542236 89.229958
1411.602661 2.718388
329.337280 8.242052
1321.629883 18.168770
4893.550781 32.830364
1603.360962 10.214458
621.365601 3.119298
692.007263 0.295011
5427.520508 0.328501
2655.984863 7.081296
1655.614014 1.798326
2201.221680 0.884065
1135.621704 3.189970
4033.623047 25.230738
4180.742188 27.168995
558.876099 23.247837
276.551910 15.351960
1766.556641 185.754578
1852.656982 256.645599
9222.371094 299.737885
9008.192383 297.487335
1624.388550 18.765978
10397.981445 28.533329
2188.412598 57.576366
823.385925 112.457359
466.297272 83.956390
909.271423 130.578735
3858.608398 180.664932
1930.224365 224.309738
464.350494 0.501864
1820.174683 5.170371
1930.485840 20.599722
1616.020264 46.720913
461.119080 38.929157
1806.345947 40.042412
9184.228516 37.842091
1716.926514 33.915489
2805.276367 23.123791
2738.212891 24.455975
463.120026 28.931112
1856.980469 34.615559
229.878342 91.267021
1600.528076 119.307693
21026.669922 135.989105
1355.844971 136.128906
1839.146240 4.016469
1810.819458 14.113628
1470.848145 32.822483
358.688934 59.937630
769.346497 14.391095
1281.750732 32.294197
3911.697998 64.357452
25034.296875 102.915741
2265.566895 7.041846
741.058777 11.394251
3790.831055 11.385537
3625.888184 9.800809
308.691101 73.357430
3553.303467 109.764900
674.836731 128.081451
19475.669922 119.798950
11152.279297 10.615729
1211.058716 2.719906
1979.941772 9.226772
134.553543 34.865311
1503.058105 16.039972
4328.706543 22.531332
6428.015625 32.369640
3757.191650 45.859726
3078.259521 4.870881
115.188141 4.299461
2029.144287 7.190818
1278.455078 11.302171
1024.942017 151.405731
1942.880859 162.612854
295.560059 159.162476
25115.339844 142.621658
5101.679688 31.146002
2307.307617 60.809860
1436.115967 94.927780
1473.163574 127.263939
1085.963501 40.090454
934.908447 70.917679
7896.188477 104.819839
2019.666138 132.915192
13184.316406 1.991135
4106.717285 1.767123
2429.430908 6.120269
2237.230713 18.108238
137.224380 45.337376
868.415222 44.597492
1312.454834 43.764858
190.017426 44.555981
5381.803711 26.159838
429.160461 32.510326
1853.972778 39.297459
924.458923 43.898132
3287.301758 175.518982
3565.577637 252.970001
3746.544434 310.598999
12346.266602 329.337677
371.318024 5.122204
2202.605225 16.350943
1886.931274 46.442932
448.150940 101.111717
756.156372 176.368637
9008.764648 249.260162
971.432007 319.828552
10474.027344 370.290649
7146.849609 26.670525
5071.778320 41.547188
424.244812 69.979889
1979.001953 114.679710
1786.090698 170.137024
1462.460571 273.519531
3453.634277 374.169495
1198.737427 441.545776
8729.253906 4.086830
6799.009277 13.776677
252.841400 38.065460
3342.648682 88.473846
6232.238281 28.881176
6156.302734 57.842285
119.042587 96.839584
25388.318359 138.218567
1394.586914 3.246421
4886.805664 1.573086
1320.788452 3.984339
191.710251 11.830648
1534.606689 2.465795
1181.085938 7.306136
3390.479004 14.774173
802.520142 22.780502
6248.625977 2.720015
1451.666992 2.276263
913.048828 1.260979
850.755249 0.781196
1773.246460 44.893326
1587.419312 53.220821
4029.381592 54.131458
686.118774 47.131317
220.633224 4.149900
11860.567383 9.666808
2982.990723 19.405588
358.286102 32.238899
551.254150 53.764366
2660.169189 93.547157
2836.128906 131.966324
7507.819824 156.040771
3408.108398 1.054302
779.779175 1.681237
411.910889 7.059081
400.361511 23.501291
344.736542 56.270546
3449.535645 66.508400
988.144043 76.088455
8735.925781 80.762558
2479.163574 31.480558
651.368225 37.757637
395.323730 42.660091
260.261810 48.231289
1371.239746 114.293266
2446.646240 130.797806
3387.349609 130.483185
8427.488281 113.634834
1795.016846 11.178379
1249.062988 28.635517
694.263733 55.079788
3703.089600 86.247856
950.570801 28.306046
2289.270020 53.028130
593.897278 85.148849
7414.471191 118.695419
1699.168335 1.962764
1034.334717 0.931400
6988.701172 4.295801
326.682129 12.626438
3139.759277 0.693480
37.642185 2.325439
4377.744141 7.321637
10705.379883 15.316152
9230.900391 8.053594
12964.841797 5.614194
5046.676270 3.460024
363.709808 1.524328
65.475922 39.416470
539.199646 62.949081
2782.193115 82.548340
2183.123535 91.338882
2818.797607 0.048596
3953.446533 0.951954
230.736572 6.278076
277.667084 19.107666
159.305038 73.858582
5219.530273 108.783943
4159.570801 144.038452
11399.823242 168.356155
2482.752930 11.104545
5923.742188 19.454304
134.364380 30.002659
179.923676 47.042469
342.651184 58.112110
614.708923 62.674622
3261.889648 62.247467
3830.822754 58.703438
2876.812988 5.849716
1494.920654 17.973898
1427.616211 33.364891
173.633591 47.871761
97509.101562 97509.101562
97509.101562 97509.101562
0.000000 0.000000
0.000000 0.000000
0.000000 0.000000
0.000000 0.000000
0.000000 0.000000
0.000000 0.000000
