621.559326 678.377563
288.528900 748.683105
10031.274414 738.173523
1965.919800 654.778015
6465.752930 326.167175
3961.374512 347.120941
919.161682 429.872894
943.286621 555.495544
123.379349 412.734283
126.821312 587.248047
402.767700 972.717773
1092.125977 1501.445801
7901.457520 902.035950
3522.893555 731.303223
1248.873047 562.351562
489.557281 429.915710
2251.941162 15.157619
621.323120 69.045959
715.440063 143.044800
345.878235 195.693359
13906.162109 494.173187
7716.209961 306.148163
2079.392090 132.034897
1517.387939 28.535700
527.043274 428.261169
466.308868 619.722717
3793.519531 836.263550
1239.796143 1000.056580
2067.943604 605.421326
3238.463623 463.503082
1971.756348 351.114014
1003.511658 330.225311
69.768356 273.486237
2002.902100 307.950348
2233.837402 541.432129
244.377518 922.049194
7645.150879 795.999268
1551.648071 726.502014
240.921188 580.903503
309.363525 397.706879
1360.416382 159.922531
1106.493042 121.345772
1518.366943 70.477600
5054.695312 28.850189
1501.412109 122.887917
276.096863 138.825256
1308.238770 161.197723
3374.066406 172.811295
2932.342773 114.912651
462.560181 137.611359
10595.626953 147.353668
4821.062012 140.819977
5983.789062 23.570644
5377.986328 37.236809
3585.373535 58.552586
1087.775757 86.109268
935.290222 262.378693
742.286011 287.838440
6880.625977 325.757172
8622.416992 401.855499
568.928162 391.422028
4578.296875 275.449158
647.200745 233.019409
1089.112305 239.098999
1558.177612 59.116032
2000.235962 124.769638
643.697266 303.912933
60.422485 516.300171
18161.347656 407.986481
19547.144531 377.316956
2249.986084 258.314392
1954.577148 122.068871
2324.190186 0.569530
2120.454102 27.131618
2351.947998 95.334068
654.603271 189.491745
8376.383789 94.520142
6264.839844 73.881584
2292.430664 43.001225
790.664734 11.882188
845.350586 315.010498
682.614258 437.522095
651.740479 511.462830
212.440781 509.098175
2954.194092 13.711517
887.394043 31.756086
387.383972 86.442101
677.648926 185.921753
1695.209595 117.885704
4622.436035 174.450623
5205.280273 263.199463
2641.949951 374.426483
359.898010 540.434814
6446.317383 331.128967
5644.487793 182.606720
1077.525757 113.673920
295.784973 122.210304
1072.637207 198.990540
2685.248535 256.222473
641.267395 271.945099
5532.813965 76.365799
2100.677734 38.985790
1307.681763 27.534853
836.872314 57.004452
564.706177 533.925903
136.873413 684.216125
1418.766846 808.546997
9582.368164 865.656067
1444.361694 904.825684
1281.499146 636.172302
3903.151855 463.904419
134.288574 436.582703
239.060822 418.170197
1839.149048 460.301514
4228.845215 698.025818
10275.276367 1059.036377
5035.452148 837.520752
599.895142 834.761597
429.805420 717.629578
191.520187 540.072083
2253.068604 38.291809
5223.218750 71.178909
11044.658203 139.136734
6552.812500 226.740860
8161.205078 67.255020
5434.784180 64.042496
1623.621216 51.743587
7122.500000 37.309147
173.286026 6.505898
2270.242920 35.252007
4299.872070 145.061447
2117.052246 328.882965
1329.131226 135.975266
24799.316406 106.298553
1112.395630 73.162354
210.534805 31.945023
209.122345 206.919495
2553.723389 291.357666
358.566742 335.713287
9936.837891 317.050293
6496.308594 299.458435
2176.066406 184.012344
7979.723145 120.041077
3247.186035 133.467010
366.917511 48.349903
133.811050 43.837280
825.430298 120.913887
2198.943848 283.847168
15409.462891 190.510590
810.258606 172.836304
261.662598 145.549561
1872.392090 96.802963
4908.257324 28.665274
1835.222656 34.413551
4643.758789 44.773384
3127.072754 60.483475
4313.781738 57.514378
986.421692 40.405670
2039.508667 30.548717
116.042587 27.128263
914.215027 79.642944
447.315491 146.169800
4508.607910 234.719070
1099.350098 315.215515
2606.739502 36.630421
4459.694824 44.891968
4161.992676 43.032829
942.680542 47.930332
144.519760 230.479782
706.077148 283.707977
1310.388916 278.518402
6031.615723 221.880692
6132.694336 238.662384
6425.999023 135.413727
4326.154297 107.628922
1229.838745 153.358276
1534.266357 269.258148
327.981293 262.969391
2152.510986 212.068848
10639.175781 138.213806
8114.695801 232.658875
2484.766846 196.108124
94.369408 203.196289
459.730011 238.935883
136.510422 58.147625
699.894409 30.137070
5472.058105 59.964802
3651.605469 163.334961
5410.244141 85.676094
232.019226 111.107307
740.373413 124.132446
1883.208130 102.523331
589.125732 204.770126
213.158173 302.367981
4125.325195 428.660858
2581.590088 536.782288
38830.628906 142.353378
9642.474609 156.443787
1738.678345 152.268997
2463.791504 158.103943
376.810883 146.660248
321.299103 222.215027
730.520996 352.362213
4248.356934 486.608887
1826.039185 460.741150
2682.958984 355.009674
1759.928955 236.552917
945.956177 154.083633
843.688660 7.214305
6931.878906 8.834474
2838.778564 16.589693
10952.329102 33.650265
4520.665039 14.774669
2630.461426 8.280375
902.776428 7.216401
4628.886719 7.393746
364.417267 101.842438
962.075562 140.978775
1501.532837 182.149612
355.054321 206.677048
15097.911133 151.915619
2521.224609 119.495918
3710.056152 90.815269
3629.333496 82.650063
417.579895 162.590851
1151.913940 180.564240
1784.335938 181.929276
626.768311 171.322479
2037.611572 220.048676
4217.299805 159.650116
377.602142 133.159088
371.519012 139.764481
1097.377319 185.386429
1471.575928 302.425201
203.144592 449.421051
2555.721191 569.064209
2550.873047 254.823441
6788.628906 208.395386
766.241211 154.353714
904.654236 135.856796
73.517532 49.525074
2076.608887 35.535919
3209.950439 85.348152
14844.589844 192.752914
1358.694458 264.338989
2768.763916 231.524307
43.895058 176.926636
430.717773 107.483345
343.247803 319.219940
626.125977 499.416260
1863.789551 639.720581
2742.816895 692.385498
18740.294922 49.959034
2859.807129 29.747507
5635.465332 58.425026
1571.969971 158.013184
1781.623535 214.132004
3963.453369 221.560318
261.797668 248.933105
8589.105469 309.571442
12579.583008 493.438965
2320.648926 354.897339
18.663349 266.838745
3387.165039 225.180908
981.784668 19.308313
1561.018188 69.115768
153.171097 167.736725
2303.354248 274.733459
1737.944336 129.351929
5325.536133 120.126053
872.250732 75.984703
125.212730 29.071466
1180.849731 5.162696
973.344116 7.399937
6378.216797 15.408798
482.165222 31.191019
6512.288574 60.238026
6711.097656 34.121601
1159.145386 16.880007
1790.444458 7.917068
632.172852 151.068298
1650.040527 302.515228
1963.572632 449.141785
8436.951172 528.405090
3374.886719 256.746033
2690.315918 147.091278
3131.778809 63.998863
641.522095 60.339340
27.073605 16.586412
462.618774 34.425636
1189.920654 119.016502
5666.122559 248.585312
22835.580078 313.468719
2333.933838 237.678955
1345.024780 146.267624
4436.636230 62.046791
187.145477 0.421325
809.925232 3.245978
1096.232178 12.593867
240.098816 23.773109
706.272705 97.796295
6380.142578 63.632130
151.278473 31.357294
66.586731 9.154091
1249.435181 20.815771
1426.512695 51.883305
11361.248047 93.626869
7875.958008 123.438675
371.700958 113.380516
5644.267578 82.033096
539.956909 42.568176
805.955200 17.246672
1067.472656 8.095091
337.048370 32.086697
575.117920 70.930618
1526.147217 112.669884
311.987976 24.266220
10973.693359 19.137848
2755.072266 9.319964
2563.952393 2.350604
77.096146 18.992926
431.849182 3.081483
1353.450073 13.100166
881.310791 48.866249
615.183716 128.808319
5214.194824 112.788383
490.463806 86.013191
502.238647 51.216583
2748.544434 58.139591
519.228516 68.802330
4041.142578 79.180298
1622.157471 93.533577
1970.275391 0.395300
1962.496094 7.395316
1503.667725 24.505838
162.505371 43.281948
3219.888184 135.745972
6028.445312 151.244049
11248.887695 151.374374
8738.087891 127.124817
3337.838623 164.022034
773.805969 140.953323
1618.682739 122.954926
716.109253 121.759346
851.032959 28.993563
3170.324707 86.331123
9397.033203 172.863876
1543.216309 263.872009
22097.632812 15.206819
11940.325195 16.097864
7024.360840 9.220679
3978.758301 7.168242
714.926025 158.668396
1405.687012 327.043243
519.998047 570.710693
762.148315 833.720642
2034.986084 193.988388
3427.489014 131.798325
3232.141846 86.663849
4877.389648 84.310196
1035.137573 79.775238
1779.317261 55.300095
1944.294556 48.841091
2985.877686 76.713638
20211.937500 351.663147
9103.785156 244.077591
59.852943 166.394104
2978.029541 115.107277
1803.566284 42.390999
1351.374756 27.963581
8202.222656 17.545595
3205.387695 12.624006
12670.435547 61.394825
1769.227661 68.238541
1861.756348 66.615631
1112.287720 56.872223
329.007080 59.365482
1027.892212 94.949165
710.682129 130.005371
1732.690430 157.979935
2086.311768 6.036174
319.567932 1.745816
862.192566 9.531211
177.715027 29.424362
142.394196 61.218681
1608.467529 148.111237
1581.464600 312.885223
3299.879883 523.096924
1140.279907 15.071193
5334.925293 38.434189
7003.074219 44.626522
5267.634277 40.063625
2539.803711 26.057636
212.669220 55.312653
199.169724 124.194824
1824.109497 225.888977
2648.176270 286.087341
4118.871094 175.590027
3411.961182 89.838707
19.407993 38.216702
1.696504 328.193695
1016.434265 425.589478
35.965576 470.643127
453.373047 430.381592
10570.392578 240.948990
7275.746582 198.659744
4130.266113 186.891022
210.093323 233.548203
96.463043 70.623421
1815.084229 39.675385
619.541382 22.120947
12328.356445 50.673676
18329.996094 142.015045
8239.994141 99.866089
703.119751 91.781395
786.737976 88.950714
2440.813232 246.566788
2862.853516 329.648254
1072.791870 376.693176
6431.030273 379.187103
10023.246094 20.179163
2189.891602 24.113293
3888.568848 69.398148
635.494812 150.491913
17.817738 696.669373
661.696777 755.073975
310.880585 697.252747
16219.633789 558.813416
1456.819214 579.610718
2779.540283 447.838715
7989.019531 451.853394
1142.761353 564.238831
2643.876953 210.827484
2436.518555 213.937378
9881.216797 413.784546
4905.339355 802.397827
23976.294922 424.266602
4427.175781 451.636902
1309.696655 422.524353
665.613892 318.907349
3184.996582 643.765991
2339.241455 686.393250
1240.507324 641.905151
5672.773926 505.941772
241.215912 457.044861
16080.875977 451.033997
5042.986328 482.444458
1712.924683 557.626953
52.748840 528.308167
942.804565 736.390747
870.648010 987.970703
8702.118164 1265.618042
1255.849121 505.579529
9844.594727 348.614929
743.071899 311.730408
0.321930 379.670685
145.048157 263.644714
975.701416 326.840118
42.366745 495.793121
5408.033691 725.508789
9151.267578 981.755249
2196.167236 734.016846
2297.193848 496.749573
840.661560 325.348816
662.527283 331.311859
3501.565186 323.410797
495.430176 384.856628
4909.803223 474.166473
10744.325195 682.248291
1502.402100 642.398132
158.705322 536.988647
1532.569580 414.196259
800.756226 191.369370
1279.528198 173.414062
5673.019531 183.813080
742.548035 242.810654
9477.613281 161.064240
3019.119385 177.306168
2758.663818 201.179398
15.631567 207.222107
704.600769 293.450989
284.049042 413.845093
10.058648 467.104553
13284.877930 431.450165
18385.796875 220.545441
7451.251953 122.022720
2348.631592 98.230156
455.650299 166.460770
6192.180176 244.066605
7711.276367 326.084869
1520.174805 475.729126
12129.444336 664.873535
12935.841797 516.672241
2056.969727 394.428162
940.884766 294.436005
429.055634 237.262177
184.423096 398.580078
506.145325 390.424866
422.857666 486.556488
1886.599609 632.502991
3883.404785 739.635010
6281.758789 744.340088
5542.605469 648.054688
1760.050293 505.274292
1362.677490 619.556885
3152.442139 782.788086
10030.123047 804.102051
967.756409 664.976807
26702.068359 247.617371
12071.755859 186.562561
6244.776367 235.294861
1176.519043 401.672424
2816.275879 207.725937
3798.052979 181.658936
615.326172 279.787018
13878.089844 499.508301
9688.509766 670.304932
234.223038 571.088623
679.032593 451.224548
3266.242676 316.623566
1223.054199 107.404289
592.985962 117.451820
933.212219 187.070831
2301.396729 277.193939
12701.960938 270.063721
631.555786 283.701111
6975.517578 234.526215
74.720879 158.494125
1470.239990 144.080414
2456.017090 188.112885
7787.211426 205.208008
6321.956543 179.386795
5779.067871 143.004593
5624.042969 107.089294
5399.095703 88.147331
1893.942383 102.438812
100.518036 342.663025
571.414795 688.790283
296.506470 1176.166260
5979.941406 1653.393311
11590.597656 396.807495
4167.996094 326.346954
379.299683 231.147095
1041.843750 202.900604
171.063873 102.205505
32.697411 143.515869
331.954102 258.378784
4961.208008 453.487579
7218.896484 174.234879
4998.528320 130.506042
856.668640 113.748528
672.854980 102.333138
112.611244 20.135336
2834.585205 3.558423
1197.853516 33.576763
2860.028320 142.335999
11994.951172 309.086121
2817.808105 177.087418
8366.925781 100.546997
168.283096 54.401829
1163.390015 88.718460
943.581177 134.571747
650.581909 180.565002
2015.775146 210.182495
1215.487915 33.981140
121.269150 35.492432
1685.251221 39.838287
731.689697 55.870754
234.315735 75.558212
548.434448 166.500336
253.385010 292.320892
4332.822754 427.454742
2412.772217 12.517092
2449.832520 3.981613
184.655640 6.275318
906.975403 25.459114
298.734192 438.623535
1846.733398 494.294128
3485.337646 457.601379
9894.895508 347.334991
14326.966797 549.119995
12614.503906 361.334412
3890.887695 293.256561
1097.005249 342.047058
393.886780 467.903564
630.031860 743.906433
1385.911865 1224.422485
4287.183105 1773.015137
6167.456543 614.942688
8256.927734 590.030579
4669.878418 497.667419
420.844208 415.196655
2161.824707 78.588303
18.621185 3.779536
209.006042 37.916157
4275.110840 200.734009
2867.550781 539.882080
4224.459961 448.856537
428.151489 341.480682
60.929359 209.168594
770.104980 341.008484
1843.422485 494.638000
120.583229 654.719482
18754.441406 783.633789
6452.407227 19.597765
88.132149 60.112320
2034.282715 124.495415
1259.386597 216.193497
31.334587 435.060455
1054.652954 512.620667
325.925720 588.338074
5265.945312 649.390198
23447.640625 922.741089
4140.000977 648.879822
4502.198730 465.524597
668.360352 401.884430
4079.538574 17.970675
1252.265869 70.750443
7495.353516 208.723495
10990.766602 378.286987
1887.114746 317.983429
421.399353 264.364929
1006.645630 162.528366
2036.387451 60.575016
512.604675 20.463049
682.788147 17.073801
1572.129761 18.490370
6384.586914 22.222250
2709.971191 183.357117
17532.205078 122.900688
1974.675415 70.374847
1086.571899 36.051083
310.490967 132.281372
485.931183 286.808716
2462.680176 424.624329
1831.798096 481.916077
3939.370117 161.781998
3525.106201 77.215233
1368.857910 15.804447
1284.265625 29.729828
621.048584 198.573975
1751.393311 192.641708
10751.408203 219.086914
8862.286133 288.086670
14590.574219 447.261658
828.507263 347.950317
4071.857422 275.636810
152.911972 227.127213
221.435272 309.999786
4993.459473 445.656799
4429.722656 735.098999
19135.136719 1069.711792
17576.322266 534.834412
2440.668945 551.509583
4030.207520 460.991943
1923.007080 341.611847
3404.919678 313.918640
1067.058228 285.345398
6083.143066 196.307007
712.323975 86.181870
24837.210938 256.430359
4562.916992 215.668198
1554.213379 234.373016
9488.272461 283.874054
1246.133179 94.496170
532.243835 314.100250
2699.847900 634.368835
16982.177734 956.918945
6325.292480 155.788788
279.461365 109.264977
700.545898 42.024422
2174.199707 13.928831
2555.394043 82.698784
2094.892578 76.070404
3108.402100 68.386551
4059.848877 75.678902
2662.604248 426.996582
2767.760010 258.984436
3421.820312 148.583771
597.347656 97.740143
991.720520 105.194443
354.990967 229.515610
162.221283 417.872955
1502.345581 580.216125
5091.693848 307.199493
8194.847656 266.106537
7376.464844 168.860107
1501.500244 91.639587
1151.811035 76.170273
1712.986450 192.636948
821.704956 418.720032
8663.212891 707.430481
4094.381348 219.885468
1339.692139 170.505722
2565.702148 111.221085
1087.484253 63.627220
470.164246 70.970947
906.895081 140.973557
164.496490 254.191422
268.244995 397.256744
835.648743 30.053431
10736.608398 19.507603
2321.131348 23.344429
43.379269 37.111275
940.871704 168.922546
3208.585449 203.468201
4257.630371 235.983856
323.188629 269.844360
6814.615723 73.734940
1529.247681 72.283730
3988.499512 95.393066
496.556458 131.219757
1630.920532 949.725830
2321.630371 1412.844849
5146.645996 1899.802979
866.460205 2312.757812
5561.163574 441.313293
1679.140137 341.896667
1090.150635 386.525513
267.536835 592.112793
103.539841 223.795746
94.861427 233.648315
473.339294 644.830200
2711.433594 1376.555420
3725.278076 1683.165649
1221.125854 1392.451660
670.358521 982.598450
1078.250488 534.189697
2640.622070 179.811050
1721.037109 200.722000
1386.666138 220.106186
12096.609375 233.263977
1462.217529 163.649399
14277.751953 155.191650
1101.038208 154.331207
4187.200684 162.947540
138.840805 82.685944
662.046326 115.305069
1144.248535 137.748688
319.050690 128.366150
13719.469727 245.519958
4448.800293 168.846848
1129.656982 101.196381
744.901001 71.101448
1777.409790 649.492432
4435.579102 806.275513
1238.567871 789.844971
83.759132 602.199097
9001.971680 280.200806
946.518494 175.020660
4703.157227 220.641693
667.242920 410.621674
5060.184570 660.251526
5497.079590 618.462524
11522.729492 705.173645
4426.956055 977.286743
15127.918945 964.799194
594.153564 859.826233
8974.296875 806.301514
1954.632690 742.271057
2690.211426 160.528122
2040.366699 176.662109
15922.401367 350.168274
17349.238281 612.192566
28935.863281 591.667786
5605.946289 584.195557
3591.184082 461.614563
289.743164 285.025879
5942.777344 124.246956
823.497559 171.124954
472.799194 183.767990
11026.056641 150.037781
3053.292480 153.736252
12698.996094 91.458466
6012.403320 60.634949
1627.905151 76.171890
810.682129 93.411453
926.000488 165.010376
7403.129883 239.523590
96.669296 292.924988
5716.485352 4.308333
820.745850 6.997980
1271.749878 15.856203
5072.312988 42.216480
127.826378 193.487045
403.352295 393.735535
2122.760986 662.412354
3612.301270 940.499573
11014.035156 176.335052
7063.942383 104.353989
2399.152832 66.760948
2013.801025 87.393318
690.013184 22.820522
521.931274 67.593254
1248.627075 249.778885
1420.278564 513.401123
10520.154297 667.175049
10986.957031 505.777557
5083.001465 302.896301
2559.400391 117.658234
787.023438 64.238708
1166.764526 106.860703
3930.062012 148.593521
692.866699 186.645004
2295.666016 65.910431
2122.295898 24.284210
1339.497070 12.571775
505.219604 28.995026
76.606445 305.947418
1662.522095 497.136230
7086.201172 686.552246
7790.018066 790.825256
2075.461426 567.110596
2451.555420 382.635559
893.686707 235.632660
2467.676025 203.014862
379.406555 215.472794
728.558716 125.569542
710.190918 173.767242
1248.817627 372.447815
5444.370605 592.784119
2727.491211 581.948730
995.849243 511.526489
567.877136 372.519287
2307.250732 628.021851
1579.964600 743.121460
5383.674316 778.045593
10464.337891 724.487183
5582.833984 126.886551
7220.479492 191.143280
2166.211914 309.909912
259.061584 468.095856
107.007561 258.825745
1329.539429 328.449677
2428.775146 485.709717
1563.250610 725.180054
6481.683594 729.735779
14811.310547 510.237610
692.638611 355.407227
894.299316 270.300415
873.498169 446.333252
260.311981 528.731567
164.944946 668.537903
95.241180 772.942749
1626.009033 886.131348
8294.385742 786.578125
138.965271 618.897095
525.005493 480.141479
353.040222 96.101517
1323.223877 76.317230
1815.807739 93.273621
2048.583252 157.913422
9915.175781 189.300354
4602.124023 173.207397
365.307648 156.997925
1715.058105 129.615387
2417.010498 34.949554
3656.372314 49.838215
1731.310303 60.567020
10308.315430 61.383686
1243.322754 20.263142
6217.146484 17.659857
355.530884 17.053394
450.824036 22.654993
758.238647 254.908539
2006.873169 398.283051
717.630066 526.238464
811.723755 587.132690
30529.246094 236.027069
2686.169678 165.815903
2574.436279 125.355873
2144.770752 152.968781
606.858154 30.960703
493.657166 4.447948
3804.804199 7.757891
8089.796875 58.883614
9567.688477 144.195404
1079.119385 111.548271
1439.642700 89.890533
190.007751 64.022308
940.205688 114.484962
1420.328125 187.041260
465.058441 224.324493
5423.020020 212.399048
17162.449219 104.364311
2195.848633 34.514866
554.650085 9.983553
2273.148193 42.764534
1193.300293 60.248074
2097.912598 31.520498
3420.657471 61.288109
918.670166 160.685837
11023.023438 186.459518
144.779297 177.387604
1632.685059 157.295105
1892.164551 113.574173
1462.645264 21.862652
519.480713 11.284105
1534.517822 27.093485
6458.761719 57.951775
3044.691162 102.010506
8223.243164 110.983849
3774.942383 91.138046
2623.435059 54.426689
617.233521 110.597954
1383.753784 142.534592
1792.745850 176.274872
921.804138 196.168243
2508.027588 83.683449
4733.477539 87.332603
4788.621094 86.387360
868.024780 91.505363
9.543045 14.681183
1178.148315 13.677950
1727.868530 106.364998
3749.300293 271.685577
2299.798096 242.511505
2486.135986 230.486221
856.984131 172.737167
105.961868 85.002190
683.948242 263.371155
1525.578613 502.038574
1092.206787 753.021729
6587.507324 919.221924
2510.565430 90.896965
5197.018555 73.978622
3.749413 60.169025
4223.752930 110.459724
3224.667480 28.825357
1429.659424 4.784360
814.190491 7.688357
6503.180664 80.730370
5577.520996 271.290558
7469.848633 138.925888
6307.000977 76.973091
2260.264893 51.228722
3821.412598 140.218796
516.981262 200.107300
10304.350586 280.794769
1000.423889 354.625641
10841.011719 66.411758
142.681778 90.519501
7555.105957 100.616127
653.141663 110.536201
371.646301 49.440079
608.648743 74.100952
1415.966309 92.396835
1027.218384 111.987328
566.249268 140.206940
3283.077148 59.369396
2004.823486 22.907930
3689.655762 25.928520
829.051880 21.892921
19.565447 20.495951
1530.105225 28.156651
971.645508 47.314602
3539.218506 91.300552
8224.921875 63.951103
1983.875732 43.648487
4381.951660 29.877708
47.192184 70.180473
1015.212891 130.787445
2804.559082 202.252808
4784.247559 245.624496
1838.437744 179.676453
1183.298218 135.661942
204.072662 80.829674
6.761298 51.599388
1466.033691 64.620377
2247.894531 84.026039
5149.609375 114.628288
2584.849121 155.602173
12964.145508 59.507961
737.905457 48.930031
451.820679 48.190868
752.123169 53.569050
1172.928955 35.612518
1165.991943 147.708328
5188.665527 348.548584
4572.875977 582.609741
18786.335938 115.322617
8755.730469 99.909767
1482.240356 57.009022
110.968033 18.099199
1545.197998 418.500916
3902.981934 509.531067
742.534851 512.995972
3596.529785 414.223206
1226.540771 300.258942
8763.600586 229.612701
2597.142090 224.666290
873.594177 300.318054
363.563049 1.013754
967.988770 50.007561
3652.089844 197.031738
1701.489746 436.650513
29040.041016 81.909302
11938.257812 59.035892
11885.451172 41.026901
887.568237 13.676506
804.228271 57.434624
245.596924 95.022598
1039.863770 142.863327
3385.676025 207.269852
5835.527344 183.909119
6164.665039 85.469040
2798.319336 37.449341
1006.509888 33.564270
436.758087 30.944183
214.581406 68.892326
4268.298828 124.511520
234.449265 173.703842
6619.301758 78.323814
3592.451172 65.607513
1969.734253 40.761917
155.197403 23.199881
660.635986 140.040894
1356.940186 422.489746
4728.191406 820.822083
4133.293945 1221.872070
2454.275635 100.448135
1849.883179 63.362518
358.454651 15.193584
668.710022 15.797976
1403.281982 27.115332
115.311180 5.346935
2737.375244 13.106216
2636.791504 82.659309
24180.607422 390.405182
5902.213867 221.839661
5231.280273 118.142982
2537.810547 61.654579
319.618439 13.889461
4010.893311 4.028866
13482.472656 1.685207
37178.371094 2.570586
16190.003906 140.547638
283.413605 106.940186
834.348877 68.366257
1469.143433 35.343056
265.781036 35.521057
1743.098022 40.071922
1203.283081 39.250690
4307.105957 39.072720
26893.457031 5.726482
872.421509 1.417822
7576.991211 9.902125
1984.334106 23.997387
3072.861328 24.405657
985.133972 69.262840
471.508514 115.968636
2323.260254 144.538132
12432.457031 76.727486
12896.355469 39.266018
1914.618652 8.184916
5338.407227 1.090421
657.707886 51.250412
2380.625244 89.938660
2094.561279 132.073669
4860.360840 174.107452
16164.309570 24.258860
16442.808594 2.815153
2042.619141 2.434047
740.888794 20.306831
161.264679 196.292099
3582.840576 409.677673
215.915009 634.722656
12732.816406 781.388550
928.821106 505.262360
2367.640137 294.746399
1506.139038 128.361328
1886.620728 87.215866
280.979645 116.122849
1521.133301 74.117752
3477.282227 54.763046
764.635864 62.020721
16813.617188 438.493774
4743.953125 349.395233
2539.093750 258.441956
55.302841 178.465210
230.298996 68.056015
1230.866577 156.854401
1580.752197 267.913605
11365.914062 344.247345
105.856323 187.270065
8455.044922 144.091629
6475.115723 78.853210
1840.257324 41.565296
1189.821899 198.546722
46.186962 183.112671
359.817749 231.994141
454.282715 360.637146
13344.042969 244.852097
752.084473 252.978989
1211.233887 258.064056
1262.088623 236.445404
903.939453 143.441803
1959.560547 142.692841
5633.437012 124.509537
962.047363 97.660210
1102.105469 127.206696
1944.738770 111.488235
1268.707764 114.523438
67.166832 129.850113
164.613586 18.691200
2126.524414 27.725677
4907.753906 39.389099
532.173767 44.896927
8895.691406 74.130333
11426.755859 55.843731
1975.278320 34.461227
1080.274658 20.247004
535.728577 336.777191
964.916443 455.614502
2429.680176 552.945496
7774.194336 587.477966
8099.303223 180.726654
3523.086426 176.123184
437.819519 187.467636
1018.542297 239.506958
1055.762451 155.773834
3506.976562 336.847046
5305.473633 762.696289
539.127441 1349.204468
4117.776367 513.670044
1910.117188 437.764465
3978.745850 315.806030
1058.859741 185.647125
718.911072 322.869049
536.008423 436.142303
3542.330811 541.247192
11167.099609 609.347107
12941.554688 150.742737
81.179070 146.947021
3893.607666 169.859482
1668.844849 228.827026
1885.096802 132.866959
2393.481445 94.869843
1600.672852 69.452972
3928.880615 114.819870
3614.886475 434.991730
7733.086914 259.828186
1164.314453 180.623657
3084.070557 155.102280
1836.654907 278.272919
520.851257 302.813507
2966.227539 293.056274
2486.823242 258.463898
701.428467 25.585165
3500.769775 75.237473
669.959290 146.842239
951.316528 221.521072
217.789764 158.946304
1209.984375 141.030365
3702.024658 112.749619
7594.981445 100.753769
29327.212891 84.449341
2923.172363 87.991074
1331.836060 118.894409
207.904816 150.110275
2957.250488 93.166557
93.823555 39.679970
2200.060791 3.269196
4478.646484 43.740250
5006.764160 66.132057
7055.300781 49.964897
5313.895508 85.053421
956.148438 111.792961
969.111267 47.683811
847.178284 86.299026
941.278931 174.108704
2178.804688 285.301514
6860.715820 59.240120
8589.251953 81.773651
603.432861 75.390266
1618.051758 53.504990
705.656250 30.496029
2109.456299 28.757275
239.476013 21.617775
1189.541504 10.054302
4650.005371 95.762573
8293.191406 64.724541
578.607300 42.446743
282.935059 32.430904
515.807922 104.913490
456.496887 141.722610
4490.609863 164.141403
758.174866 168.596466
2648.563232 14.382627
588.354126 12.464922
4267.430664 29.666679
264.207397 63.529533
1127.526611 28.360382
5423.648438 2.405787
3550.877686 9.291585
1803.257690 61.570827
4699.645996 102.654495
2768.163574 96.522873
279.498718 87.490479
72.392593 63.331032
14.924070 31.096985
72.209984 19.122581
2920.719238 48.544643
6204.436523 122.339111
1530.479980 25.339762
9416.655273 59.043404
2246.368408 73.560364
1881.364258 59.225330
474.702667 92.693436
1792.568359 196.116669
5619.808594 383.882904
207.814758 572.150635
8151.903320 334.686554
5415.305176 299.909271
3491.419678 200.014557
3630.069580 105.466133
456.899475 103.817139
1276.603516 135.917023
967.071655 194.385864
2887.436523 244.454666
10545.908203 191.868057
3393.197998 189.272003
4574.793945 152.683487
672.650635 113.540466
3852.640869 194.836472
3062.667969 305.532593
11777.739258 402.212585
11718.125977 427.187775
1051.225830 322.567780
7835.947754 233.383728
4428.684570 151.742920
1289.065430 133.044434
593.736450 19.934755
248.094070 90.908173
5759.734863 209.265656
14947.853516 343.022186
1189.536865 133.362213
9205.898438 86.389282
4523.085449 36.862736
321.098206 6.288733
4329.636230 201.189636
6168.544434 207.445160
2715.747070 181.510483
723.678467 133.456619
2602.478027 104.110878
6700.065430 105.740936
2435.966553 130.791611
3829.961426 169.326416
543.981812 15.782300
2719.740723 25.213842
220.959213 40.930244
4530.088379 77.758087
5973.857422 165.524185
153.726837 71.006927
14019.648438 22.641146
957.620972 10.570742
1086.315308 22.560030
1678.350830 34.829544
437.755249 52.858589
9403.408203 74.128044
9838.790039 18.718710
1656.726440 14.681227
283.371033 13.818738
145.596359 16.036922
187.487579 2.088887
3985.292725 3.770238
2242.418701 6.665224
4740.823242 15.267254
15190.540039 30.457378
8890.960938 10.036124
965.408813 1.160884
2079.620605 0.248670
1223.705322 42.739311
459.606201 84.437500
4877.934082 157.005539
3101.496338 236.633621
144.139801 48.841370
4995.969727 57.055885
3054.381104 47.955299
103.666794 35.687149
581.274475 100.477127
396.084534 98.131248
1181.921143 75.342735
3130.062012 41.297623
4974.653320 54.936184
1504.552490 51.253937
55.336208 63.803642
1689.279541 84.958008
289.123688 80.512505
1028.655396 157.335815
2419.132812 256.288513
391.904877 339.361542
17779.644531 153.588623
4361.318848 113.192299
2202.298096 69.083344
513.698242 50.921345
459.346008 16.032030
1062.528809 13.504544
1013.036743 27.494837
941.576050 55.958755
2910.237061 40.722122
78.174911 45.168118
1580.828857 40.957375
806.686646 28.645201
4199.126953 75.722435
901.484192 173.025909
7934.939453 269.785156
5695.520508 328.665771
4448.460449 75.905220
8456.752930 31.783808
3385.708984 1.867322
3446.200195 13.314106
155.831680 96.938484
1343.936523 258.746643
1041.228760 468.478302
8889.412109 665.272827
2945.823486 170.637695
18109.888672 91.001236
528.807922 27.928909
1427.076416 19.953844
351.678192 113.824341
1281.353271 195.840027
1398.978271 334.226868
1719.611206 470.272766
5543.208984 670.553223
1497.921387 466.711761
9232.861328 265.285950
2474.871338 134.584915
5780.855469 14.533148
1908.998291 80.237350
4210.460938 182.077118
5666.462402 278.775208
1489.184448 132.189117
2234.211426 97.145485
1032.488403 43.605431
1385.855713 5.492925
199.626785 119.144203
1172.039917 242.646530
1298.798096 455.851257
1785.759399 691.582153
2652.748779 438.018768
19739.935547 325.726746
1320.893433 199.085419
152.588715 112.092628
1105.247925 295.310333
3325.552979 336.705780
1868.017578 401.694641
5225.681641 464.119690
2614.498779 464.119690
5225.681641 401.694641
1868.017578 336.705780
3325.552979 295.310333
190.269012 174.144272
168.809128 91.038658
3066.892578 18.041428
10267.355469 9.398294
40715.382812 124.441940
621.144348 154.007599
607.110779 201.545105
374.792603 216.684570
3826.716064 87.996239
185.888763 191.734283
3843.040527 402.064453
7124.470703 666.889771
3153.204590 86.249710
1502.752930 119.605644
183.450317 110.285263
105.055237 79.783653
1651.907837 40.245201
232.179657 18.108816
576.690430 4.818013
2050.036133 0.382874
9678.671875 199.960510
5055.147461 158.932114
3670.259766 113.372833
2262.841553 72.231918
55.990589 98.475990
2464.846680 193.944702
115.973145 291.509949
353.868500 358.241119
326.076080 13.278812
3399.800781 2.687858
3633.558105 2.812718
543.144836 31.711479
328.324005 71.500511
36.861027 194.021271
5063.642578 391.360657
3251.533936 634.471436
15680.043945 67.939766
7483.846680 28.368158
555.733765 11.459711
637.622009 18.792604
1330.959229 199.481537
1392.357666 151.382324
1132.790161 89.755066
1878.249390 33.305702
15504.744141 390.558838
11459.937500 321.333984
999.456909 269.662903
1601.735229 234.088028
840.337769 31.568260
1157.744141 49.928669
2711.375977 123.645493
194.231064 265.093079
7316.255371 22.407282
633.500977 18.851297
2131.155273 31.530811
459.310516 34.918442
785.848328 273.598969
444.896698 357.342407
3356.204102 411.373077
949.567566 405.159576
3529.413330 135.916794
3279.870605 138.744049
501.784729 152.483475
1.538798 197.349243
237.399567 54.703117
167.783386 126.928650
1456.287598 289.593384
230.536133 529.252258
1896.851196 205.520142
3858.371826 136.202667
2053.737793 86.344604
194.979156 52.217125
706.293823 70.191811
3449.231689 82.655983
1527.742798 98.154343
2367.566406 129.651138
10711.570312 268.962646
975.062622 151.091919
2018.452026 84.702194
40.992828 64.577080
2637.704346 409.421265
463.555786 636.272522
3873.714844 910.704468
1751.306396 1110.574341
2951.862793 596.998840
831.692627 495.465210
3776.985840 369.122650
1376.652100 317.568970
303.527924 25.481802
1650.308350 80.869797
2421.500244 230.633545
1488.972168 445.233948
13318.067383 305.479889
11325.474609 225.270187
1686.715820 135.133102
451.695740 55.529903
506.265167 37.197876
1524.631348 128.950821
117.350594 261.034912
23258.474609 400.340149
8201.815430 111.152031
2034.618774 57.257534
11640.250000 13.955220
5076.053711 0.838870
841.513672 92.366280
4251.840332 76.660339
2947.875488 103.395660
1696.169678 172.907608
14954.257812 393.056580
1089.837769 302.545624
4145.919922 216.129074
2154.648438 142.557648
206.852707 297.901611
544.826233 307.557098
4698.382324 275.118988
1185.929443 214.847397
1022.525269 50.065044
3962.713867 101.350243
5901.743652 174.023560
154.936905 247.699432
446.354492 16.410412
605.118164 38.509407
4608.880859 128.878189
236.053696 283.027954
18.899290 191.604462
1326.940674 137.875183
2326.156250 88.758331
657.597290 42.462467
1076.294312 209.750656
2785.240967 270.189880
7160.262207 339.909241
13428.823242 408.176331
2768.507080 22.816391
8019.444336 62.401886
2807.748535 109.918617
4061.163574 158.251099
1652.573486 425.431091
1305.224854 441.307129
526.554565 411.246796
819.835693 345.695862
13353.279297 695.697815
10412.953125 519.640564
5538.413574 417.424408
1480.060547 398.741882
96.288239 355.618378
850.953003 395.579559
377.037506 516.714111
594.378296 693.833984
3722.136719 414.865601
2260.216797 432.323425
3767.133789 416.979645
404.953644 377.916138
601.353455 376.637848
1574.531616 425.095764
1400.335205 423.298462
668.531372 380.445129
9434.420898 259.152649
195.780502 216.497620
210.536835 233.743347
144.723099 299.338654
603.582031 48.658905
298.915344 173.336929
1437.500854 382.490723
992.855713 628.089355
4841.703125 56.542103
2740.016113 44.912735
4098.347168 22.928368
167.541946 10.124871
1108.285400 201.437836
1485.841553 200.381226
1502.737671 136.322510
6745.547363 48.770512
5748.787109 473.065918
20123.955078 259.078217
2756.533447 161.230148
827.977173 164.661560
76.187363 129.278687
2103.238525 116.131699
2062.480713 167.175095
2082.673828 306.917877
3164.384766 31.624786
7387.202148 85.495461
5871.265625 139.136017
757.642944 152.100449
1465.126099 146.333084
312.410126 123.718475
1367.167236 92.980507
3436.880371 70.676338
7860.291992 135.523224
582.169556 133.460510
5243.326172 143.353821
2604.290527 151.819382
647.467224 321.582733
631.042847 447.195038
1708.475098 588.329834
6129.849121 685.344482
11339.177734 404.770935
2667.834473 338.907288
997.436035 274.622589
1122.201660 259.859467
160.441254 70.085945
3505.784424 168.091766
980.736877 334.937653
297.092346 517.542236
16545.765625 243.920120
3563.895508 187.477875
650.818542 112.778793
44.853489 58.875641
1051.394775 210.435944
1188.961670 211.616119
919.780396 303.846802
4600.400391 488.584503
632.543518 412.216858
1537.637695 372.440521
700.304565 325.636658
1401.669434 263.433289
69.841980 545.058350
1937.280029 456.943481
4298.069336 309.082550
2059.330078 160.990585
16645.927734 259.781067
2759.613281 349.186768
3009.789062 461.419556
449.059814 542.388306
2289.934570 704.119507
1387.637695 1135.717041
1433.800537 1806.428467
13175.662109 2544.770752
8413.673828 868.525696
8360.050781 746.992798
949.058105 612.756531
718.336487 555.624756
6.681047 593.683105
1021.232910 587.578674
874.000000 597.353821
5817.544434 592.174011
106.525826 1520.999146
4154.044922 1182.615112
25873.908203 875.253113
452.901215 675.053650
14.995377 32.717216
1338.310791 104.355789
7209.012695 252.661514
1913.251953 428.359894
10224.940430 149.192215
2187.413086 143.757263
939.429077 96.926376
472.317963 42.525387
302.538574 19.438116
10.533068 15.912725
4036.854492 24.757870
4408.218262 59.005642
4743.416016 106.447609
2455.497559 58.974117
979.452576 35.705288
2168.089355 25.804913
357.079926 0.433679
1958.065430 23.430103
7856.389648 82.691147
3748.816406 158.683487
10194.603516 89.270630
923.651489 77.598450
3386.474121 47.516491
708.610107 14.115822
992.816772 96.428009
925.391479 147.148590
115.032837 201.472855
126.981163 239.469513
2712.859863 41.990532
14206.436523 45.557899
2437.728271 48.850468
2008.956299 63.027931
52.909874 34.798973
3681.983398 20.558842
617.813110 10.387089
6230.749023 19.838879
682.133057 86.270111
146.059418 56.836967
897.829834 46.549255
2893.417480 42.966560
318.363525 260.214996
798.230103 381.572021
1619.946777 502.318512
7079.777344 591.217407
5433.833496 41.070435
1586.860229 57.180344
1587.651489 95.009392
625.689148 161.653229
478.017395 448.327911
2229.021240 427.340790
12584.772461 392.763367
3569.382324 398.444855
12237.244141 535.743835
4797.240723 427.894165
2585.234131 409.255005
760.165405 434.079041
1754.917725 8.756292
3.608857 106.518921
1188.319336 360.168671
3079.691406 689.285889
4172.294434 326.531677
991.114990 299.737030
87.220261 192.505554
3097.383057 62.965660
2125.983398 47.173195
2957.182617 94.356590
5741.964844 176.431824
8278.194336 290.389954
12200.928711 76.316978
5099.225098 38.458775
16654.458984 24.416660
5708.614746 26.842150
1682.655029 92.026428
2802.908691 82.164047
8156.403320 68.029114
4143.770996 55.675396
12126.130859 225.965210
10286.886719 166.370178
3764.683105 124.336922
809.134033 102.362587
1949.416382 230.177811
208.691376 389.884979
7131.016602 641.979675
483.449829 934.019531
815.692139 89.966751
116.034302 117.106087
5355.468750 136.689636
854.415222 159.799240
685.044556 4.732394
1915.487671 10.296135
621.745667 52.377861
11527.527344 133.097778
3414.907715 250.197205
3016.081787 155.156448
241.683777 80.763794
5830.369141 29.818138
1346.607422 82.098030
2132.849365 160.342239
3489.688965 248.554947
941.988525 330.770508
25586.177734 44.386688
6565.604980 9.157210
1411.048340 2.113792
2688.722656 26.864758
1466.536865 370.859619
2140.083008 597.895691
839.552612 815.072754
1350.492676 985.329773
890.075378 330.230652
2648.360352 161.847687
4360.810059 111.379402
45.226192 190.507019
78.516777 380.353668
425.710999 305.359863
2370.890625 300.229980
8072.216797 401.576050
5193.918457 1066.926514
3782.443359 830.003296
1409.425049 641.810486
642.230347 495.167358
883.364807 477.857391
376.521484 794.450134
3459.101562 1247.363647
4879.850586 1618.365601
6027.731934 897.006531
2599.145020 801.246704
73.600189 580.961426
751.761475 418.967285
151.597260 167.078354
991.262207 347.441528
1961.634888 661.512817
2082.456055 1058.165771
3293.920410 418.753479
4463.556152 275.478577
579.325989 169.297394
2978.107178 119.687042
69.067619 30.407646
470.700989 45.056992
2177.447754 183.803635
30.890043 450.718475
5539.416016 176.627411
1151.717407 161.286453
4567.120605 137.327133
174.118225 83.203171
379.769775 67.648056
242.926651 79.407188
1050.778198 96.753372
4247.451660 121.644905
5335.028809 127.749153
2051.469727 89.415039
3948.065918 68.104614
1719.908081 62.462967
1576.494019 32.717796
1635.946411 29.946775
3510.189697 33.879631
2763.234619 63.856373
401.463501 69.582138
107.694038 29.987167
2041.065430 22.872931
540.934021 29.383728
422.257141 62.562241
964.331299 77.017624
4410.702637 122.513184
3898.633301 175.406830
12759.094727 152.515793
4808.696289 152.828888
910.721069 122.701759
1024.766846 83.436745
1932.056030 64.804344
1707.561401 129.847595
443.558014 196.860870
1772.189331 243.689575
6404.560547 13.614866
8598.873047 3.291268
1041.505859 1.264545
1400.577271 19.795654
81.884575 47.323586
481.353027 4.456415
2605.584473 16.508299
2031.027588 113.108170
4373.182617 127.143593
2736.496582 122.056259
5482.827637 122.873734
1965.417480 98.007812
456.494904 68.672783
31.321962 98.232559
710.559082 182.388458
1780.870972 300.553802
1241.065674 59.159134
5937.211914 95.195045
3368.895752 100.036522
1375.860962 80.721123
929.744507 300.563568
1051.616577 368.610046
4967.773926 411.068665
2428.536133 396.421478
1260.052246 264.677704
1717.607910 243.727234
2085.662109 228.334290
1190.965088 245.896362
861.871216 197.614029
266.355988 122.765564
399.145813 41.492714
2740.138184 1.963683
6300.079590 234.312897
309.866394 217.964127
1734.209473 230.193863
725.309814 233.345001
293.843872 154.781281
1781.927368 323.230469
1265.788818 570.023010
2241.309326 822.793457
5744.312988 65.717766
8478.771484 84.806000
5825.416016 79.104759
258.494324 84.275520
1519.285522 208.685059
302.614197 205.417557
2151.915527 179.195801
2498.845947 185.292755
15375.375977 433.880859
4732.712891 240.184113
3671.457031 169.583893
1301.729614 181.547592
3487.921631 543.176147
644.454712 668.535828
29582.015625 763.350586
5319.351074 785.924622
1652.834839 433.956665
684.330750 397.746124
30.835743 389.869873
1896.924194 438.788635
225.857315 530.308838
2053.074951 808.802185
276.912231 1339.085815
13978.733398 1986.578369
16408.587891 999.110291
11810.892578 855.776367
2502.229736 666.812378
2479.359863 514.836182
1222.489990 643.776184
418.630859 660.105652
8666.037109 769.439697
568.695190 919.141602
17380.296875 1478.960205
16831.611328 1234.493408
2291.605957 965.967224
4686.720703 750.253540
454.011627 97.290848
4423.330078 67.186073
5569.941895 60.384689
4962.535156 85.497040
1920.744019 218.028671
12647.093750 196.931992
836.903442 170.796082
1604.947632 136.025055
404.434723 9.662332
116.071152 10.601089
12.604897 48.054169
5613.763672 118.882950
351.124939 33.015503
6708.781250 47.364471
1160.723633 47.014992
1394.904907 29.456964
445.633972 501.892090
491.404358 783.457886
258.065735 1063.315552
15962.105469 1218.895264
20436.201172 380.002258
4972.456055 328.096710
740.175659 279.906281
2039.305298 322.731781
1939.311646 174.972626
202.265442 165.271835
823.875793 219.209961
645.012756 343.898193
4379.409180 731.772095
1609.066406 525.230042
1093.689575 358.086029
19.335680 240.463760
366.733917 83.094772
892.910217 99.444687
2077.341309 103.785522
1446.773071 96.326622
3138.890137 5.712526
835.786621 15.000977
357.094299 34.001518
2321.681885 58.951263
1847.097290 248.450882
2999.329346 292.890747
2673.765869 309.466980
2277.284180 280.046692
4362.458984 317.893616
4197.767578 253.829941
781.782043 210.854050
805.975647 211.117844
334.173981 71.136482
1046.912842 85.012985
1369.849609 217.759125
1652.936401 459.565643
15608.684570 224.328796
533.046387 225.578583
920.370300 196.222473
932.994629 130.329681
2419.925781 368.574280
1224.080811 572.449402
608.867737 732.978027
5326.879395 768.506348
1746.886597 232.672180
10605.624023 180.937347
1511.261108 153.581528
5310.995117 211.984116
712.048584 144.551590
3763.523926 128.340576
1818.122437 110.472061
85.510742 115.586121
14991.275391 159.795380
2228.384521 130.686279
1021.498169 133.018173
3955.049072 144.516220
3980.382080 197.176971
2555.544922 291.395844
21257.060547 408.726196
5186.130859 565.987610
23788.199219 178.143341
1820.554199 74.072449
353.134003 64.792961
1094.643555 117.035568
1363.487671 146.563065
142.501709 95.037689
1538.595459 75.315575
4361.101074 78.490227
2377.077637 456.910950
11186.744141 408.333679
2184.600586 323.796814
1668.879028 228.079086
204.932999 19.164900
912.451416 8.542667
136.801331 2.161808
1212.166016 12.390463
12970.283203 1.300529
7307.468262 3.216506
5422.729980 14.594756
855.667297 22.306339
149.085068 150.193726
701.118469 335.043793
706.471558 517.933716
6246.687500 615.426819
72.229248 157.148254
275.013824 89.542648
1773.239502 28.406500
1174.131836 38.640999
20.884392 89.046738
61.988060 147.991760
5355.467285 253.898788
7559.417969 396.139008
9057.816406 224.872177
195.901062 147.133820
1757.276611 96.305847
425.335175 74.631760
516.696472 137.480667
2145.881592 270.965515
139.846268 518.498352
1301.266724 782.885315
27253.044922 534.360168
5670.044434 438.481384
348.198914 284.325928
1359.966064 154.872086
2190.869385 40.229500
1017.632080 28.666292
19158.292969 77.948914
2106.746582 182.625656
5006.724609 267.931641
1910.092773 224.132111
329.831024 164.117065
729.274231 94.972237
260.613403 2.650027
2378.079834 2.819888
1810.689697 16.043251
10110.128906 43.360714
1515.069092 20.843107
17068.984375 18.491093
546.860474 15.469727
2752.047363 9.185236
1556.515381 116.209869
912.528198 145.403595
992.795776 154.279785
3384.307129 140.238098
8639.213867 6.886220
6421.668945 16.257156
7412.466797 40.408894
8550.004883 76.913612
243.627380 23.634832
123.338226 128.635345
3442.327637 308.407013
1044.322754 514.239014
10610.782227 122.788536
957.887756 87.866425
1465.424805 38.201561
645.029907 2.697226
2285.008301 43.838440
776.516174 120.160812
1657.347778 246.661285
3018.212158 410.976105
5539.083984 38.659985
4719.482422 8.325111
374.496002 0.440095
1797.999878 9.310593
2895.433105 172.912140
2225.325195 200.981949
6533.857422 210.318298
1357.903320 193.057617
9232.744141 514.133606
3537.302490 338.489380
1521.488525 212.968964
298.840637 163.124023
2991.319092 230.693390
631.193481 226.421326
240.600311 244.025787
1280.974854 280.178284
2258.594727 241.048553
4472.721191 258.568848
303.110657 260.540558
1812.039551 247.311874
418.329071 17.179287
3066.298828 18.397015
1134.561157 36.738579
6201.977051 72.601036
858.257446 50.251911
8592.854492 43.646255
6471.758789 36.234531
3248.939941 25.955732
1689.510010 77.539413
2705.541992 149.679855
772.467896 226.614227
5092.150879 280.824066
7855.831543 13.740752
6111.072266 11.419373
1122.569092 11.632937
1880.845825 30.154964
1441.385498 91.711189
582.375183 208.794769
3951.105469 393.822327
7026.930664 611.887146
2691.057617 78.704414
363.672302 54.251339
11462.885742 39.402344
215.395294 43.156258
713.393921 139.277267
2685.401367 133.866730
470.129333 135.810913
5743.011230 154.869110
2859.533691 389.223816
1239.062012 275.394836
6117.991699 196.913757
1760.839966 155.673309
1691.798828 187.489624
1022.286987 233.024841
4960.047852 275.023193
4614.706055 300.940094
10019.166016 62.663399
862.346008 86.606598
1464.275391 114.076042
1156.680054 147.040680
1853.987549 291.659546
1139.173218 452.447693
8217.540039 692.273621
1552.778564 942.483826
42080.093750 132.181564
12989.770508 184.422440
9649.161133 204.699097
767.401672 222.067215
4567.843750 109.451927
324.718323 101.019730
1420.600586 137.616379
2285.813232 234.998337
32549.513672 90.173805
1283.988403 108.041656
5456.614258 128.921997
8792.946289 128.307999
1996.869263 335.696442
1349.970337 315.404846
2083.321289 364.883270
5584.891602 504.020264
995.388245 108.671387
9868.820312 236.512268
2074.971924 335.382751
269.937897 362.809296
376.199097 287.288574
2625.772217 315.090790
3479.883301 332.310760
3561.897461 382.904907
24453.541016 5.662652
4805.678711 23.744101
2292.053711 114.663300
1791.931641 218.000580
4269.943359 6.457852
1465.142090 10.003503
1306.998901 9.128921
682.116455 4.683557
6232.608398 66.855103
9666.204102 33.127876
808.470642 11.358004
783.312683 4.143455
567.146912 19.033031
6134.540527 37.920982
4514.024902 53.811119
9412.506836 61.212769
2879.364014 21.142601
1825.337891 7.300232
8627.886719 0.429885
1297.141846 4.649071
270.546234 112.945549
1996.011597 133.198700
1649.571411 246.830231
22020.585938 416.415924
12863.686523 182.417404
3438.559814 242.180420
294.314148 229.162994
1850.978516 165.471451
3186.406250 124.714615
1430.202393 127.542343
34.906864 124.759781
921.919189 142.629196
28327.453125 18.747789
49436.554688 17.423525
813.510437 54.638832
4764.926270 98.889351
3947.851074 55.188148
2939.074219 34.456341
2537.815186 19.895504
108.729500 29.398344
6366.283691 29.753613
6905.171387 38.003529
1792.632812 55.662186
1269.374268 64.365273
1989.567749 55.234085
1867.310181 94.855255
533.765137 137.879639
1714.850708 161.158585
2746.727051 112.784355
4622.899414 84.386848
649.395691 52.728668
286.371521 39.227978
182.485458 107.885063
328.477905 87.380249
1276.861816 160.452454
1631.671021 327.660095
3994.597900 94.096382
14548.249023 173.387665
8654.414062 203.898865
3626.813965 169.301895
901.393066 71.095512
2458.726807 86.921761
325.448303 137.661453
3543.285645 204.818893
2599.836914 205.644684
6167.228516 179.301208
56.543892 135.681137
159.156357 92.196396
949.485596 367.172729
3335.639404 304.185333
250.808411 364.054932
16062.883789 567.188904
9116.418945 206.151413
4887.277344 379.283875
4499.040527 478.675323
906.552185 459.672302
4417.995117 273.960815
732.454224 299.033630
178.785034 310.936707
1373.069336 367.695251
15380.881836 25.353273
18319.923828 8.493366
1727.209595 90.698174
207.413055 199.615448
3366.981445 53.428360
222.230042 44.577480
10110.268555 35.424587
8869.110352 37.202377
2851.868896 82.543564
3138.905273 61.453461
5017.235840 55.623127
802.205811 56.101013
2441.408447 55.408524
706.629333 81.397804
1739.092896 135.221573
3074.924805 208.575180
2336.436035 13.066972
19776.035156 32.790596
11015.879883 45.333931
3725.074219 48.897846
558.706665 172.691925
2293.042725 147.046127
974.704041 119.857544
3809.790771 116.357742
4343.392090 20.129093
6543.288086 72.821342
8821.577148 133.282639
1863.635498 171.215958
968.349426 61.483978
346.412598 102.367767
4540.063965 151.268326
608.188049 195.981888
12423.043945 13.026518
11450.396484 14.712970
325.338776 20.609192
2051.821777 34.576702
1608.455933 2.151710
1167.552490 1.329226
852.905579 5.010891
4652.226562 12.308056
19766.574219 27.660664
5007.223633 21.391504
284.953125 13.995423
137.307327 6.926556
2180.877930 52.636703
2086.440918 71.449089
324.938843 71.862877
7263.525391 53.967377
355.226288 14.986950
937.586304 1.056033
446.966125 4.826507
445.034210 25.572062
525.581787 112.296425
742.648865 108.761406
3065.170410 95.609726
4591.328613 79.312668
1116.383057 44.560898
19767.845703 62.093582
8915.237305 84.292908
645.133789 103.310120
1850.872192 56.213245
5490.557617 35.250217
5148.667480 38.009064
7779.680664 75.923752
16383.601562 17.655521
2473.963867 51.829441
6392.753906 76.814392
1284.282593 76.952675
2836.995117 17.943460
1563.695068 35.775349
1565.614624 48.868515
1163.370605 49.743546
23266.876953 86.512527
5091.386719 47.102173
2502.303223 17.750771
1435.807983 8.412925
2832.184082 85.487167
483.217621 113.822929
947.730286 153.020950
9617.549805 187.862274
22601.556641 51.639641
9979.467773 66.497971
14379.061523 70.820816
345.547119 73.201508
1268.475342 149.485596
741.299255 155.229965
3064.367188 147.718338
6640.686523 150.434906
1500.291870 6.209673
3049.825439 18.047066
3462.632812 64.800438
1804.788330 117.011497
419.337158 6.299642
371.903900 8.203329
1597.851074 13.062730
7612.250000 20.844204
13807.689453 8.349828
14044.704102 7.176727
353.001984 6.677197
2807.246582 6.221125
2877.171875 95.988960
1878.709106 107.376663
21.230331 100.519676
5.656369 79.729210
9293.531250 9.884253
8052.462891 18.233597
478.343689 40.594597
652.785400 70.295654
1501.764282 64.971527
1075.502930 84.306908
1332.385864 120.237030
2793.856934 163.754272
3706.851562 27.610300
4465.993164 46.942238
6887.581055 56.874424
1015.160950 59.432335
504.786865 122.935287
2308.884766 133.598587
901.711670 155.620163
2016.724731 197.970657
841.054260 5.741270
2876.877441 37.686401
1987.152588 77.826416
1221.055420 107.727112
1131.387451 51.175522
787.834839 44.361156
76.270584 39.225571
10845.674805 57.633183
2862.246338 9.543459
6297.088379 1.446426
9178.599609 20.646683
422.401184 43.138641
2599.308594 114.450005
3478.333984 131.138733
1689.269897 172.015366
1245.842529 217.953125
837.138367 120.808182
20044.484375 144.089172
545.380615 140.314331
4523.546875 122.961899
20.144283 123.967354
1949.480835 93.637505
4245.177246 126.020317
3213.804199 246.104858
2022.531738 27.243395
484.169739 97.178268
16585.359375 154.502365
595.328186 160.569641
966.389465 69.449074
1528.012817 67.134552
739.904175 65.890587
7139.018066 72.744476
16191.954102 35.237972
7865.047852 42.095810
2386.784180 55.327473
1316.433594 66.080650
324.640137 4.153080
3132.165283 1.426446
3771.915771 21.292892
13065.970703 64.391998
1293.095459 74.178741
15897.528320 58.393036
17519.015625 40.946041
1999.416992 20.829859
526.787476 135.378799
365.462646 130.818207
5767.203125 158.938629
31.767960 216.267059
18407.248047 84.155396
13114.884766 134.981003
4403.244629 159.834686
5572.931641 154.124603
2679.097168 69.957596
1845.655273 68.726913
1832.445923 99.959778
2084.033203 174.395599
10700.215820 20.377195
1843.303589 44.606960
2911.870117 70.207794
1850.033447 77.787872
1682.775024 25.057642
852.051758 10.998024
909.101074 17.535839
5352.223633 50.319981
11080.823242 77.013527
1114.656006 71.997719
4798.035156 63.667320
818.891418 46.646343
217.629852 45.939014
407.986877 31.316124
438.714447 27.704073
2967.021240 44.535713
2563.840332 33.659420
2848.386475 45.763466
666.284180 57.333992
1075.763184 57.726547
1286.687012 23.780415
1288.264648 19.969763
277.576782 23.314238
3608.224854 37.548126
4313.294922 31.749660
894.780029 30.473740
4383.897461 30.928865
344.945770 28.802311
183.423355 21.629148
723.176270 14.997753
2357.531006 19.604532
1081.497437 42.271484
1585.084595 6.918634
6855.945801 15.899080
2507.902344 25.953938
803.578552 28.029125
744.153076 10.627897
576.969116 23.031651
1363.314453 42.828403
3750.871094 56.901428
12527.895508 94.866470
1468.972534 70.021027
274.129272 38.647949
2996.946533 15.626390
3842.959961 37.117832
1211.816284 25.013046
1670.760620 24.079975
9554.900391 44.179436
4470.238770 8.750456
805.618835 24.604107
651.687988 40.991383
501.549896 45.698692
3498.980469 39.050308
204.203217 50.597454
324.684631 60.966957
13005.925781 72.026726
340.962402 8.482859
11469.035156 6.016244
8718.932617 13.327821
957.274841 25.857906
361.539612 186.543488
73.465843 225.261795
2586.847900 264.330963
1981.599609 299.738281
481.366516 24.096975
6363.678711 60.333908
5432.947266 104.133881
231.106842 146.893631
4667.803223 68.025627
74.765511 65.023369
599.706482 78.687981
603.842896 117.957954
12978.291016 6.314992
1851.601929 31.598621
14537.585938 57.879959
1050.565796 70.139191
143.370300 5.605200
2197.203369 6.836596
8564.684570 9.880694
20215.246094 14.916493
2518.062012 13.742543
966.740906 9.660496
5381.989258 7.085813
78.812035 5.768039
739.852783 16.425211
984.125610 12.621006
1613.863037 8.710527
223.017273 6.021364
36878.375000 44.562263
1830.074463 34.220562
1925.430054 26.002911
1744.778687 20.428114
3467.960205 51.853935
662.334534 95.873657
1408.619629 142.159485
1908.079468 173.865524
6736.500000 16.065262
6083.468262 13.001034
7342.670898 11.934480
799.090881 22.827248
1608.871826 94.037544
0.930526 107.719513
1301.900879 126.602615
4282.729492 149.467926
7385.535156 17.953939
7616.185547 41.402073
1030.847290 64.235931
4519.790527 81.323395
903.561218 99.687752
1797.125000 93.389114
4334.370605 73.420868
1395.279663 56.506546
5054.164062 2.291709
10171.187500 17.246910
1212.754761 50.632015
6427.382812 83.680908
279.972290 17.070011
977.318542 9.496996
3549.615723 20.888577
6525.151367 54.946381
1146.821411 18.201155
15468.141602 30.537569
13260.876953 36.809486
37.911350 30.626173
2425.042480 89.842285
1867.445923 107.163055
904.776855 119.069763
5112.314453 116.476547
21959.281250 66.636597
11804.640625 69.688103
1308.836060 70.521301
861.144653 76.282509
1487.822388 237.900894
108.407867 199.971573
2607.731934 210.687973
6782.105957 287.572113
4601.875488 90.191666
6419.743652 193.996826
11417.000000 265.856506
617.982849 275.677032
971.798706 183.536011
2333.207764 268.825684
874.836304 349.498138
2656.783203 408.248993
37381.890625 46.240101
13003.179688 40.675014
9033.284180 61.491238
1094.005615 110.542587
4197.504395 144.274719
1222.459229 184.427505
4922.702148 186.754684
2850.082764 151.637268
5860.243164 57.132938
1057.399902 30.853956
3675.889893 41.501957
573.362244 86.720657
561.997559 260.980072
393.146057 384.048096
1196.744263 581.456482
1061.617310 784.793091
11558.433594 185.338409
16593.046875 237.836807
10571.886719 238.611847
544.026001 225.904297
276.385193 292.919708
1731.168457 337.109894
2149.279297 444.758759
4364.333496 611.191223
12942.310547 60.137981
510.529724 157.662628
3865.516846 237.363617
981.011230 275.393616
2076.290039 216.000244
503.414246 216.479477
3893.979004 186.896759
2981.950684 174.662354
1409.697266 20.445547
6057.984863 13.544621
4265.191895 78.856720
546.630127 163.532013
400.865692 84.561493
302.981689 147.329651
284.616364 175.213654
513.256836 153.130157
9453.338867 115.559860
3684.237305 40.182823
64.994881 4.338364
2099.092041 24.321714
446.966522 109.646362
513.807983 150.189407
6344.212402 207.146286
2841.314941 256.649200
9787.117188 82.170410
1574.206665 98.113945
14347.227539 97.221451
246.498596 94.825531
2008.573486 198.352127
3464.551270 223.548004
5869.089844 329.043335
627.641968 500.023468
43981.210938 100.328934
456.835510 184.741501
1063.950684 226.618103
3372.169434 218.337463
7737.249023 201.130264
260.353394 200.852051
2992.213867 144.130707
19849.998047 93.573250
9754.616211 75.864723
13024.816406 0.638827
1424.001099 39.269291
1649.995483 131.903259
123.948219 131.492249
4959.453613 130.644653
2530.791992 167.838074
2538.710449 212.032623
19033.746094 277.428070
46525.964844 285.073395
1684.908325 240.581238
17824.058594 176.102661
4063.604004 139.012054
132.756256 134.787338
7255.740234 213.827835
5170.000000 394.018585
16192.124023 22.877699
11670.920898 96.495041
5172.725098 157.290298
2385.370605 166.089752
1593.396606 77.870651
1631.670166 85.736038
266.401703 57.508545
3042.903320 17.757696
11909.833984 117.123985
833.231445 33.050083
3175.172607 13.805493
490.764771 42.047939
305.663361 45.159271
521.784302 34.226646
448.952026 43.854725
2372.295166 69.874428
5589.651367 87.717247
360.512238 98.849609
10755.475586 91.361862
6243.847656 69.097229
168.143845 334.878967
522.451172 357.626129
1612.739380 345.266754
648.119202 336.901306
5542.481445 5.964450
2586.416016 43.666824
2320.194580 145.341019
93.402344 258.288971
4210.019043 27.390486
697.298096 47.495792
431.526489 78.943642
11418.765625 117.921143
3348.668945 3.535700
124.985924 5.111029
12980.939453 9.995579
2782.557861 16.470976
1693.681641 57.900639
394.572662 46.011707
1647.228516 65.622787
1353.264160 115.514915
4272.748535 50.396587
31602.324219 85.771057
2835.573486 98.009979
7654.374023 83.483429
1065.584839 12.872427
126.894760 20.590458
3896.581299 24.648657
152.385284 23.216286
10897.489258 8.069784
773.996094 2.852752
1108.274780 1.447131
997.347046 5.279834
622.653259 60.207237
665.925171 118.278244
1711.057861 183.386948
2542.923340 229.982391
9281.465820 34.419693
274.643616 28.579027
3107.578613 20.455194
1581.457520 26.923687
2142.844482 175.978394
514.048950 153.419006
305.580475 192.735245
5938.208984 299.911926
3712.431641 89.875839
10791.788086 176.341080
10383.351562 225.140945
4484.106934 216.875854
2245.306396 347.231079
1750.707764 433.556732
875.598572 520.525757
7320.049316 612.575134
13761.701172 23.374342
17227.005859 66.506134
3312.483398 153.449387
3755.597656 253.290634
1618.650635 73.598831
921.654175 82.724823
738.016724 97.659203
2718.818848 133.823029
2848.612061 4.859109
5822.552246 4.185426
2466.767822 28.376694
1986.870117 56.055378
1709.198608 92.166870
1402.666626 156.398529
1920.141235 230.030914
7808.330078 272.254425
10985.826172 169.252502
3881.611816 137.571060
677.591797 91.990761
3513.999512 69.050400
3072.284424 275.406036
1959.077637 271.839569
1423.973267 335.163147
4477.166992 467.368805
11728.423828 105.014420
3477.287109 217.146347
19401.720703 289.726318
1223.691162 300.072449
807.568604 111.378922
354.777252 132.236664
752.626953 166.378784
5904.936035 219.898926
8535.011719 18.702509
3862.922852 34.899242
2348.111328 64.373718
1008.653748 91.347382
1420.691406 29.473433
162.103210 10.534906
582.581665 19.318731
12804.775391 72.654861
9558.416016 75.964668
3018.942871 64.937347
7017.407227 62.910770
945.004517 52.026295
21.282551 126.494957
142.301956 125.694191
4058.359619 148.173615
4083.705566 190.077988
4319.788574 100.117058
22846.603516 131.530945
1482.631226 145.064957
567.367004 139.091644
3137.885010 131.609070
1390.791748 116.808296
715.072449 177.079178
18043.005859 326.140991
13165.322266 60.357296
10665.174805 127.542137
6315.113770 173.604675
4013.368164 168.637405
67.826630 260.910858
742.434204 303.219940
6788.353027 273.941254
5743.068359 211.232697
9548.946289 56.047176
3950.273193 0.370074
4087.003662 47.800697
1712.027344 157.417740
4033.736328 19.402868
704.087708 29.805399
3945.403320 44.496262
2083.604248 50.327606
58850.019531 107.909851
11659.231445 81.618217
4405.039551 48.629196
10015.900391 24.876394
468.890442 101.460838
1196.889893 157.392944
5213.839844 251.370483
9324.572266 361.288757
16249.826172 31.558399
5100.662598 59.137413
1122.832764 73.591690
1217.969482 80.518158
225.694519 76.255165
836.401978 32.227581
944.539795 66.364311
11802.159180 205.971817
38886.828125 91.804993
4883.088867 132.516830
3282.096191 159.756302
4061.525146 136.872940
2818.545654 166.138809
3037.844238 144.781189
1260.179199 118.573120
427.650055 121.432022
3440.125244 40.809826
13845.884766 61.723301
5797.480469 112.675629
2368.142822 155.982376
287.680359 177.432999
432.680603 187.272293
4858.903320 163.004135
507.757690 136.377731
5548.743652 12.962218
3270.659668 5.008657
10067.616211 54.410137
966.139160 125.591209
1063.606934 30.551947
165.641403 34.073090
317.417206 31.831312
3400.287109 26.210350
17799.037109 2.001367
2230.449951 3.704007
3410.246826 11.390369
139.264587 21.847822
592.247131 7.065457
1016.825806 12.465364
2757.212646 20.498995
1969.467651 31.570343
2559.649414 9.190138
19934.361328 3.445222
976.878845 2.051902
2962.862793 3.595263
2268.599365 423.990326
58.181694 497.032227
5880.110840 698.373535
9284.883789 974.578796
23577.744141 260.311310
11254.065430 410.428223
2662.654541 467.045044
116.044754 444.325256
2578.182861 394.481232
989.993347 463.365051
2562.608643 588.193359
408.073578 790.864197
25176.662109 17.336847
4515.307617 105.655983
2812.568604 229.532516
5451.610840 329.205902
5557.816406 2.343400
400.836914 3.402843
4188.461914 19.904520
1050.946411 46.706505
18136.048828 183.823029
5610.810547 120.772911
5230.961426 62.938950
5402.063477 21.755598
1970.028809 77.923920
243.688461 46.280823
1891.011475 16.078047
5474.422852 9.634315
9199.183594 41.753918
8396.166016 56.525982
1032.399902 80.067093
181.338684 91.072769
472.651306 200.248337
2501.075195 181.111862
5370.818359 171.124756
1089.788940 165.540207
7241.083008 175.824799
37372.503906 219.099930
5439.063477 233.243561
3266.033691 222.369781
92.565407 329.809265
1847.696167 351.001770
397.167725 469.302338
2696.198975 680.466125
12529.231445 121.883179
30933.011719 251.048523
5566.495605 335.725006
3723.148438 349.255920
503.637939 195.328522
3773.822021 281.539978
1810.863647 312.775330
14815.072266 285.892700
24364.976562 66.317123
11983.958008 5.674355
6443.295410 14.485717
462.097412 89.796272
7792.545410 17.597736
154.147903 16.222548
7414.863281 12.505435
8879.902344 13.260090
59153.265625 5.211984
4011.143066 0.035493
5770.998535 5.002468
753.610107 13.108933
3256.046387 23.879925
6975.659668 36.550682
10517.363281 53.186932
6831.145020 70.213623
25841.505859 3.533526
5103.903809 6.874879
5727.282227 10.830756
154.363678 15.841218
941.417358 144.225769
370.249054 186.575897
3254.858154 290.849396
3564.782715 433.077667
12341.019531 80.528000
5323.771484 136.038742
11978.315430 156.810608
2892.098145 147.775162
1123.999634 130.246506
215.162231 128.107605
2360.732178 179.642883
1583.084351 299.395691
363.123413 24.793987
12214.835938 80.175819
3669.182617 129.830505
9140.859375 143.809525
465.588806 27.243565
1529.140869 42.551468
347.498016 107.677162
770.330566 198.955887
9993.162109 200.177948
1151.989868 174.219513
1354.991211 120.513702
4002.203125 60.986710
396.356842 287.294556
1768.000610 246.675079
2825.424805 255.409683
5881.036133 336.128754
1447.204102 107.496017
3253.237061 220.435745
898.642029 304.543213
270.570801 323.053650
121.574127 163.797348
653.170227 168.221176
519.850220 165.217773
3147.401367 189.084152
4540.197754 6.196420
8253.560547 11.973122
2608.702637 66.746902
1177.441040 128.339264
1650.506836 90.004707
327.004578 150.619675
930.787170 213.473984
7343.899902 235.139801
10502.984375 253.675491
3971.742188 188.327484
5278.233398 112.921234
5357.854980 72.795639
2908.954102 212.051331
827.661865 268.169067
1040.135010 423.270935
4808.280273 631.392395
4304.860352 180.377823
12010.293945 262.847961
8120.624023 274.472565
2931.149170 235.833664
2032.989136 258.905762
57.599907 264.401093
0.203940 246.618195
865.581848 251.000732
3168.212891 4.287196
3275.025146 24.621134
2243.698975 109.499214
1426.983276 203.263229
678.935242 38.026772
1080.781250 58.197067
709.832397 65.381805
2925.333252 64.301598
3405.719238 67.108322
416.649170 18.610647
12389.433594 1.809865
398.399628 13.449371
433.529510 11.732447
250.040070 15.198595
1272.247070 20.303251
2709.004395 24.283279
172.697327 22.445393
1628.245239 19.409754
625.550171 14.941452
1442.496948 11.706740
208.193878 151.191849
3337.857666 154.352448
164.907944 152.161621
5694.206055 156.380020
8151.298828 14.186064
17001.875000 48.830887
4242.663086 94.113075
1466.271851 131.711761
1137.691895 8.867895
1558.043701 18.258656
4886.523926 47.989426
20414.902344 97.613861
4327.767090 0.324796
19177.156250 6.306130
765.359192 11.269092
3116.231934 10.378223
1778.023560 87.277306
1182.039551 65.720734
2434.247070 60.589668
13953.060547 77.989021
28282.664062 57.766804
21763.380859 92.884537
4493.983398 112.582382
1960.264893 108.537758
2128.583496 42.652168
3932.792969 53.082714
3345.908691 97.011604
2181.903809 169.476868
4596.340820 21.812384
13282.349609 46.508999
1748.315552 57.530121
1887.615723 51.472023
197.316620 15.577944
428.268799 18.112667
26.749794 12.755167
885.553772 3.621750
1270.393188 53.619034
623.745056 23.575504
3582.727295 9.200018
6590.721680 9.380460
65.838531 47.184540
150.911758 45.975933
509.408417 54.701721
9161.804688 70.288597
3854.044434 37.188427
1413.185303 53.195267
1009.437256 58.549362
7367.297852 54.180523
1803.867798 65.449112
1839.942139 95.971603
7000.915527 112.764282
5572.110352 112.261322
7671.812500 16.719625
3156.520996 3.642894
2367.340820 8.675821
1397.499390 32.061493
575.838440 96.720436
412.021179 145.179260
3871.269043 163.638092
3027.644531 141.869400
32879.347656 42.634541
52.127377 14.319025
5238.049316 12.068270
2505.709717 43.642220
4087.989746 22.403425
591.734741 18.087742
734.423462 53.419899
7332.372559 120.707275
14968.434570 53.481461
9709.274414 78.897835
7426.972168 77.286453
6584.070801 51.206287
1331.846680 41.637695
4500.041992 67.165970
5181.001465 76.801186
27634.949219 65.430206
3889.787354 29.694931
2929.259033 7.122685
4480.336426 0.467439
1657.817017 14.388658
55.431812 34.493977
309.552094 46.546707
713.713257 70.538864
1778.261108 98.521080
6669.480957 28.479462
16559.984375 37.594898
4762.283203 38.052902
3066.138184 34.080467
635.392456 20.465519
363.324097 35.547462
1083.095703 68.668892
7853.191895 108.914932
3346.920654 36.660515
10014.081055 41.042309
1289.619629 34.285244
1586.898438 23.290514
20.426542 69.433472
1422.077881 63.114132
122.845367 59.153095
2577.503662 69.185303
6010.215820 10.600420
4459.480469 25.847103
21.494400 49.226238
19.656631 66.146690
642.149902 49.153530
789.753174 44.963737
444.418823 42.846355
1219.107178 55.621765
999.513550 3.091441
14975.760742 8.546339
697.934326 27.278400
1128.065186 43.937809
196.831924 133.686264
514.295837 174.178192
3290.957031 182.760651
965.688049 157.806595
61.344048 10.888699
3983.063965 6.185829
10210.203125 29.589561
829.785522 77.857414
1846.359131 62.339508
691.459106 49.858269
7737.295410 32.394699
586.531067 21.725481
1866.770752 5.885324
546.166504 22.221783
14273.564453 44.725910
2008.192139 60.853683
230.657745 15.465585
3064.120117 47.679604
3001.745117 106.661102
1093.081787 179.274689
3574.001953 9.917003
9526.604492 14.116828
27801.332031 11.940453
1065.954346 7.875206
88.749733 69.643524
532.135071 44.137936
703.633911 66.788742
3258.440918 142.445801
183.090302 62.524036
3759.590332 111.900803
13689.496094 132.000946
1094.032959 111.466202
1231.067627 28.272673
1537.496216 18.259195
5278.708008 13.228449
3063.895996 20.639820
2038.303833 33.207794
9031.255859 32.706100
978.946045 35.785851
587.638916 35.284721
161.638596 133.892731
239.539658 202.570648
4454.386719 287.758942
2644.570801 356.986877
21527.281250 70.870865
3606.731934 86.199379
280.428619 88.859230
449.524994 97.947113
2589.936035 33.579288
2115.098633 12.408515
1452.294189 50.818493
11352.689453 150.958710
34533.406250 94.214462
16409.097656 120.320137
10475.116211 118.992500
3396.154541 82.436615
2135.660889 19.246723
4344.920898 5.755745
6388.878418 0.179952
18856.173828 4.400241
5856.093262 70.337219
19054.322266 63.866486
2004.583618 52.292446
1587.580078 36.345127
659.385376 4.293509
11750.685547 19.279818
2094.602539 38.837143
122.428185 50.736515
37845.726562 69.406441
25123.865234 47.161400
3677.546875 21.004711
294.145874 4.169976
4399.117676 17.959171
1459.166504 23.934034
478.545959 43.282616
9226.598633 69.307098
8496.330078 33.708759
524.052612 38.619907
10362.792969 33.867493
3455.788086 23.927200
2168.563965 20.672924
2166.550537 53.638176
2124.421875 117.674545
1313.191284 187.072205
1447.817993 121.163261
18292.523438 100.719505
3847.624512 62.212914
2536.693115 27.466524
18.275520 217.972046
1212.899048 226.917847
3979.164551 292.837799
5761.388184 402.298187
1444.402588 140.244049
4021.756836 217.642181
1831.400146 251.830994
909.761353 241.003479
2113.278809 59.261219
913.381958 35.252937
1975.994385 61.117283
8786.662109 165.821182
10804.005859 63.057236
5812.434082 69.316063
4480.586426 89.476860
209.895798 87.565933
458.557007 133.855331
615.255554 105.100945
663.480347 73.537857
1195.516602 65.405846
1022.049927 80.417137
5940.748535 91.108315
1998.454102 119.318626
5821.233398 139.318741
1081.880615 123.110748
2201.056885 138.640808
618.561890 130.679474
2840.516113 120.207321
12699.944336 30.315355
6266.295410 8.150115
515.120483 33.079838
539.829041 81.540634
1930.652100 21.700356
1613.451050 43.875343
682.079407 67.567474
5783.029297 77.067932
9149.333984 85.510201
6409.945801 60.011246
1454.847168 31.302063
2221.363770 15.855252
1925.691406 7.765065
585.447144 5.840846
4331.835449 15.333787
2776.187256 41.617588
1389.655151 13.505649
4626.781250 11.044011
9416.636719 12.968517
571.422363 12.167256
59.701866 157.261063
128.933762 143.297470
1020.969971 137.708435
2641.016846 159.579483
10313.955078 18.717163
1217.105347 68.266251
3187.047607 122.455063
2109.695557 154.799149
288.607269 255.221954
577.207458 340.856964
1988.127441 399.683350
2477.526855 426.669312
1500.766724 60.292141
17450.279297 47.641518
3524.750488 84.436478
420.444122 161.151337
1061.474609 27.934772
1852.196289 45.472889
49.390366 58.552990
1564.110718 61.423801
17736.525391 34.462582
937.414612 19.709438
3638.995605 11.342700
7339.591797 14.396103
251.711426 84.893204
571.612305 63.200180
3923.905273 84.912155
1719.000244 147.442352
9342.009766 91.756622
1793.465576 140.041885
17261.441406 152.372452
591.180725 126.152359
2083.713135 27.803280
567.270508 22.295982
1361.642212 19.293461
1819.869385 20.476746
10368.382812 40.454731
5451.430176 39.531197
4362.374023 37.506657
2974.009277 33.465393
1917.416626 14.679792
2739.928711 7.850935
44.667637 12.433985
12657.656250 26.620991
6380.330078 29.354200
12288.896484 39.418514
12133.070312 38.496391
1013.372314 27.838417
3959.703125 11.650557
4529.370117 12.430140
2379.322998 44.015591
7448.184570 92.790520
33832.652344 73.933296
39716.148438 84.773010
4042.472900 68.682281
1616.902344 36.918507
595.713867 28.983456
308.788300 56.839336
8183.669922 79.574966
215.656204 86.483971
3012.940430 25.071005
24294.570312 11.394476
5092.380859 3.040283
658.559875 8.525346
678.900269 11.768581
1069.644775 9.110283
307.852600 4.998399
362.015564 3.035100
10447.069336 0.375669
1953.778564 1.647174
7945.588867 6.310227
1455.928467 10.678749
1184.699951 27.809010
207.802643 32.396812
1574.529785 38.672237
8731.307617 44.758633
6164.803711 14.284839
1762.583130 19.217730
1689.536011 22.660444
1532.752563 25.010105
650.225159 6.090135
2100.920654 16.929302
771.041992 42.178078
1461.387939 73.138283
15787.431641 21.281319
1233.852051 25.040808
2010.630371 19.196867
1271.962646 9.493464
5836.283203 8.547646
3893.924316 31.791866
1846.711914 56.960464
2903.855469 68.327240
17070.572266 79.706329
5467.824707 50.154343
3703.339600 18.830166
583.590454 2.397079
1587.503662 102.824631
1674.529907 143.355545
5870.079102 173.557343
8612.640625 181.899689
7205.492676 34.713081
1302.317017 33.914665
3846.009766 42.447865
7230.205566 65.945969
1738.331299 48.763641
633.498840 75.448227
3286.616699 76.051514
2254.588867 50.884480
24306.691406 81.964005
6160.842285 24.376831
5083.569824 1.019400
11167.124023 15.044840
1502.742188 107.785492
871.545288 106.387779
1135.868896 110.232208
10163.860352 123.029709
3941.563965 28.869312
4447.026367 61.687622
806.102478 89.948349
14633.119141 105.052826
2409.998779 70.732361
292.862396 72.615044
16522.875000 81.349495
588.640747 104.895584
12594.109375 6.227173
2099.194824 23.601404
6156.568359 47.273766
822.390625 64.350761
5725.731445 15.467586
1113.658203 15.607006
625.349304 10.565778
6725.707031 8.026505
62925.425781 18.722157
14605.488281 2.215566
5374.951660 1.120207
415.775604 8.687718
6822.373047 19.077171
1483.897461 14.866183
2257.486328 44.918720
6904.437988 98.498383
1594.397583 74.087585
29944.736328 90.756821
7284.572754 79.519081
14279.056641 48.246433
675.716309 3.596012
2389.654297 11.351491
4165.332520 19.135029
3445.406738 23.509275
19627.308594 51.563034
5502.290039 28.020094
3771.987305 9.669562
2534.192139 1.557512
5572.089355 1.429370
754.908813 0.220389
310.056519 3.233789
5022.022461 7.622848
12338.523438 48.597782
13758.684570 36.252991
4532.151367 21.404694
1874.692993 8.701370
3479.636230 43.690807
21.070404 38.659477
6043.338867 27.056042
1123.874878 20.593439
16403.550781 2.993912
4476.861816 3.878042
4838.342773 18.949358
1117.024658 35.966957
2339.725830 12.115937
273.398743 24.297720
3416.910889 36.051701
2882.504395 39.164444
25749.507812 64.297829
1318.286011 41.502724
4324.936523 19.831169
585.656250 9.006470
458.198486 61.904755
2653.936523 48.821823
3235.214111 57.371964
1307.206055 99.406563
6241.867188 12.731116
4331.879883 41.400307
8248.642578 67.559708
1101.365845 74.073746
315.676880 5.794975
5288.557617 1.126903
708.717712 4.267577
2142.159668 22.466137
8997.210938 38.101601
4852.500977 22.036907
1151.584595 15.308577
1639.281128 11.213647
851.723999 39.033539
527.871216 31.675800
981.788818 59.574478
6669.615234 122.585594
211.013351 65.040100
3560.297852 81.555702
6406.011719 82.552994
3817.467285 63.776863
524.020203 105.167587
681.295410 138.943695
304.449799 243.074448
2202.909668 391.782318
2469.369629 128.894730
3967.663086 163.086868
90.807747 158.565643
2336.220215 125.943947
466.086060 179.529938
5019.350586 133.226318
232.947006 157.302246
191.196304 292.225800
1875.315186 70.036285
10799.175781 142.354019
2336.836426 211.923035
3219.770508 224.018372
798.120728 81.226265
485.394348 62.840706
557.213013 76.325706
4963.234375 134.340637
3759.392578 128.841553
422.714630 125.612793
752.085510 123.362900
711.753601 107.722038
3790.005371 228.030380
948.509766 209.120316
612.586914 233.043457
2671.190674 322.823364
1905.319946 59.518764
3421.047119 140.474792
8016.398438 214.082581
3152.001953 242.470551
190.269012 216.684570
374.792603 201.545105
607.110779 154.007599
621.144348 124.441940
1413.698975 9.398294
10267.355469 18.041428
3066.892578 91.038658
168.809128 174.144272
1092.822144 3.634084
1069.172119 22.671387
5264.206543 50.109730
9927.931641 70.828690
3091.105713 70.828690
9927.931641 50.109730
5264.206543 22.671387
1069.172119 3.634084
1150.686768 67.741592
754.947021 113.500412
4710.383301 162.137604
6579.278809 193.703384
86449.890625 47.887146
1152.639282 41.294296
1.044718 34.173996
457.518402 40.155426
7661.462891 19.502737
791.544189 17.928013
393.756409 10.391668
2250.185059 2.791506
27179.734375 8.190475
4115.099609 2.156436
2378.929443 5.873193
1308.246582 14.024447
7.507822 28.571554
511.360596 41.234722
1731.746826 53.724220
2580.629883 61.343357
4400.225098 11.450232
233.035431 12.829689
208.053650 14.627270
2570.576416 19.364601
1471.251099 80.115410
666.684326 132.515778
3573.562012 201.622894
5440.551758 259.116364
2423.795654 66.827850
4358.522461 71.303177
6943.341797 62.158997
1207.493286 58.586918
3808.780273 30.535601
737.221069 13.921325
568.319885 8.706800
3549.726562 27.819805
22415.894531 6.849473
3490.948730 20.734901
15243.582031 37.201023
1195.506592 41.607128
312.813599 14.685814
1149.465088 44.362682
1522.544678 79.309761
10930.357422 97.415779
5882.485840 114.186729
21686.636719 77.473862
680.459900 34.926125
770.070312 9.811917
343.929443 65.482544
1561.223389 68.257843
3420.717285 65.651115
1273.046509 60.339943
8475.957031 8.926946
7747.557617 23.308615
523.236938 40.601318
1409.586548 55.891701
1592.201904 86.568993
2110.645752 147.363815
1511.463257 236.089020
1927.148804 328.332184
11101.048828 27.979948
10774.576172 43.469570
4627.041992 50.370083
788.710999 58.535641
3600.724121 93.566994
2260.698975 109.993958
284.905243 163.239685
148.721588 240.254028
5534.623535 74.107407
9365.111328 106.444077
2554.596680 115.031105
1148.156982 103.505127
113.427269 262.741455
2488.598389 290.264709
7112.478516 322.946045
10111.395508 378.549866
3157.176514 7.676087
2900.441162 64.420029
465.732483 146.103119
1760.946899 217.550110
3049.143311 104.255302
392.447388 113.002640
1155.489502 140.481155
11728.723633 205.904282
27668.876953 8.290157
10623.803711 21.147739
12760.947266 57.913952
844.828125 89.594795
2332.498535 86.271431
2572.183838 84.177109
7805.512695 108.859787
2818.336182 160.331161
73.213715 59.032326
21962.539062 88.088516
1598.461060 103.593361
5210.816406 99.417023
391.558716 112.094627
188.805786 90.439255
825.753967 86.481682
5070.409180 120.464767
34268.179688 14.932435
2430.332275 58.053421
4357.066406 102.658905
313.521179 122.317719
4289.699707 19.626028
2534.046631 31.569218
2093.082275 42.550537
12868.017578 43.522224
427.171265 78.156090
11800.950195 53.865906
444.048676 29.901247
2483.096191 17.286472
283.288940 31.672371
1466.808960 55.099754
2162.496094 111.495087
3782.824219 179.448990
16933.242188 68.641953
778.070190 80.088066
1204.179199 66.092529
325.757477 41.609753
2981.964600 44.418045
168.648346 84.529190
3954.828613 114.820114
1016.860413 116.018723
1707.334229 115.385689
2636.647461 67.144493
378.183411 28.566406
3757.700928 20.185175
794.525879 200.200867
1057.277832 180.028595
2683.148438 200.883957
5693.872559 260.795502
12710.041016 128.042496
1936.050293 206.688751
6187.874023 244.430206
3577.326660 234.317734
2780.615723 174.262390
1463.117188 225.187180
2649.407471 257.600922
953.461182 277.287628
14382.124023 30.944464
17923.255859 20.107153
9423.052734 51.845173
267.160797 110.607956
1919.458008 99.753014
1683.756226 122.288574
4303.794434 137.294128
6471.528320 146.303467
2531.952148 44.297108
5153.628906 38.026749
1554.606201 49.419098
750.853088 72.921555
1108.772339 91.966324
650.357788 169.111664
6312.121582 234.569336
1947.501465 260.938599
4669.126953 22.394978
22919.003906 7.861406
1269.235596 5.110925
4836.087402 31.997730
416.413635 80.804466
2659.282227 28.165726
4927.473145 15.813389
17535.748047 59.174309
4280.832520 90.128746
12092.028320 139.884125
31101.544922 161.096954
4125.282715 136.991486
90.179199 43.536453
597.295471 65.930290
3452.856689 79.351868
4400.724121 82.848969
9771.982422 57.081718
27004.074219 24.127842
9974.549805 11.960400
3999.900146 21.340641
331.589233 43.077847
1382.160278 77.214287
204.418549 104.187637
1106.678833 106.380211
4264.428223 99.545631
9581.250977 62.770622
144.510208 31.322695
2815.396484 23.500731
1097.084961 153.885544
395.919495 178.704285
1846.026489 236.456238
9085.919922 322.896118
15352.763672 34.147362
4053.994141 85.165726
9116.835938 125.430618
470.195801 144.265320
1616.401978 135.528320
3513.345947 145.454376
1665.013672 153.827225
188.346420 182.698563
2352.187012 11.734671
16022.806641 19.560574
4295.281738 61.196674
1487.220337 106.977913
503.509094 203.828751
923.336792 200.239487
3484.053711 183.140396
4058.483887 184.919342
10206.695312 6.469326
1349.827881 37.469673
5531.956055 105.775352
941.936584 171.202805
4768.153809 51.099155
2664.149170 84.152756
19227.960938 119.034019
82.350578 131.025787
18205.699219 151.685715
5755.922852 113.100113
5734.915039 68.196175
2574.046631 43.217030
89.980225 490.479248
554.851135 705.449951
505.952911 966.397522
1032.093506 1179.379883
4148.364258 240.808426
15125.262695 296.244568
9032.549805 321.864075
5541.892090 367.981842
412.702148 308.470398
1642.682251 299.758575
1837.430542 315.471802
16206.873047 413.012085
6057.652832 0.706678
748.169800 67.111778
1803.621094 185.551193
24709.554688 278.199066
2804.369629 124.981865
1448.750000 148.848923
3688.959473 152.392242
500.505249 145.410004
5856.104004 30.184599
11595.861328 19.427975
6016.878418 41.962349
2319.916748 84.019402
313.193481 38.299068
4835.929688 32.466454
861.364502 32.715618
5347.735840 49.973679
4007.428955 6.787850
5322.393066 12.881503
7384.211426 27.793539
828.046204 38.288696
975.972351 44.314713
582.329712 51.687584
362.317474 54.505959
4378.929688 53.230675
217.202087 2.033178
196.159073 9.334581
6121.773438 20.600752
1973.300537 33.226620
3284.629883 21.308626
352.863831 32.474167
3273.414307 34.113777
3156.060059 25.210732
16751.492188 21.597809
3619.022217 5.976122
6878.373047 0.849912
2123.542969 7.766698
40.808014 8.316342
987.479919 4.209846
3776.400635 4.072609
3862.620117 7.189813
1695.130737 18.538021
9387.257812 21.773272
1588.567627 20.169237
940.737427 14.705826
115.514587 94.698570
211.197357 135.533783
31.413097 174.495560
2160.187256 196.448929
12253.301758 35.059338
2911.994141 40.671661
2719.773438 47.647476
2866.632812 64.128120
40.899143 159.093933
2002.821777 175.667603
17919.843750 250.799103
21950.294922 372.662231
2879.509033 89.241394
13799.540039 153.585464
1058.146851 183.872070
196.306854 175.878647
734.098816 130.761353
356.420624 202.349396
7201.543945 258.801300
9463.437500 285.194000
58520.484375 9.051734
3312.109863 1.474723
5375.953613 18.532200
2229.211914 63.956192
4096.112305 6.160499
18.520166 23.288990
3925.834717 55.814236
4.055399 90.695419
29534.267578 82.872360
8166.833984 60.710659
1308.044556 32.456364
11741.808594 10.500090
1212.374878 25.378164
1117.098999 11.033767
1912.564941 3.436554
10628.588867 5.964770
4590.350098 38.504986
292.609985 46.387115
11743.150391 47.589748
422.316650 39.708145
1245.076294 125.959038
5822.891602 192.848328
2708.752441 244.131180
10381.652344 263.569946
29441.556641 55.382179
3029.438477 32.367466
2327.152832 33.314835
1285.285278 66.510445
1861.438721 33.353210
1199.244507 41.427025
6048.984375 59.631710
6825.594727 88.877129
572.453247 3.951471
3457.283936 12.491231
1648.519165 22.640175
3149.608887 29.171860
431.137756 53.936588
496.282471 83.607628
130.680740 126.452141
5155.833984 164.335190
12597.762695 54.467876
16383.008789 58.886784
3791.792236 51.541313
2093.885986 45.162052
1629.668701 278.432953
2171.562012 355.018616
740.676819 467.785339
969.025879 568.869568
395.439148 199.986694
18.629728 248.874481
608.311340 256.723083
1170.483887 253.033722
653.836792 229.060364
92.317490 289.782379
3195.827637 470.878998
21107.742188 736.551514
4263.563965 140.883316
6002.026855 239.123428
1698.607910 274.657288
3834.515625 250.303680
673.396606 380.971008
273.095337 419.423248
1587.570557 414.552429
1506.541260 420.371765
46805.023438 27.144091
11303.250977 31.166428
1720.356812 137.670700
393.593658 277.170929
2508.691406 257.996307
745.084045 279.269653
673.403076 281.380280
7936.944824 311.224945
5332.952148 13.628626
6621.450684 12.982585
6724.541016 91.694496
2391.707520 190.563171
312.420776 63.030006
2534.398682 91.756699
2310.510010 126.179123
4003.246582 163.224838
5838.895508 0.127978
5411.162109 5.238234
36.319893 19.807104
3585.687012 39.448536
1774.073730 6.838726
1619.103271 5.628778
88.445160 11.277753
1175.397949 25.047295
9983.061523 21.448072
1852.174072 18.267921
7369.481934 15.434669
7326.761719 11.258005
1218.630371 16.712561
3555.780273 21.137533
1190.448975 53.273823
4172.647461 101.001236
4021.426270 60.261963
1375.209473 71.309181
172.423615 60.074005
442.697632 35.494652
1501.324219 44.415184
672.030762 51.131367
4026.350586 53.854279
10190.392578 57.742256
3821.948486 1.157318
1487.097290 2.529154
9125.560547 15.121391
818.906372 31.444120
3040.007812 56.439529
196.002991 50.733597
2693.762451 39.513699
3047.002930 30.352028
22084.638672 9.662546
10170.193359 20.973042
820.489990 37.833225
1269.868164 51.812256
615.406250 16.044479
415.690857 28.658863
2831.931641 61.131496
9695.878906 103.780487
3076.994385 25.731340
437.201111 34.618660
10600.658203 31.222710
442.079468 20.798683
526.585205 24.706890
252.422699 55.096668
268.288818 78.668350
1979.594971 81.514603
9241.587891 61.421570
3910.594727 31.528454
3674.146729 8.202601
7110.020508 5.313950
4577.791016 101.938721
1319.521851 110.892258
6830.977051 102.574348
3016.203613 81.357933
11531.943359 33.645531
83.580017 37.280876
2780.582764 54.558838
6023.142578 79.742424
4713.829590 17.787580
922.694214 19.762043
1604.484497 43.337143
4102.206055 84.776489
19359.500000 23.455793
3292.412842 36.929787
5437.658691 38.789360
1195.635254 28.898714
704.628601 120.057014
346.088715 200.640671
648.625000 252.585327
939.542297 251.949677
5035.889648 45.278877
17319.589844 14.434471
4491.435547 9.323784
3320.473633 46.758045
557.487976 142.354446
679.234619 166.347900
3592.862061 220.152832
13082.676758 286.032410
3725.699463 92.831886
6832.129395 133.652710
10015.662109 148.075333
1251.786377 143.449417
854.525146 211.849518
4917.131348 263.289246
3017.631836 341.103424
17402.039062 431.823914
32676.021484 43.122566
406.370056 98.171082
199.978790 145.250671
170.685501 178.815659
1581.684204 506.928406
2588.749756 656.388428
8018.178711 829.060242
17859.964844 1001.959900
9193.910156 53.470242
4422.247070 142.117325
5102.393555 257.297394
154.967255 378.171631
618.142517 413.358673
211.554031 446.463593
489.994995 436.219177
8641.770508 441.540405
14646.525391 18.433210
31064.017578 38.198360
2763.057373 160.402100
15598.033203 309.084991
605.451904 23.364082
3638.106689 51.668575
527.017517 72.382408
3451.199707 77.264404
12841.888672 72.009384
5514.767090 29.824089
9391.248047 3.745878
1532.272217 2.832676
4617.833008 28.836536
1974.034912 41.026970
801.332336 48.861748
1599.709106 46.955917
33708.234375 31.235622
3536.615967 23.374014
1439.099365 17.777594
1279.302368 19.490562
4202.832031 243.896881
368.858032 300.364471
2943.475098 336.036438
7805.712891 340.502350
16142.833008 53.571869
3229.597168 81.373894
6505.354980 124.366905
558.965088 180.985382
235.989258 144.540009
538.111694 125.494217
57.898323 149.702606
131.094452 246.259735
20456.605469 9.150486
7727.217285 66.615906
4237.481934 130.284378
2427.775391 157.683014
2189.402344 8.757560
1994.891724 15.720068
438.187012 30.691982
950.425781 44.572708
2819.014893 104.102936
252.488495 74.213966
8641.400391 41.248680
751.704346 17.047012
1011.316895 122.953987
2678.646973 90.736115
3869.333008 73.362656
13242.672852 92.539192
1568.399414 25.245037
2412.447998 75.802612
7733.581055 122.789276
1741.211182 139.991226
298.079102 98.906410
343.039154 161.051102
2226.267090 204.582367
9034.918945 213.566864
1979.930664 54.600040
1573.422241 23.011387
6516.750000 15.792924
220.754562 43.349590
4190.264648 99.470360
196.931915 103.092155
243.623795 91.336044
5004.206543 71.876656
14881.945312 20.614992
10465.706055 30.323948
5144.295410 53.347752
6030.692871 80.296356
1116.192383 16.182732
658.868774 11.933096
817.769653 15.433632
2264.592285 33.848465
6531.168945 0.201596
17453.181641 4.732499
2121.778809 13.897704
6888.423828 18.604822
1604.712402 105.224586
3464.844482 148.033371
5757.524902 258.996033
9603.243164 392.272125
13789.083008 188.645645
20928.158203 217.658432
3454.689941 187.553711
537.639282 131.862000
3774.297852 50.453526
1657.711548 35.431438
3308.709473 41.111401
1795.421387 87.576340
27813.710938 8.602645
2533.336670 22.716038
2935.319092 47.971306
342.313721 59.575935
905.283691 0.060587
684.281860 8.456628
1482.006592 27.221594
1177.141724 43.498474
8735.180664 165.757843
11164.853516 111.073952
6874.194336 54.362217
2993.149902 14.256730
689.238464 98.080299
1235.586426 90.977989
1147.994507 106.107643
7477.789062 148.481308
4304.769043 55.576954
941.377686 86.121979
402.027710 107.681557
187.788391 109.658058
1289.183228 95.491180
830.615723 90.972885
1374.456665 164.302841
31078.818359 322.773041
21780.941406 69.956253
12644.668945 118.149162
981.739258 146.138397
2764.095215 131.207275
1153.735107 247.301620
1257.225708 246.469116
2853.907471 248.792496
2753.509521 287.926117
10826.353516 10.840826
34441.117188 63.289635
5559.574219 147.782639
344.757324 217.448532
5735.468750 82.018906
4260.078125 85.964996
9028.745117 77.493317
23485.156250 76.784050
4179.598145 21.089643
1397.344727 4.762132
3544.640625 24.318762
1631.550293 57.891800
676.287720 17.565731
170.809799 11.746076
5423.605957 6.248730
1448.325195 5.670202
18507.886719 5.704375
7403.460449 9.941581
3439.508301 16.087275
2617.378174 19.446238
4387.714844 13.528973
1247.860229 12.032873
448.684113 23.039230
259.487030 42.021652
19809.275391 33.929180
13767.535156 40.780796
796.205750 36.468941
1666.076416 24.500803
134.137024 56.969521
1045.052612 82.173538
958.256287 115.382706
1111.091919 149.597046
2988.832275 8.284477
659.895325 18.383400
3656.109863 29.020481
160.844788 40.520515
1757.873657 41.843380
297.810303 83.552841
880.948975 147.964462
1065.301514 209.207550
3538.012939 75.444839
2881.162109 70.358269
3265.300293 50.002316
1184.813721 33.540596
1153.353638 159.371292
1773.865601 136.213654
3156.289062 131.762161
7689.928711 158.047501
3844.467773 54.562664
5846.249512 116.008354
68.464050 162.496124
4142.987305 175.595779
1415.167236 69.784149
580.392151 82.259995
398.833038 88.244415
1066.005859 99.348068
13715.934570 16.822868
4781.647461 4.838218
1618.456787 19.654097
209.969604 46.493210
3644.052734 10.304987
347.998871 21.769421
11936.753906 26.182356
2811.955078 20.337986
7750.335938 52.320065
2717.221680 23.115555
1544.350464 4.286192
6570.529297 1.232565
265.617676 28.389647
559.918945 29.518023
1218.282471 28.554623
2037.887695 28.543211
20710.347656 1.005202
1416.079102 5.747461
2195.094971 14.554122
2431.931641 23.187355
3392.043945 99.088844
2327.387695 136.709778
740.819092 183.739044
13190.208984 226.798080
3928.686523 27.870039
1649.473755 45.475433
317.770294 59.861069
2059.027588 75.055695
532.034546 131.823624
205.470413 130.933563
3505.755371 127.289543
335.579193 131.716095
1035.896973 14.223042
10998.954102 47.637711
1893.148438 87.916405
2245.301514 118.657272
86449.890625 86449.890625
86449.890625 86449.890625
0.000000 0.000000
0.000000 0.000000
0.000000 0.000000
0.000000 0.000000
0.000000 0.000000
0.000000 0.000000
