181.309662 990.237488
469.581940 1215.734619
1158.913818 1379.806030
10060.344727 1440.619385
12924.583984 510.364319
3213.544189 512.492188
2015.789795 595.976074
313.644135 764.960144
1559.891235 596.646362
1317.853516 872.054504
2495.543457 1609.039185
3695.918945 2838.206543
18547.601562 1250.247803
15090.677734 889.305420
6851.901367 711.522827
1231.912964 601.160828
1815.192871 7.638624
334.788269 86.533539
533.344177 233.555618
2137.209961 441.030334
9840.973633 796.003113
19906.015625 421.681763
3368.042236 154.546600
1729.733765 20.558290
94.441956 765.129517
2613.855957 1061.681030
492.137543 1410.574341
21.729546 1839.854614
4157.624023 516.532471
5597.583984 298.291992
3682.978027 323.375244
2300.079102 506.801453
0.581844 388.458069
1646.515015 536.281250
2555.760742 869.204163
780.491943 1421.086182
1607.826782 1421.086182
780.491943 869.204163
2555.760742 536.281250
1646.515015 388.458069
153.711258 172.911865
1872.154053 133.207489
572.224304 93.147507
1052.787842 52.946228
85393.546875 518.634583
446.549866 409.922119
128.839966 304.971558
5599.803711 225.644989
5268.944336 163.683472
1302.727295 241.991287
1675.091187 325.581512
9653.787109 388.572296
603.411194 101.891060
4651.269043 89.931702
2020.849365 88.312759
508.955872 110.436630
211.580627 441.961884
2061.369141 462.450623
1203.989380 573.411316
2014.782715 882.173096
6444.815430 418.300049
14046.551758 289.808899
1427.582764 329.028870
264.921082 405.766998
8.022566 95.442360
650.221008 163.790268
625.975403 357.730774
1534.486328 647.183960
66904.875000 502.265015
4544.317383 371.866821
16615.324219 243.293869
10631.997070 136.674362
699.192261 15.085064
1109.644409 53.161686
225.031143 121.519279
3984.492188 236.409515
6988.669922 255.300262
313.723938 102.734833
1581.742065 22.813904
671.381836 1.046262
741.236145 471.163513
0.079107 704.887207
1524.968506 971.497803
1640.760254 1183.500000
28136.878906 148.116714
93.499146 198.201752
1295.920288 241.607956
1616.584473 318.633728
2655.551758 186.452011
1561.104126 236.901657
346.694550 368.914490
1651.948242 679.030396
12017.462891 727.286316
9266.213867 334.473816
2020.341309 175.355164
911.613892 157.516571
1018.931519 249.067322
2590.228760 419.799133
767.297974 636.773010
3294.156982 862.903198
17998.332031 65.958900
294.761230 50.098255
75.723312 73.280479
2663.198486 136.030289
1900.254639 927.503540
554.767273 1143.184326
2413.275391 1352.410400
6677.754883 1658.271240
9613.629883 869.936890
927.853638 503.201202
190.057190 483.252716
1498.114746 678.185730
1425.618408 596.824951
38.231060 728.481812
2933.111328 1007.205444
10263.315430 1458.573730
32568.488281 1419.774902
1423.817993 967.354919
3064.365967 698.295959
1232.014160 585.548767
733.470215 114.610245
464.849274 152.226700
2614.581055 235.377609
813.542908 357.489380
664.888855 390.338440
5736.011719 267.196381
3553.067139 175.517914
1559.519531 123.174927
1035.112915 19.160254
595.410767 75.814110
3217.653809 253.671600
2319.572266 601.112000
4597.642090 256.396301
27813.253906 86.434235
8644.078125 27.994179
2270.660400 14.516491
1537.085449 298.173431
594.567444 483.235229
1339.447510 612.653687
829.150635 647.471130
10608.352539 460.140015
3428.083740 225.230499
286.065826 107.454811
1248.334839 143.998596
793.698792 57.078308
810.148865 82.755196
462.368866 227.260880
1089.605957 525.016296
15668.604492 361.507812
2192.865479 215.485382
992.211426 139.753387
680.176331 89.420837
1284.947632 31.986364
848.108276 41.939709
499.451355 63.892979
1332.092773 99.692535
2925.335449 126.450676
12500.784180 78.898903
1971.096069 48.039547
301.379883 33.382076
34.128212 143.665390
1246.078003 263.447144
5647.948242 416.815369
2568.410156 555.511963
8791.432617 36.451866
2180.460693 51.591038
32.841194 57.671902
3257.357666 78.677757
387.553772 317.630890
227.627792 470.710358
2317.630859 570.134399
705.051270 568.454956
21562.691406 519.751587
4996.698730 315.448547
170.870621 191.403091
4950.767578 198.811630
999.437012 399.713501
407.216919 401.576569
1545.887817 327.398804
2026.883911 223.150391
1832.035889 381.454865
9556.724609 272.622009
744.910706 268.330872
1364.531372 334.557129
1176.225098 109.401108
882.780090 77.873444
1200.171143 104.411255
10770.987305 212.648361
16274.033203 254.460419
4052.843994 220.337891
3112.583984 196.490829
1031.112427 158.875687
2394.633057 406.130829
580.757263 517.362122
266.121368 717.833130
5917.541504 975.057556
4814.596680 113.780518
15259.246094 224.773010
10136.766602 309.160675
538.705627 356.063049
159.456177 203.414551
1139.507446 335.215240
3341.726562 543.971619
7327.392578 779.194092
19569.480469 841.692505
2194.884277 548.898071
3469.714600 313.930176
1387.996948 191.269699
105.592415 9.540059
357.157166 14.406453
2895.043945 30.687326
4509.911621 65.092361
17218.013672 107.088501
645.734253 55.596024
1824.214478 25.581034
3585.920410 12.424728
2336.515381 168.139130
156.033554 271.423157
1229.249023 387.683350
4381.762695 470.868530
4788.050781 243.071777
4306.243164 181.520950
10828.665039 126.998322
1985.046509 116.156036
1783.853516 201.929901
26.286016 248.376556
408.505585 310.937286
276.011108 392.541687
11098.339844 326.632019
14094.799805 228.252045
35.401443 179.417450
878.903870 175.109116
260.357941 287.355377
199.566177 447.856842
282.998901 668.943909
10595.550781 920.099854
1477.262939 275.560364
8937.957031 193.953552
1787.157227 167.004730
632.213867 195.674866
1428.214355 72.906952
254.535294 63.236553
7226.523926 97.845497
1925.550537 204.415009
3649.937744 620.558533
10845.049805 374.836182
2381.463867 209.552216
67.293915 116.919495
249.295105 563.708435
2295.804932 842.981689
815.828674 1161.117310
183.867294 1450.796631
13229.496094 19.201553
4914.285645 89.204590
12754.791016 199.236069
333.227875 351.429993
1848.094727 309.687042
3463.763672 338.343353
1727.334717 360.505157
3421.718994 483.521484
12852.470703 842.419556
13871.977539 409.540588
334.256226 240.586105
87.482330 250.554626
233.364929 27.670254
1260.495605 100.979057
1743.748779 246.885910
6406.131836 443.506653
16698.208984 116.417717
27.671598 76.054512
1803.626343 41.277576
248.529495 17.052670
3783.506104 11.138522
592.574890 13.857044
4712.156250 37.311817
789.566711 98.547638
8643.068359 244.508621
12669.133789 125.442574
614.950806 54.533684
1365.726562 21.961464
1396.950684 262.606689
92.601669 462.006165
263.532440 725.284973
813.393066 1006.077332
4999.807617 172.981628
9166.293945 110.934662
2416.413330 98.515411
217.769104 143.898712
865.599487 19.836620
943.473450 48.918739
93.380524 167.800751
1132.498535 417.380463
26581.957031 500.800751
10372.473633 248.187607
969.363220 107.574966
4451.932617 41.373425
1398.992676 2.273400
98.433136 9.062769
2370.878906 25.393040
113.282791 66.385818
1882.524292 160.434784
4124.395020 66.412872
703.529724 16.674435
249.119659 1.184010
92.768768 44.736675
46.013050 77.434547
185.110184 120.132935
1646.484375 170.996857
12516.625000 80.145081
3955.650391 38.945179
2102.107910 21.055422
832.795776 24.533953
799.495239 27.192158
2280.381348 58.996830
1181.417603 113.437531
2311.022461 191.209320
15772.446289 76.554718
5819.091309 33.388809
134.753372 14.280930
1746.332275 13.156868
949.654419 26.471800
688.438354 9.061180
409.734741 12.144391
2039.999756 64.266006
8860.139648 197.015320
4868.153320 108.183342
4397.844727 64.793961
632.202576 44.438889
811.250183 116.981232
1890.833374 147.813080
147.354874 200.910477
164.217560 269.602203
5358.845215 19.395689
6303.942871 52.291306
5924.930664 80.980698
404.660004 99.683868
298.987976 206.288223
304.431854 215.506836
1803.890381 195.849625
713.903625 155.543594
4817.351074 179.620728
2502.380615 152.364838
930.185364 153.774521
1743.794312 178.400696
366.548248 50.868416
455.307129 130.996964
3793.748047 254.686127
2924.065430 405.729218
6996.235352 34.159561
9628.945312 7.121770
219.952377 0.067267
7572.816406 11.446116
1118.328003 308.151520
1281.922119 620.126526
113.966743 1064.424805
2982.392090 1596.998047
9658.034180 268.861084
123.945999 101.606812
1966.458618 60.213020
238.278351 127.389656
826.178955 74.603348
887.277954 71.257942
125.112976 91.078926
2626.116211 170.931458
15982.358398 703.921265
15015.485352 389.883850
1496.536377 192.647110
1278.655884 102.355713
312.666809 57.207214
2825.086182 48.864555
6205.288574 43.922943
576.172607 47.016136
99.003761 68.050606
4732.083008 66.768539
305.686859 66.693359
1412.733032 63.955109
903.654785 74.568619
411.039795 118.542107
56.815601 161.293518
2381.807861 194.176071
20032.429688 3.363841
1870.657715 0.896609
3651.804199 12.066855
226.053787 37.312225
1243.488770 139.871796
420.663849 264.055359
1569.585693 516.005737
307.428711 885.509521
16781.794922 2.247133
1011.697021 19.338215
334.434845 61.130524
5145.156250 93.117714
232.039490 35.793278
375.280029 119.568710
3376.885254 278.707520
5825.520508 508.889404
8963.895508 504.801453
2080.062256 262.625366
1487.189331 102.370834
530.819031 28.528019
937.580444 462.359375
1509.092896 630.883606
89.329666 745.122620
652.676453 737.052307
2785.620850 417.489380
4753.709473 335.920837
843.529053 286.742188
185.629822 328.072968
1413.637939 104.006470
369.024689 73.052444
6539.581543 38.209225
866.724426 61.021633
3042.679199 389.881592
8315.431641 199.864227
658.924622 121.161819
1941.331299 109.515732
334.987305 448.432190
1775.319702 651.912415
3274.144531 834.776794
265.479462 948.208862
14278.980469 31.253248
2791.719971 63.231163
2203.218994 139.354111
1656.312744 269.010590
1332.353149 1054.400269
1023.443420 1221.793213
1466.440918 1228.005737
1205.976318 1131.962646
1313.624878 880.008545
14692.869141 596.781006
4889.601074 586.446594
2261.408447 790.707642
505.637207 338.489929
63.147160 426.864197
1364.824951 757.937195
637.995117 1386.914307
13877.953125 696.928284
8102.829590 498.758026
1140.168701 420.281830
5807.271484 367.838776
244.739838 859.178223
1779.652344 1024.075562
2909.578125 1136.947632
299.562592 1089.607178
21295.451172 1037.799805
3355.456055 927.331787
2847.233398 799.277588
2372.688721 764.135986
478.773560 772.828308
318.797272 1183.430054
469.334106 1826.617676
1117.444946 2702.180664
16300.613281 694.584473
9398.391602 428.347168
9193.533203 404.442017
461.513519 528.798767
241.686737 359.612946
402.474945 503.009888
3342.765137 860.099915
3341.503906 1475.859131
78.196480 1296.973999
11486.078125 789.717651
909.496643 497.543060
1617.884033 365.591522
546.578857 430.689819
256.139832 511.581238
3729.175049 618.458252
216.932434 723.748657
22372.732422 1136.673584
159.980072 803.429871
453.964661 550.748413
553.449890 428.398804
1811.377319 205.586487
26.042082 289.090485
392.713379 432.827515
4117.908691 588.568665
17640.349609 543.553711
2463.378418 418.743164
2463.945801 291.992859
337.506042 208.945694
1865.575928 364.906433
375.383850 579.251709
1026.402222 816.939758
2865.931885 1003.604187
9713.416016 296.186584
23659.078125 230.430954
1507.658203 194.114990
2056.514648 230.948303
1275.217773 423.147949
1408.452271 550.349609
3170.077637 822.529785
6607.240723 1319.156982
6797.064453 504.644775
7060.606934 292.768066
1005.385864 278.580841
16.622545 343.338135
1673.145020 609.542786
1105.733887 686.348694
8343.857422 792.408752
7059.538086 868.292236
10866.614258 1465.135376
1612.360352 1123.064941
2443.627197 817.625732
4080.187988 638.601685
1323.058350 1008.911011
2939.354004 1214.785400
328.189209 1381.267822
2932.424561 1427.055420
13305.385742 500.394714
10432.424805 609.779907
1995.669922 706.502869
4436.352051 831.795959
5135.331055 337.072540
375.475189 288.675964
613.849976 366.659454
1549.131470 737.492310
38939.832031 965.983215
2710.404053 554.499451
1040.210327 411.187103
8620.612305 379.522766
673.817871 147.035675
51.044773 191.437988
200.221664 282.980835
2371.592285 353.834229
896.100403 609.515137
1453.163330 495.137848
4542.997070 330.844971
578.788147 195.541931
2580.743164 279.732971
1325.426392 286.356171
1252.462524 290.654968
4180.929688 284.020447
1403.926880 165.938934
6360.659180 220.493896
4435.083496 254.789185
164.171616 271.558319
929.381042 618.978760
1000.351074 1176.928223
985.335632 1904.661621
2791.131836 2671.885986
981.383667 568.985718
5325.990723 304.142944
1928.859741 200.690994
840.336975 293.880707
1690.332031 155.699432
919.534058 226.655609
3701.577148 415.220856
2800.741943 756.688110
6522.250000 712.223572
10343.865234 407.287109
497.469757 236.574539
14.161866 162.074951
218.579697 20.620607
89.184967 22.441395
452.791046 80.616623
1369.558105 268.825073
7865.299805 615.506958
3872.567627 271.974792
4186.168945 97.861481
2524.438721 37.138515
2272.066406 103.387535
737.247314 165.201508
756.979492 243.268051
3667.722168 311.603302
1796.671509 55.307995
6057.849609 61.062271
4517.776367 61.390816
562.901550 70.342545
1375.030151 152.585632
2181.593262 337.319794
946.355530 632.695984
9520.901367 1000.511719
6524.179688 14.639821
955.578003 2.469728
273.198486 21.337582
661.954224 61.604996
520.284119 592.143127
1299.361694 699.683228
907.164673 723.709595
15480.524414 710.129089
2154.233643 750.989746
6252.232422 450.253632
3402.119629 359.404968
924.203613 442.710175
752.791077 775.604553
58.565746 1216.777222
193.490967 1952.447998
2685.411133 2925.627930
25206.871094 759.975586
6929.861816 558.250000
147.436417 511.117523
1376.424194 570.743042
72.011253 75.864586
1457.571167 3.483318
474.719879 54.333389
5154.208008 292.328979
4890.475586 1277.383301
8663.137695 801.720337
6464.981445 458.020599
413.610962 226.953293
156.697128 635.639526
1671.742310 914.106689
407.303589 1301.981567
11901.493164 1721.723022
4880.333008 77.121277
1869.833984 209.749146
2632.901123 338.740265
27.951736 462.947876
1460.809570 646.563782
218.404724 792.846741
1185.315308 997.580139
5411.126465 1303.797974
14307.221680 1303.352661
2024.076782 830.406921
10736.089844 595.845276
677.761108 561.175537
882.149963 20.295528
335.140686 103.663696
173.904327 320.450623
1407.881592 660.832947
896.998657 387.599274
7517.898438 231.227432
2563.164062 116.877029
1568.746704 38.776302
833.045898 10.157775
819.302002 11.823665
4754.678711 9.302051
1776.924927 30.335581
2135.634033 396.339111
9941.537109 181.348282
3220.489258 56.086903
768.607178 12.265984
92.465347 233.030365
86.894592 454.212463
1890.920410 726.055908
4638.258789 981.751343
11344.449219 43.820808
9514.956055 26.652088
7884.328613 35.845039
649.127136 95.423553
1485.530884 293.944153
256.660889 303.902771
5904.074219 339.030243
1582.652710 522.759521
1477.294922 572.739929
8941.120117 262.215576
2163.619141 191.624954
1447.032715 242.933838
273.973267 495.472015
379.549835 767.953613
2266.335205 1189.279541
4249.508789 1633.667969
6863.515625 881.203491
3098.128174 708.498535
1220.250000 527.061401
770.210938 426.152954
5725.262207 422.308136
790.521484 367.192749
424.193817 287.139526
555.614746 176.972000
13763.843750 784.703857
16340.345703 679.567200
5339.661133 566.613159
4070.420166 480.402161
313.345215 154.150421
588.150269 435.595886
2153.201416 958.350647
2713.943848 1675.237549
9952.498047 89.598122
9671.523438 31.584330
117.553116 29.847422
5731.180664 52.244030
141.197540 90.159561
1728.969604 88.763016
1156.593140 68.619141
7215.122070 133.617218
6281.840820 786.182129
3191.177734 312.606812
1024.520630 93.649521
962.391602 61.822006
84.512520 199.363708
499.283936 353.337494
244.002426 560.899536
2777.192871 771.835205
365.210327 215.202942
11451.507812 155.392181
5658.763672 116.334381
352.314117 122.590912
1629.389038 149.159958
188.607361 390.510223
457.227722 725.599670
283.574036 1112.119019
2826.811035 595.676270
4919.377441 267.563202
3708.109375 74.120758
269.927399 36.093880
126.871231 116.720413
213.235184 193.543594
1115.290283 327.932678
539.291382 517.670837
106.576347 228.588547
322.409332 135.243942
2676.345703 91.582176
712.204041 86.007347
1654.543457 193.663727
711.686401 239.789047
878.431763 299.763794
712.291748 371.895416
3442.812988 348.864441
1091.867798 243.564758
2116.940430 183.482925
426.771179 170.327332
1320.858398 1676.952393
1287.389526 2401.277100
847.251831 3328.267090
7900.067383 4464.285645
9284.283203 339.892822
4139.862305 262.710205
2995.473145 573.317566
3380.348389 1076.940308
735.905762 321.333191
1675.721313 379.323578
1148.864136 971.585571
235.456055 2227.942627
31392.599609 2782.852051
1459.593262 1751.974854
4027.157715 1059.277710
3304.603027 590.225769
430.717407 214.575439
2414.272217 271.372833
2184.500000 375.114319
568.930420 498.774933
29470.853516 577.937866
567.245178 429.480957
4038.629883 301.182129
6022.178223 223.804398
434.977936 173.046997
1430.957275 229.369019
3208.733398 241.865875
6157.768066 192.259216
3025.241211 333.406403
470.935059 208.691895
3837.626953 129.043854
604.348511 122.963943
2629.971680 1002.872803
505.696899 1316.600952
1293.590820 1483.372803
762.363464 1413.965942
24449.982422 540.873108
4803.331055 468.679199
489.152924 498.213470
3356.241699 688.812988
4977.007812 1102.140625
1359.970947 1137.723511
2323.976562 1289.933228
1052.852173 1800.987427
13411.375000 1395.213745
6604.324707 916.965393
4959.274902 873.699402
7929.312012 1006.612183
841.093689 179.319595
910.254517 253.384888
2055.199463 575.825989
2241.171387 1045.240234
18342.892578 1069.911743
4293.401855 904.573853
267.439117 630.473206
7508.778809 341.653046
3621.735840 99.691742
2155.644287 147.918060
67.348740 183.392517
1155.868652 168.086685
24023.632812 411.707031
8997.480469 278.167084
487.065063 154.091812
4580.163086 90.998215
3209.789551 137.446152
476.132690 229.724884
754.834595 351.645508
3302.815674 479.352386
157.857452 20.592579
6377.020508 28.359581
2815.282471 47.276310
48.805912 79.757416
1556.197510 360.681396
786.736084 650.473511
85.498833 1117.794312
8273.497070 1770.951050
20145.630859 166.941345
5181.830566 33.372482
4178.417969 66.721725
2088.245117 182.459839
399.978851 39.211189
2745.633301 83.638947
366.259918 328.033539
309.087830 825.462280
29724.966797 968.108459
8.118660 548.092896
6127.128906 281.372986
5242.121582 118.280334
38.596569 146.768341
977.657593 230.486450
220.217270 377.696198
98.894867 597.345520
217.923904 125.802612
1208.076660 68.648766
2190.243896 70.375580
234.552078 99.360504
165.144897 556.727966
1936.028564 831.353943
972.464294 1136.416748
3382.568359 1448.660522
14746.473633 505.954132
1938.913086 293.022644
36.150181 245.208618
2349.488525 346.604858
1650.904785 298.603271
2848.823486 263.081085
1549.365967 311.077057
7630.703613 527.593750
20938.121094 1129.899780
64.345230 720.647827
3253.374756 485.075745
346.309814 366.737610
2338.853516 970.506104
2181.381348 1206.965698
1033.477905 1466.796387
13737.202148 1648.154541
8692.086914 435.245209
19876.500000 591.581909
638.706055 700.431335
1578.753296 807.508606
1768.855591 424.174744
495.981171 543.552917
775.399353 896.913818
603.306458 1575.480103
23562.847656 861.975342
5735.980469 535.504150
228.716080 426.578156
1078.068848 406.761047
377.288025 622.926025
914.216125 772.392151
46.435684 979.915649
7423.529297 1165.928467
5395.572266 1286.129150
4856.206055 998.886719
7621.282227 742.657776
88.275490 604.424866
1323.199341 98.335617
352.172943 102.117371
972.530029 149.880432
669.420288 236.406448
11881.026367 628.325989
10222.232422 427.496948
344.334900 259.673401
721.124512 148.351898
57.825470 73.669769
140.213547 90.620628
1016.379150 117.122154
12847.188477 141.817871
3454.380371 61.957985
3529.644531 72.391014
3037.078125 72.479553
176.320847 69.531944
379.608826 390.968811
25.510113 633.530762
3397.997559 884.288818
2573.780762 1073.046265
3663.615479 322.692871
9127.966797 212.049713
1261.096313 165.882935
4513.640625 223.242310
1095.025513 30.696972
1631.368164 3.357711
8274.689453 13.270268
6621.000977 110.841507
19252.560547 372.275574
2933.367676 194.904297
4337.051758 104.266075
1535.442139 62.243858
1946.233154 200.416931
607.576782 325.150787
2683.283936 418.897186
7019.818359 466.085297
42081.238281 101.241753
7749.967285 20.161188
2481.899170 12.985812
3374.719238 82.106964
1203.935913 102.526627
379.320465 65.527817
820.201050 96.208031
1187.059814 273.643921
10615.867188 228.277420
12630.673828 126.833427
2202.505371 121.321388
369.638641 128.832977
2264.754883 40.493935
120.192108 22.378847
1357.117432 30.711792
4909.192871 50.802650
2940.508301 195.407166
6466.829590 185.166733
1225.573608 141.878220
831.547668 85.553436
120.683167 240.979767
524.153687 265.355347
513.271912 303.763184
6981.339844 355.588440
125.726501 63.834629
1884.475220 123.885880
5449.468750 179.664200
815.263733 217.445297
627.093384 19.080711
336.523010 27.628017
2818.250488 167.634079
1641.916748 429.425415
866.934570 424.690063
617.887939 328.973724
7232.431152 219.994202
674.841919 102.701195
199.611267 355.628693
972.956848 705.770630
1435.480469 1173.850220
2066.328613 1596.052002
4736.386230 210.389389
2699.949951 228.490646
3334.789062 191.390518
1021.025208 197.292435
777.036804 21.992222
123.147461 3.947463
350.691803 27.756746
3690.560059 175.492859
1048.866577 576.994629
694.483704 250.316360
1477.277954 92.405190
1045.991455 41.604004
2011.811157 226.035461
1833.127197 335.231628
5887.535156 485.233093
2259.798828 627.704712
191.297379 92.367264
4937.946289 134.278168
2316.663818 153.345245
464.722565 172.164413
295.998901 48.539505
80.201744 109.319893
133.800613 191.888840
148.180908 293.967499
31285.886719 276.447571
5497.311035 129.616333
375.260193 43.460178
3289.551270 20.804007
392.132294 29.203548
1894.369873 28.916397
524.208923 64.264183
2429.543457 151.164566
16862.662109 76.546654
861.008240 51.437290
2030.549316 46.136292
5594.433594 40.151688
352.522125 104.223274
166.692902 178.044617
2968.287109 271.901184
2688.430664 357.308563
7163.622559 173.846680
107.945663 122.002625
369.388733 80.766304
594.704346 70.611122
190.310791 94.208870
127.770058 151.500381
1248.767212 199.345612
5246.235840 249.750061
16441.623047 175.552917
896.983643 55.980511
1230.589355 14.557536
4023.045654 38.300819
279.103088 95.913246
1876.858521 306.608276
666.317444 650.807373
1600.898560 1056.513184
1406.484009 157.874039
17479.697266 97.564262
343.918854 43.614414
1443.012573 23.834240
1698.665283 549.314575
811.297729 668.761902
105.719345 712.994080
4027.444580 624.236450
11086.164062 660.316040
4642.739746 534.895264
2366.999023 443.037720
795.230103 449.769043
3222.952393 2.281077
736.105103 62.582664
15.356690 268.287598
113.899841 670.795166
370.010681 279.113342
13565.062500 97.036682
2826.794922 30.390362
6477.913574 6.604594
1706.503052 115.971565
174.025116 172.148392
890.480469 243.514786
899.578979 389.926819
5306.040039 307.035950
4711.810547 79.970139
1216.740234 15.171274
947.196411 51.783447
348.126465 45.901299
254.106445 87.693176
6672.429688 156.579468
1433.143311 237.683411
10635.774414 140.660736
2884.467285 94.222427
1771.356445 56.201782
2365.942383 36.776524
336.251648 253.918961
216.459320 659.838684
379.456024 1348.149048
6494.507812 2223.413574
1101.636475 31.858065
11069.270508 10.077337
1515.512207 31.614708
143.049103 83.838226
653.334534 11.806919
1209.112793 2.150691
3394.629395 40.476875
14331.992188 217.973938
34844.253906 804.839539
13625.111328 355.320648
529.408081 119.101273
4294.699707 35.120445
406.114655 15.833045
884.786926 10.289650
4148.902344 8.296812
15430.589844 10.174023
16653.101562 107.963882
1951.992432 75.341461
1011.163635 46.977859
29.687939 27.175055
50.162666 38.838009
1730.692383 61.260811
477.012115 98.978668
20552.808594 143.269165
12914.326172 21.085024
11692.065430 27.494659
14402.785156 29.912060
5127.659668 30.949409
682.550110 24.161385
1016.914978 81.554451
880.987488 177.334976
3108.672363 293.652588
39096.953125 40.741665
19713.570312 22.820019
4820.532715 8.940022
1348.983765 4.483451
548.390503 98.371597
2352.031494 176.914093
1507.426514 321.278992
419.210632 528.822876
12533.075195 22.459187
508.016846 14.033852
13216.882812 34.025379
3256.972656 60.055592
1117.352539 335.327484
946.467224 636.846802
1371.750854 1078.373413
4550.323730 1598.094238
403.680756 404.864746
180.801025 233.561859
1203.421875 157.643112
804.760010 183.260483
1129.889404 121.701561
47.455162 81.340981
855.496338 36.241920
1106.362793 67.242233
11099.244141 728.718445
10680.647461 378.653687
2890.330811 198.463196
1825.512085 141.607269
1698.680542 135.509140
1558.461060 259.367523
1344.331787 388.447968
580.409180 483.489197
743.062927 107.995590
16.945442 54.247513
4110.143555 27.944826
53.091747 52.701683
1.535977 286.682556
824.876099 369.048370
4229.598145 467.221436
1557.998657 602.323669
1454.390991 623.861328
54.521252 366.958588
1824.066772 241.442764
1490.395874 230.354492
807.533630 200.787598
915.981323 201.407043
70.761467 228.397766
6819.470215 260.067688
10692.126953 328.979553
10090.247070 321.568481
1821.892944 281.432800
1364.153564 232.266251
1062.816772 19.920391
670.096619 19.161009
258.223083 21.255026
283.751801 32.489235
11599.076172 86.562569
10952.553711 50.225292
317.870056 29.890518
463.138885 22.048437
794.244324 586.275208
394.502197 777.803406
1141.278320 925.083130
3630.596924 1009.259399
1922.286865 123.742760
13303.706055 127.708580
1754.132324 221.147797
1097.648682 386.267883
812.608704 274.823303
729.868835 603.951416
3473.701904 1274.159912
177.035889 2234.581055
8741.029297 943.883545
2183.792480 579.638611
3034.604492 344.283508
3465.463867 222.484177
260.215881 553.069214
1697.579590 719.465942
692.001526 925.128296
2989.730957 1115.037842
3238.929688 538.537720
16740.613281 478.310822
3678.837646 442.347656
547.564148 459.832092
896.529724 200.204758
3782.487305 177.149094
785.489990 162.833939
385.510345 255.304520
13271.435547 844.328430
4113.963867 440.626282
1137.899536 249.458740
25.549549 204.063660
71.617577 463.313019
3477.740234 531.449829
825.499390 537.980835
2313.058105 487.406097
1502.731567 53.258133
5286.296875 117.748154
6512.166504 223.974335
1213.707397 350.270752
2221.021973 264.012878
438.276978 249.275482
3208.550049 207.608154
3816.378174 181.412430
4075.395020 199.917221
3363.607178 161.615829
393.718414 187.001251
4622.096680 236.150467
690.684448 136.875412
314.175476 80.244484
1662.719238 25.433105
2686.501465 70.265640
51690.125000 186.030579
65.998451 71.997894
1121.356934 84.982002
8881.791992 133.526428
322.986145 95.580383
790.599976 136.668671
866.639954 263.345764
534.482056 454.810669
3041.444824 56.207436
9600.081055 110.850166
3428.109863 129.600510
2238.697754 111.119385
259.979980 30.643839
20.920858 29.077896
729.056396 25.084179
1350.830078 13.093279
10471.777344 222.020584
6607.382812 148.053452
294.339966 83.550568
312.838135 44.509285
2013.661865 159.472687
527.441101 234.150558
2845.915771 299.365845
2854.083008 342.983795
587.894043 23.872335
3158.758789 17.895424
3158.864502 40.482929
7.820148 90.402313
501.162964 45.735199
159.905746 5.684990
196.337891 12.422009
3348.442871 105.309547
912.466675 156.681061
9590.583984 115.316574
116.171730 104.785507
418.299774 86.302185
65.846313 86.003006
1607.004517 62.899570
4792.981934 101.221954
7579.766113 209.754440
19020.519531 44.717388
256.651764 107.685715
3344.680176 142.075119
3365.156738 128.031723
138.369354 190.953262
190.053894 285.343384
2775.854980 560.389160
18642.167969 934.878296
14597.195312 379.876038
2083.499512 427.664978
3721.439453 369.403198
1762.506836 253.299820
1424.015869 194.516312
943.709106 245.811523
4181.283691 360.208527
1393.976440 459.788055
10464.309570 498.467651
16974.208984 470.362976
9220.646484 358.978180
551.474426 241.774033
305.886261 312.271118
632.648438 432.459045
2395.267090 587.869934
740.147949 712.855835
8270.033203 385.465881
1667.995117 350.124695
9887.046875 293.957825
1340.900024 267.504364
1151.605103 48.933830
1748.976318 159.913773
2860.343262 340.495636
5137.818848 582.078125
2804.330566 245.206360
14885.565430 96.159523
1086.922241 17.748869
94.345970 3.021177
554.411987 250.036011
67.548508 309.635986
6764.597656 331.515625
780.509460 301.142670
31395.595703 378.825439
1619.539795 261.920746
193.551102 193.864273
4417.982910 196.218140
374.594879 23.809509
816.721741 38.152691
6404.467285 85.303986
11215.647461 202.506287
44873.703125 235.510468
5718.582031 88.779617
7152.483398 27.943693
9471.551758 17.843105
1108.343994 33.605045
901.128845 67.747978
1142.783569 111.817162
10001.462891 155.190460
14586.848633 8.823972
4604.046875 5.923703
5822.498047 6.294656
2918.478027 13.793375
1904.248657 1.564440
248.896072 0.593392
3309.297852 0.763522
252.719147 4.873692
12471.481445 22.049677
6198.051270 10.446239
12409.733398 4.568368
1100.812500 2.486144
2540.175049 105.044434
409.209076 159.902191
0.039788 228.326477
707.162476 302.829956
23918.730469 34.503510
10246.837891 26.818476
3604.736084 38.539036
433.167267 64.951164
1935.327759 139.068237
188.714706 144.554352
852.921692 151.809525
2100.486816 143.928009
35083.988281 214.467377
14510.983398 203.492294
304.650146 174.936340
1996.327515 148.948029
654.919800 146.279144
2183.039551 222.172745
381.906494 328.687836
3350.944336 469.770538
1193.592651 146.139618
5607.125000 77.518982
442.503967 66.207626
2208.544189 93.765488
83.731689 14.554869
571.607971 13.966230
977.192749 27.468567
4995.267578 65.798981
3625.924561 173.415009
631.139893 96.268784
34.540062 48.465176
177.044159 24.489132
358.960083 112.005600
69.780502 219.008759
1857.382324 367.055267
5917.460449 546.670044
21057.109375 59.131393
7281.512695 7.580131
1778.870850 6.349066
987.295166 42.562096
745.260742 194.331879
93.422089 412.781281
838.433960 803.040527
1994.567017 1363.999634
9223.964844 96.773117
6338.144531 7.984858
2946.969727 24.349575
2437.048584 85.072350
269.204163 169.841568
1133.618408 268.374146
1018.286499 431.274872
3248.192871 711.422607
16650.537109 919.511230
2157.920410 444.367218
7057.724609 193.601761
2973.159424 127.712601
418.526794 53.630836
316.255402 138.929840
2469.900879 283.014893
1700.062988 487.025665
646.785339 198.634613
663.968262 77.449020
226.677353 21.479031
1095.602295 16.170166
489.600098 259.165192
285.254120 452.428467
2604.822021 759.941528
1408.785645 1210.510742
8.314137 465.833801
13588.847656 192.361389
5523.279785 105.773445
3510.377686 143.629578
69.768356 397.706879
309.363525 580.903503
240.921188 726.502014
1551.648071 795.999268
3791.689941 922.049194
244.377518 541.432129
2233.837402 307.950348
2002.902100 273.486237
376.199097 218.000580
1791.931641 114.663300
2292.053711 23.744101
4805.678711 5.662652
2754.771484 382.904907
3561.897461 332.310760
3479.883301 315.090790
2625.772217 287.288574
1386.396484 208.213028
414.423523 323.894470
456.685242 613.338379
4565.087891 1058.590576
6064.444336 41.826443
10941.363281 118.321808
3396.440430 180.796127
928.996277 193.627289
152.939682 54.011932
637.186401 20.208807
1557.008911 5.593208
4988.937012 0.145495
21454.423828 482.796844
4952.302246 358.900299
4355.429199 227.711609
1069.087769 121.447845
215.013336 122.353622
211.795166 261.397949
4208.314941 440.964783
5631.608887 615.960022
3759.047852 4.964023
1758.322266 3.225234
2569.313965 9.943574
679.893799 41.852760
427.011810 162.982574
314.222534 382.084137
2124.344727 761.612122
3863.532715 1284.941162
26986.111328 91.576897
3373.438232 8.665319
711.695984 11.300419
752.220276 57.926952
4052.022949 268.608246
283.746521 213.910477
520.790527 128.025330
1111.050781 43.190258
16208.638672 704.397522
16032.684570 504.879150
3839.011719 371.776276
102.960449 306.190704
328.657043 61.464226
2119.853271 105.629662
1316.300903 233.838760
1170.336182 459.629669
18761.212891 70.523163
354.689636 46.276299
881.903259 53.080002
3548.989746 56.841732
42.107792 453.746155
1539.317383 568.806763
516.372498 666.131531
68.226112 700.173584
7476.725098 193.099747
7.563706 246.598831
941.034546 293.773560
648.753418 358.172699
1257.114258 78.534012
859.772766 221.122223
808.221802 538.155273
4060.770020 1052.149658
29421.955078 375.142761
1177.260498 159.631531
375.413300 68.136246
3765.199219 43.804520
339.933502 89.305130
378.839539 148.648682
1518.529907 251.412155
3943.163574 429.386566
6809.855469 347.878571
10785.508789 148.063080
1126.599854 62.077557
470.671051 55.576672
589.488953 612.855957
892.633972 933.101746
6338.481445 1369.670532
3165.254395 1825.172119
14909.048828 668.869507
7183.316895 526.163574
2327.959717 439.427002
2641.014160 452.791718
2781.260742 28.821844
444.147980 129.338943
3631.488770 345.835144
8502.708008 704.004150
131.642654 712.509766
11725.905273 335.508087
5972.110352 113.469711
3186.224609 21.544823
188.902527 112.162750
3245.605469 254.477432
332.315460 479.263489
701.842163 787.906006
27262.166016 183.377441
5374.731445 47.228416
870.006714 6.947927
3315.464844 33.061676
18.724792 139.627304
422.375061 151.869446
1313.841187 188.360626
51.188438 297.181793
7902.471191 629.688904
4231.622070 342.690582
11527.028320 189.756973
1194.333740 140.534683
1259.963867 433.250153
992.070435 490.724152
199.720825 511.436127
422.800385 479.412933
24340.361328 179.232788
1550.083008 233.321533
2197.439453 292.807495
2464.821533 361.454102
1082.406860 41.476830
99.868492 57.005581
439.034058 201.577759
3095.978516 516.068848
4601.773438 234.634766
805.094299 143.150330
1475.042969 110.100143
97.589073 77.630722
105.128662 402.874115
678.432007 562.286377
1474.927246 760.516235
1753.872681 948.361877
22734.611328 80.276764
6275.273438 151.583344
108.059547 220.355469
4143.210449 295.146271
1134.534424 697.690857
1297.326294 733.184692
2633.397217 746.182983
1251.187988 767.833191
7245.711914 941.940674
4046.489014 737.312622
3445.069092 647.237915
1155.064453 652.303101
2170.669189 518.289917
332.590057 660.348938
1027.886353 892.831543
473.234192 1200.590088
26925.144531 698.587158
17221.361328 545.786255
2855.346680 468.622192
5509.512695 458.596863
627.296326 464.689117
1182.602417 611.262024
2049.362793 722.369141
8767.558594 759.442932
6148.722168 625.388855
1781.030396 442.200287
288.374298 338.899200
76.424393 352.863892
1331.044067 99.665749
1846.673706 341.627594
1490.993164 769.110718
750.216492 1316.782349
16991.291016 62.119164
315.475861 30.928543
631.925110 14.836058
2856.915039 16.543648
2477.511963 235.230255
659.176697 240.532242
6246.933105 155.474548
1667.903076 36.517704
18080.625000 803.417419
1844.215210 412.232056
1200.924316 210.912628
2481.900879 186.596466
3719.623535 225.242386
668.174927 269.702515
4685.065430 338.384277
2998.950195 473.125793
11930.002930 126.061882
18156.410156 70.444916
928.226807 104.114502
2499.816650 169.650391
858.561157 217.505371
263.376404 216.216187
365.218048 245.132721
14749.230469 280.987000
38686.285156 347.152527
4886.099121 345.740906
6496.297363 306.205902
5909.654785 253.431976
2602.012939 498.784271
393.387390 653.046082
1009.811218 887.470398
11517.152344 1181.394775
7229.631836 403.760010
20922.847656 360.369873
1659.513794 368.428558
1615.485962 411.682953
112.684227 94.697044
1679.768555 261.454803
164.309219 513.769714
8988.015625 823.697876
20370.705078 470.636932
397.435242 224.375961
9602.082031 73.159561
1104.548706 29.540323
3760.862061 352.482300
579.957397 461.170197
1030.473633 605.255615
10640.863281 827.157410
3814.728516 789.455872
8097.124023 439.296997
81.091644 281.753967
25.704689 276.456726
4146.031738 834.044800
926.343689 761.471069
5349.435059 642.586304
7231.895508 495.422302
10202.279297 664.140503
2927.714355 759.741577
11917.647461 826.517944
35.358421 854.371338
958.521057 1207.677490
1260.710449 1909.351074
2420.428467 3196.113037
7153.654297 4934.811523
490.784973 928.703186
3112.257812 850.286438
3010.069580 879.089600
4423.373047 947.983154
600.981079 702.044250
1840.772827 746.228577
2930.932617 827.933350
5751.416504 947.535278
415.211121 2732.200684
10401.930664 1826.136597
10316.961914 1149.956299
173.775055 793.785645
1177.368652 45.345303
1071.749878 182.082199
1296.336182 418.162872
4429.158203 707.254150
12039.935547 247.919235
341.095490 144.920334
8931.343750 58.913250
366.319672 13.383771
1005.546814 13.730594
842.001038 37.310204
3878.356934 63.751080
1628.302979 116.643135
4162.676758 383.190247
3418.362305 162.899323
157.807465 38.703190
54.103699 1.894386
82.648163 3.014392
290.675568 43.557831
689.461914 138.976318
779.308777 276.398865
14524.861328 92.237793
1625.232910 61.998749
1301.258911 32.598835
798.371216 6.858233
1797.383789 155.884323
504.828308 236.361801
253.398346 335.758911
1637.882446 417.309692
7723.358887 103.706245
5863.192383 110.021385
1585.716675 106.047592
2907.945068 114.023491
135.861679 42.004162
3012.073975 23.807793
496.876984 6.459667
1400.577271 9.361057
13687.111328 193.516953
1675.402832 117.030846
941.438171 74.395432
726.980286 55.341396
603.149963 432.809631
239.391479 664.526367
1728.088501 941.348572
392.661133 1209.791992
2307.736084 29.152311
1895.627808 69.890625
3003.605713 148.432678
381.211792 264.161591
56.670746 641.355225
3781.008789 670.233276
2097.042480 697.470459
655.475281 829.945374
14022.607422 887.195312
147.608734 581.932129
3498.836426 509.126251
4018.065186 568.836182
1929.932373 9.761926
656.427307 153.759033
2247.667969 566.381592
4128.190918 1185.711914
26987.539062 431.397461
3709.159180 345.450745
5659.858398 220.182922
115.094025 73.764603
887.087463 91.402618
1460.102539 162.143127
529.174194 311.553009
2358.541260 544.529907
8972.820312 277.407837
3384.530273 159.039932
1115.704346 98.051270
2070.578613 76.082817
664.859253 122.751152
2690.027832 105.916046
280.918945 78.551224
2613.279785 51.985683
2902.931641 298.792755
13059.628906 216.485840
864.805481 161.618912
1473.407104 135.382050
2231.434814 384.193054
768.539551 668.968872
71.199936 1101.369385
1935.625610 1624.736328
1721.296753 132.329819
7319.513184 114.170410
1458.674316 151.514191
554.138733 229.505646
233.007172 1.618526
1452.494873 17.707119
2264.390137 98.321877
5222.021484 256.007111
19833.412109 582.104919
3631.052734 330.189209
185.809372 149.835129
1915.011108 43.682579
242.035172 147.721634
124.242607 300.388153
261.207886 515.662292
463.630615 768.907654
469.635773 44.015697
2594.083740 2.414113
2288.637939 9.244202
2860.327637 55.329239
70.502716 640.163757
190.686172 1121.963623
61.471748 1739.569946
3037.312988 2413.651611
459.885956 331.262909
5565.586426 159.721191
2443.658447 161.215302
540.457458 320.823730
758.812012 497.683594
782.934814 424.670532
3578.851807 532.982422
10271.649414 996.936401
1999.630981 1287.560425
4966.120117 850.770752
1374.605713 673.528687
2064.246338 592.011108
400.586578 652.239197
414.032288 1092.839111
1138.795288 1728.793213
992.972168 2359.152832
1856.841187 1042.068604
6823.978516 834.886963
6477.375977 609.420959
771.828735 504.125702
459.414429 238.104477
1034.484619 620.729736
482.890778 1133.985718
8675.804688 1746.323853
7198.979004 1247.169678
7772.133301 530.653137
288.597137 125.456474
316.329590 46.677170
92.559387 17.074955
1233.445679 65.695663
512.237366 271.703308
1373.106079 690.204468
4760.416992 536.010071
11529.924805 262.176300
163.431000 121.308189
187.695312 48.381962
546.263000 77.749237
416.514038 102.102654
354.157166 148.859344
1000.030396 218.322662
68.654633 373.863068
366.533051 232.029739
1777.532104 132.774948
978.294739 83.787796
1091.940674 54.698326
1168.541992 57.002697
1000.657837 82.774506
5651.696289 172.339508
7417.667969 99.302071
52.739548 27.578335
1302.900635 23.559395
219.529327 43.607914
129.091141 103.764107
488.731445 116.739487
2459.809082 165.995331
790.247803 240.455643
4652.064941 168.452911
4668.450684 164.538269
276.653351 146.237259
340.742493 119.913193
1209.257202 143.140976
575.824829 250.255859
243.042114 359.623840
1022.818909 444.760986
48590.742188 44.559353
168.231796 17.526756
7674.187500 20.230396
3513.055908 62.092453
1792.440063 58.483990
1444.767456 9.004614
2023.367554 20.624132
4152.520020 167.489685
5880.525879 242.622589
5216.521973 132.995804
1921.284180 108.982491
2105.275879 98.322403
761.543701 153.773438
360.479523 186.026413
1202.293457 304.992615
1827.743042 490.743805
4917.301270 84.577332
262.439392 160.696884
1093.058472 191.909668
424.911346 175.280487
1485.040649 499.456482
2359.425049 615.727905
5.023367 727.735718
36.711456 766.870117
9514.824219 478.788757
1364.321289 470.679352
3285.183105 437.405640
928.577515 435.590851
2480.562988 264.703278
297.849152 172.901169
818.772766 62.720894
4648.696289 8.722991
17982.560547 476.683990
1173.433960 354.085022
3837.200439 313.706116
2048.782227 303.908234
660.682495 251.860855
588.757202 544.443359
302.986176 1011.640076
5423.787109 1542.901978
8254.640625 60.880981
376.390961 107.724937
2590.502441 120.726532
3219.173340 137.328262
1487.065674 248.966263
1000.377441 345.003052
2502.770020 454.135742
3191.343506 616.908936
503.132538 792.291199
660.135437 399.704041
2448.206787 204.760162
1949.122192 179.979294
1892.280884 788.823425
233.928604 1010.182129
188.884460 1266.901978
11316.504883 1525.755981
5321.795898 439.460999
6373.099609 430.328094
3088.125488 494.334229
935.669067 615.878784
423.205841 838.280701
14.998187 1372.265747
5054.194824 2345.074707
85.453285 3708.824219
22296.826172 1285.717651
25784.697266 852.667236
588.156860 662.377930
5399.176270 643.602051
463.849152 813.741760
4079.405273 989.577148
3422.355469 1280.167603
5848.122070 1609.431641
18310.066406 2800.768066
19391.816406 1938.325195
6434.758301 1249.428223
4729.423828 870.797791
3479.735840 103.062569
834.171265 59.191299
1411.365845 80.735802
5015.574219 152.592484
5422.966309 643.207764
18614.951172 515.580688
1589.541748 359.421692
1087.168213 210.328369
749.731689 48.117485
680.830261 52.919956
1483.094971 101.159065
5825.324219 196.443604
19776.796875 29.260555
1958.935059 51.175690
6620.083984 66.442001
3490.668457 61.782570
960.430298 810.781250
1122.292480 1238.408569
6220.017578 1783.192139
391.537994 2266.850342
21979.041016 449.312744
4737.801758 501.977661
5789.270996 515.098877
1272.408813 582.020691
617.553955 228.076569
1748.082520 244.154785
1629.886230 324.294373
3965.073242 551.050964
4820.902832 1408.510498
6271.760254 786.569885
1835.380005 417.698181
853.777466 263.296570
1699.351074 137.568024
65.674927 187.539291
2218.913574 247.690155
2276.967529 300.506195
3378.509766 61.981670
14275.770508 75.418678
2725.793701 87.742477
851.724915 105.433846
1152.681885 414.746033
528.250488 485.735260
1023.504639 499.555237
468.362885 462.801788
9692.969727 370.189453
3136.336670 272.434937
1786.305542 257.980316
317.567505 320.326111
637.452271 103.581612
230.119690 176.389633
2727.698486 416.827423
916.747559 817.176392
32248.039062 454.469849
1904.155396 332.257874
2552.857422 233.882965
62.680290 145.435608
2247.768799 547.545898
882.119934 800.611450
1828.867798 1067.893677
345.559235 1220.992920
30032.601562 419.977631
2091.262695 418.565308
357.521484 381.952850
4368.017090 403.422821
2890.753662 206.816284
2193.902344 219.687531
1410.548096 221.741516
3173.289062 245.218704
3514.490479 526.945496
3526.637939 318.044128
1832.618896 211.142914
2261.563477 189.963135
882.157471 354.003174
929.972412 544.963623
430.807617 854.190063
1996.488647 1330.279785
9091.956055 197.976105
1533.896729 55.426643
38.134697 93.662956
2690.146484 211.190079
1752.781494 229.381302
858.073364 148.549011
301.372437 77.177040
3338.721191 59.527138
60025.312500 635.825256
10275.378906 480.517029
652.689514 374.469604
5002.504395 300.431396
1415.051880 32.925407
1738.640137 21.769249
1936.560181 30.354004
383.489532 58.121658
5715.111816 38.255268
6372.279297 59.644772
2263.721924 64.933044
2920.939697 52.566067
463.083435 230.772202
1152.568726 435.298889
3854.135010 697.566284
3619.933594 950.933716
6421.050781 42.126907
1090.029419 45.929382
522.025818 60.649899
2107.543701 110.760117
49.592392 162.644012
351.693207 242.796524
3631.891602 391.813110
13786.767578 707.132202
1049.542603 363.410980
5842.686035 78.278214
1181.897095 21.975777
220.547440 82.950111
592.525757 237.363388
585.464417 447.876831
478.526886 796.074341
3427.471191 1246.384399
35010.039062 651.346741
12014.189453 383.900940
5047.478516 219.661163
2640.501953 166.192719
104.816826 25.583778
315.003662 50.064716
5104.202637 131.418701
58.752575 270.806854
4642.446289 714.266846
2014.909302 420.152222
2903.773438 198.389191
1325.827148 69.192268
1007.907837 1.081375
146.799377 5.223438
606.055420 16.923529
53.433926 45.570644
2313.254883 81.191299
23607.291016 31.653492
63.686653 7.155430
1770.367676 0.256517
610.629333 187.505310
1186.725586 217.438660
241.973251 237.742722
686.087341 248.910599
36300.621094 15.701297
6129.008301 52.550850
23.384428 100.096779
7054.201172 147.516510
638.296509 37.599041
16.866852 177.742493
1339.481812 455.654602
947.687317 846.688232
2220.299316 160.501724
773.790710 76.113762
270.285706 27.536549
758.853455 4.503238
954.796326 122.341293
120.508438 266.869080
1097.541382 531.713684
282.817383 916.699280
6969.060547 106.377663
1211.200195 29.436111
1622.235840 25.703640
344.825623 55.603951
322.626373 252.186905
1434.863525 325.465088
928.677490 391.321106
8340.627930 448.056976
4687.681152 710.441711
1347.912598 433.271515
466.818695 261.193146
22.573677 212.076218
1589.387329 320.956329
83.382362 353.702087
961.065674 389.391724
1089.945557 433.819489
14300.568359 444.171997
5193.753906 348.931854
955.435669 301.488251
2765.346436 297.836090
1698.374756 20.626143
1486.264648 27.297024
1454.923096 65.707161
1011.295044 121.253929
17171.679688 189.677994
1984.731079 150.109726
8422.058594 97.191658
1069.988281 47.735191
3.303746 122.125252
33.196190 209.657700
247.886505 313.738647
728.909363 407.223145
889.764343 4.172815
7709.958984 15.188414
1015.675171 32.234257
2775.097900 64.015091
951.706604 193.860870
837.078613 395.177429
3583.439941 719.554077
242.292404 1151.992676
2027.906494 103.844635
462.934113 24.112864
1078.674072 29.268484
846.328003 84.141243
234.862640 177.677872
55.575058 236.892715
120.345253 304.623779
25.393559 383.018860
12744.585938 707.651550
2148.425049 417.104706
1348.350342 228.830032
543.043701 159.031296
3552.402832 214.678101
7576.162109 208.422638
2390.289551 176.991714
10311.617188 129.766251
4360.298828 66.839287
3461.296387 108.646713
3859.960938 155.086014
1693.194336 194.491165
1256.963867 304.022644
2556.060059 482.372437
7594.826660 684.230774
8974.021484 839.019653
1260.538696 100.872742
317.042877 125.372398
63.537544 143.174118
857.770508 191.415161
1771.552124 171.531570
920.393738 188.528748
3834.023926 201.464005
4797.234863 209.643723
1411.549805 71.845337
9156.951172 96.008995
346.802582 123.877998
830.033386 149.933762
3603.054688 323.591736
50.195137 346.865875
3782.257080 377.154053
15504.111328 400.133881
198.978943 197.054184
918.371460 253.846130
1561.010254 289.458405
251.333984 308.181091
153.711258 225.644989
5599.803711 304.971558
128.839966 409.922119
446.549866 518.634583
3371.423096 52.946228
1052.787842 93.147507
572.224304 133.207489
1872.154053 172.911865
17.779446 0.151065
1102.448975 1.928526
700.036804 8.624413
6798.209961 24.044029
707.616211 24.044029
6798.209961 8.624413
700.036804 1.928526
1102.448975 0.151065
6198.132812 46.460785
1607.713379 68.039742
7743.431641 84.723900
14194.419922 93.907227
23893.171875 12.003950
335.594055 5.601871
2749.202637 10.217745
214.450882 25.214867
1958.651123 82.584213
3898.630127 96.061302
2991.782959 139.998093
6035.742188 195.982437
3398.443848 108.199989
1818.957642 128.915146
863.648804 121.045776
222.838226 97.513046
3770.664307 135.561157
1151.187866 202.562927
3872.021729 266.455078
4391.642578 307.581268
5987.286133 15.625107
10059.476562 26.277601
1928.004883 45.830563
918.069031 81.236565
757.933716 39.171791
2226.652344 53.639805
1781.217773 82.274368
230.561020 120.161484
1000.304565 44.793537
1231.639648 42.825096
1325.348999 39.781658
319.525970 36.681187
2643.326904 116.151817
4035.103271 164.292374
1015.169006 194.117920
26665.630859 197.038300
3650.431152 60.445534
413.118622 37.176075
83.366844 38.386044
150.844742 67.940666
2044.312500 97.183662
2324.117676 122.361938
853.555969 178.855713
1146.574707 252.692993
10225.910156 71.833633
3784.274902 95.878639
1816.232910 102.894577
202.472382 97.184616
973.122925 114.519791
1849.947998 151.188354
1447.838623 182.623550
3073.770264 199.139374
5904.341309 86.541786
2116.905518 72.378990
947.200195 69.962181
374.928741 84.559639
293.382141 304.578064
7748.342285 285.158478
1795.172852 284.450592
1806.709473 299.021423
9513.158203 212.581100
3053.405029 288.771484
463.098328 327.731079
447.387695 327.069550
46.947075 254.027512
5588.550781 338.537781
10329.288086 443.918610
8334.738281 548.864075
565.932434 51.555073
4285.184082 95.673241
938.873047 143.360458
1780.855591 192.619446
481.344055 108.761124
4719.201660 138.320984
12450.640625 173.046326
3074.334717 206.721664
782.694641 74.267845
1114.199097 70.811378
1895.717041 75.151421
1147.131470 87.556015
1012.659363 55.276108
1569.362183 109.930115
152.545258 193.416199
6219.222656 282.680847
11918.296875 54.065430
196.813446 49.508877
1344.738037 39.295040
199.691071 35.322403
2145.212158 169.145142
7319.945312 151.313431
1217.960693 113.355675
1285.370239 71.447166
12907.278320 29.414249
7390.254395 72.065620
3054.155762 120.831665
361.300354 157.891663
1511.446655 52.650692
704.426758 97.987907
68.899254 159.938751
6490.491699 220.816177
2267.244629 18.631777
5127.028809 22.805958
910.080322 23.884876
698.465393 29.959888
1626.328247 0.733394
166.457489 3.917089
1077.201050 9.938986
4615.354492 17.444206
3186.499756 10.031689
1036.296631 6.375072
373.150208 2.926831
360.005829 0.650025
657.937561 62.839279
2103.456543 90.006042
12403.734375 106.676064
3706.187988 106.587875
3640.777832 4.298007
5754.607422 5.041965
709.243408 14.467752
557.793396 34.864017
79.324867 87.971207
1558.467896 74.001389
3592.143555 43.468437
2439.328613 13.747386
4302.283691 1.334750
8952.584961 17.035458
2671.445801 48.203007
470.981079 77.365768
268.929443 52.567406
981.745972 30.906879
8333.519531 14.048147
207.143555 11.800795
7430.831055 19.675552
4835.521973 44.025658
903.539917 62.853706
2565.884766 66.050278
3868.481201 11.240406
3637.485352 35.024990
7640.633789 70.183533
12800.515625 107.474030
197.457550 3.595265
5657.848145 2.799929
703.886414 0.576786
1072.248535 1.153712
1083.797485 79.514816
1231.958984 119.773712
3379.922119 160.432571
2852.028809 182.467422
7181.771973 85.686852
709.416504 70.743744
1963.175293 55.937252
783.003052 56.355709
360.009064 130.748260
2501.634521 161.604507
8802.426758 180.355377
21937.296875 185.387283
3907.330078 4.040276
12392.732422 22.276083
774.684326 53.759422
3505.968750 92.456268
1761.933594 3.357187
6055.269043 7.503003
77.603729 18.303137
21743.841797 34.000042
4988.791016 24.029295
110.051758 17.208647
115.133232 10.534734
1070.126587 5.136930
366.676453 60.609245
4737.753418 66.856537
3064.158447 60.152508
5401.735352 43.177868
13351.887695 6.365451
726.351929 11.833911
1786.992310 25.820732
852.508606 44.536434
350.582092 64.519966
721.919312 66.287338
4972.414062 64.511719
2362.512451 59.926544
8803.946289 19.283239
423.095398 33.896530
2654.247070 47.794994
19.137878 58.399574
185.497284 150.927322
2351.615234 190.976761
9626.073242 222.956955
1301.740112 235.558807
670.582520 38.726025
1322.057983 58.473320
1098.108643 82.291008
1186.087280 112.993576
984.296753 41.729195
8984.535156 67.026680
1016.544495 108.977875
8093.499512 162.760757
3403.939941 12.068954
432.322968 15.275586
1662.494873 21.829056
346.143005 29.166983
796.216614 169.709305
611.864502 210.804810
5402.713867 235.449432
141.101059 231.561691
7178.719238 91.336952
1860.762085 91.812805
1005.481873 102.167709
93.775169 129.154633
149.278763 100.578720
6566.951172 97.259712
205.480240 128.392746
6382.495605 194.515106
15006.417969 69.623466
2807.316650 105.072090
862.292419 123.897308
576.889343 117.956207
181.600693 86.584244
2597.884033 136.728363
8488.795898 183.988770
4832.044434 214.256073
9500.988281 14.070855
2330.091797 13.310899
520.147888 22.189470
177.411636 46.269363
4307.838379 5.888809
6413.488770 8.699038
769.184570 27.156813
29188.326172 58.440628
18826.632812 72.106308
3993.145996 53.669025
6027.841309 34.047615
792.252197 16.240776
486.952271 148.014465
35.098446 184.836456
1339.817749 207.792007
2084.500732 205.784134
8373.078125 56.706089
2430.539062 67.191994
2153.176270 83.619499
319.363831 111.090004
495.501190 71.176384
768.870483 109.917480
4126.282227 168.699570
11964.401367 233.343658
8271.996094 44.001694
11720.628906 48.571026
1684.237305 50.304565
298.833221 54.168350
1274.253662 23.100380
1714.582520 20.465044
1141.177734 25.649519
1834.131836 37.919090
8465.587891 46.253479
562.742371 44.534447
227.004730 39.127991
325.782074 30.802641
349.141418 44.216743
1110.316406 51.118294
10899.640625 57.987473
2676.559326 62.401005
329.295319 24.199213
1601.360840 29.405228
1730.134521 33.965462
362.107666 38.563145
885.697205 37.569817
4288.681152 52.553680
3904.187744 72.275108
4010.112305 91.986145
9523.753906 34.501900
5991.632812 30.194080
88.673653 27.837744
121.622581 29.537216
949.282410 6.791373
1337.310059 16.007191
1601.566162 36.570610
8152.989258 64.342735
2687.580078 12.393610
3563.642578 13.151100
712.296448 10.904301
1268.776001 7.003581
2968.639893 7.483929
1330.906860 10.451457
548.759644 14.138117
9702.125000 15.291323
2176.384033 31.637478
1886.540894 23.547972
135.842453 14.464335
667.094055 8.460794
1163.650146 42.632095
341.818878 36.492939
15563.463867 28.289845
3691.053955 20.983557
1932.096680 16.518347
1398.770508 28.490036
2111.669434 38.664948
30.004040 43.782158
3340.724365 86.808998
593.201904 123.088486
711.204956 158.174255
7944.821777 182.218353
4417.442871 24.519150
10635.333984 28.167028
1479.998291 38.104317
1167.738770 57.324528
7.541999 200.357269
1666.477051 263.445099
6711.284668 322.443726
7239.788574 357.375000
13402.242188 58.764282
7850.994141 82.871063
1297.372070 110.311104
2175.870117 147.903336
523.059082 39.676918
647.375488 38.589367
3378.358154 50.644081
925.664612 78.807693
5260.733398 17.346340
816.230469 30.917046
1488.995483 41.966034
381.893372 44.009342
3719.400879 3.065223
3844.162109 6.187821
546.253723 10.162701
8831.493164 14.234330
3518.326660 0.676538
1819.222656 0.094803
637.021912 0.189847
646.989624 1.097589
1510.484253 64.266411
301.587799 74.647118
422.162292 78.334450
2302.820557 73.863335
2312.548340 12.907848
7156.765625 22.798286
739.305115 35.564713
897.851562 50.167294
461.321503 75.021156
1435.016479 143.505142
19.420521 224.430878
8445.758789 290.824188
5450.020020 55.531033
9391.878906 41.291027
2919.057861 29.487225
340.566956 36.570679
1289.075806 63.549000
2516.117188 81.124542
8549.067383 100.686913
10440.022461 118.568787
7562.920410 9.243883
2120.480469 21.186737
350.424042 34.745010
308.298065 48.543709
1092.892334 124.264603
701.379517 126.697876
5368.870605 103.462036
1425.025879 64.865097
2497.705322 5.126159
2259.755615 23.633183
686.050537 58.432861
248.918854 97.456696
64.697243 3.592762
6579.360352 11.302739
213.838760 41.432163
10908.500000 93.251854
3440.655762 7.250233
1528.767090 11.320709
2026.203247 13.069471
1414.275024 8.372535
434.870026 105.404892
3630.303223 112.332642
12590.890625 103.433502
8586.378906 80.799728
7053.849609 31.634989
517.390259 44.158051
624.716125 63.727634
1171.778076 86.626976
1639.372559 221.517059
3572.604980 168.028839
3725.597656 111.125862
2280.515137 75.880470
2538.552002 78.495544
4011.050537 155.496353
754.847778 219.233612
1970.660278 243.594635
68.049019 123.891716
2958.172363 215.554169
7739.448242 339.427429
9761.397461 457.107391
15492.083984 48.814045
2445.938721 63.351105
3635.360352 66.913666
2101.892822 78.504951
11.838983 139.911865
9821.333984 144.692474
8139.545898 113.932091
2853.966797 63.934097
10089.910156 21.496113
2398.651367 22.278379
3445.417480 54.978363
432.142609 102.997368
64.797760 307.793610
716.793213 394.556030
2093.135742 484.047333
2771.646240 542.495728
4290.441406 119.669182
2391.940430 164.521423
372.937988 200.964081
191.327606 243.596588
164.144348 224.899994
6463.918945 285.602325
1322.915283 361.230408
1376.906372 427.749512
6224.966309 89.786682
417.193481 130.642105
3430.922363 160.127136
1064.769653 186.273987
1094.468628 153.178070
5080.470215 165.459290
48.755737 170.362091
14490.962891 173.479950
1626.553223 18.609190
153.719589 51.136436
433.955872 91.966492
538.567383 128.543625
959.062866 58.653797
3361.991455 73.165939
8596.531250 77.320145
1342.046509 73.382271
2950.304688 1.771533
2780.389404 1.810451
1016.091675 15.142707
391.150299 36.840260
329.476471 160.360184
2334.580566 181.303207
541.724365 173.076675
2999.759521 137.405212
4034.066895 31.067846
2333.150146 46.008133
287.977264 77.517769
577.410461 120.327362
1552.529419 164.262100
4286.946777 206.480667
2270.696045 277.946136
20086.886719 352.033051
2465.206543 142.521835
4400.086914 165.757675
2485.562500 164.978043
3830.275635 156.046967
6959.504883 123.991081
4774.258789 145.625763
10897.952148 158.993729
38328.367188 171.052521
4534.242676 1.800574
838.753662 16.498484
1816.183594 50.919594
1268.616089 90.830879
2769.913086 161.508286
3247.147461 175.809753
5805.201172 163.961090
6095.208008 128.678406
3755.649902 127.169960
2756.191650 108.066132
1175.893555 110.531204
2164.564941 133.277496
812.640747 93.262032
1312.126831 147.759247
1824.049927 262.794617
6133.007324 411.295166
13601.884766 85.663651
2147.896729 108.175583
1922.633301 106.549706
1141.479126 90.593513
1304.961182 66.580246
170.880859 82.408775
1914.229004 84.123810
12999.106445 73.600769
1584.253906 14.271898
4780.853027 9.443747
200.922745 20.039392
253.088669 42.309254
1963.214355 56.070492
5974.177734 61.155983
2403.226074 65.021950
108.024414 64.891258
21552.044922 77.492920
1709.260620 66.527008
1656.086182 57.467922
919.323975 53.883408
1550.766357 381.121216
524.863892 491.219513
8327.191406 575.152649
1316.294067 606.761780
199.187042 58.977543
2062.748535 109.237625
1298.115234 179.124588
457.471710 271.379730
934.448486 71.806511
3837.565186 152.180069
16287.909180 264.254944
9341.388672 384.689606
9158.313477 55.254871
3912.546387 32.395836
5.259212 21.508539
929.642700 30.529625
803.705750 11.397292
246.610840 24.436741
30.693932 68.138077
5599.299805 136.349152
137.429047 21.282583
5878.519531 30.186401
1511.656616 29.556286
177.782028 18.987171
702.892334 46.175510
689.891357 66.863091
3494.156738 81.501259
894.473328 85.815689
3331.767578 2.985998
134.486237 3.270068
131.041016 10.493548
2357.522461 25.602537
1425.091309 93.893982
97.262932 151.054886
18473.597656 207.185120
8773.222656 243.138641
3977.579590 45.096664
1974.398926 35.615658
782.809082 34.535095
1692.721436 52.620262
547.911621 183.638260
10620.885742 147.562363
8537.273438 106.373459
5257.198730 77.080490
12233.401367 67.561607
2247.521729 126.264229
173.680054 175.151962
1234.845703 196.043884
448.990143 381.198090
324.696045 534.769592
281.258301 688.707275
5412.391113 790.460205
4983.904297 105.322792
1438.373657 146.122055
854.421997 191.785049
1434.471802 264.475006
21.058094 47.761780
613.540161 95.744026
3181.187012 175.319412
1652.372681 274.867950
559.385010 16.377207
3057.827393 15.554583
3252.116211 19.356014
200.863510 26.708233
410.385498 119.308510
7963.243164 175.218338
13252.523438 223.087677
5823.835938 240.461060
2330.388184 109.424484
479.330078 85.627396
2282.124512 69.883194
1148.984253 79.756592
536.612915 201.035507
769.410828 206.770081
492.899567 216.914429
1426.800049 231.305573
715.375000 68.175476
528.492371 122.488495
2468.148926 166.111374
141.080490 191.021637
138.890289 129.005203
2620.459229 192.510284
11938.492188 258.701172
5990.626953 307.456116
2363.236572 37.391972
82.277740 43.428223
3173.821777 55.663616
44.958233 82.280228
491.913727 36.695614
5547.281250 27.219765
3535.046143 31.199406
3181.127930 52.183899
11228.771484 68.116806
1380.810669 66.459091
1513.510498 61.903755
545.604370 50.989082
2993.937256 168.150864
747.905457 213.810043
8268.665039 240.943863
8753.798828 239.265564
3037.560547 62.577324
60.188190 66.073601
1618.064087 84.138916
239.389069 120.178825
3645.680176 106.334625
3441.019287 103.832428
1003.359436 140.137619
5551.327148 208.299484
4091.647461 121.595299
2239.871826 150.329132
3279.000000 153.444321
1578.626221 131.890244
1649.562500 224.997757
2352.056885 302.179260
1582.359619 352.655701
41785.628906 361.192566
2824.257324 6.533535
9547.887695 29.007229
587.754211 74.170631
570.294800 142.698105
3616.325684 24.038092
2085.703857 22.924280
691.435730 21.412472
3635.214355 27.905853
29831.681641 40.847115
7787.858398 21.342556
3044.917236 17.231195
1643.726074 20.965885
367.518372 198.694138
2752.318359 337.731567
3902.225830 482.234650
46.638206 584.595703
103.389313 74.178802
1546.402222 59.751526
69.352806 60.667580
289.388031 102.396202
244.765488 67.225822
824.444580 46.288589
10428.187500 62.430164
10411.994141 121.768341
1102.295044 107.146675
8943.017578 123.111694
552.718384 124.206467
1365.377319 101.689194
25.068487 175.748840
1222.809326 223.622482
5036.935547 259.497925
9564.886719 271.164917
5986.137695 45.393387
2961.229736 63.992760
1967.351807 90.890663
60.919983 128.740616
155.873947 182.245102
1148.243896 227.789200
5913.995605 273.512329
1772.039673 312.413361
4929.241211 37.876278
253.280899 63.689899
1847.500488 99.311035
275.312531 139.357056
604.507935 51.418442
350.502502 95.286095
6387.152344 149.172882
7130.860840 199.831055
4504.209961 26.429310
3965.369141 17.568363
413.034882 15.225520
297.736053 24.801437
4824.309082 78.032280
1374.044312 130.104706
2778.003418 190.570679
6236.867188 249.971863
55.105911 23.882690
1812.638550 12.194171
2574.968262 17.715252
287.611603 39.858215
4161.218262 537.985901
2862.874756 647.062378
3945.728516 769.641724
19195.923828 853.628418
863.857666 320.724335
695.531372 389.532990
318.971710 429.731689
1661.871338 468.634613
460.187927 289.780121
482.712219 494.148499
2695.729980 764.489380
11518.786133 1028.219727
132.606918 58.731686
7319.862305 95.023239
524.789734 124.776665
2887.468750 174.887939
80.850426 3.776346
4445.356445 20.529203
623.722290 46.723915
836.566284 77.350456
14191.657227 80.461586
6543.578613 42.775898
3655.117188 14.523388
1996.810913 1.027351
596.116821 37.740803
2158.341064 31.657146
14611.248047 21.026411
9241.495117 13.403450
10734.539062 1.454467
1989.169434 9.184700
184.163055 22.869320
422.836700 34.488556
8581.813477 224.952301
2962.971191 215.749756
4876.139648 165.665543
32171.734375 98.282120
2454.526611 48.824135
4242.267090 74.909912
4286.084961 130.138489
202.403259 190.144241
10484.014648 190.207855
3535.345947 215.297882
2283.462402 316.739166
6071.243164 468.233307
4272.776855 159.963409
2204.600586 230.869797
1344.961060 247.656937
669.594971 218.624359
540.189148 162.291153
478.647034 247.481903
4728.433594 309.810089
2431.645996 327.043030
602.043213 1.160443
6713.323242 3.487426
2059.263916 27.434608
1387.274048 82.100037
3623.526611 47.493599
459.311951 47.439522
4142.675781 34.890469
17862.183594 17.489107
11256.975586 11.512693
22981.269531 8.167179
137.270782 18.508297
1066.289429 35.229523
5953.014648 84.597519
58.068012 120.147018
4065.913086 151.821396
23724.789062 170.476669
12142.341797 30.472937
3203.618896 28.736370
3061.406250 35.656353
1090.858887 54.501129
829.729675 210.156158
2455.654541 298.321045
480.806152 404.435272
5470.672852 491.732086
12600.121094 130.403244
3538.793945 140.052628
39.272839 143.112976
695.157349 159.730103
210.333420 123.255379
237.656036 209.493790
347.620636 322.763733
9270.308594 431.915253
3296.481934 38.872574
8663.601562 48.864582
334.739258 56.809605
2084.994873 75.403687
570.308899 51.473766
1301.628418 67.071060
966.992615 95.220444
4559.689453 124.545670
8098.451172 111.037010
1242.611328 93.710632
1641.321899 71.146751
752.389099 53.871239
453.120789 258.443756
8980.210938 276.251984
253.133255 282.418274
4575.527832 271.434570
1744.935303 113.400742
1069.701416 159.654022
933.959534 199.956512
565.562256 232.741882
1445.767456 69.761124
71.559639 102.137039
9874.460938 170.916748
2106.875488 266.327972
12191.951172 27.078648
736.892822 47.360985
1120.091309 60.118546
1412.547852 62.710320
788.879456 124.444313
9771.494141 152.968597
10252.585938 155.082016
13532.571289 126.298706
5207.811035 92.427994
1162.081787 68.511063
974.176697 65.535736
466.773621 88.118973
997.475891 147.429108
606.925842 207.592255
30.185104 299.000031
6477.879883 387.138885
12868.448242 114.247856
581.902100 137.073242
63.721451 134.897293
1063.665039 128.648727
141.024048 220.511063
1729.458252 254.383865
8264.731445 261.492737
5010.849609 242.063110
524.750427 18.949497
3402.878418 55.341118
4036.152100 107.941315
35.295345 167.434601
302.827911 43.008850
1913.642578 59.769505
1300.330444 80.686874
23.837221 106.660568
9865.067383 9.930107
838.742920 7.593211
283.350647 15.486722
165.506042 28.324787
348.548401 10.051064
2265.986328 15.471663
10366.872070 21.249912
1580.746094 25.776300
1750.411255 24.841652
753.842590 15.457263
972.864868 9.043983
181.518890 7.307993
3457.553955 171.716431
4234.876953 192.020569
3412.408936 187.619064
15028.089844 160.078705
7768.059082 21.369806
448.331726 48.868015
3688.224609 88.489182
683.269531 133.304581
685.496643 13.424747
9530.257812 35.743099
2531.267090 79.178314
1667.841675 136.582428
6472.794922 18.379148
3188.895996 15.862949
3750.142578 12.304012
389.224945 8.779552
81.688080 109.292038
6314.375488 101.563103
6586.131348 83.106934
525.438477 60.020779
2814.250732 34.393055
3657.959473 59.398281
184.441574 84.707619
325.218811 103.180496
351.249939 18.359476
690.422729 42.501362
4756.282227 96.361023
6242.371094 164.050064
6266.709473 52.970390
4614.414551 54.211468
5403.467773 40.940639
211.739899 22.867073
83.189346 15.127179
1102.065918 21.718636
10214.257812 25.705818
9176.298828 25.312361
9765.594727 9.090679
1058.469971 6.100772
1871.706543 5.625740
2723.107666 8.907266
566.678528 37.140476
144.463882 42.115669
674.018921 49.008980
6764.201660 52.383026
7477.581055 56.021839
2102.899170 52.205963
1085.437256 44.309174
632.815125 37.921631
2772.857178 49.346703
536.743774 94.752098
130.516266 142.487000
21324.718750 176.847672
1453.386963 0.987961
1666.542480 0.164296
1047.637085 3.114211
161.098938 17.825127
163.410309 171.971268
5332.008789 264.197876
5778.934570 319.363983
1548.091553 318.270020
17398.722656 29.881269
1681.865234 3.822762
1860.729614 17.021282
932.143372 78.268494
2081.185059 3.014229
1400.458130 14.860117
604.233398 57.644421
3125.148926 126.330521
11096.513672 22.909067
10237.378906 27.135248
1677.405273 23.710009
951.538086 11.677882
4991.144043 58.575249
1713.508789 87.850494
7468.266113 107.786407
21079.535156 110.516571
6652.702637 12.147727
1865.401855 8.590219
3034.599121 13.487953
444.475159 30.926737
113.529648 44.666451
184.001282 47.834602
774.229004 49.518002
2081.462891 51.614914
11038.373047 5.236103
4630.545898 15.193840
4152.122070 27.453823
26.788568 37.995026
313.924744 13.279927
349.324066 20.379368
685.366638 32.706997
3264.539551 44.766174
606.674805 25.405863
9112.933594 24.242323
578.159180 18.788174
924.393066 13.493646
33.677849 80.766754
4907.485352 97.603363
3255.958984 104.985535
2605.159424 100.113632
594.007202 13.613638
1803.136841 24.106798
163.604172 39.702087
526.044373 59.701012
1514.147461 62.237740
2271.557129 59.936966
12393.560547 64.079735
6115.069824 77.252197
3600.553467 38.213394
1449.397827 50.620075
576.873901 60.985321
19.740433 64.514236
1337.567749 114.601685
3156.761963 173.973969
3310.809082 220.170013
2788.045166 236.002777
597.818665 8.344032
2016.684204 11.549507
5304.645996 26.589764
78.777679 61.329094
162.201797 109.092484
3328.236084 118.525742
13424.918945 105.563019
9297.227539 81.829376
12673.005859 7.251926
7052.618164 10.684367
187.083679 38.941452
276.410828 78.069702
2608.408936 73.015938
838.494629 164.644409
604.137268 289.091644
1989.775391 414.851593
7575.921875 31.542963
4923.532227 21.082958
4062.828613 14.688353
33.008305 25.892710
215.993286 56.880287
1414.002075 56.460159
1935.518799 78.961479
2762.935059 121.236298
17510.910156 59.233974
134.516144 76.481850
1645.414551 80.416031
517.677917 70.159996
5138.714355 76.719246
438.139130 97.658371
663.922913 112.956970
3507.563965 118.389221
3882.155518 17.836637
502.150238 24.814137
1500.125366 37.280922
880.329102 55.235786
2036.760010 208.077789
1157.107788 362.916412
18673.578125 511.797791
73.293236 601.434021
2339.465576 79.754654
72.504517 52.849216
175.397522 47.721447
481.766479 95.773911
756.307983 6.578767
3855.938721 15.362749
8031.425293 64.597946
7781.119629 148.597000
4205.754883 67.361328
16390.958984 63.448807
1628.230347 49.226593
2502.945312 25.051670
3942.621826 1.696853
12924.520508 0.842515
10883.897461 0.255985
9029.610352 0.150679
6520.369141 1.469957
7741.291504 2.282192
243.450150 2.660621
4779.030762 2.423512
973.381836 6.904835
2216.105957 10.884171
12602.782227 12.679697
23737.533203 11.011141
6441.690430 9.518345
2994.516113 4.981755
484.071442 2.451025
128.249680 3.318354
169.095352 38.398788
953.220154 58.584152
1702.626343 73.612877
2692.108154 77.632683
11110.934570 8.983950
8383.199219 6.797678
9205.629883 9.532603
946.119263 20.336637
625.811096 38.402122
1322.155151 61.114693
4424.776367 90.117264
7141.337891 113.528091
7199.939453 70.579636
3996.887451 54.920395
532.637451 38.217236
2111.890625 30.479494
263.473633 223.516541
2867.779541 282.839783
10289.048828 324.238434
3383.631104 328.488281
4000.818848 86.729851
1958.552368 103.742722
1502.710938 127.560562
1408.607178 167.479156
74.563744 47.882145
59.458458 43.125034
1931.652588 66.395409
9291.056641 119.513809
9141.965820 72.278015
1838.614502 79.615417
13.834396 79.197937
1608.809814 65.725960
831.980652 148.409714
5990.192383 168.411713
980.069275 175.597778
2646.227295 167.570786
12370.200195 46.393147
599.144409 66.154221
2728.722656 91.850235
166.781204 120.872375
399.593262 77.462906
1076.372314 87.754272
5699.316406 112.155693
6113.836426 153.084976
5318.635742 14.629295
2404.998291 35.210339
656.428101 57.017879
381.525696 70.599213
179.450394 12.809093
3643.084961 16.209511
11079.587891 14.511680
3213.451660 8.283127
1802.929932 24.786860
121.303673 12.264456
291.733826 6.403605
599.386475 7.787535
835.358826 20.315594
1391.896240 24.551130
3391.599854 30.658707
3944.909180 37.727291
6214.859375 11.303511
333.644806 13.241475
356.631866 15.462017
790.949402 17.608286
489.893188 195.705948
4364.927246 199.092926
2160.178711 190.972275
1545.178833 172.311737
229.033157 83.923279
67.302391 120.837769
146.654312 154.684067
1010.957520 180.577881
2253.382080 247.468506
654.855896 392.906464
5618.332031 544.290405
7868.584473 654.759155
5588.479004 23.631916
1058.113037 44.641769
1243.352539 77.153038
43.238224 140.030685
298.906281 80.710075
4553.392578 135.369141
8916.771484 188.994156
2628.933105 229.087784
3320.143555 61.140282
1939.627441 31.199162
1506.453369 22.050131
504.998779 39.419472
455.779449 20.521547
3987.842041 16.772247
4352.220215 45.036053
15146.862305 107.465485
14775.652344 13.206230
4072.220215 34.955444
219.986145 45.747044
930.953735 37.482658
8616.642578 49.423882
386.153503 40.314186
4442.809570 27.957088
6732.395508 17.272839
7106.734863 15.407681
239.137207 30.190825
1126.388306 43.757675
338.986328 51.003853
1258.679565 53.839783
6268.153809 71.082619
3363.176758 95.747215
8419.347656 124.858612
14841.686523 4.364165
42.835030 16.535942
1065.753296 29.886368
854.972595 41.602978
1337.323364 3.036674
3753.972656 5.139137
2233.910889 37.667484
3529.627441 96.267555
131.181091 25.003860
18158.802734 37.209904
549.473572 35.495441
2244.653809 19.523489
275.664368 32.387295
3061.245850 69.362671
1160.234375 106.753876
992.868347 129.641281
4319.805664 24.872032
763.232788 12.891733
1781.428711 4.066983
1968.213745 8.968368
491.775818 5.294950
304.993958 3.492157
331.050720 1.184837
7680.471191 1.317430
2309.001953 3.906503
2429.758789 1.506137
1698.349487 2.748676
70.756058 4.851781
948.459229 48.669807
404.996582 50.757011
2632.577393 47.455841
96.676315 39.845261
5365.616699 10.889156
586.757996 20.354469
823.717407 31.342554
196.188370 41.604183
546.161011 4.634855
196.501923 23.521326
955.712585 55.207169
11203.722656 90.128120
1182.118042 9.066249
825.044373 9.487525
93.509163 4.735335
840.780823 0.273548
2814.633545 1.405119
1324.212280 13.396807
4450.515625 33.469009
12174.659180 51.463261
7723.238281 39.891598
6329.320312 31.067425
756.719543 15.580784
3715.474854 2.892040
817.257141 78.168015
799.117249 146.676361
14833.658203 202.061005
15736.267578 219.091156
21087.718750 46.055264
235.506454 20.147728
4069.662842 7.113966
5311.336914 25.737209
433.774353 19.634876
1551.452148 34.788891
2079.393066 38.841946
12749.632812 29.590040
7163.616699 51.465351
15365.126953 18.952791
3024.231689 1.844095
313.035614 4.330858
3083.944336 100.509285
4203.148926 125.840446
11946.795898 130.857010
2389.732910 111.908585
12315.169922 26.483446
3345.429443 26.255138
1866.174316 39.489822
1228.441406 67.059265
4063.763184 92.864288
729.987244 126.744804
13013.532227 163.957825
17508.050781 194.584808
792.768311 32.172161
3857.043701 40.304993
508.954895 51.299557
2728.102295 67.735382
1858.507324 29.427273
3082.167236 38.142807
14313.546875 46.374477
29416.638672 59.588844
492.121368 11.129513
11745.241211 1.071265
3230.961914 5.713352
1717.450806 17.629295
3552.063477 11.274355
3026.254395 17.568861
9198.423828 35.928192
9808.459961 62.166130
3035.895264 14.241362
14130.542969 19.687862
1324.463135 19.189651
1369.373657 14.213761
894.435791 10.039347
1274.931519 14.583231
6417.227539 16.887936
23701.513672 15.707080
2728.995605 5.619004
628.506348 3.454624
1190.742798 3.111199
1457.275757 5.536525
2703.710938 3.937098
3575.679688 5.390551
1236.904175 7.893341
14304.443359 11.333261
28305.236328 2.638047
3317.682617 2.440493
2928.138672 2.728252
529.772400 3.188688
2240.137207 38.754375
3074.978516 52.518509
852.634888 67.838173
5241.976562 80.238007
8365.913086 13.038853
368.962708 17.613863
32.166664 22.408785
933.903259 28.836716
277.895508 10.664384
117.430038 12.701401
2853.067871 12.747973
307.930817 12.790180
5941.255859 26.936590
3843.038818 13.510980
1432.107300 7.468316
525.609009 7.735370
1473.561646 76.005920
471.021271 98.835556
2184.675293 125.333084
5347.372070 147.262329
5295.117188 32.303680
2123.768311 42.232841
240.565109 50.651947
385.918457 60.481407
1641.636230 15.868052
3146.412354 31.447266
3567.928955 57.653126
18052.703125 90.786903
128.169968 28.702213
118.455437 18.544279
219.448013 12.231781
454.670837 10.434838
2396.396484 99.591316
2595.730469 132.523407
5337.894531 165.771698
2235.564697 188.640305
5175.513672 53.968601
3911.619141 56.084877
597.756165 61.525291
155.574875 75.095711
173.690887 157.852936
69.784721 240.843063
5243.103516 339.438965
10105.814453 418.829987
5381.281250 136.248871
6306.674805 121.742233
1341.989258 106.563957
1297.897095 112.825340
601.619812 174.134232
535.718262 198.915192
3058.456787 243.548859
3563.236572 300.216492
2091.006592 90.920120
11465.431641 124.381310
2395.457520 149.087021
522.894226 162.299622
390.675873 118.826157
1084.973145 157.224182
18859.373047 205.674713
3527.446045 251.528625
1008.346191 98.855606
156.289200 92.646027
1695.220093 90.088432
414.953796 96.845238
251.361298 187.318344
762.189453 232.847305
7522.587402 297.513245
2942.268555 360.897125
2876.257812 117.331589
338.293823 142.597595
285.666138 155.708511
844.842407 165.242737
1360.416382 172.811295
3374.066406 161.197723
1308.238770 138.825256
276.096863 122.887917
111.089584 28.850189
5054.695312 70.477600
1518.366943 121.345772
1106.493042 159.922531
4269.943359 4.143455
783.312683 11.358004
808.470642 33.127876
9666.204102 66.855103
5778.029297 4.683557
682.116455 9.128921
1306.998901 10.003503
1465.142090 6.457852
1355.043823 69.345810
5.343292 148.020889
6742.173828 237.639206
9611.785156 303.688202
3062.289551 60.083481
3116.487305 41.668495
4.420397 22.471462
351.277435 26.283802
29.776339 2.921162
1288.288940 1.846475
5163.237793 2.519318
2302.075195 7.943988
7821.159180 19.288479
9676.462891 9.598557
1962.956787 5.278656
510.441376 3.879704
713.459106 86.672180
4312.279297 122.759514
3623.546387 145.511978
995.104370 146.670441
4492.275391 4.633957
1965.014893 7.726148
1693.269287 21.809332
1014.295776 49.534737
1661.314331 103.621292
148.429153 173.719940
3586.337891 251.997910
14689.564453 310.683105
4466.898926 54.502701
36.926445 50.263283
1618.590942 46.823627
367.277618 60.562267
775.839417 11.938158
4308.077148 5.127629
498.538940 5.342575
3614.225586 19.047329
17653.962891 0.365293
617.554504 6.363741
2293.562744 14.431688
213.615662 16.843807
947.263916 18.714846
703.948853 50.169563
127.234169 91.678894
5421.519043 129.421570
1469.861816 7.380260
2765.221680 6.557769
163.867371 2.672818
392.536072 3.818687
584.126892 102.164253
3534.046631 119.732239
1324.806763 123.261192
1813.792603 111.308655
761.921753 40.059853
3127.263916 42.890511
1346.362549 55.818169
905.728760 77.779884
2883.863281 118.226036
1708.493530 192.291901
5576.129395 283.927856
7005.461914 365.853333
3873.754150 41.754997
3976.257568 49.719894
64.004700 56.536175
307.819855 74.495880
58.742588 72.348633
1979.199585 70.085426
4239.038574 75.588425
6040.826660 86.992676
2963.731934 50.826218
2233.988037 69.825279
86.689415 78.967140
336.565918 77.887207
2557.407227 303.060486
857.655151 378.339203
6022.522461 423.561218
19837.673828 420.891235
4185.564941 60.822701
3256.210205 97.790573
688.023438 150.172546
1530.488281 220.944794
388.089569 146.424515
3889.111816 202.862946
13786.744141 279.977051
25170.261719 362.363037
6303.103027 64.849670
2959.472412 76.688339
566.038635 92.053108
654.616211 112.268799
690.297852 101.421974
3883.806885 139.512100
2985.348633 188.030029
13421.220703 231.728027
8086.134766 76.385536
11467.232422 76.977295
100.808510 75.864502
41.534420 81.077888
429.832336 49.455212
2456.268066 50.723930
922.886292 69.390480
9681.328125 104.618866
4480.628906 28.810867
2822.044434 47.525990
1118.146362 57.799240
935.026428 56.060753
1371.937256 42.328568
1138.522949 40.729771
1381.845947 31.089775
4243.851562 17.323900
8969.857422 14.928447
1315.295044 17.829916
2398.842041 26.127251
84.400215 36.109509
672.446960 29.429171
159.977234 77.933441
2689.786377 143.733765
1324.196045 203.866821
2637.245605 25.293985
872.754272 21.834093
712.393677 11.562435
993.246094 8.988570
3551.109375 51.815418
7455.356445 73.917160
1931.603638 88.628334
7501.342773 88.268898
1824.600708 39.894348
4225.168457 29.716850
1013.081421 25.398899
2037.242920 33.038254
9.553511 111.129814
3925.056885 89.854218
5699.051270 67.174332
6897.441406 50.803650
75.998352 63.324837
6638.380859 93.528000
2138.529785 115.511986
119.321297 121.669281
11.685813 148.940308
145.714264 191.094131
1426.115112 233.022003
4363.623047 263.675385
7905.156250 25.319607
6383.749023 51.811241
1325.062866 80.679596
55.594582 112.194977
1203.199707 119.635323
1874.620605 114.590927
7643.860352 92.289238
19249.466797 66.327576
201.245010 4.252309
650.733826 28.566444
522.810547 66.337250
484.889496 101.612289
1278.174438 143.007950
6370.899902 245.998627
2185.444092 337.612457
5539.722168 387.167542
3132.314209 14.099796
3676.824951 3.454876
738.485596 13.574751
307.443115 59.653225
1060.023315 63.597393
9570.472656 34.384003
2389.858887 14.293813
28421.812500 20.617611
20942.283203 16.822975
7534.049805 45.838470
1294.896362 73.238602
1968.541382 80.619720
1647.172607 33.438118
6978.085938 52.112366
3916.440918 92.332611
20627.544922 147.154755
20647.257812 18.169928
3464.856689 28.171465
5083.261719 32.349895
2465.009521 30.890102
1782.644531 13.023047
1272.445068 13.509237
9949.168945 10.192443
5541.180664 4.224998
3097.243164 38.775337
4836.696777 23.155121
403.758575 13.820614
145.839874 11.545529
85.343964 171.440826
7719.537598 214.911102
1479.244873 251.451172
5243.428223 265.236267
7760.486816 69.579567
582.370972 88.964706
3970.376221 108.071320
297.251160 134.252502
309.425232 186.708664
421.262451 234.497711
3524.049316 279.408783
5313.965820 311.531494
883.011353 48.810539
1214.831299 72.297470
1607.936523 104.094742
3232.876221 142.434631
1180.443115 108.867767
6158.128418 120.472939
985.224121 154.070953
25693.101562 208.143921
6840.187500 36.043823
817.192505 70.176094
1954.869263 96.125412
741.787964 106.344193
3619.025391 55.084709
1423.759399 38.480732
641.146240 20.181047
5854.010742 6.701438
7567.103027 71.241379
85.955917 70.518791
1853.281860 69.877144
108.447327 65.684319
357.322968 467.907257
6.303214 704.593933
28171.253906 930.444092
34103.714844 1051.901367
7177.106934 201.597290
2155.111572 208.867645
2493.511963 222.081802
1543.514526 298.401367
1367.990845 239.554413
3563.117432 239.430054
182.006348 231.124619
2828.848633 235.596603
12091.207031 20.939955
9051.556641 78.416748
2943.293213 152.362213
900.049805 211.824905
1295.104614 157.512329
1327.139404 212.617798
2026.872437 258.039124
23.944195 280.499573
2647.362305 26.273296
240.408722 40.631157
291.568787 66.386276
1631.729980 105.979431
2072.792236 36.255001
1855.329224 29.962908
2045.811890 37.437695
6679.617676 62.682278
11998.684570 48.535099
1415.311279 51.295998
1655.296631 52.443340
337.945984 46.661552
475.585815 28.434937
703.808411 50.582504
5687.774902 71.724579
2096.199219 84.148560
9101.933594 4.841416
7130.743652 3.319634
1744.116211 4.276625
118.738068 12.060612
408.719574 33.249393
2089.870361 51.687363
63.355648 62.641216
6805.433105 62.267082
4106.513672 10.360205
11862.039062 2.724933
285.561615 3.515285
1662.785400 14.787176
601.862061 4.564205
2090.651611 8.988892
2298.462891 19.977028
19421.908203 37.160610
2936.733643 0.286666
1815.495117 1.762070
1033.535034 3.489420
1806.379028 3.900894
807.800110 144.021347
4427.639160 180.723663
483.639496 204.212006
4832.556641 204.135818
12728.002930 49.188576
38.301720 60.525883
1789.144653 78.410995
450.091980 106.895760
3067.070312 119.854034
2171.507080 108.788467
841.359497 122.277245
15555.588867 161.714081
7307.776855 62.683292
265.627533 110.725449
577.918823 138.096542
102.080261 137.182343
1664.899414 176.576660
5245.836914 298.942871
2377.749023 409.914673
1297.794678 470.859802
5289.944336 7.081484
2247.270508 6.122329
1666.757324 23.706402
734.362793 78.894302
374.786896 7.740644
5748.952637 36.175747
4529.127441 80.360733
24.902174 126.877579
2987.718262 67.894371
15750.157227 41.823128
3170.743652 16.289461
468.384033 1.871867
2179.386230 22.586184
96.140816 23.427191
31.923231 25.274479
219.268478 29.528500
83.519661 4.726662
7822.791016 9.958466
2513.773438 16.113449
3.282629 20.572878
1196.368042 173.548294
18.105383 256.975647
3855.126709 335.380157
15062.097656 381.519897
6642.484375 33.407673
6081.516602 46.370636
3138.204102 66.988121
121.886215 107.426941
114.225037 46.140961
2947.745361 68.100861
3224.020996 98.974373
1616.611816 134.597427
12721.133789 11.775798
1740.046875 15.143172
2814.811035 22.463972
1587.766602 32.087555
1567.043335 86.351074
341.802917 117.770180
2572.257324 144.585693
3583.880859 156.327042
276.809235 31.261379
2237.344727 35.950859
726.965881 43.848274
453.058197 60.139576
453.372620 289.519745
342.051270 337.717102
7177.906738 362.104004
7029.178711 348.137421
3292.273682 112.716148
25.190395 148.121170
380.263885 187.373016
1464.769531 235.326202
2614.706055 134.720947
2033.053711 157.062088
854.559265 224.863037
12983.550781 313.838501
704.170532 144.381241
647.986328 180.341232
963.244812 178.012451
541.538635 151.712677
127.396790 473.021973
2962.184082 611.735535
2018.387817 692.255310
7989.132324 686.423340
7405.197266 44.063606
2123.889648 95.683861
1807.540649 186.523682
339.582672 318.653107
194.400986 350.025726
956.321899 413.231079
4764.363770 486.165955
5496.325195 563.975342
10938.550781 113.248138
4185.076172 162.582413
3344.431641 226.949081
505.387695 290.300049
723.311707 62.892494
269.900574 147.136780
2860.314209 267.466949
11227.270508 394.592194
35.571812 32.967777
2483.019043 23.626507
536.720581 16.287996
79.446472 23.041134
53.950859 8.896643
999.840881 27.284718
366.203705 56.152378
133.210098 92.303467
15026.391602 24.797684
3294.320068 9.489434
3679.980957 1.508850
622.403931 0.872225
4249.223633 9.925841
1418.675049 11.247574
6718.726562 25.886185
9098.214844 49.712433
471.431000 25.869638
2267.301270 31.529243
241.896042 28.240952
919.561951 18.406021
145.218124 36.426147
2974.353760 54.551949
731.118530 70.743683
6567.943359 78.803978
3165.789307 8.183148
1374.362793 10.006125
2494.415771 13.524454
80.471626 21.934841
193.485199 92.796898
1040.793457 103.273758
2906.986572 104.564293
565.270264 96.302940
3359.098389 25.781515
11230.722656 39.234097
271.748199 56.785763
2261.281494 75.933586
1478.080688 2.880330
3457.330566 28.755302
2061.703125 81.300476
10763.135742 146.959656
1949.139404 19.432951
1933.703613 21.314623
1192.420532 13.285786
1158.468384 2.125447
1253.027588 18.573311
606.060059 49.234848
1410.567383 82.912239
15047.189453 104.784706
15723.912109 34.325203
1183.546387 20.198423
3684.569580 5.806260
1920.887451 3.033492
1691.725952 78.512482
415.326050 88.408417
1563.229248 79.044670
15766.602539 53.885639
5230.600098 27.871046
2146.570801 23.168072
3292.585205 33.775990
692.628357 56.040977
253.647537 5.715332
3513.231934 0.155690
164.943222 11.641814
4585.129883 42.159286
3945.368164 6.977599
1741.510498 18.750618
120.548492 23.793959
141.952698 17.605574
1357.440552 163.341736
18.879234 259.914398
5319.336914 335.275024
5709.756348 360.631012
5151.475098 27.391357
7115.612305 18.048807
349.215363 30.195135
624.531311 79.300720
4111.356934 94.972389
2178.874268 75.826401
189.235962 63.814312
10660.768555 69.323479
10210.179688 28.630190
991.016724 65.248039
2630.782227 95.159988
235.667770 105.253586
3232.290771 255.561325
4646.362793 282.997406
16706.236328 292.681610
1071.313965 276.397034
330.275574 111.851860
1945.731079 148.218262
630.421387 183.929108
58.695423 220.290237
350.465698 472.624878
6172.966309 655.328735
4442.299805 843.645813
8115.148926 972.257324
1204.498291 147.476044
8200.986328 201.986145
1313.771973 256.019775
83.844246 338.000000
1084.046631 286.620911
490.628632 315.684814
11430.585938 323.156128
6465.124023 323.751282
2753.730713 10.643869
13704.972656 64.559586
221.796890 146.395691
1129.705322 227.839508
2615.413574 31.145144
108.058853 46.385761
828.136719 59.002205
11401.371094 67.743095
6641.334961 11.863243
7102.323730 4.696165
421.798950 6.553874
785.500488 16.484200
1405.203003 1.083317
2791.435791 9.062660
586.416626 22.151197
16536.978516 33.648689
7427.998047 24.104088
5216.197266 19.111197
318.550171 9.614754
1379.773804 1.768134
214.006256 271.823822
8718.010742 357.447144
5996.121582 395.857971
1096.948853 368.182251
17509.054688 70.694809
1261.810791 70.947639
3925.792480 103.163651
553.038940 175.464523
346.459595 97.208160
9.189889 116.768669
7812.438965 167.554581
2183.781006 248.408386
4727.999023 31.318773
3927.438477 58.716965
234.527649 82.504181
359.748199 92.484833
1168.307007 12.730350
5145.739746 19.646706
2650.243652 25.577276
6996.056641 28.684402
1616.384033 31.158142
2614.945068 18.227100
612.786560 9.904103
231.849213 8.391031
2350.897217 100.863281
1866.291260 85.319794
1428.216553 64.295181
4223.659180 45.641941
3716.221680 35.985737
748.897461 65.057472
506.956024 90.405380
718.199036 103.518791
1453.554077 72.185524
1521.862915 131.332916
1669.184937 197.354263
20613.562500 249.262604
4456.656250 5.978751
4252.709473 9.289527
1362.578003 14.970061
71.066307 33.091343
109.957199 144.240295
4498.189941 187.862427
1100.752930 196.107819
8345.739258 166.529968
17310.498047 23.079649
2233.048340 13.711577
3399.340332 34.903645
963.967041 84.620743
5006.537109 34.487823
1332.068359 69.395164
5141.164062 122.081078
3045.524902 189.503845
12230.783203 13.442603
2165.120605 0.663001
2071.372070 2.503347
122.367554 13.704207
3143.315674 111.120598
3764.858154 141.217163
7442.127930 191.802078
1498.996094 242.974564
2415.242432 98.374702
447.270935 114.984512
1093.047119 113.295227
85.781258 105.763878
367.559021 20.389193
32.471794 25.201166
2566.232666 41.606789
164.929520 67.877373
8736.742188 9.612366
7302.415527 18.460154
207.968994 23.158379
638.821960 22.222857
1268.028076 5.079511
807.264832 3.125502
31.522251 2.871976
1536.182007 3.073870
9230.641602 37.549122
8815.918945 28.431841
306.264496 18.328823
539.814941 10.061833
1487.552490 173.627731
3618.731934 234.270172
2851.688721 277.834076
315.929626 289.212097
955.040771 52.510517
1240.282104 55.370785
525.000488 74.477737
36.159218 115.397644
449.404663 125.286057
4900.258301 150.435074
4601.928223 219.087997
590.397034 314.758240
3530.860107 162.682922
2556.870117 170.351303
1017.894897 158.877762
292.124268 136.043930
1248.672974 223.529022
1792.531006 291.533020
674.440735 356.211975
9798.693359 397.736267
2246.061523 56.717953
5347.934082 86.790215
3418.561768 121.575333
1264.486938 165.760406
5220.142090 70.542412
1240.315430 88.689552
5921.073730 115.161026
4437.475098 149.522446
1294.694092 25.278263
371.016083 31.202320
3863.737061 43.518997
490.114685 56.757576
120.647858 3.432581
613.135681 6.328214
1066.916748 15.810697
8888.707031 30.371271
5581.478516 13.253143
554.731445 12.022803
260.091888 9.281572
499.796875 5.511925
2128.823242 38.177811
215.365280 39.436722
895.530884 39.478088
1041.814575 37.119446
4969.499023 30.291548
20869.730469 33.555435
968.038879 35.410667
1150.203369 36.751007
914.942139 107.013184
368.270630 180.771545
14.120240 254.170959
2766.541016 303.067535
4062.137451 14.318798
478.619049 14.639862
261.930267 23.411072
663.204468 52.266556
963.344971 55.112011
2061.065186 105.076660
561.305847 169.780792
3180.190674 227.250702
10153.059570 69.505775
577.176453 53.490311
546.915710 36.292240
487.528198 32.653023
2126.002197 93.503471
351.230865 79.429131
10007.496094 59.324142
483.854370 42.626633
2547.922607 22.251795
5644.947754 49.750694
45.234997 76.969902
338.658142 93.388214
3141.435303 62.181561
1935.395142 70.595367
423.110107 80.523209
32628.789062 92.482674
3226.806152 7.979078
1781.011963 22.680481
1309.961304 39.001381
886.138855 52.428024
678.023499 15.658092
569.920532 23.627359
384.685913 29.508595
6214.332520 32.298492
8445.738281 9.130649
5376.726074 3.985639
820.434143 3.565291
217.010101 8.041548
50.824425 66.876007
266.547424 91.929817
2440.940186 110.159485
3148.874756 115.636955
3791.929199 12.326300
3127.565186 15.103094
874.207886 24.593075
416.610779 42.504105
2119.650635 119.239700
4376.174805 178.206619
6813.403320 243.796219
6780.625977 293.664062
3828.138184 52.021477
4709.162109 57.945366
804.358093 63.743660
168.974823 80.892609
406.436523 67.236771
1496.633057 57.874207
646.315308 48.616566
2043.490356 47.925293
2426.688232 9.606627
2525.697998 31.231972
1824.452026 53.980583
246.814865 67.337082
85393.546875 85393.546875
85393.546875 85393.546875
0.000000 0.000000
0.000000 0.000000
0.000000 0.000000
0.000000 0.000000
0.000000 0.000000
0.000000 0.000000
