13117.039062 496.353790
5410.905762 660.758728
9688.296875 770.671814
9080.792969 794.609009
640.945618 35.701530
1119.673096 81.365021
4374.947754 176.686935
1523.777100 321.905884
1219.516357 138.688675
2123.720703 332.001526
5176.623535 597.135010
1513.310913 950.095642
5892.072754 539.944214
2080.867432 178.236603
1307.847900 15.696434
229.739944 20.698343
556.053894 64.273163
857.731323 138.928650
5438.825684 248.869141
278.214539 337.752441
4959.198242 337.752441
278.214539 248.869141
5438.825684 138.928650
857.731323 64.273163
1473.768433 382.869781
5639.220703 706.248779
4263.147949 1022.315796
2457.016113 1239.843384
27726.113281 85.441521
81.989922 13.465412
731.725830 16.714251
4513.068848 137.802750
1815.192871 20.558290
1729.733765 154.546600
3368.042236 421.681763
19906.015625 796.003113
11161.754883 441.030334
2137.209961 233.555618
533.344177 86.533539
334.788269 7.638624
1771.552124 149.933762
830.033386 123.877998
346.802582 96.008995
9156.951172 71.845337
2963.407471 209.643723
4797.234863 201.464005
3834.023926 188.528748
920.393738 171.531570
4204.624023 161.621918
3582.652100 163.084656
4714.349609 169.642090
7491.131836 180.654938
438.315857 164.494492
5864.559570 165.580399
272.762756 165.299820
3425.607910 163.336533
745.424500 140.035660
13501.710938 241.935471
1874.129395 284.563354
27351.917969 264.154388
301.121704 308.276947
1823.822266 100.840111
1148.552246 6.089953
804.586731 35.726654
742.419556 15.013830
1077.285767 101.406487
289.724731 280.817383
4295.280762 527.203186
22059.765625 34.312733
530.164368 28.317696
6176.949219 17.253180
1936.356934 1.533440
372.924774 100.086739
580.867249 138.779709
4758.282227 205.370712
2810.797852 287.188416
5245.786621 195.256775
368.589325 148.893311
1637.297363 112.016632
1596.292847 92.774300
1114.674316 356.354431
2965.847412 422.811523
19614.228516 483.750336
8783.375977 528.038147
1124.034912 133.528717
2602.301025 174.653641
1038.205811 229.244904
530.585693 290.846832
1000.090698 42.729809
626.180542 138.457062
242.823608 242.129318
723.155457 307.840363
1558.104370 604.159668
9327.395508 336.571136
1206.254028 121.390854
996.632019 21.501183
534.167847 186.286758
3533.016602 248.728561
2759.000977 293.781616
7716.759766 308.440460
892.811462 43.372093
3964.167969 50.325428
831.653992 76.471565
250.464630 123.976639
902.382446 332.558014
9983.628906 662.904724
2339.475098 943.734070
22314.128906 1057.953369
4614.869141 328.050629
6194.901367 138.531647
93.506317 29.549694
544.328369 92.035370
2994.556152 69.033005
6679.965820 262.437042
1376.496582 601.306091
7676.628906 1044.096069
6715.587891 254.971832
3936.559326 118.101196
1434.985596 34.579376
1541.933350 7.075902
2545.443604 277.754761
3110.656250 350.138977
20637.703125 454.752228
254.007385 579.314392
449.536957 276.248047
363.333252 238.229248
480.708130 226.125763
1372.852417 238.133987
560.310547 54.450977
1969.382568 92.069420
2351.162109 161.349396
10309.852539 272.154846
19674.984375 338.236481
1876.969971 178.045349
1820.344604 83.114281
1363.178101 47.484398
1037.337036 62.433537
7174.863281 181.364059
1260.729980 320.048950
3085.003906 415.167572
717.246826 156.873535
6320.216309 101.293800
1974.308716 35.306995
1760.121704 11.166121
1578.042603 3.786010
460.544434 22.774834
3083.653076 72.625473
7292.757324 172.741684
6484.216309 243.437851
162.788483 106.557968
1726.343018 32.150879
228.817245 4.551472
1193.004761 37.639442
426.939331 32.920849
2200.369141 38.831848
1861.140259 54.657566
475.581055 149.278976
927.580933 112.935181
198.293610 79.309006
292.720032 53.334702
135.473816 72.574982
2845.258545 115.257957
18398.880859 201.125839
4558.188477 324.504028
1702.799072 73.600464
3711.077393 61.502113
997.377686 59.338604
139.612961 60.041439
338.752899 32.022141
6632.559570 67.417320
2531.568848 113.855057
4741.716797 136.695908
14061.416992 280.336029
5334.019043 195.971191
2111.043701 102.005394
418.033966 40.313763
2430.746826 102.483116
11363.199219 180.521057
469.046021 235.595093
4694.556641 233.938828
2153.737549 167.957199
5329.454102 97.564713
3269.284424 46.309181
891.145874 47.375626
3528.276123 11.759129
363.223694 5.363296
3274.019775 25.085564
24016.132812 97.448952
6677.433594 160.471649
537.449219 75.864098
1577.009888 37.937458
120.481079 22.940149
146.713867 269.968323
1142.689697 331.721680
1581.168701 399.651428
7912.996094 474.752960
5073.926758 35.644154
3980.106201 74.276642
546.296143 138.289703
2423.212402 206.600571
418.607788 1.618448
928.509399 61.795937
19694.437500 201.535797
6237.123047 383.153381
319.274139 255.056000
1314.644409 185.755692
4565.429199 98.718086
134.773331 23.604366
180.962234 24.701519
1222.965820 21.332563
2343.377686 23.807980
227.743195 33.274708
12808.177734 105.420326
5433.538086 75.455650
229.286926 50.976738
197.101059 34.186474
763.650085 35.199139
1250.963135 47.482121
2032.717896 81.534531
15100.194336 126.055466
4776.731934 56.415901
7630.410156 64.264030
38.229733 57.302094
2170.258301 42.706726
629.474487 70.996468
880.350525 118.920761
1872.796631 152.350693
2377.839844 156.718674
1736.171265 99.086235
4645.409180 51.227612
1614.087769 24.624235
259.849152 32.804428
783.355835 135.433609
8368.070312 280.163361
850.619995 460.562744
12598.380859 637.002197
8287.731445 24.388287
153.986572 2.635828
673.942322 5.597811
2254.981689 44.988453
1980.593994 34.159977
3579.797607 43.287304
1323.286255 104.113403
27574.216797 207.848602
1154.264893 334.083649
3526.659912 237.319626
158.767548 145.686142
2226.273438 72.662949
471.701538 380.923279
752.548828 542.477661
5124.730469 687.299866
20593.281250 783.276428
8053.644043 33.519325
1347.789795 55.309338
395.933929 122.047920
3120.388916 233.640060
2026.093018 37.097553
3989.900391 143.534332
1527.332031 258.881104
619.939392 332.438904
5732.314453 517.935730
7173.691406 282.087463
2805.221436 90.486771
1043.105713 5.441629
1015.376587 46.844929
4014.267090 104.225403
9676.647461 200.850510
8113.416504 324.383972
1529.979004 21.760807
1080.685547 13.760477
1620.385254 14.738553
575.597717 22.172169
4469.510742 122.405838
500.557159 101.292221
18597.316406 81.626472
22744.644531 62.092796
12561.744141 262.188934
8740.883789 226.642441
310.025330 185.599503
5018.201660 149.618103
931.735168 126.440826
899.923767 264.251404
5240.379395 414.638672
4804.754395 530.001953
4420.598145 35.165813
8258.696289 11.605722
1208.642822 3.375551
589.153015 36.434002
1454.526855 33.528381
2111.456543 74.130974
2216.787109 149.815552
7771.223633 243.672409
84.035423 300.894470
7020.518555 188.551224
7287.220703 95.014427
273.615112 39.911667
596.081543 26.346283
14.761805 40.885971
4926.901855 57.110176
3444.206055 63.849998
2732.645264 85.892944
4728.482422 63.245934
438.335815 38.566971
561.543945 24.312113
2221.820312 28.828556
1516.917603 75.794975
415.209076 135.211594
1398.594360 187.455902
1139.985229 9.579695
541.309875 6.328362
787.862915 0.884256
381.518860 4.653088
670.988770 76.856857
3880.486816 109.022865
1173.327271 150.908356
4778.193359 195.573898
8138.294922 67.162888
2097.230469 53.912983
2529.217529 50.281105
127.888214 57.382744
1188.138916 3.854296
864.760864 2.540609
717.646240 11.364065
416.772797 28.038290
1320.093140 125.159149
2095.757080 83.232803
1003.433838 45.209244
514.475403 17.820318
2377.304688 52.189056
583.836182 48.724419
3319.663574 35.947655
1681.991089 25.252052
1136.288574 12.121411
1999.812378 10.046045
818.239624 23.864126
21.965347 42.023811
371.172302 100.964706
1349.266479 160.343048
15989.480469 218.714340
3572.088623 250.638870
5982.687988 54.488785
226.901825 51.543976
794.224121 48.192127
2745.265625 61.496796
2284.905273 129.160278
371.380493 202.013565
5260.354492 307.275726
20402.521484 434.396484
21305.203125 120.230469
3381.569824 82.327995
1450.250122 72.874969
1403.903931 87.835373
289.414459 153.932556
365.428741 315.858612
18188.076172 537.727783
13769.001953 797.159912
3225.690186 209.209381
5518.775391 83.919754
1908.163818 35.458969
57.389816 59.806976
2882.293457 6.667006
76.301895 1.896886
1706.209717 17.905550
6047.065430 39.102901
1042.603516 439.489746
6530.061035 292.963928
2135.571533 152.764496
718.126953 53.388351
1986.767090 34.601921
4172.587402 31.182560
1453.718628 25.704788
10872.828125 19.790018
2990.573975 21.741934
1189.117188 27.211439
367.443970 32.113544
1836.166748 34.914440
1444.733643 72.019218
1125.733521 139.893723
3958.591309 226.866730
12995.508789 319.287720
1588.947021 81.162125
2788.102783 38.022697
4652.247559 20.375299
189.362152 31.316195
1421.116455 178.673889
2833.441895 228.558044
6059.051758 327.805115
1809.293091 494.018311
11295.279297 275.954742
336.144165 181.573120
3739.604980 150.605972
1314.719482 155.055527
204.839188 13.849411
58.568829 23.744251
9595.326172 68.049751
2127.795166 138.342743
383.721527 361.990204
2880.979492 233.214920
3946.062256 121.608482
1057.739624 45.840069
1203.020386 163.616669
1182.725708 269.987488
19775.376953 403.780121
5623.040039 512.504028
16002.132812 112.534599
887.929810 120.588821
1563.426880 109.345428
818.081299 112.638168
2151.805664 9.180531
5032.512695 3.162306
3335.730225 9.823714
4711.904785 28.448067
8295.833984 436.531494
4505.117188 265.834015
711.841431 128.224289
2486.694824 44.354763
1233.536377 174.489395
6321.389648 252.750122
12378.834961 319.975311
9414.538086 362.598846
297.567383 4.834849
4170.044922 11.215797
2155.626709 43.650398
550.999268 100.532524
1724.496094 300.705383
17882.988281 533.147217
3135.694824 703.174377
184.886261 724.018433
26831.009766 336.057098
1124.933960 177.350174
2791.128662 81.094162
912.697144 122.826485
2093.968750 32.422031
1425.240356 90.304413
250.161362 221.744797
4283.956543 474.980591
6616.522461 301.351715
7968.468262 89.774483
914.766602 9.910892
1172.874146 5.671298
5121.918457 458.824493
8913.596680 483.823486
9509.599609 513.776917
5455.346191 520.015015
16273.791016 337.632477
4996.334961 411.610352
77.652504 442.380890
1305.338379 449.369263
296.884186 299.143341
4089.412109 545.683289
1718.632202 776.213806
246.052673 978.074280
15177.271484 410.201904
1874.241699 113.884666
276.469940 10.611140
814.095032 93.668625
2164.236328 54.324749
2957.004150 175.807983
19.847160 336.677399
31118.765625 495.212036
3174.798828 482.100067
1429.433594 256.532990
761.443542 86.955879
3417.195801 16.415283
9.994158 58.340530
557.901611 117.910065
2390.556396 260.378296
2252.852783 445.448212
1123.440186 173.061981
2602.640381 170.509293
244.729446 129.994141
4825.154785 76.292183
2620.243896 27.465199
935.745422 14.974118
4282.530273 29.889988
22795.488281 97.317444
1278.118652 101.728882
2310.557129 58.748432
5078.695801 47.102425
364.441162 41.188396
2164.015381 187.259216
7370.815430 302.283264
2955.583740 396.070404
619.837036 432.461884
4588.943359 48.115646
1440.372314 32.299248
4712.315430 39.817440
47.103882 91.406311
1907.630859 168.982056
4445.041504 325.534729
8867.238281 464.863953
13182.697266 561.776978
621.012695 222.075531
1182.814819 64.369522
2641.478516 0.395300
3267.123047 43.873665
738.464844 35.444630
4678.957031 54.749657
28032.121094 208.542328
25737.351562 464.857117
17270.593750 234.154205
6950.557129 253.460846
1070.562134 207.754929
1673.874146 112.546600
4527.690918 586.776550
2783.039062 744.367920
11767.363281 837.406311
11987.115234 819.237915
24766.716797 195.032959
2715.938477 236.082672
3723.740234 305.679474
728.815796 425.717590
378.640930 28.871065
3605.832031 123.865295
2203.959229 247.951950
8724.149414 379.566528
5338.059082 546.676147
17938.085938 272.538574
3655.426514 80.417564
787.023438 2.235258
337.576599 11.676035
1920.214966 6.710948
1707.590942 84.315804
24104.712891 236.846436
3012.610107 51.673485
950.673035 97.977463
402.449097 103.106857
72.852646 62.110352
3573.159180 319.108917
669.286316 383.266602
1548.149292 433.703308
3015.704834 450.079163
544.668640 182.879242
5659.852051 198.683746
2074.610596 221.885529
1686.957397 261.613464
512.619324 256.529144
8086.070312 618.857605
2982.118652 1152.704590
22730.638672 1775.475830
2384.472656 185.919281
339.938141 61.776917
416.294128 21.165897
1019.595093 71.589340
419.426910 361.419678
8019.766602 394.878326
16194.794922 501.923523
843.302612 687.952148
1104.127441 966.585999
5321.087891 702.015808
2167.927490 510.103088
168.356445 398.370605
1082.933350 56.238518
988.058594 32.796291
572.199890 43.205391
208.093353 89.096443
27162.613281 797.724854
689.064087 517.374084
3025.018311 284.893738
224.986084 132.461548
415.971191 136.737717
4407.111816 171.509155
437.283020 227.251892
3775.288330 296.518585
1063.528564 146.504730
4030.989746 129.206970
103.276863 120.895103
266.073547 121.795593
199.308472 154.676788
5140.202637 196.708054
6775.578125 263.029114
11319.318359 363.355560
3454.254883 205.160919
1424.539429 137.565475
534.478760 117.298248
428.953979 127.632156
5696.720703 203.945816
4107.167480 393.161102
2211.876221 535.277100
8187.383301 549.550049
20142.509766 346.277527
7630.980469 185.779541
2205.036133 69.028450
93.577133 72.906593
2749.109131 304.621948
1264.247192 630.428345
597.389709 1095.608643
14141.357422 1663.334595
6146.233887 180.995468
12771.897461 28.431494
2102.562012 14.268394
466.423828 106.671486
165.792236 164.077682
1158.203247 114.419937
6092.358887 136.357071
4439.281738 238.841461
4679.251465 861.953125
1118.425293 637.814453
1767.831299 435.782166
7260.412598 274.321259
1971.116699 412.894440
9251.869141 481.914276
6858.869141 551.003723
40527.828125 636.575134
843.622620 153.467056
192.097717 167.764221
473.518890 239.301743
320.902924 330.258118
36.008209 102.837540
3193.611816 246.435333
1208.854736 394.284698
79.475647 477.511353
1149.456909 583.596924
1121.611816 334.594238
782.774780 130.032776
2617.939941 47.420570
1095.023926 26.960709
6877.345215 96.435287
2921.675537 217.742050
170.027802 374.729065
4364.497070 85.663010
761.532410 41.691135
685.941528 14.092381
1674.171875 4.752430
246.683411 31.732616
5136.791016 53.066456
3696.849365 86.158539
7522.595703 105.623856
7039.333008 210.206635
3798.662109 156.798370
173.716125 91.050377
1441.080078 43.319351
935.276489 172.951874
584.956970 313.666443
22288.496094 467.815796
3804.049805 589.342285
4933.589844 2.367834
411.129364 8.206380
243.357407 26.000341
960.253296 75.630478
3446.049805 95.039383
1155.454468 220.074188
6766.017578 323.163330
16061.537109 365.802765
10886.490234 294.806213
1653.336060 124.815094
8644.096680 16.886759
1516.053467 10.261925
1009.417725 54.544453
357.870300 184.410889
26358.281250 482.128662
10572.965820 921.501953
676.282227 27.817873
3006.744629 38.447807
3040.027832 48.506245
33.209564 37.333111
2530.226318 389.624420
1891.823975 382.386017
2067.274414 353.815491
763.635376 300.932312
5143.714355 518.114197
13019.349609 462.679810
7513.560547 416.641846
233.314438 394.339661
212.968979 239.720016
13999.113281 406.179810
3915.147461 643.696411
3576.693115 935.163025
3412.627686 244.706833
817.626221 134.450745
1275.440308 104.827660
399.510162 141.294739
282.861053 35.879528
2825.374023 96.269302
5341.933594 163.419250
609.103882 181.437958
1434.344116 624.162231
1164.710205 397.029388
3031.957031 179.890060
284.499969 51.470364
491.680023 129.228195
3571.242676 294.548248
6653.371582 543.744995
13885.515625 821.702454
21673.181641 10.137814
1565.892822 21.624365
1254.543335 30.515095
3606.012451 52.634727
872.662048 123.097275
7498.350586 270.930756
1407.270264 530.134399
2594.927979 871.136963
1059.740723 348.981812
5387.055176 204.729156
682.945801 113.467094
400.023254 79.199348
35.295948 244.998535
3681.457275 323.047089
7929.789551 452.315338
362.603210 626.473328
7617.296875 420.004761
1248.118896 300.872406
404.066528 233.921539
939.100769 215.994751
5961.792480 447.388458
1158.105591 487.557861
3681.564697 554.445374
11127.351562 640.169067
10241.151367 619.053040
905.854553 529.807922
1191.045776 467.650909
1926.325195 439.743286
4324.089355 1004.300110
5631.032715 1576.177612
8694.831055 2092.331299
4273.888184 2474.783691
14342.844727 349.176788
145.227844 123.233109
178.130753 175.015121
2208.492676 496.037476
2737.733887 21.704147
2467.455322 91.254318
682.476135 379.847656
16726.849609 884.737549
9435.208008 1380.425049
1468.961670 845.831726
5101.584961 426.017090
325.395660 143.704681
1870.166992 202.814529
6258.372070 150.722244
1764.684326 125.512711
55.882736 132.061356
9311.275391 429.096527
1055.165283 393.203857
1959.661377 337.707275
2556.796875 270.017944
136.011383 29.127396
8075.796387 38.025074
20150.373047 96.597939
2081.512939 169.171860
126.647888 371.632812
3496.427979 297.623505
578.564575 187.374863
384.293732 84.428192
1983.682861 383.755859
3559.771484 568.629761
34096.035156 713.832397
325.528748 741.215332
20214.970703 283.593018
2642.125244 232.901062
376.171234 199.732742
821.680481 245.180054
5049.345215 182.847168
2507.003906 363.674988
669.814331 515.767090
18573.115234 634.859985
15844.875000 677.456726
8040.354004 263.569489
1397.052856 47.720146
1826.685913 43.878307
1679.398315 30.781826
5181.376953 11.183489
3062.754150 105.980141
3492.932373 340.330750
5588.937012 75.378174
595.966980 101.581261
3109.627686 120.863655
1685.955811 90.698914
1723.137695 30.080883
5781.175781 56.029362
6298.582031 107.046974
8001.189453 152.800125
8319.888672 191.795975
1146.707642 156.046112
13411.806641 96.921295
213.570618 45.989399
4286.709473 250.722000
771.371948 322.506775
1952.840332 409.880280
23675.640625 499.908234
3641.474365 178.485413
6063.343750 163.423828
398.207764 171.142899
1093.790771 200.100128
709.290039 344.192932
1505.993286 547.602051
2628.283936 770.073792
15358.179688 988.315674
6938.446777 329.742676
11139.203125 169.533478
2189.650391 124.738037
422.780029 191.598648
2938.030029 45.695999
736.988586 95.965118
1998.512451 227.489212
5783.783203 413.421417
4376.834473 589.434692
652.417603 388.659302
3998.992188 209.768631
884.375977 86.820168
1445.574463 199.310425
516.244385 218.697357
1290.190918 212.318863
3206.975098 183.891113
605.838501 194.591400
4028.494141 155.954224
573.767029 147.571609
347.815674 167.974792
4903.298828 207.211426
1101.560547 451.262878
553.511414 713.834351
1981.465332 901.595459
7587.602051 119.778610
2688.403076 57.922523
236.308151 16.515223
356.390991 55.217094
600.112488 6.432730
4458.476074 10.622475
6219.505371 82.260002
665.515259 227.854050
1726.939941 425.148743
5191.659180 266.966125
159.085968 142.961914
1713.230469 54.599876
4371.566406 522.881470
4489.950684 592.123535
3658.117188 615.632324
22742.455078 599.801392
8768.765625 47.243431
1489.718384 144.970398
783.474182 276.498749
1622.938965 411.832520
2196.570557 77.216858
1088.419678 181.606537
4873.802734 274.832245
3007.334473 353.290802
15597.812500 531.051880
13620.553711 223.994034
581.225952 44.571243
4007.071289 9.509472
946.077881 149.005219
3969.443359 266.538574
3109.209473 486.628845
23083.974609 739.239197
6857.929688 179.029617
1379.221069 209.950912
889.263489 183.051025
3770.191162 138.955322
1563.167236 12.811414
1104.393066 10.204954
2251.321045 49.687927
670.643555 135.738281
885.862671 264.017395
7656.091797 174.511780
2415.985107 101.829887
366.650513 46.548027
911.620911 73.625702
127.576935 72.873123
6702.651855 72.013763
3246.645508 70.879196
2828.635498 54.440796
731.361328 63.752724
860.364319 70.255348
1078.231079 73.257996
1124.612305 119.351791
1697.677002 268.187988
15517.756836 450.828888
1956.753906 614.039124
10125.331055 37.793789
2151.491455 19.207642
639.385254 8.884562
1692.154419 33.826145
387.019714 21.208874
5344.686523 15.647814
3176.294922 26.037872
24480.636719 54.849697
2781.212402 353.059540
4920.659180 220.133240
165.546707 115.311371
603.311401 50.499683
1816.103394 90.774567
3712.285645 188.309387
2558.308105 277.539062
1722.385132 320.472656
8946.487305 58.349186
5676.392578 24.783623
4376.729004 3.806461
128.220459 23.017841
2155.348145 14.890443
617.548157 33.100143
99.699303 49.166676
5404.787109 74.199379
19032.257812 173.058472
2118.125244 66.747742
1451.300781 10.978503
3328.929932 0.685803
1127.195557 22.287983
2967.329346 4.376276
4463.676270 8.401793
2195.028320 39.617172
2491.623291 22.291988
4120.735352 45.220863
240.862640 55.318592
70.353226 45.182381
947.139099 164.375900
687.976074 198.930267
762.694885 223.652298
2796.046387 233.927521
2459.198730 20.272831
1692.094604 48.144909
1052.237305 84.534180
1558.722168 124.751572
2992.239746 41.770729
1569.885864 33.705177
2070.050781 75.290459
18637.283203 185.571533
4064.129883 162.175995
2098.450928 116.548866
715.448120 92.515808
3024.728027 68.359711
1202.084717 192.046692
5685.779785 302.689545
4545.633789 514.419006
7232.363281 795.709534
3066.752197 186.929626
6172.653809 179.171417
569.588806 171.171814
1049.716187 163.440445
484.301819 47.120628
938.287659 20.667156
1326.348755 21.554754
8430.257812 50.765270
7880.830078 848.774963
2383.953613 542.855347
6639.963867 289.609741
185.033844 126.475189
287.727722 155.846466
6528.089844 183.201279
14462.018555 248.029724
31326.271484 352.090057
322.063812 135.156128
3483.248779 133.718216
509.081970 142.412460
309.518433 148.287262
85.892090 9.866572
313.016479 28.303886
5440.131348 53.615074
8244.834961 76.057983
2794.349121 250.080429
14609.460938 145.695953
1726.060059 61.474056
122.454773 16.125467
515.737305 21.416801
1294.989380 30.514688
4569.488281 29.219152
5264.798828 20.359182
4389.208496 44.006794
417.653473 14.376570
2204.487305 2.754359
101.925804 8.277764
637.870911 47.350986
893.958984 116.337967
7156.042969 214.446594
2204.945801 312.199463
57.366508 14.827948
696.702759 19.015331
1987.065674 14.735150
179.084839 17.180298
710.092590 64.030563
458.483368 124.150101
2525.746582 196.050354
8681.505859 263.529510
6404.429688 102.085526
3853.839600 54.437878
699.649536 27.100088
841.912354 29.489798
792.243652 24.716465
852.332520 96.486359
12714.963867 247.861923
16191.288086 478.274811
23377.654297 65.355522
656.245728 18.018349
906.982910 4.386680
2013.286987 4.058596
3373.020996 336.608398
1876.115479 433.551849
24445.984375 557.897400
15449.974609 650.471619
2223.808105 485.472595
1521.885498 427.201508
4726.372559 350.920135
838.195862 308.484497
869.894409 159.075821
274.112518 202.040558
2967.383301 310.558441
14755.189453 500.440979
12055.914062 673.321655
5704.252930 417.350891
150.798904 253.058975
1011.586426 173.126099
27.406225 73.994003
2768.106934 133.998749
1780.302490 192.242630
9335.664062 225.095032
1830.819214 397.375122
3627.442383 230.164200
514.525208 104.039032
412.296600 52.964539
2237.937012 136.584427
1219.760010 194.915970
2526.046631 268.720856
7702.228516 341.297821
5244.745117 58.311539
7.812913 65.835487
184.197601 78.283760
137.806580 99.226440
1427.304077 240.786316
7966.169922 410.048615
2532.505127 678.385132
18535.156250 1037.480957
140.939529 278.263214
333.320862 152.968170
174.693848 119.432312
298.791718 150.224747
396.441315 85.512291
400.905212 38.512085
10382.093750 26.914841
20866.203125 39.231136
19533.451172 1008.181641
572.250305 695.452759
6684.554688 407.022156
1104.702881 200.055908
1156.146973 32.999279
11119.794922 12.948471
13164.858398 7.413406
24373.072266 13.672053
5786.504883 184.834686
5820.465332 152.501465
4106.021973 109.884712
183.515717 67.037140
469.727356 17.485802
3566.929688 17.608603
192.834213 11.529046
23904.857422 6.271990
3506.648926 14.579907
3133.086182 1.217139
493.671387 1.843018
3402.774902 10.262966
778.403687 22.319208
2696.901123 49.946323
6279.955078 82.847237
9955.478516 111.325760
17059.697266 25.763546
15491.404297 13.403183
6580.597656 5.126598
3087.974365 6.881122
2160.798828 131.882965
468.215515 144.973999
7648.143555 140.163269
603.771973 126.956985
2815.272949 104.526382
3020.542969 77.671654
1389.510620 80.984787
378.867615 105.187584
253.115326 130.539215
9634.051758 309.045258
1801.460083 507.924988
2848.294922 663.725159
4316.939453 130.952820
2754.665527 54.109173
999.998047 4.714016
1554.987305 23.463017
1577.027588 3.579833
331.006317 46.352703
2824.452148 105.777359
6551.954590 141.528442
3455.948975 336.402374
8750.947266 219.711197
814.034241 96.260155
180.761871 16.121941
1479.973267 111.306854
4581.954590 245.271805
273.536133 432.538696
491.955505 625.768677
3750.238770 26.236917
5782.344238 26.528389
459.211548 26.274309
248.616684 44.342484
638.582581 7.002400
1378.033691 54.467735
10881.928711 152.070206
4625.360840 299.242706
210.942108 248.862762
2735.621826 123.238022
590.709167 42.299885
506.195129 4.078383
2057.968506 108.671585
1240.865601 94.005653
3411.563965 67.274559
7649.118164 36.634315
13868.442383 89.306931
1058.149170 93.545097
746.993225 102.157921
749.249634 109.747635
1504.231201 17.070318
68.160141 46.102249
6324.359863 80.381371
47.938110 106.882622
11311.195312 15.807871
3954.812988 9.211939
2796.727295 1.637229
609.319580 2.043297
2972.249268 367.321442
3006.474854 578.639648
4753.773926 789.065247
1898.644409 941.836670
2989.640869 4.449558
1220.258545 28.190109
1249.434814 87.526176
445.518036 198.150665
1315.150146 53.530994
108.398254 212.284485
10728.511719 547.760925
16697.449219 1069.524170
3351.567383 524.126343
4418.566895 237.773483
101.563545 83.084091
58.807327 22.971262
2374.122803 512.344482
5692.855957 555.292725
2382.516602 652.511230
12848.904297 789.997925
2600.495850 712.042847
1254.180054 632.812256
2339.181641 565.853333
840.187744 520.561279
1254.459351 15.326612
1974.461670 0.704733
4531.539551 3.751117
69.638756 16.410206
980.507385 910.560120
6659.050781 560.355225
1515.668091 269.609314
0.905039 90.177742
2054.430420 205.118042
5159.700684 280.745239
10450.569336 333.298859
11236.791016 351.382996
11902.385742 12.169687
1507.752808 21.243622
134.391098 59.715397
926.817993 125.123093
285.600342 139.994766
15999.116211 184.879883
15390.498047 234.485870
8157.829590 283.081879
9925.613281 333.873016
2818.451416 214.298416
50.391747 139.046860
48.729015 117.753586
890.435364 4.231129
4288.458984 11.219744
7113.744141 5.045067
6374.999023 5.112476
16011.138672 409.985901
6894.825195 188.927689
6378.781738 52.593040
82.264397 3.272318
429.641510 61.769386
3113.123291 64.497444
2504.409424 97.155174
4603.985840 175.033020
9430.353516 57.188911
547.428650 49.195908
225.370834 59.016384
2091.125244 64.893051
1476.413818 33.678986
868.877869 17.670012
1827.800171 12.231288
4709.367188 11.408549
1445.053711 163.044373
1312.489502 139.050278
1587.967896 101.522163
1178.694580 62.955647
1119.866699 82.901962
2237.109619 131.676636
4813.889160 175.796570
657.930298 205.110672
2377.075439 16.512712
2413.048828 7.339182
225.811951 14.733428
1282.372681 41.003899
550.143677 15.901545
1338.241333 11.322202
346.484467 10.854967
13624.068359 27.648773
5491.861816 163.941833
669.526245 86.286575
82.414627 41.210632
2466.986816 22.498543
3504.799072 49.285542
2728.944092 24.172157
971.323059 2.766374
44847.484375 14.811064
12125.808594 33.436996
4392.161133 22.185268
801.604309 39.003098
78.618782 54.846153
3918.464355 63.326267
840.740906 62.572784
5089.108887 127.866013
12511.777344 264.372314
1115.582275 21.439478
4306.613281 69.456451
9.381111 98.996437
3018.621582 90.455597
906.342407 108.293999
197.383255 38.942284
3940.674316 19.265142
23152.718750 57.851055
3561.330566 162.979843
2002.596802 226.620102
8831.217773 237.955978
260.185791 189.668945
3589.043701 128.807831
2230.525146 200.469177
4827.973145 302.456512
15577.521484 393.568726
6345.814941 110.086693
4192.562988 124.523300
1835.007080 113.484917
238.101196 104.326736
127.276878 91.880096
16297.118164 164.015610
18744.027344 274.815277
2286.449951 406.466949
5359.250000 191.126007
1278.847290 121.973312
3747.898926 77.086372
175.011932 64.242554
147.125214 116.676735
5967.489258 116.914253
25804.845703 132.796341
1492.503174 149.995682
16942.218750 285.549927
270.505341 243.330933
5615.901855 188.529785
1237.154541 141.398819
1924.054565 14.501400
762.807922 13.994387
8587.417969 18.927900
1078.747559 25.441031
34126.097656 402.299438
12415.263672 243.812881
7010.450195 115.878998
746.138306 41.084503
1560.474854 11.979400
4253.294922 23.535208
1783.510498 48.737076
17109.785156 87.701485
2320.525146 55.775528
2864.823975 32.143360
778.381470 17.802921
94.948021 10.984226
1393.522461 16.497890
447.877533 25.954920
5363.584473 43.248184
9365.873047 67.744171
24793.091797 104.367859
9211.080078 61.738533
2114.747803 31.887737
2389.698975 17.360754
1036.724487 47.410576
181.234222 102.514481
8832.135742 187.829666
9145.591797 292.576996
1666.121826 17.413685
9275.085938 6.413177
744.592529 7.814972
174.895386 19.196283
238.918793 137.212875
311.019928 126.462418
5186.537109 104.955116
6637.283203 76.619736
745.430847 109.352356
1318.664185 120.518509
5071.234375 130.629608
682.823486 137.491882
2753.790771 81.384766
708.294434 181.145691
10023.771484 301.486633
633.080200 410.975830
2465.171387 50.460869
2564.696289 19.882463
1175.019653 5.270518
309.064423 21.960646
481.627716 87.198723
1785.033691 96.290497
3053.444336 116.413574
12107.868164 144.607025
4437.154297 129.865494
198.115356 112.660629
1038.713989 98.254776
1733.260864 88.738319
4897.565430 209.497192
1548.539429 320.922485
4425.731445 432.693085
13118.874023 513.237427
1907.913696 84.000824
9987.982422 71.004333
2754.788574 80.375160
89.091995 125.242020
1172.383545 264.839905
279.885773 405.964203
8125.257812 550.051147
6077.435547 676.456970
1207.552246 193.583557
212.455261 110.226982
2943.376465 96.503899
127.808594 153.211121
832.628113 57.643089
5230.458984 210.497650
592.995239 414.032318
2999.685303 585.645569
2773.048096 417.191986
1622.938477 258.639496
5663.600586 100.231636
1424.352783 17.699743
278.187347 167.711243
4910.613770 271.234497
2202.129883 396.155609
1520.448608 512.957642
532.564453 85.593819
374.657043 70.718414
21.894960 72.636749
60.649155 101.555756
1851.828369 115.876358
418.634460 287.909119
14636.642578 504.460632
168.592407 716.310669
17770.638672 190.383667
1122.188477 79.505501
999.335938 14.653732
283.212463 21.953474
2251.941162 28.535700
1517.387939 132.034897
2079.392090 306.148163
7716.209961 494.173187
5822.903320 195.693359
345.878235 143.044800
715.440063 69.045959
621.323120 15.157619
4567.843750 128.307999
8792.946289 128.921997
5456.614258 108.041656
1283.988403 90.173805
2675.432617 234.998337
2285.813232 137.616379
1420.600586 101.019730
324.718323 109.451927
710.371826 112.712830
4345.810059 162.422089
1046.534546 269.387360
4440.398926 458.206879
1462.538818 115.579758
17.863878 55.797577
2457.567383 59.020100
5.954334 83.874298
196.906326 155.334656
1986.369507 100.382957
1897.395752 62.430344
948.557861 42.079018
13284.493164 331.388092
2387.051758 321.409058
5089.327637 280.440552
4863.890625 219.895386
639.518188 120.699150
1279.832520 201.973236
821.167908 307.316589
21870.314453 418.964294
2863.384033 53.585426
1957.937256 38.671734
431.247192 43.493431
1909.868896 69.043694
1149.913452 143.886398
334.644257 217.544662
11564.326172 334.768433
19198.833984 507.961639
5924.016602 341.869324
2540.731201 183.735672
1144.871826 111.397949
1551.809570 105.618706
593.737061 167.954178
3957.908447 144.108673
5874.904297 137.904373
1807.064087 130.343826
2037.783325 542.461121
5147.451172 444.828918
3608.078125 327.479370
3732.775391 228.219604
331.465027 10.711151
730.292603 23.836731
10027.161133 68.071877
5991.055664 171.302277
8499.620117 260.144867
1839.911987 112.036362
741.168823 37.179066
609.259766 12.349258
3033.031250 364.290649
4840.725586 451.890320
4817.787109 549.964233
817.358154 631.271057
111.375229 195.940933
1842.954956 225.468872
1697.361084 257.857208
311.216522 300.486023
1172.851318 76.600082
37.071907 148.943909
2307.112305 265.450775
11877.808594 435.589447
4269.971191 430.347595
4646.792969 210.998047
1469.044678 86.985023
17.119749 49.982731
4.580793 24.124125
800.259277 65.994156
165.169922 92.768349
4961.440430 91.464188
3557.582031 243.917908
3596.102783 116.485519
1056.187988 27.874842
940.744019 0.482434
2493.543213 258.018433
951.918579 512.999695
34785.011719 846.879517
2991.485352 1180.274658
781.763977 21.608696
5967.571289 24.979939
1466.587769 45.837517
230.959885 109.558998
906.368774 123.803123
904.166321 218.723007
20029.023438 383.947083
9677.484375 594.214294
4048.752930 470.195526
3936.556396 299.428619
4473.680176 172.794312
141.858505 109.679092
1285.095703 164.190247
13154.684570 248.205750
8285.958984 352.861145
4327.987305 460.655060
31469.126953 223.582748
7255.061523 148.601028
4402.810547 110.046150
1877.125732 115.356277
254.635620 0.613808
1014.001587 15.894792
2434.267578 57.477398
7332.700684 105.376076
5181.096191 345.666718
2415.352295 226.121674
1258.421387 110.647339
772.114441 30.478643
2687.512939 215.200958
2805.598877 252.269928
1157.555054 261.631073
7429.681152 242.985565
11142.609375 13.739611
9584.242188 47.020496
275.020660 98.507965
3826.593262 159.237396
1603.046875 4.499336
1305.514771 16.074898
1303.641479 49.934681
10535.683594 122.180222
6020.630859 294.961243
622.309692 144.187469
412.123322 52.345207
470.997345 12.160222
8922.251953 202.090714
6971.364258 214.673325
7070.921387 242.374908
9455.295898 301.810638
1681.843384 133.456161
365.965973 132.473572
1963.776733 158.025131
231.805969 185.388489
1390.205322 229.068100
2146.399902 295.093811
15418.077148 334.437897
15751.622070 304.436554
919.958008 468.212830
172.154877 346.991211
1140.560425 238.897034
685.741333 197.060593
701.166626 104.161003
2372.453125 201.547531
1176.938110 351.219543
2540.773682 549.793213
16729.904297 89.385391
10608.187500 28.201365
1327.264282 20.129478
2102.386719 46.995926
2042.560791 92.872299
1570.193237 179.576935
22831.580078 268.420807
4319.601562 327.855621
2201.570068 139.967178
427.522430 79.087631
920.340698 37.701321
373.092896 40.131809
1576.607910 73.398270
2777.320312 148.665634
21187.050781 302.132141
20421.326172 543.487183
23301.646484 242.220917
1818.045410 118.776871
513.497375 62.995895
915.962402 50.317101
747.646362 72.368919
5058.666992 108.642899
16880.822266 172.031158
6270.812500 206.207092
1672.593750 917.420166
14503.765625 616.433533
762.213257 324.507843
1460.991699 132.762848
159.690369 52.631409
378.075348 92.568436
6331.267090 162.209137
3132.620605 285.622833
1140.796387 227.747040
16675.126953 88.880028
833.979248 31.162622
963.619751 28.710331
1278.199219 176.904633
2690.288818 139.762100
940.145630 85.846085
17674.900391 34.570740
6119.864258 115.772865
4931.817871 141.446838
4246.734375 170.142822
994.775635 186.286255
2173.344727 246.031326
921.660767 412.420654
512.939514 585.644470
18874.253906 723.545593
9338.146484 22.262852
2566.594238 14.364302
1691.800537 42.587700
1551.125732 118.421783
814.592773 102.156731
2582.088379 244.964157
478.534363 458.976044
2970.608887 705.129761
4562.305664 168.650085
855.894043 91.051071
442.452972 43.555412
750.259155 39.875191
3337.947998 10.702442
1536.759033 78.083183
4982.122559 204.181381
17784.222656 375.471985
1712.502808 335.178955
5435.226074 177.940750
663.988953 64.599052
804.905762 6.736992
4885.287598 592.148254
128.115860 587.463684
14747.417969 497.819061
12996.612305 349.710938
6346.875488 195.136871
3046.583740 282.876251
1653.305420 400.936188
4195.776367 518.494324
1889.936890 432.723267
10522.779297 752.612427
16467.009766 1176.372070
26293.957031 1718.481445
20317.527344 229.561264
1862.856445 17.349888
1736.294922 30.967173
2202.368164 189.347321
1865.200806 76.777061
589.015259 146.106659
149.142685 314.409729
22212.250000 471.194244
17432.267578 979.947144
2445.023438 744.314514
6748.069824 432.646240
673.885986 177.260849
743.396484 57.022263
465.737335 152.761520
7026.393066 320.290710
9235.952148 545.985046
3202.190430 55.248039
3347.787842 17.174248
1173.571045 7.967993
1401.147217 17.151093
770.815735 46.418465
407.653564 55.694565
1707.741699 80.115395
14290.496094 109.591919
3689.830078 299.600891
5145.905273 204.414841
2197.027832 119.938202
2772.555176 65.403008
672.105042 7.913064
1527.295532 18.252472
2747.869141 51.158291
6666.453125 107.587067
628.445496 31.343508
6244.110352 21.521252
2779.233887 16.348269
976.689087 10.645903
285.633118 91.053360
227.755615 110.205872
10612.190430 158.005234
5990.309570 228.733383
8553.452148 115.929466
382.198669 110.098610
6109.730469 102.601776
232.159851 93.021355
677.104187 72.930504
2728.634766 66.488449
3712.701904 69.716438
1416.302490 83.710747
3635.048828 280.289429
1768.276611 200.880569
185.385742 135.981323
200.495453 93.884232
2024.233032 289.805481
3297.368164 406.679443
7496.923828 531.094971
887.635254 651.664917
1530.278564 71.966957
8977.844727 65.711433
109.984222 109.047714
828.149963 187.823853
10468.227539 131.506790
9014.067383 244.486542
11495.041016 312.078461
6111.612305 312.651581
1650.930664 425.299744
4914.864258 187.588455
400.083527 48.802490
495.260437 41.411430
2122.778809 14.471582
2534.925049 78.829948
641.182861 246.625214
2097.041260 530.249023
2400.758545 114.465416
4079.957031 42.287624
4897.743164 18.058449
324.320740 7.529589
5725.570312 117.035118
530.575134 99.070541
3296.306152 120.197723
4754.557617 190.970093
8029.912109 481.084564
571.051086 347.586578
4210.012207 241.516174
847.699097 165.251740
1755.176270 191.040115
707.855713 189.862793
583.600037 208.839890
2631.731689 236.774963
6875.477539 451.379211
11.825939 368.624603
765.079590 285.301147
4568.601074 222.401062
1602.605103 206.537781
3188.188477 357.774414
4598.116699 587.840637
27606.728516 900.589417
2833.145508 197.368149
1670.570679 80.781509
4239.859863 64.535881
687.866638 112.225868
621.088257 88.283981
1969.036621 80.307877
14191.638672 110.676262
7417.658203 173.590622
1772.838989 515.188416
7153.201660 369.141022
230.577576 237.089661
620.960938 140.313126
888.879639 121.339584
206.186188 180.132828
698.325195 245.684341
4966.851074 314.294830
7966.037598 137.898132
100.485428 78.552856
116.240532 59.463802
620.570251 77.256729
33.658566 244.135315
6425.455078 440.461365
6311.314453 622.126709
3896.608154 759.922607
9567.625000 192.941513
1385.550171 46.398544
481.841217 7.155762
1696.486572 82.739395
2958.451660 163.766632
3386.287109 255.759354
5770.705078 289.653473
244.359924 252.332779
9595.820312 575.598206
980.538696 288.269165
1134.382812 113.976273
817.885620 87.209908
1448.940674 294.964600
1656.832642 650.554077
7985.119629 1221.491821
6566.764160 1892.030273
2424.746094 12.246264
1190.834351 63.735329
2332.364258 99.858978
970.496216 143.945389
1321.781250 285.923370
1887.078125 548.510864
7163.761719 963.719238
2808.231934 1464.364746
1097.881348 841.070312
4863.099609 515.642212
3432.244141 290.194580
3635.217773 203.021606
982.755005 141.610718
1064.793823 182.024033
3318.398438 297.649445
17132.035156 509.308167
11720.184570 639.010864
493.584839 390.609589
1588.515869 235.446045
1661.226929 158.718140
1297.323730 170.637390
1276.972900 132.376846
1562.328613 124.769676
1509.827515 146.667084
103.678818 527.678833
9037.330078 432.123932
716.913513 329.739960
1152.218262 238.420883
1179.110840 13.131689
1349.792725 25.057014
595.720459 25.765919
23091.074219 19.766752
134.686722 203.010101
526.248474 94.788933
1099.587769 27.030859
2275.264404 5.435216
813.337402 37.344688
5524.860840 54.294334
28.931412 94.580276
17472.343750 154.063553
6651.586914 6.398007
2646.429688 21.621696
19.988724 32.253540
1385.776245 34.680767
2480.896484 139.331161
1953.558228 222.450104
4902.662109 321.788116
11968.949219 416.087799
5020.190430 50.683022
29.194260 44.222271
6778.711426 53.458397
738.855652 83.119537
813.073059 13.007722
64.207581 9.363833
2268.506348 15.083744
11529.175781 51.968960
6445.202148 313.641998
1022.121948 158.248398
1247.029053 64.790878
190.526184 24.825201
2315.539062 76.510529
1604.207031 62.375053
8866.076172 77.728806
13578.190430 147.927917
324.707977 71.625160
5215.875488 65.464523
102.021317 80.989044
1106.815552 88.141678
1430.135498 207.400528
2455.354492 233.087418
14399.279297 280.077332
6157.276367 326.352112
1474.448486 150.935364
1343.775635 194.906586
688.566589 208.672836
2062.262451 205.002655
220.961258 96.195450
2054.286133 101.204742
13766.630859 84.467918
2811.233398 48.807129
9646.481445 318.966553
2454.509277 200.467422
3358.530762 120.909073
743.555115 92.129456
182.388153 162.097015
1193.386841 248.881561
5086.317383 424.115784
14668.915039 695.521790
2285.131104 141.250153
3482.457275 96.785767
2444.739746 103.071411
242.721252 124.750320
1432.507568 18.679663
1646.875488 55.089378
4712.679199 78.062851
275.889496 71.825165
551.646301 597.360352
6709.571289 325.378296
599.308960 118.974365
589.856018 21.849239
12870.698242 509.211273
763.850952 727.953064
150.045929 911.392578
1597.533691 1012.709961
2048.101562 8.018555
697.922729 48.995583
1316.115234 146.265976
483.790863 303.913757
338.787048 260.167419
3778.583984 583.311279
9040.098633 1037.999268
46619.515625 1597.881348
20570.099609 342.717804
897.626465 82.744751
4297.396484 0.682274
4782.934082 66.151558
3791.978271 73.291351
1065.464111 121.921623
18185.468750 319.639648
1094.743652 591.313904
17024.621094 790.215576
2539.077637 629.877991
4621.213867 401.639679
5131.574219 185.278809
160.338867 39.191719
3186.377686 9.959409
1541.861816 2.554176
8146.137695 28.856571
7586.445312 188.332306
692.810669 148.051880
6464.682617 112.445671
1298.319214 76.181221
2679.377441 13.673587
1141.072266 3.306242
1695.716675 2.159754
27474.947266 26.245106
7676.372559 9.971201
3550.649902 2.574688
2141.245117 10.851166
74.674667 17.704178
635.083191 397.637024
9425.558594 590.782532
2431.898438 850.586548
10917.474609 1123.220581
6491.876953 43.752579
5370.801758 116.096977
421.700012 192.391678
2366.094971 275.296753
343.281586 7.565702
1052.159180 37.023857
6838.791504 129.761093
1399.802612 242.625763
2931.570312 878.855652
3055.808105 573.362122
2882.801758 284.452240
534.085571 85.143448
572.043274 66.173912
961.554077 66.719955
6423.096680 60.038132
17972.531250 50.008495
9395.869141 17.127768
200.998917 27.673517
1510.516235 42.798576
1575.138672 57.337486
202.667786 135.865570
433.737885 239.435699
258.882935 345.152344
23935.625000 403.500031
1066.721802 122.337364
5718.332031 98.171822
350.643738 69.999100
3172.765625 75.529366
1043.099243 0.135090
786.511292 15.459739
8661.959961 93.298340
38698.011719 267.418854
2818.269531 205.578918
1601.536987 82.685951
5766.833496 29.751980
396.870361 9.217582
283.232513 249.231842
2818.828857 382.100067
12724.534180 576.489624
5500.265625 772.776489
4793.275391 166.628647
4885.258789 190.870483
1230.672485 190.024124
181.420380 194.247940
1049.637939 213.170044
2978.048828 185.300171
5470.519043 192.645721
10002.822266 229.181641
1200.545898 736.764893
5068.793945 568.290649
1460.688965 408.343201
2252.723145 286.179626
6138.657227 163.475906
1142.616455 260.770844
3300.040283 329.325226
5481.042480 377.342590
4973.767090 409.674408
922.127319 171.706085
1070.516113 60.829052
1200.947998 75.283058
689.958496 43.220753
637.519348 38.655132
6036.075684 54.912109
5636.951660 72.798676
8333.057617 228.932816
5288.292969 194.994324
4711.743164 136.202148
754.304993 78.224815
1121.968750 45.512901
302.267578 51.900440
1176.738159 53.331493
5454.526367 61.797497
5329.577148 23.012287
3551.231934 4.484459
1227.372437 11.096598
739.352722 29.632740
711.814941 236.028488
3426.338867 422.340637
5286.606445 644.496216
793.766724 845.377380
1386.931763 21.999897
1866.756470 28.704657
72.230453 52.936703
314.970764 114.303253
478.068451 220.238892
4516.156250 360.166412
10340.686523 490.974823
24332.097656 579.865112
9538.830078 366.008820
703.070984 202.063263
2151.443848 112.088249
212.593414 122.666733
1038.314697 66.846642
91.191162 234.287659
10036.070312 498.920319
1418.908691 806.581421
17854.345703 110.731400
935.355591 55.331341
1947.472656 12.721365
2505.286377 3.263916
7293.349121 41.253288
662.216553 52.355225
14956.602539 118.058746
13558.035156 229.806580
2726.706543 310.395813
3087.350586 226.171387
1236.164062 144.943665
1443.594482 77.633377
2296.515625 20.611395
562.579895 24.589033
14792.253906 35.877045
4982.197754 54.371525
1856.436890 71.460594
291.252441 49.512188
267.570770 33.263908
258.078491 23.574764
743.539734 177.531769
2245.750488 229.335266
277.645172 260.011597
3831.705322 260.847595
10463.336914 16.627346
5160.835938 33.728912
4799.913086 68.297188
256.243958 119.112556
1026.255127 88.674911
37.685802 170.245895
103.367943 309.995300
19683.167969 500.961090
147.509689 200.360855
1926.471680 109.885895
494.914307 64.524574
298.340637 56.869362
480.798798 148.093781
947.625854 170.995941
2749.544678 219.489319
1790.818848 309.726776
425.368652 370.216705
1942.978638 238.952209
448.494263 167.728928
897.144165 143.854248
554.517700 47.632004
8048.130371 80.861252
612.562195 129.329498
12818.263672 149.580719
1429.215576 405.496765
3.216622 292.083862
5423.634766 161.891861
341.645966 70.818481
2780.614502 59.248810
46.224995 108.407539
12546.035156 177.297028
4368.926758 255.851593
4475.561035 52.035450
5333.724609 30.388767
411.153168 23.481012
66.664566 31.941677
2966.613525 19.494303
1203.006714 15.642069
7649.752930 29.414534
2184.394775 67.023125
5780.620117 81.313507
9062.551758 58.744858
1231.073242 44.044010
844.259888 31.140890
984.361206 138.253998
843.724121 215.239304
2698.001221 316.100128
984.036743 422.849335
1268.857910 72.535851
655.873840 61.761967
1051.402100 67.103783
648.850342 90.380142
462.802368 145.950363
8669.580078 246.728943
8695.234375 388.828400
22981.146484 571.558960
5136.065430 225.482697
1561.463623 109.460258
1209.176270 67.231567
288.461090 84.281952
408.160126 17.573025
1788.200073 18.967697
2407.900146 41.782330
4154.247559 66.806747
5209.475098 364.166412
2149.068115 254.580261
461.100647 141.061020
1019.120911 56.627831
3504.429443 694.669128
22.241344 931.195984
4154.482422 1152.200195
9600.370117 1285.316895
651.706421 453.147491
3935.039551 414.005554
310.743469 421.219208
1234.921021 512.409546
5022.047852 551.258606
1518.732056 389.063782
989.861816 454.995880
17464.037109 906.441589
13310.448242 2314.236328
8925.698242 1602.101685
5350.315430 1131.824097
450.181946 807.575256
1473.768433 137.802750
4513.068848 16.714251
731.725830 13.465412
81.989922 85.441521
7684.711914 1239.843384
2457.016113 1022.315796
4263.147949 706.248779
5639.220703 382.869781
1356.663696 397.502869
1173.140747 531.452271
5378.393066 772.847900
3061.545654 1076.299072
9683.909180 1076.299072
3061.545654 772.847900
5378.393066 531.452271
1173.140747 397.502869
94.441956 506.801453
2300.079102 323.375244
3682.978027 298.291992
5597.583984 516.532471
52020.523438 1839.854614
21.729546 1410.574341
492.137543 1061.681030
2613.855957 765.129517
3603.054688 308.181091
251.333984 289.458405
1561.010254 253.846130
918.371460 197.054184
2748.115234 400.133881
15504.111328 377.154053
3782.257080 346.865875
50.195137 323.591736
2131.215820 137.088669
1052.684204 191.348297
6742.380859 260.120026
5335.129395 329.226959
5060.573730 89.120094
4616.655273 83.287895
1674.650269 86.857887
1098.338013 102.993454
1660.344727 318.389435
3041.542725 322.368988
643.240540 311.953552
9939.138672 319.923401
14099.010742 1216.419434
462.414673 763.454590
3353.693359 466.278900
535.777161 338.940155
3342.741699 211.176071
1279.640259 91.266068
3148.447266 97.873955
606.972961 274.430725
19696.398438 415.438751
13871.134766 455.996643
3363.544922 452.567169
8009.646484 361.235474
918.641296 30.720726
3406.737305 7.339595
781.921875 25.365116
416.431030 94.892769
9556.087891 415.592468
3436.205322 280.777039
1415.569824 169.580566
249.657791 86.092056
2334.675293 240.153183
2141.374756 420.340515
5768.981445 660.523926
188.347733 911.988037
4639.342285 12.680390
7188.716797 32.074982
85.295433 68.925247
49.623367 129.770630
1507.706299 187.752472
2489.654297 118.662712
1258.340698 119.908173
173.179031 182.365631
3132.711182 1724.019287
15156.958008 1184.419678
2802.818848 705.962830
3512.620361 370.422638
380.885071 71.151871
738.082275 147.398346
2101.957520 270.670563
1000.311096 416.008575
4730.037109 175.294571
4417.929199 115.601646
1547.197754 68.842545
498.631378 48.328842
792.061646 590.122009
2573.991699 692.044250
4449.502930 857.000610
6620.264160 999.840698
6384.435547 1937.049683
4287.434082 1414.870605
258.730072 943.774231
437.095581 655.517395
2984.398438 673.005615
234.982239 553.517578
1464.020752 572.900879
3576.412598 808.966125
3875.896973 1416.641602
15899.491211 1176.010132
159.628586 1001.478210
1559.725708 838.855896
445.715576 151.049652
2649.684082 135.619797
980.265747 165.030884
6204.734863 250.699188
4038.326904 398.655548
494.629669 314.861450
3387.488525 248.211212
4253.858887 192.957809
22.290184 51.319214
139.282120 7.846456
3261.984863 10.874117
2349.727051 122.000473
2166.119141 708.963623
3010.929932 399.184357
15648.295898 211.414459
6250.671387 112.180794
820.634521 137.862610
4176.845703 217.834045
2031.239380 373.613464
3401.548584 509.772736
3994.970459 757.446777
4325.305664 596.952026
114.523056 373.901703
1737.784424 193.965805
1023.860352 130.464325
1430.973145 55.143032
2612.370850 15.862991
2493.040771 80.860786
4243.952637 681.819336
12431.543945 435.295776
2156.122070 289.354858
1247.192993 203.958176
793.458374 77.033447
906.820435 76.712570
3100.024902 90.326622
146.155457 116.862823
5324.569336 246.346710
16.616287 182.705124
1425.018066 129.543274
7.258439 93.894745
2057.979004 58.280750
2021.329834 112.137016
6684.661621 227.016968
189.195679 400.244202
7601.014648 7.397770
185.844727 11.405830
792.126831 28.123156
196.474609 40.191612
1878.310547 154.772964
380.165588 222.694809
2606.986328 343.454834
523.459961 427.793945
5454.573242 817.854309
11383.378906 628.573486
5761.074707 389.906128
1361.866455 209.062027
884.650391 334.088501
724.629761 413.608398
165.235382 452.866760
77.231613 406.634064
13507.826172 549.885742
4792.251465 420.989746
4156.910156 313.900757
160.370499 284.174988
3115.408447 132.753967
1196.697754 80.086632
10457.049805 29.559378
2772.078369 39.398125
7132.623047 343.601196
4963.914062 217.513107
2609.802979 169.907303
2949.743408 157.497742
2537.586182 243.861328
289.528809 295.360168
1332.795166 404.644318
5584.003906 593.454102
17750.000000 27.171551
1403.169434 65.471802
12027.425781 140.788132
2091.462891 203.276566
3931.027588 232.435638
2885.076416 144.345779
1212.944092 198.447586
5702.044434 375.049805
6080.710449 1032.085083
1950.827148 888.784058
5984.046387 673.798462
953.494568 431.312592
473.027924 17.787422
723.568726 15.977679
1143.324341 19.961285
4217.157227 32.821144
8258.005859 162.227097
12362.671875 99.937180
820.096252 54.212353
3121.138672 28.324327
126.922455 107.411552
497.624451 111.515358
2416.486572 169.969391
1680.187012 260.243927
2672.306396 272.505737
8471.217773 262.488617
1543.591064 215.333160
3849.143066 151.849030
1470.010132 184.366684
2235.202148 190.626175
1195.811035 210.567383
4538.512695 225.293213
1191.678467 528.626526
3968.454834 410.097504
5897.961914 294.479218
1695.513550 215.234726
1300.165405 154.849670
1454.096191 204.734665
2570.735352 348.450409
6905.026855 571.154724
3848.999023 357.713257
1250.116943 293.397217
4493.040527 232.331604
601.361572 176.775833
81.989410 178.246338
6945.555176 81.531975
4812.243652 29.598408
1296.622070 47.464684
2847.913086 794.987549
2871.407959 615.205017
5575.821289 448.216858
271.339508 302.332947
772.597229 172.684738
56.480915 385.761993
3223.315674 678.421997
2768.498535 998.542664
849.619690 84.589828
3909.452148 25.363197
44.639050 11.666656
6621.900879 53.152908
1443.059814 288.338623
2143.338135 272.117126
1019.494446 273.909271
9156.702148 269.095764
8577.486328 1574.673706
429.375793 1082.729370
12886.203125 660.158081
158.061203 395.638763
593.822815 70.185333
2038.325928 40.308620
4185.939453 75.850319
771.293030 196.854156
9532.897461 128.380859
10717.000000 139.943771
503.387573 145.598312
786.781067 119.028908
443.882965 33.046295
6384.471680 17.118999
15117.200195 15.455044
1294.792480 26.646858
3220.886719 362.539520
14612.328125 246.650696
9296.871094 144.208115
788.818115 72.468613
37.648674 67.202278
1.133702 125.220184
4113.942383 296.187592
5421.850098 535.807434
38467.621094 437.392914
11449.635742 348.885437
1344.923096 230.048676
3033.027344 117.243332
5682.308105 134.098373
2186.493896 38.597504
2068.875244 4.156610
863.927124 59.517494
4617.027344 870.903748
581.578430 641.120728
4258.671875 438.174957
1628.766602 269.464874
326.604126 24.252886
1378.810547 5.649081
3156.367920 0.109881
1700.755249 2.581572
9294.931641 268.682251
5675.106445 197.521301
2382.634521 123.144974
2221.698486 62.773399
745.660767 31.813259
240.124817 27.510195
438.088501 52.564987
353.365540 98.152031
1688.208496 130.009521
2729.460205 122.299347
1490.807373 95.955803
760.682556 60.000694
392.454712 11.498748
65.346626 16.691319
5120.429199 42.404549
4601.036133 92.344910
1468.730225 99.451256
1688.721313 61.604172
10059.666016 36.257866
685.445984 19.650078
2236.377930 99.520721
392.708282 57.105770
1268.354980 18.506720
7700.128906 0.067237
3765.008057 327.082733
7214.229492 249.527069
459.762054 187.836731
1420.757324 140.936279
946.346313 44.187927
1486.242310 67.079376
928.712524 92.711075
387.494141 129.503174
5285.259277 35.860359
3872.352539 3.774895
3179.179688 2.770393
3315.467529 20.677500
1498.115601 212.548096
1034.441528 245.655151
6393.243164 277.700439
2736.959473 284.072601
16994.503906 203.650848
624.492310 210.684372
1310.229248 201.470718
622.646851 197.145584
3298.278076 5.214208
3680.996338 37.033398
2653.954590 116.619972
1446.314941 252.568680
10567.059570 81.412628
623.962952 28.361635
8476.101562 7.129522
237.895111 0.237614
1471.571289 32.154907
17.852200 109.530762
2269.379395 341.117981
4366.737305 737.851074
733.712524 754.334229
1194.914429 429.584717
1993.105957 206.738205
852.356140 73.529480
935.827271 219.100372
280.211700 127.851440
3092.235840 68.526260
2709.551025 31.940899
335.990814 1189.975708
2159.353760 897.262207
13840.409180 603.351440
1626.999756 371.204071
1039.203857 117.232635
112.204773 108.378860
6901.721191 92.505714
9842.652344 74.953110
1688.776611 73.999939
767.977844 89.730293
2323.165039 105.518318
303.829651 116.036919
823.701050 58.848591
1266.978394 117.307442
1897.733521 193.554855
636.092712 277.820129
27363.351562 64.960915
9416.758789 26.212303
587.811462 12.197586
1557.563354 23.213131
6939.209473 40.348209
30.277203 78.896217
1848.642334 191.684906
4187.931152 437.235382
2521.367432 193.734528
1342.136108 36.837242
5767.060547 1.809600
3.967075 18.292183
15.325835 105.384155
3572.476318 17.539782
557.819275 12.717139
7554.853516 94.263084
5182.230469 1047.186646
4793.046875 772.620483
127.271286 500.771179
3688.551270 270.412659
76.326248 318.101196
1617.368896 455.383575
1538.679688 654.093384
1776.925537 824.903259
10558.296875 332.088043
13961.102539 356.294220
4401.451172 317.763153
2106.626953 281.436920
293.796417 116.488647
1819.090698 95.826996
1068.758911 60.739845
6952.587402 18.416021
11409.766602 785.143616
223.015320 497.579834
8678.225586 278.703674
205.575378 159.989746
1023.284424 141.326981
3013.376953 300.293457
1412.629517 488.991333
1172.328857 663.967041
11419.130859 88.586693
9552.923828 29.250019
2.099051 7.445199
1346.619873 41.217743
4235.930664 704.713989
32.959648 941.690186
1712.633423 1139.722656
5508.859375 1164.204590
17200.554688 1478.398804
2366.384033 1082.969849
10348.541016 738.527954
2703.141846 601.970032
2142.412109 368.291656
403.335083 239.998413
249.804962 188.659927
4279.678711 376.211029
26291.105469 1130.842163
12640.591797 724.647583
2932.493652 545.072144
1315.286865 465.335236
785.113403 847.898193
1114.837402 967.887634
1410.483276 1125.237427
9342.077148 1222.015503
1210.798828 718.626831
8300.737305 823.045654
7141.615234 829.670105
2393.546143 811.468323
10.028589 307.154297
360.969879 446.575500
767.757263 733.639160
845.270569 1185.969971
12834.088867 1790.577026
8567.244141 1056.436646
4404.240234 565.216736
2033.849609 330.372833
555.704224 544.724854
599.463867 333.996399
4262.899414 276.158752
4072.333984 405.363098
8982.775391 2288.205322
860.861450 1786.223022
2275.312012 1298.940918
2517.214600 875.197144
2305.746826 601.233154
79.811569 499.199829
2330.047607 482.602661
10462.597656 542.834534
693.877930 1017.539124
11934.066406 1005.789368
1121.217651 910.534546
66.196617 757.410400
2195.195312 209.370193
644.887451 181.085526
3094.731445 188.114426
4312.137695 250.617767
5437.474609 495.663239
17472.855469 389.542297
483.230774 312.447601
311.469574 254.884949
2943.395020 167.686005
1754.650635 282.018921
214.641861 469.281006
8331.942383 651.478638
2759.953857 482.169495
659.278625 388.922455
14952.320312 260.632568
80.332291 166.315964
650.179810 302.425018
314.124603 280.191284
5529.845703 318.033630
2772.132812 458.113647
4701.353027 1214.767822
3889.639648 810.337769
541.418640 532.859741
1700.179565 376.654236
2866.462402 726.479919
7448.913086 600.925903
2655.424072 594.682556
8781.475586 710.987061
7871.132812 1042.731934
20646.447266 1099.572998
1625.644043 1052.658447
658.081177 906.843506
315.175140 598.817749
3393.101807 852.931091
2550.458008 1133.316162
1689.991333 1321.165771
39807.492188 387.488098
25319.369141 413.045929
2934.186523 408.106232
6812.351562 449.542175
5446.081543 480.697266
2452.876465 338.276520
526.277832 212.773956
3103.424561 187.923523
15671.809570 1724.171875
7514.632812 1213.036865
517.705017 852.133545
3309.776611 631.778564
2338.410156 239.957474
220.911240 161.987381
2706.560059 172.090881
6231.147461 279.092865
2273.250488 252.179123
4968.914551 364.516541
627.326294 400.637238
336.722229 344.679138
306.950989 257.465332
892.194031 288.215607
3188.008789 327.764648
1838.991699 353.464203
1972.962036 179.623749
3320.416016 221.495560
2712.165039 238.230392
3086.029053 243.907867
1486.830078 126.199509
596.989258 301.710236
2930.306641 795.612671
378.752380 1588.321533
2580.628662 906.863892
3058.147705 593.842590
3613.716797 359.149048
491.281464 182.906494
686.801208 340.486176
8168.711914 323.948364
865.875732 381.042328
602.134521 555.164429
8122.077148 1353.321411
3724.308594 905.031555
9730.091797 595.998413
534.387573 421.181213
393.306061 165.681625
24.520451 69.229218
1386.772461 13.835944
769.963562 19.980125
11300.691406 1592.412842
8598.935547 1066.206787
10665.654297 628.863953
2286.061279 334.921051
199.746796 100.830734
2041.621094 148.239914
326.447754 228.053894
94.398071 330.247131
2205.442627 78.792847
1041.203247 72.478889
286.940765 73.743568
627.438843 80.268906
2055.221436 20.281713
6564.371094 81.190872
2887.337402 217.963165
2915.604736 451.726379
3154.047119 225.880737
419.423462 82.343689
3107.582764 19.131186
698.153259 3.916549
4149.385254 460.685272
894.768677 571.602661
3173.970703 685.202698
18331.835938 689.210999
24788.796875 1429.954346
1065.934814 1070.593018
13622.037109 705.055725
5414.494629 483.971649
1679.946899 423.976746
913.311157 495.492920
139.193481 830.757690
70.125305 1515.376953
2355.044678 1079.871582
28464.884766 734.671143
6521.392090 570.962402
1737.049194 477.021606
386.648499 509.831940
2116.493652 264.352356
62.005135 80.033165
3005.736572 23.388727
604.209106 1878.953857
1228.708740 1473.475586
215.363831 1103.557617
4079.202637 787.063660
3760.842041 264.567505
160.868820 450.128998
3330.113770 721.001892
14534.428711 1083.601685
1269.485962 85.344414
748.895691 6.058296
3303.843506 39.585339
2217.822266 133.168243
638.672546 605.418762
401.179321 540.927307
398.075500 580.076111
554.518677 663.372620
5814.323242 2346.520264
6094.666016 1810.923706
7232.569336 1263.090088
2975.758301 839.954224
1460.046631 122.523315
12.108023 23.960056
2557.510742 23.069883
3558.504639 158.608490
1767.974609 514.833374
1866.281982 442.534424
356.983368 364.312439
1218.442017 253.456055
402.971558 63.506042
2338.998535 35.656944
2968.967285 27.272236
1361.199585 17.719475
4521.693359 547.269104
3766.896729 410.062408
8909.528320 257.604858
2179.483398 135.015717
1442.345703 21.336580
3958.589844 110.157799
324.673645 304.002747
6644.250977 550.960205
2712.710449 166.850235
6048.230469 150.859558
2752.237305 96.042137
3123.516113 33.143761
501.036011 299.880615
2757.670654 285.168396
9919.169922 256.295319
1423.780396 223.074966
10795.603516 1188.397949
5870.421387 795.300659
6344.034180 502.457123
1545.523926 349.032104
902.876343 413.376984
780.986877 371.405212
2126.559082 548.044312
13057.755859 979.394165
19866.941406 562.390991
6366.779785 608.322815
1621.047119 623.298401
2893.392578 542.046448
3475.818604 562.551147
3919.360107 560.463013
430.858307 530.936890
1079.930054 437.400330
10660.208984 845.353027
12415.426758 766.790833
4789.623047 661.805664
2421.949219 587.448059
4553.218262 1.971541
743.034668 52.329010
1323.266724 283.769928
2327.037109 745.552185
11874.411133 405.066498
1786.785400 202.124161
1876.439453 103.637321
1095.750244 40.106979
1186.285034 162.254547
3495.177490 125.249420
472.317993 108.175858
294.622253 65.533905
3332.734619 1532.587646
4631.541504 1059.847656
5323.979492 611.788147
404.800781 304.721741
528.180237 144.840469
1095.845825 156.945602
3755.283936 294.786255
2384.544678 548.097473
6173.226562 156.951843
329.759399 225.804138
10734.790039 245.155060
3096.591064 201.338623
628.677124 29.474850
241.489624 29.655739
792.592834 193.915222
3178.704346 534.783875
1010.812012 972.721252
2513.913330 636.274414
2770.888672 361.588379
1189.310791 152.943619
396.383301 143.927521
1069.771606 187.643311
301.940735 292.811768
1240.451782 477.218719
9745.508789 520.933838
3057.108643 318.273071
4400.114746 198.724609
256.546570 146.691513
542.370483 293.922302
2101.585693 340.280823
4264.333984 409.559143
109.633820 494.490356
10909.547852 574.004517
4608.277344 428.153229
5628.215820 327.741180
1173.792725 284.774658
4282.757324 513.084717
1012.687378 1036.289062
1855.069580 1754.929932
16973.865234 2638.135254
17448.062500 1489.474609
1663.951904 674.844666
3324.765625 260.238098
40.242035 230.240768
2870.960693 1061.337524
3647.902588 423.527100
374.252991 101.796265
1684.526489 336.616119
52529.773438 4407.929688
1739.236084 3428.203613
3460.182617 2582.192383
2481.281738 1807.203125
1383.947998 311.904266
1379.211060 331.499878
212.862885 398.663513
3443.145020 500.651306
6452.979492 597.618164
144.573456 499.887787
3167.297852 408.862335
6284.462891 340.918854
244.424271 169.765732
5629.204102 184.601044
822.289185 250.084320
363.914612 312.651611
2447.267090 520.793335
9516.680664 465.422516
1474.275757 348.370941
617.064575 231.053146
1883.591309 491.652954
6474.884277 817.005127
2801.580811 1176.462402
787.717529 1384.185791
12658.325195 722.819336
15258.001953 591.107544
5660.486816 413.264038
275.637085 347.479767
4016.085449 938.485352
2209.481201 894.164978
5419.083496 808.859497
272.689178 791.825439
12792.737305 2697.279785
16022.332031 1787.117676
1992.278687 1221.998291
625.981506 991.685791
2419.162598 485.208099
813.712219 226.838898
168.720718 137.278259
4198.335449 312.319397
26244.597656 759.267700
5326.865723 856.789307
8261.875977 881.787598
1014.220764 748.298584
6838.786621 124.209427
3800.352295 153.667068
6166.838867 234.114746
678.757629 308.246368
9155.688477 420.322144
711.490601 379.453003
11091.305664 276.515259
129.247269 172.239014
965.405518 83.220894
2034.837280 153.730652
11356.371094 265.070587
3080.900391 408.710449
14331.335938 61.564762
4806.770996 33.215389
2745.104248 30.742290
2966.301514 46.101620
2583.076904 39.426483
2650.280762 153.834778
369.804596 402.794067
4652.820312 814.258362
55668.812500 815.557251
9839.329102 390.791504
1245.585205 139.113800
1937.547729 32.983616
1865.378418 325.374847
1049.899780 90.467476
686.791870 2.934514
1907.632812 126.461456
11335.250000 1720.356567
1520.340332 1345.496094
962.699829 983.100830
2992.229248 637.982483
0.401052 43.279549
444.382751 74.932610
342.822510 133.760040
323.351807 223.413635
5582.750488 389.637939
1712.888794 215.792084
269.390472 99.630127
5027.579102 46.229134
1256.266235 264.828186
366.625214 347.997345
374.207153 572.619019
5617.925293 858.504272
3606.437988 1024.476440
5223.757324 812.958984
3254.244873 559.541138
475.465179 348.795990
872.137207 531.799988
1681.248413 347.060577
494.161560 186.502747
3723.194092 135.819031
8346.199219 1438.390991
15900.089844 1118.786255
2104.802246 882.039917
1282.442627 702.945129
600.329590 610.157410
5396.326172 853.851501
4140.564453 1122.904663
8885.246094 1366.485107
5825.012695 73.337593
1624.218750 143.962280
4019.234131 259.748291
4968.380859 412.939728
565.665649 404.135773
62.098358 279.375549
2696.625732 250.589539
968.040039 386.438293
4179.939941 2101.304443
24049.552734 1443.009399
10457.879883 942.458496
4364.872070 611.577087
1580.171997 757.409180
1512.311890 670.027405
5324.489258 740.164246
4762.846680 926.212769
4938.649414 1117.615479
4776.076172 1207.042480
2106.816895 1137.765869
5814.556152 951.262329
1570.623779 171.463806
96.930290 103.445953
152.728897 70.144943
5362.378906 86.975204
2833.779297 664.224609
2288.918701 517.430298
7986.116211 380.791107
737.737000 264.764435
703.555969 48.519333
1833.257446 55.499657
1679.925781 72.020012
7749.019043 94.215401
179.664352 28.686762
4864.034668 41.373791
3318.066406 47.759628
1239.104370 48.221996
1785.823486 144.317566
2855.575684 261.765686
2483.015381 489.041260
912.833740 757.732178
6642.265137 434.964203
7171.296875 354.528992
3943.551025 243.032303
697.844849 151.259857
4184.413086 124.812363
639.645264 77.634796
3040.600830 30.146881
12737.535156 5.688632
1581.306641 667.885132
16950.347656 445.263550
969.991821 280.205933
4457.431152 181.730530
594.880920 18.879135
6705.161133 103.336838
442.449829 226.015320
2129.730713 329.116791
2249.079102 341.103638
19539.324219 224.721207
6971.116211 96.613533
1080.979858 15.404827
954.785645 171.216721
2703.290771 118.062202
63.709213 48.414806
2159.861084 22.430065
5457.499023 538.952209
13106.808594 331.851593
7122.298340 228.462860
689.523804 194.973602
1462.133545 105.332825
831.058228 53.908451
338.070892 23.018335
7271.949219 28.958059
3513.807617 68.428650
2885.770020 124.476875
2035.895996 156.474701
4239.787109 147.957794
386.113892 170.061279
799.174011 198.175827
108.357124 232.802612
2989.862549 276.944336
2084.067139 29.546404
3063.784912 59.891453
2699.802734 101.471451
4725.152832 139.681946
1262.061768 210.883972
129.446411 73.094849
4051.523438 3.350100
4634.591309 70.344810
2742.524902 538.120178
131.841080 471.672729
1344.735107 422.717255
1494.323242 340.629425
570.237915 136.268158
2222.127686 313.777435
197.514877 691.995972
1976.653076 1221.848389
17730.464844 37.113865
5576.537109 83.421112
2492.134521 109.550644
3372.716797 103.019775
2553.162842 152.024170
801.843994 85.462563
3460.981201 39.524963
1359.641357 25.796751
2936.221680 1522.669678
7822.435547 991.811951
4241.713379 559.799072
784.326843 287.809387
1278.163696 163.154572
637.698914 220.943039
13370.884766 332.719513
477.998474 501.749878
7184.461426 31.840330
1017.815186 53.321430
430.684906 95.097694
1103.995850 130.526230
1404.187988 24.264019
243.798447 14.506107
106.782043 43.531059
1231.834106 90.806862
13224.091797 657.156738
16454.076172 447.001923
1669.340698 244.894073
2628.789795 97.715279
2193.313965 63.555428
915.251953 39.393826
664.828918 17.532782
3636.655518 11.871639
3158.875977 229.368347
2154.729248 162.384583
2961.983154 115.963493
194.992249 86.600983
3608.025879 81.960373
983.030701 85.681946
393.657959 149.376953
4569.667969 252.205154
7089.125488 180.421265
4328.924316 200.211319
722.196106 176.766739
59.006863 124.800026
2449.893555 26.827608
1303.069336 62.160492
6329.211426 112.955200
4367.283203 168.576385
853.565186 296.090576
10870.580078 167.594040
1950.101807 71.328133
2523.848633 24.850937
848.133972 14.813441
4540.342773 13.335595
655.978210 151.938293
345.425018 464.288971
22029.312500 295.578156
3136.575195 201.478287
16860.314453 144.915863
745.769592 79.733467
416.550751 537.105713
1766.325439 693.634155
7072.349609 896.982544
5466.322266 1034.489990
5156.494629 705.106689
2460.937988 670.655029
6287.892578 569.465149
375.650330 498.645721
2516.094727 49.727516
804.236084 23.874348
466.227356 62.754379
733.038330 241.258499
4205.979492 862.347595
1114.024658 456.305450
10244.932617 218.828995
1014.125488 105.262154
618.834778 21.317320
981.822021 32.473804
395.869659 73.813972
752.030212 131.206284
2736.469971 950.270813
1797.677124 574.925171
1999.226562 268.472961
2531.116455 85.406792
1297.286133 64.630554
294.757324 62.284191
5521.678223 103.035255
2276.302490 182.788208
4352.841797 147.237961
2839.911621 144.551239
694.419983 126.668304
3909.012939 94.203171
393.021332 6.120980
1597.840210 123.201843
2161.069824 481.983490
4155.626465 1132.879395
12850.566406 425.010681
6.151645 177.419601
597.520020 70.837593
758.261047 16.455936
5679.610840 214.555313
4079.873047 123.988800
5846.642578 76.247665
9667.946289 69.151154
13423.291016 1843.784302
5520.291992 1260.090820
28870.976562 751.042969
56.146942 403.587158
5404.685547 96.090431
535.104248 58.019131
1901.493408 36.033520
9077.732422 27.089079
19291.673828 279.193054
8958.053711 253.623413
3704.031982 205.385300
2165.973389 148.214340
3972.796143 12.785868
1344.584473 23.920534
12650.828125 38.359535
12087.421875 57.049767
16797.189453 62.016006
11843.662109 29.351093
4598.803711 11.141262
5905.613281 7.013684
4715.335938 3.828946
60.340565 6.718177
425.127838 50.437603
4208.150391 126.743698
22599.093750 141.737610
10266.074219 114.797340
11321.597656 76.135086
7359.893555 33.224552
663.170654 14.125576
1324.102661 44.134918
138.993378 97.792000
582.631653 186.581818
2059.322754 194.384308
5563.339844 80.022507
1457.345215 19.791597
5709.020508 3.207483
723.401367 111.137962
3971.181641 132.317764
2080.073730 340.059265
1178.464355 682.530212
4143.541504 1009.515564
100.044975 783.931885
920.551941 514.138489
2768.829590 261.413696
53.039268 304.122223
1886.210938 236.315582
621.552490 168.924316
1718.440918 89.583557
9722.529297 1036.672729
11334.243164 809.913330
4917.040039 581.807373
967.657715 409.706573
1670.358643 60.621758
1925.545898 97.858124
136.428421 214.853043
3483.187500 382.002319
2238.858398 95.676804
4363.067871 132.607925
577.447449 124.978500
3874.128418 85.742928
422.272614 223.595901
3465.926025 213.258133
767.998413 230.911407
3135.914062 299.819397
4971.368652 830.606140
4655.738281 557.606506
637.500732 368.501038
1619.778076 266.128265
2701.392334 211.255478
494.425415 195.132324
1535.618164 184.654800
5529.102539 175.457642
1475.854248 278.861816
6888.516602 276.503113
1708.583618 258.644440
2395.390869 233.964783
1334.489624 37.583809
904.164795 32.442402
721.526062 35.826698
4998.485352 42.348484
5513.443359 96.415306
5126.473633 89.547333
11717.632812 72.369781
1025.189209 52.370762
576.315674 311.084442
504.106842 501.516388
1124.208008 728.882812
2965.550293 938.418335
1718.163086 144.906158
984.239014 123.467514
3529.023193 131.403870
2306.479248 187.658142
1062.890625 198.916534
547.267822 77.897415
3532.253174 237.587616
3334.770508 806.545044
2076.121582 1666.506836
10325.256836 1113.922119
869.990845 738.771729
1448.943237 445.300110
955.621033 526.901672
65.179855 667.294556
2146.857422 890.604675
2296.345703 1164.774414
1264.132324 674.084961
1498.349365 559.655945
7796.426758 489.650024
5666.015625 472.785858
175.968613 270.933136
2051.823975 186.298645
493.422302 113.513222
3081.979736 46.185795
7193.480469 1970.152344
5552.305664 1339.051147
10978.360352 797.792175
465.569427 446.249115
2895.237793 285.834717
1985.361084 434.790863
2939.074219 551.737976
40.873569 609.199341
11078.750000 15.793455
949.771851 1.420151
1689.238403 42.915180
3232.647705 143.633896
2871.855957 305.825256
3236.391357 364.886292
4273.587891 384.835419
6587.163574 366.092041
33049.078125 415.455414
4789.509766 283.218933
2692.557129 223.620239
386.487579 242.276138
9800.464844 113.174278
2014.528320 128.585098
400.662567 83.987503
2687.957520 14.939294
2954.094971 728.907654
20271.298828 356.308899
4452.270020 140.272354
823.458557 84.919312
694.541687 81.353104
1730.907227 67.482887
1384.641968 100.204445
5739.664062 219.776001
2777.941650 3.795130
2039.881226 15.141125
3053.616699 60.781395
3291.433594 88.527824
551.471252 83.280319
166.514587 60.904034
855.816284 53.738396
1071.452393 47.970573
1149.152344 295.375916
7587.654785 257.124207
1806.222046 193.552521
1339.440186 129.242722
590.336365 53.394714
2636.928223 122.716270
1714.629883 204.020218
2156.314697 277.744934
1643.811035 77.708412
1375.579468 31.727856
141.282715 6.208473
1408.424805 12.219280
89.272713 142.059937
24.158396 96.583176
1058.174927 40.934895
730.831055 14.887838
4475.948730 357.384827
1250.650635 243.780899
5165.283203 187.368362
437.790070 165.434647
3126.861816 85.731644
573.097046 55.577927
11669.773438 24.940243
3413.252930 45.234161
7742.018066 24.369686
3354.637207 1.837468
7239.317383 37.372047
5463.383789 78.812340
3960.992676 232.796616
1329.090698 123.275452
4355.814453 158.818665
14731.251953 385.348816
1828.262329 228.610062
1230.606567 355.157990
390.736694 422.826904
9569.481445 369.980988
929.731995 224.092560
2726.475586 166.948547
2802.019531 192.777924
5017.660156 301.982239
5825.832031 202.133545
10223.162109 317.737183
14963.265625 357.636963
5773.215332 311.424805
898.100647 245.144974
369.227509 260.825867
8145.914551 376.209229
1125.828247 540.984924
3775.344482 400.836548
21.781017 451.765991
332.445099 410.711823
13969.952148 316.668243
3262.096680 14.993874
5372.963867 6.327826
784.236084 78.544815
9645.257812 238.671539
8478.406250 492.835419
3369.622559 329.271790
11649.651367 191.888824
1704.458374 83.580826
2829.764893 265.706390
5299.793457 340.987854
2366.053467 418.905334
4550.603516 458.364380
48630.953125 367.380707
1221.010376 310.072052
2174.876221 252.055679
749.915100 231.396667
2385.451172 36.995396
3183.904053 7.812072
1449.240234 2.361432
7759.790039 19.683249
3260.678955 801.300842
26138.228516 515.453613
8328.284180 274.178772
5171.833008 115.998291
740.908569 31.712620
3583.538574 50.590065
2903.892578 84.717743
1569.460449 134.085495
2721.321533 68.865974
9122.493164 41.522938
2009.016235 27.913971
819.557495 24.925383
1794.241699 10.141056
346.001740 8.001338
8875.238281 10.348230
2119.964600 16.655481
18185.193359 145.474457
674.705444 92.397568
8420.397461 48.936272
13097.879883 21.876038
2400.177246 36.691223
2077.541748 61.975357
1063.669556 121.404861
4878.319336 221.690887
12621.272461 33.545380
15101.929688 17.045692
2637.678223 20.444958
1578.965088 27.466925
4002.795166 144.549469
1567.456543 147.980606
247.278931 148.857330
2540.898926 136.447144
3901.166016 161.487030
763.934753 165.914154
8298.034180 157.244553
181.225510 147.397156
385.663940 55.076481
1288.905029 82.336166
1320.483643 164.044754
353.432007 291.223938
3448.505859 265.980377
228.794373 190.604843
1658.544922 124.610153
1000.747437 74.582352
269.155853 50.827091
50.691078 34.762341
9935.889648 26.031199
3075.963379 32.851948
15792.029297 176.283051
348.851532 130.020767
728.148865 95.242523
1163.467163 70.353851
1540.920654 10.587307
332.593170 68.383034
7900.835938 183.961853
9230.341797 336.609833
15724.775391 200.648041
13739.432617 122.489403
3308.922607 54.816956
5586.077148 11.051330
2953.702637 5.441707
1133.138184 57.914207
1211.382080 224.216095
2480.546143 526.556519
9142.976562 533.638855
5294.661133 278.770172
321.307983 119.194672
929.494873 31.679037
6007.079590 231.928131
420.703491 133.335419
48.841480 158.449707
1565.654053 274.119934
1604.141113 1573.788330
3786.117676 1217.132935
5286.415039 818.671814
5021.846191 468.395294
595.101746 17.308147
1283.611450 14.540257
2294.887695 72.553612
6807.879883 193.668945
3492.133789 253.616196
17.615929 184.634338
1757.786133 120.758636
186.048080 60.560829
464.859497 129.426620
1399.758423 106.460739
539.948975 208.155716
9.108382 450.010010
9370.104492 1001.137024
1993.941406 693.194641
9074.484375 439.664642
3759.255859 248.163788
527.043274 330.225311
1003.511658 351.114014
1971.756348 463.503082
3238.463623 605.421326
5391.988281 1000.056580
1239.796143 836.263550
3793.519531 619.722717
466.308868 428.261169
1996.869263 362.809296
269.937897 335.382751
2074.971924 236.512268
9868.820312 108.671387
9639.882812 504.020264
5584.891602 364.883270
2083.321289 315.404846
1349.970337 335.696442
1146.608765 94.398651
2588.949707 100.082016
1252.404419 201.855774
1146.151733 484.497803
21825.652344 119.435883
1373.435791 23.871691
1002.569702 48.406361
666.906860 89.032829
5215.293945 227.263733
1437.124756 136.396408
290.475555 74.049721
7236.672363 36.322536
4378.587402 572.664001
204.077042 540.531738
11522.466797 454.121002
2132.135498 339.979980
1358.077637 28.707783
2096.920654 111.015198
3071.213623 261.746399
4309.957520 462.555054
3409.126221 59.930374
6727.287598 27.163193
2394.608154 8.861569
2419.724609 3.210608
2158.486816 2.328719
350.918274 54.959972
1061.727539 221.227951
5148.299316 547.162903
5637.157227 642.283997
6029.833496 301.373199
4979.590820 108.258408
1829.838257 20.996590
355.800568 521.835632
3089.731934 472.406128
458.365387 415.820984
1875.215332 326.774963
1985.868042 1009.513123
79.079155 885.622620
11825.703125 730.577026
2702.971436 601.900085
1403.302612 11.584469
351.646484 9.077119
2248.557373 37.574867
2249.278564 149.934326
2103.600098 424.627930
12455.217773 182.834991
2929.268066 61.330967
319.892273 21.418545
191.689453 360.828003
300.414764 480.862213
564.161255 635.236938
3473.900879 781.400024
7478.313965 114.230888
2367.274170 181.019867
2546.515381 234.324921
782.684570 285.080627
2056.233887 48.272579
1239.455688 11.921721
6730.862793 71.155891
1319.325195 287.066803
5084.345703 1016.033203
15560.253906 592.731689
596.320068 311.122253
159.222687 143.967773
800.689392 100.512024
2325.152588 65.258377
1276.391602 58.109123
1351.211548 71.275299
15693.265625 940.999146
2266.650879 641.657349
4512.473633 376.535583
509.574646 194.873611
4401.275879 413.197693
1276.539551 487.271057
2883.638184 761.615845
3689.850586 1191.457520
3777.695557 689.201965
3701.824707 674.538452
2827.721191 602.306763
3024.184082 486.511902
1387.473022 90.599808
6309.148438 8.739918
6069.631348 35.632168
4113.500000 200.466125
3863.348877 1152.574707
7672.172363 793.616455
7703.004883 490.060883
2855.311768 254.838028
485.128998 13.573944
2970.674561 37.252747
609.117249 142.306366
4873.753418 335.681732
16058.841797 540.396423
13930.142578 322.020630
16239.650391 160.486862
3822.125488 57.447239
2083.728271 238.215042
73.704742 147.587463
2828.873779 92.801353
1600.504883 78.563622
9945.049805 1087.282227
3943.591797 827.170471
169.773621 576.509583
4805.937988 377.093933
1544.302246 326.039368
606.917725 444.656555
2178.983398 533.420959
1415.312744 567.618958
577.534363 23.369547
14464.058594 51.899220
2818.034912 112.619705
1942.945190 207.487259
471.356049 100.690475
216.211960 28.446207
2964.226074 3.108428
698.734863 87.120193
19989.619141 714.894653
303.999847 453.078979
601.207886 287.053772
234.464630 183.509491
4781.213867 210.749451
1450.483154 320.531921
3773.919922 471.891907
1862.560303 669.491821
1400.236328 86.095604
1189.479126 40.899445
69.879341 65.070312
1770.121460 127.223190
41.016293 682.141418
2063.016357 653.788940
6012.368164 641.499512
3342.162598 587.628967
8662.629883 1545.656860
5635.969727 1300.403076
3982.776855 1015.669861
2599.530029 794.320740
1757.699829 430.004669
536.544006 429.066528
375.548279 495.767181
1302.272217 669.209839
2501.575684 702.556396
5906.385254 562.179077
980.099854 492.947571
40.502457 456.143616
15.050976 323.214752
5932.136230 435.499054
538.060425 579.434509
208.400146 683.838379
8054.074707 703.284607
4730.739258 549.862305
1546.907715 392.185455
319.463989 303.528748
3057.393311 68.534218
2506.545166 112.257225
3451.292969 292.619751
3004.799561 657.943237
14511.037109 335.364899
5795.670410 174.931381
4074.260498 113.286674
1550.553589 84.035736
1391.444702 335.860138
271.129364 351.758942
12041.083984 384.716919
3360.341309 339.824158
4021.016357 1745.298096
20148.347656 1275.809937
3070.816650 793.537842
3405.091064 461.795929
4716.375977 98.280029
194.001801 138.348419
2259.302734 168.248810
13378.080078 241.316376
19365.410156 377.222809
25650.621094 124.928497
1533.621582 28.326958
6218.564453 44.237808
5954.541016 259.488953
2341.794434 220.678635
3054.697266 179.672806
9918.563477 145.448761
4292.860840 303.477417
22056.640625 309.879761
5195.503906 305.755554
3922.317871 288.998230
35.142193 356.899353
3589.628418 409.739502
663.520996 544.737305
3846.005859 747.646973
1825.920654 508.544647
1447.866943 455.827698
12316.399414 408.525452
496.041351 367.532196
622.469360 47.628433
399.011810 34.944317
2235.741211 144.733887
1775.971802 377.263367
2230.945312 639.564453
7186.110840 464.745850
3552.205078 298.704803
3919.642578 149.738586
1448.356934 294.713715
3958.742188 246.488174
3056.274170 255.525803
6525.315918 350.694489
432.712280 1250.289307
2749.270264 873.661865
1235.796997 585.613892
1562.647339 399.754791
194.223938 880.817078
2930.626709 937.279358
1861.399780 878.816162
1567.580322 710.231445
7411.378906 378.566803
126.800987 464.816956
2147.693848 592.725708
4326.111816 746.916687
1996.093262 593.275574
2624.282227 654.443848
349.992798 1111.729248
15166.560547 2113.733643
15455.750977 1734.207031
59.731197 1165.384277
1730.452393 882.276611
4716.590332 709.764771
464.817383 1177.306885
1826.573486 908.140991
2756.210205 807.024109
2494.323730 766.499390
17422.740234 3405.510010
5246.770508 2985.119385
13373.865234 2333.247803
14880.750000 1671.989136
372.013214 35.416702
1403.138306 14.805482
87.647263 95.833000
758.891785 304.494659
3376.546875 213.022171
4124.866211 174.136734
751.412292 146.828522
2193.220703 96.923904
1306.781006 27.430296
1556.258301 7.325459
10146.498047 7.648426
112.088676 18.550213
8072.041504 653.075317
1252.495850 429.871002
4403.002441 230.275513
1488.135376 94.475082
2414.288330 47.435802
731.573792 10.913960
1350.799072 17.230501
783.567383 86.179832
15256.777344 165.517532
3168.741699 145.784790
361.867676 128.157578
2403.955811 94.563438
1812.972168 109.739586
3090.586426 162.410294
1888.311157 258.868317
1591.790161 387.845001
8130.303223 66.137558
525.531128 71.996620
9135.274414 81.454887
216.906372 89.656288
128.368164 110.953178
1356.950439 90.856041
1859.571045 70.065186
2061.748291 51.359650
1279.977783 437.208038
2249.226562 312.130493
423.811432 209.108704
1327.653198 144.212982
202.301254 160.370789
212.246460 318.586853
350.914917 541.010803
3768.139648 811.342468
13271.508789 96.362267
5810.006836 19.562311
139.975006 13.472754
4668.588867 61.459110
2635.997070 562.539978
612.050720 595.589294
3770.444336 588.891846
11885.306641 531.617004
955.751099 1644.678345
15837.706055 1135.407104
162.143341 757.685181
2597.919922 580.867554
986.443237 163.518524
2492.561523 17.581295
647.832886 47.622429
5661.062500 352.453430
32775.863281 519.854187
7253.746094 462.899353
3175.989746 434.857910
2475.890869 336.614105
1738.538452 104.895645
402.042969 126.341103
2423.069580 207.615814
3831.719238 367.538818
2673.750488 644.909851
8624.137695 392.441803
5930.477051 224.105194
1370.497437 134.335556
853.892090 290.242249
1394.879272 264.000458
525.724792 250.078842
3218.692383 234.924088
2561.477051 644.838135
4373.992188 546.834229
8702.266602 436.330963
128.165344 345.824127
1109.883911 106.250717
2664.623047 225.925674
7570.387695 480.332855
1652.379639 914.879700
11680.083984 363.010376
55.621078 130.645996
476.179688 52.702385
512.714417 56.907059
1511.436035 141.666840
232.223328 41.007290
433.796234 5.293967
2085.058350 41.759327
1629.153564 1069.933716
5079.121582 798.442444
164.076065 530.829346
3896.006104 306.040588
776.387817 10.739112
231.033310 70.876053
141.962799 193.079041
1664.128052 373.994324
2735.847168 338.197174
3092.353516 173.226700
2682.793945 62.978310
80.006973 8.985779
1231.439941 105.445541
571.504333 283.201416
162.870407 629.442749
6516.326172 1092.200317
412.092285 1221.241577
1661.492676 726.955566
2764.650635 342.280792
2514.302979 125.036591
1373.115601 880.757568
741.876221 653.537903
1567.169678 415.019653
8680.953125 241.722672
9519.665039 2533.856201
647.567871 1929.637939
2595.372070 1446.407959
199.433929 1117.525391
1075.745728 577.766724
166.067444 600.010681
1735.632935 971.422729
100.328743 1654.355347
12189.701172 644.232788
6299.741211 847.466980
3672.671875 891.728882
1324.032837 751.383789
1288.427856 45.612137
4234.027344 60.368225
397.073547 322.144653
2361.901367 813.066528
529.407471 2103.128662
3223.371582 1362.576172
7813.022461 728.340271
2330.209717 274.999329
384.834167 214.690430
231.009918 136.693085
4340.942383 123.880363
1388.322144 270.111420
3799.614258 1143.412720
8901.838867 712.354126
3071.813477 452.229553
1911.570801 310.731567
63.156155 178.836273
54.172340 167.918823
73.935265 191.916992
961.403503 241.336044
6098.872070 642.471008
4180.435547 487.450317
1723.202393 342.613831
6309.257812 235.853027
1679.008057 26.320730
91.145180 26.408869
8666.342773 20.135757
991.373657 19.138405
133.888199 458.443909
1088.488647 249.198563
799.770752 106.147949
637.948486 40.388237
691.276489 146.915024
818.032349 113.223824
1075.602539 109.960350
11569.190430 152.842224
18511.955078 102.011749
3520.120850 149.370499
5417.379395 181.748581
1163.650391 178.995941
4009.863037 42.059868
566.686096 109.350761
15.848728 220.142151
3047.509033 352.825165
12190.958008 96.028717
5766.333008 60.263592
1456.507690 32.094101
2067.543213 20.550638
2086.104736 172.425705
294.755249 122.296761
2004.916016 50.856491
5188.940918 20.221510
3322.585693 640.708618
1030.549561 381.055145
5289.332031 242.783279
55.555046 195.703064
945.248413 118.277023
1082.867310 104.451515
2282.722168 130.896286
1431.859619 247.028854
5492.637695 12.573432
9069.736328 18.170925
848.750854 73.129944
5575.020508 115.640060
1292.371948 404.057953
1281.409424 462.788208
151.230591 579.465271
4140.753906 705.973511
7277.988770 316.431641
1095.499756 400.696960
3190.586426 420.800720
2282.714844 404.034821
597.495483 409.894623
1478.822632 390.927673
1726.480347 305.908417
4888.663086 167.479416
15950.325195 740.456543
594.169312 560.102173
151.947311 442.358093
1523.177856 405.450439
1289.573975 71.042107
439.187805 158.646378
1619.903076 408.651093
685.862427 854.898682
1059.485474 59.242474
10484.848633 10.683391
833.410034 34.164715
1722.137939 54.208042
2170.097656 220.554214
504.138977 188.529770
561.640991 188.366608
4337.666504 180.353943
4349.273926 1828.100830
1308.299316 1244.929199
1719.225220 720.456970
4806.387695 374.266235
1662.390625 585.416687
1761.039795 741.355469
7693.066406 941.442139
3235.801025 1143.043335
14393.562500 487.403412
1010.386475 457.701691
2895.644043 454.994507
1307.120361 491.865906
4020.148438 571.633301
1848.630859 504.361786
1695.699951 761.485779
1702.298218 1465.864746
26116.832031 2153.810547
3496.706055 1528.588379
13886.771484 1110.964966
672.719849 802.515747
383.619812 1165.703369
1950.423096 874.285767
752.718994 815.466797
3639.851562 935.481934
3710.153809 3156.048340
18202.917969 2814.362793
57.847363 2269.428223
4228.678223 1666.924561
181.112747 248.032394
1437.733887 147.332245
537.768066 72.946373
3894.690674 44.967556
1674.949341 557.880127
8140.237305 512.664673
12521.899414 443.644348
71.895683 352.558777
2295.809082 44.436287
1172.793579 18.414993
8716.765625 5.072576
3108.750244 38.982063
9646.573242 65.977654
1622.078247 36.950512
4337.235840 44.313766
3170.844727 54.404659
409.610901 424.209839
1568.209473 614.047180
2311.511230 1018.421021
1943.299805 1568.719238
3597.246094 252.642426
858.885010 355.775757
5814.181641 402.983032
5551.200684 394.127106
150.594727 411.610565
1478.415283 238.760986
502.376038 155.201035
2504.432129 152.241745
7038.457520 2328.784424
13264.123047 1743.029541
2698.092529 1168.102051
234.957367 712.939941
1686.025146 68.998772
2349.108154 108.399246
7214.706055 154.262161
531.571350 199.562302
2923.095703 18.429972
2256.505615 13.603438
6904.330078 21.010088
2818.064697 39.565289
571.718079 326.232544
203.048813 391.122498
6447.060547 473.685394
8302.457031 517.619141
5380.771484 517.534851
8013.304688 464.566376
2902.389648 380.402435
1690.157959 321.588928
287.927551 168.145874
542.900635 64.648163
2515.975586 40.881893
753.938660 188.813293
17076.218750 686.300537
7825.022949 471.179565
1640.698120 356.535583
440.076080 271.473724
1900.636108 329.202148
2519.944824 508.453979
1365.458618 831.175171
1469.816650 1200.388916
7354.978027 211.687851
9177.006836 306.955933
802.774658 318.741974
3390.966309 293.097412
1061.874512 308.834137
5909.347656 326.642212
1814.181885 346.110840
1415.240112 354.155029
608.667419 865.661560
10943.084961 626.974487
3528.850830 436.182281
781.865967 332.451996
456.051453 48.622532
3057.867432 131.317230
299.653961 265.982300
1926.223999 476.059113
19863.371094 1138.821777
4617.525391 571.817505
1065.948242 204.736694
1151.330200 49.521126
4762.751953 464.811737
1195.619263 353.332886
1063.714233 242.593597
1630.629761 143.333237
10467.876953 737.902161
7348.481934 720.209167
12545.957031 658.946045
1401.750000 569.559692
1731.611938 20.541323
827.890503 15.815342
3431.241211 4.839092
112.608955 2.174366
13100.782227 47.056309
99.023773 14.198719
755.450562 7.397415
2808.750488 14.797064
2727.730469 48.949589
891.684082 154.849014
405.222260 380.841553
5283.080078 679.738586
1248.290649 63.523338
570.126709 87.440254
775.774048 75.915863
56.729980 43.488144
389.999023 49.636189
3064.364014 76.315697
397.438843 132.384750
9069.685547 234.515594
4812.265625 942.288879
7329.847656 517.674744
4952.679688 223.944366
10.113107 80.607162
1471.496338 217.233353
800.220215 142.032700
395.201782 245.232025
2002.601440 542.431396
140.009445 884.770874
19463.226562 750.295288
10093.331055 589.375671
1345.664673 395.199402
2676.442383 164.182724
812.752380 56.541557
9592.593750 12.224753
1440.508057 47.847466
4801.654297 868.057556
471.959717 685.574829
634.744446 495.213745
5034.527344 316.086731
401.332062 14.018956
1741.114136 5.876163
4140.348633 4.139343
3060.378906 15.473688
12056.655273 150.822388
800.949097 93.229378
4748.749512 52.285210
1105.620361 27.822477
6345.428711 115.488876
376.705475 180.801727
521.190369 239.400696
284.155396 277.758789
590.985657 3.953205
2875.161621 1.108861
885.550049 18.424534
279.562134 57.869884
91.002289 21.116032
162.728973 11.518760
1856.839600 116.378654
442.390503 371.611328
6732.918945 430.020508
63.551102 270.958099
986.418884 168.534744
898.363708 86.463547
228.092499 29.306442
652.534180 66.826859
1012.751587 176.210968
4186.057617 394.186646
2891.447754 556.802490
174.550354 271.591797
1154.151489 108.834846
1187.968872 39.929279
836.613708 300.464783
651.255981 237.229630
5452.717285 240.297958
2426.644287 249.946320
4971.839355 1292.752808
6880.770020 1059.837646
614.077759 751.838440
1875.070557 474.901917
1065.521240 306.253357
3511.396973 319.057007
7162.887207 338.520325
2340.386230 368.578308
18269.082031 363.865021
1800.748779 323.020081
1250.424683 302.816650
620.748169 299.432343
1104.469849 44.962261
507.594330 13.933969
980.977295 6.947903
4515.618164 34.817200
8645.132812 192.742050
15009.315430 157.856598
769.238586 123.475327
6151.887695 85.082832
2156.190430 51.923698
1657.320801 119.206299
562.503906 231.509644
89.825638 375.617310
2321.262207 13.064679
1492.750732 5.262382
555.198303 9.512518
101.354767 21.287310
1347.593018 10.667311
1329.133179 67.350891
6102.267578 224.313278
861.899292 515.331848
732.007874 495.974548
201.474838 229.532028
1850.905640 81.899086
26.704916 17.878048
43.227150 246.773834
427.585266 173.150208
660.380127 149.628250
5067.443359 148.974991
139.305145 1168.630005
9416.933594 917.153442
1784.988037 636.441101
1164.583862 400.042725
55668.812500 55668.812500
55668.812500 55668.812500
0.000000 0.000000
0.000000 0.000000
0.000000 0.000000
0.000000 0.000000
0.000000 0.000000
0.000000 0.000000
