1902.482300 7.278896
170.118683 11.273270
9578.889648 28.419001
17423.859375 56.998066
22497.093750 32.014030
17787.437500 27.184380
1903.757812 20.648640
2520.733887 12.509589
2028.022705 37.001663
1807.371582 57.786602
5174.596680 75.808487
104.905388 75.723389
6209.462891 181.996124
9587.566406 119.780411
2881.153320 63.580986
864.645752 34.553886
469.727356 10.262966
3402.774902 1.843018
493.671387 1.217139
3133.086182 14.579907
31197.042969 6.271990
23904.857422 11.529046
192.834213 17.608603
3566.929688 17.485802
3972.796143 7.013684
5905.613281 11.141262
4598.803711 29.351093
11843.662109 62.016006
17075.964844 57.049767
12087.421875 38.359535
12650.828125 23.920534
1344.584473 12.785868
50.162666 30.949409
5127.659668 29.912060
14402.785156 27.494659
11692.065430 21.085024
21468.097656 143.269165
20552.808594 98.978668
477.012115 61.260811
1730.692383 38.838009
973.381836 3.318354
128.249680 2.451025
484.071442 4.981755
2994.516113 9.518345
39476.660156 11.011141
23737.533203 12.679697
12602.782227 10.884171
2216.105957 6.904835
961.694519 1.126910
1830.043701 0.271315
89.861786 0.197349
8903.227539 1.876547
10937.744141 3.938552
571.058899 2.536283
83.044632 2.136302
2900.190918 1.839229
15.864000 7.388053
980.193970 23.142185
8290.287109 54.962490
21699.804688 87.235718
20259.365234 64.489441
11316.476562 56.679890
6620.787109 35.029526
100.213585 13.603358
2967.986572 14.373874
12045.556641 16.195402
9482.283203 9.568071
6011.263184 1.193571
5045.835449 53.497852
3244.331543 19.370995
25742.261719 5.082453
1707.920654 7.114789
2198.540283 6.353590
148.692291 4.618239
12728.113281 2.982445
21873.425781 1.245180
25922.990234 23.830507
8133.790527 18.447388
2959.505859 13.068623
887.670044 8.963125
2764.999756 7.382414
6264.153320 4.555258
6527.506348 1.264531
9685.738281 1.647963
12379.906250 2.200656
5617.964844 0.674785
858.425476 3.619988
1116.177368 6.951137
2073.323242 13.885574
307.176178 6.638161
13128.796875 16.673082
17443.640625 38.715527
35727.753906 59.307140
1546.827393 65.214317
1381.126709 54.969028
1402.891846 33.878166
2123.368652 3.990806
68.380577 4.179931
3834.794434 4.867079
16456.691406 7.500971
13648.720703 3.267665
3483.647949 1.393341
645.829712 1.917706
3754.552490 3.207603
3860.571533 14.573541
4257.042969 21.168585
1462.729980 60.617275
11105.471680 127.402588
17348.343750 51.442287
629.986145 55.655746
3090.161133 48.248306
1697.836060 29.859015
1148.896606 22.151497
1135.291260 17.152628
14588.747070 11.823860
32055.298828 8.363249
35902.410156 164.565125
7413.849609 104.444969
14632.952148 58.686050
541.438171 32.867962
420.764740 7.625379
2401.192139 10.150257
33533.742188 13.221828
101797.421875 16.405787
16027.499023 26.680260
823.109009 16.754568
616.060669 9.862958
287.389648 7.021297
814.358521 0.808838
2994.010254 7.242674
723.681763 15.378122
8138.908691 18.119202
32732.031250 61.777145
40367.328125 40.658630
15428.868164 18.135361
6387.553711 3.493735
825.330139 13.225744
779.020752 2.391696
4985.327637 1.533991
1338.801758 17.026434
59723.007812 4.717111
3921.227051 15.415851
4259.147461 24.103113
1956.886230 23.213123
477.353027 8.024231
331.614838 17.962172
2807.763428 29.008982
3469.600586 32.045433
17509.667969 71.773788
4877.793457 48.604156
9881.389648 23.852217
2599.442627 8.723653
2682.370605 0.108288
3242.143799 2.210876
1756.767212 7.481282
14639.371094 15.005379
2869.850342 4.657604
5802.187012 3.690646
216.488068 2.225747
902.427429 0.597681
254.740845 5.030562
880.968384 5.169247
1348.385620 3.370304
5161.554688 3.827608
21961.750000 16.346743
2362.069824 3.635333
3782.595459 0.054256
533.325745 2.228696
3623.406494 31.412054
240.054550 14.131044
2174.966064 4.635373
17975.494141 8.899201
21276.343750 19.020737
1015.938965 37.568810
5501.798828 48.590534
4184.649414 45.879433
652.750549 2.711333
2967.617188 2.253032
4828.076172 18.127396
22715.990234 45.789146
780.795227 25.568928
3153.027588 32.449448
1427.584106 27.913435
6312.481934 14.779991
645.407593 12.463171
6652.389648 21.187355
22192.496094 29.970320
11042.171875 32.509682
2100.700928 56.057457
3673.821289 37.897911
12421.179688 20.329556
2157.543213 10.992268
5018.063477 13.499396
6835.425293 19.846502
3801.503418 19.411747
58.228733 14.623017
60862.367188 29.015394
2402.485352 8.002046
4672.070801 0.148094
3865.291016 4.287527
10884.507812 34.269463
6921.228516 24.955708
3996.879395 12.140551
5971.540527 2.868804
20008.755859 28.110277
8628.481445 27.559504
961.394714 32.200283
1352.644409 36.232254
1593.379883 2.254945
8188.290039 0.902732
13457.818359 1.332072
40551.750000 2.828536
7805.768555 11.298758
11083.089844 10.919813
7117.839355 8.540015
789.368408 5.170738
2934.554199 16.731871
2833.055420 13.952650
2477.455322 8.641404
5629.519043 4.782538
22645.361328 1.749420
9512.518555 3.498688
9117.768555 9.201394
12243.244141 14.813542
904.949890 6.838415
2730.286377 8.289867
8722.579102 17.346710
24224.890625 31.969160
26017.304688 16.328978
5354.386230 18.163700
1446.946167 16.034302
1868.851196 10.925926
1723.899658 6.246184
1157.891357 3.852692
1596.488037 2.409277
11043.333984 6.463795
17476.486328 31.430283
16233.691406 16.436752
4495.436035 9.575121
1087.042969 7.561895
1358.078247 19.392588
2542.270020 14.652608
3700.147461 10.498648
22285.535156 6.221456
36908.304688 47.723141
2354.251953 41.860680
508.880524 33.653782
1678.290405 25.693518
3581.717285 5.808821
3165.742676 4.282402
5652.978516 3.968183
6119.912598 8.455750
15286.113281 7.897242
5976.215820 3.654419
15269.367188 4.154431
4025.818359 5.779406
527.262207 11.758033
980.407654 1.213945
11530.802734 10.297777
5166.088867 33.506706
42162.906250 71.644882
8845.603516 76.420708
1559.010010 62.676624
5602.748535 36.624935
907.545837 8.064010
438.471008 11.938918
3516.733887 11.245239
653.476013 7.396014
708.903198 26.077499
15952.312500 9.413389
4079.600098 1.678831
288.430847 2.743907
8202.778320 10.207845
5884.059082 6.790051
3192.354492 6.041726
24743.730469 7.607346
23351.773438 15.584417
278.986359 18.902668
4220.483398 18.502138
6722.729980 14.913270
1398.144165 12.719584
2705.410645 8.734011
7999.959961 5.602549
3406.735107 9.281177
32778.730469 4.793256
14173.791016 3.567356
1215.088379 8.279057
1117.068359 12.731798
3535.972656 6.335879
2339.242188 6.152026
2435.697754 8.494756
11699.586914 11.099418
69304.867188 39.226257
23732.648438 30.128880
9733.789062 19.476948
14159.815430 10.800120
504.105286 0.618527
6856.859863 0.726397
13940.472656 4.113221
21689.085938 10.705827
15625.130859 2.217513
4825.382812 3.370355
581.140991 3.530198
3451.572754 2.230265
2844.401855 1.485784
2410.700684 0.671614
14663.048828 1.013388
55447.796875 5.023891
28484.902344 4.995346
9085.969727 1.043275
758.075562 0.719244
2181.488281 1.507766
756.603699 0.177515
1856.732544 0.058924
283.533966 0.014300
7113.541016 0.278737
1990.276245 13.156462
1898.508057 7.327425
9537.820312 3.102265
2318.033691 0.895920
421.652344 1.986430
1809.408447 3.985836
6696.117676 7.520431
5074.088379 10.383636
42719.796875 14.559227
5555.933594 11.328158
1250.490234 6.667046
478.239258 2.953975
5886.873047 3.332491
5505.693359 7.317678
3026.438965 11.370493
12805.786133 13.427531
13282.902344 6.932420
27487.839844 4.455441
3205.680664 1.976747
634.738525 1.320090
613.426025 0.381724
4862.452637 2.148911
22350.492188 10.629209
26331.554688 26.449768
8360.456055 2.696487
405.953796 2.630939
4466.910156 3.012433
212.160370 1.864700
469.447479 0.759558
1484.628906 0.887165
7470.666992 1.980141
20125.519531 5.153902
20414.343750 32.944473
2323.148682 17.652672
5259.958496 7.325696
624.145447 2.253928
2182.731445 13.623650
482.460999 13.362684
8672.653320 10.631682
18669.292969 5.492762
13441.500000 59.314320
3933.308105 38.292511
8304.376953 22.656761
283.322540 15.141126
956.525146 12.209269
3654.750732 6.462714
9650.922852 10.565048
9300.494141 22.633448
46742.042969 28.451794
8198.980469 35.937214
4026.746094 33.868698
10239.406250 23.819464
2092.667480 4.650514
5832.489258 7.689211
650.739014 9.901286
16787.314453 10.308220
16198.470703 4.492212
3104.449219 2.436371
731.417297 1.405250
1966.751953 2.197572
945.612671 6.037581
948.457764 16.623241
1541.148804 33.581799
5170.987793 54.303093
28328.888672 11.295097
28395.923828 5.569464
6117.151367 2.226361
264.441528 1.803124
206.152817 1.614469
102.222710 6.093028
2583.169434 8.334814
4924.135742 6.183493
30863.486328 79.884514
7672.029785 43.365456
10084.652344 15.461737
2242.764648 2.236498
2275.042480 21.366409
8967.759766 19.752390
9781.430664 19.492935
2866.458008 19.538601
7315.555176 23.827023
11614.460938 26.861803
1686.751831 26.585335
191.507706 24.128656
761.426025 12.855861
2785.885498 2.978797
6466.438965 0.857727
6903.560547 15.483202
40894.441406 1.835143
26285.958984 7.269451
11271.897461 16.458998
1253.588623 19.337118
6425.876953 9.781326
3151.935059 2.668797
1340.386475 6.440545
15938.333984 15.568853
25455.605469 65.129936
19390.923828 63.388134
6210.695312 48.356071
14921.206055 27.275755
497.618347 8.288239
1552.156982 4.760701
5723.185547 3.049234
20729.021484 4.659352
1974.228760 9.644686
15880.805664 11.425769
1636.362671 12.480126
1341.788086 11.402291
344.937012 12.397932
2271.131836 4.871169
4734.295410 31.563778
14397.328125 87.534256
19605.740234 50.139961
10246.857422 68.676842
6764.596680 64.861137
2994.204102 40.151566
448.887238 20.648321
3939.311035 43.580055
10730.814453 61.878754
43181.437500 59.209297
993.754211 160.953339
10358.756836 99.016159
4096.947754 43.275944
3597.206055 15.767933
745.283569 22.326870
4478.291016 14.008439
15503.511719 13.593498
18361.089844 29.925228
15291.088867 3.102442
16743.667969 10.769905
15186.823242 22.306681
1048.700684 27.176390
126.474594 19.553427
914.207581 22.895176
7550.215820 38.222610
15742.711914 53.501328
30094.910156 132.353180
25791.533203 105.533401
1603.209717 68.107796
40.946274 35.475029
921.330811 28.641050
5552.894531 37.287014
3707.650879 54.552654
1515.052490 75.264267
8692.531250 69.334351
498.859192 55.563133
441.872040 41.049835
1911.944946 30.549166
1477.029663 19.026709
5495.984863 13.450905
10035.876953 9.461455
3781.331299 14.786693
31300.841797 46.997467
4415.718262 29.514765
4872.098145 23.140558
1137.291016 21.724289
2954.982422 19.959909
2199.784668 21.866903
10575.224609 21.548544
25112.603516 16.753700
30443.001953 45.427486
40874.789062 34.657082
5136.004883 24.898087
364.502808 19.935818
696.477478 13.247768
331.317810 7.365438
1473.521240 8.255467
3572.288086 20.810928
9513.085938 3.907260
9581.215820 10.281692
2078.750977 17.084040
2923.597168 18.250141
2432.848633 10.520109
8114.338867 25.852413
10123.399414 50.836380
518.225952 74.660538
23493.322266 74.527924
25530.945312 53.036644
5256.813477 28.505283
3632.947266 11.676439
11274.117188 43.527676
23341.951172 32.666767
15096.584961 14.859466
474.599426 1.695144
52416.015625 62.783943
30167.646484 43.782734
7855.404297 40.299313
455.924744 43.985622
6212.986328 23.890709
293.837402 17.796484
4567.415039 23.826170
20325.166016 47.976421
38719.457031 2.960739
61993.375000 15.864463
24276.986328 27.921350
9457.593750 30.381245
849.580688 7.933839
2596.438477 16.262419
5426.165527 37.481483
3609.746582 57.369232
52178.714844 120.536110
16899.080078 92.498695
10659.836914 53.773930
10697.618164 21.248692
1359.094238 22.303455
2918.624756 23.705715
1970.671143 18.482286
5268.789551 13.096180
1120.773071 20.239742
3156.486328 5.809734
1116.651123 5.660349
1808.115234 14.146567
935.307373 14.382740
2865.735352 18.364410
15256.368164 27.696079
8887.598633 44.143478
3319.935059 6.498405
18203.605469 5.977815
3834.155518 9.066827
421.834534 12.108761
1381.006836 37.115574
90.440033 30.162033
2532.472168 15.088570
2271.687012 2.792591
12717.634766 98.882149
2853.796387 57.769684
2723.572998 38.848640
112.264465 36.396980
1874.654785 2.996124
1024.782959 7.405877
4659.981445 23.643385
6834.278809 43.609047
10230.607422 77.692207
555.992615 60.017624
1539.093628 35.535603
856.644714 13.600927
218.653763 12.716950
574.058228 11.909522
2454.258789 25.087854
6600.162598 44.763763
16422.335938 58.399109
14780.215820 59.040451
19425.679688 46.047798
3445.927490 26.881067
1261.305542 0.078008
247.956924 0.217698
7784.776367 2.065904
7416.997559 8.288254
4103.339355 15.341411
1059.226807 5.362922
5411.083984 1.048933
10650.032227 0.109205
2163.480469 3.846926
960.252686 9.411618
2118.464844 11.379450
4654.337891 8.014331
1122.973633 35.501617
1713.326172 16.627956
438.551483 3.685661
337.779449 0.081591
4817.015137 6.823445
8514.197266 6.794045
15963.252930 38.589058
10593.901367 97.451904
64394.687500 26.726198
19969.636719 43.483974
8004.956543 43.230804
5185.960938 25.921310
2843.474854 21.126802
4522.477539 24.832767
414.441833 20.548796
5976.618164 10.058829
67034.414062 172.932861
39101.468750 95.935242
18654.697266 43.143841
4177.622070 21.463934
1007.247986 28.670092
2994.401123 32.492702
2269.414307 40.727032
1209.322021 45.477661
12233.927734 67.828323
12642.521484 61.685596
14899.960938 47.524990
3330.428955 34.144127
935.057434 8.702902
8147.973145 13.848503
9984.597656 13.075909
5003.878418 7.084300
17551.201172 30.022652
5073.793457 10.949205
604.080200 1.395056
473.256744 2.233202
235.642334 31.279240
768.693115 24.534702
5271.565918 38.037003
13447.132812 70.232506
21097.345703 51.031982
3838.771973 63.378304
5561.896484 62.751095
3344.208740 48.743904
972.686890 8.745587
1479.110352 12.807184
6639.053711 11.707383
49349.492188 7.071897
26117.703125 45.404030
16657.761719 19.793707
8016.360352 5.726931
1069.483154 3.886962
2084.622559 5.961896
80.619331 2.657639
566.172852 7.558847
23085.267578 20.592896
13347.808594 11.881054
4207.187500 17.516254
7960.740723 18.180180
6528.958496 13.098216
433.392090 11.020069
3185.464355 6.790074
1312.575928 3.067761
5809.590332 8.101618
23332.335938 6.835127
5040.365234 0.457922
7631.783691 4.260640
1420.006836 9.982552
4002.123291 0.721419
13916.181641 10.803704
3559.079834 39.734276
21501.619141 75.469040
31188.367188 64.336647
25237.695312 55.635666
2900.091309 34.387081
8422.263672 11.465447
3020.155029 36.336636
3229.177734 36.594551
5408.290039 22.199226
25885.996094 4.891453
26748.843750 81.582489
16908.208984 35.059948
13866.487305 18.515738
3733.720703 24.919367
397.899292 18.630455
1000.715454 19.269283
6952.441406 32.707386
22223.517578 56.933243
19444.472656 20.253838
24584.082031 29.230896
167.106461 31.070667
8452.544922 25.458773
440.236694 9.341307
199.945526 15.518987
8597.165039 13.247622
40332.039062 4.653305
4051.324219 70.994041
10163.467773 29.691105
4638.738770 6.153660
401.167114 2.184794
1776.670898 7.420968
738.692566 2.574916
3118.828857 20.515594
30681.804688 55.049717
11710.150391 43.492241
9651.277344 55.466072
7242.798828 48.812523
677.847656 28.006477
1440.729492 3.491687
1904.040039 1.717140
1201.214722 0.139945
564.095825 8.575061
54872.660156 38.587109
20102.472656 9.972191
14860.747070 0.303475
3655.425049 1.478094
252.770935 33.104469
1223.492188 28.932739
1304.052124 21.283619
1544.445312 11.644349
15307.043945 75.829582
957.061279 57.402641
2523.279053 43.710827
5374.237793 36.515823
3455.487061 2.089318
2279.104248 9.176036
6305.030762 23.238400
2157.698975 40.427731
7017.595215 40.579536
8876.444336 26.400902
316.907532 12.840643
42.283245 3.671008
175.051666 8.228682
1940.712280 10.557029
2497.517822 23.306307
7986.961914 45.555706
7979.900879 37.759541
17501.683594 29.815960
9930.308594 21.615662
543.985596 13.386963
764.414612 8.005985
4467.201660 10.738185
7565.084961 28.453281
341.195190 51.735588
11604.221680 166.929749
34.836292 118.337624
3907.140625 66.822083
1097.095947 26.944630
782.579773 75.532547
157.168884 97.262787
148.519348 111.888298
2226.377197 102.935402
21891.361328 202.573196
52166.746094 146.475403
2468.147705 94.863571
1138.543579 69.842140
531.276611 5.334084
5195.635742 3.990523
6631.831543 5.793778
4378.630859 13.129802
531.945312 4.139644
2621.394287 4.101857
5310.498047 5.892410
112.536980 6.578222
2012.228638 14.735114
3931.807617 5.889047
10156.738281 2.574361
6131.327148 12.695808
390.309235 9.047350
3696.705566 11.535794
710.802246 18.041546
2849.361328 20.174059
2649.752197 24.743225
5209.054688 6.672788
6072.723633 10.644467
2237.894531 43.504227
5368.744141 19.116331
4574.431641 42.216347
10720.136719 54.487625
476.287354 46.611332
3222.979736 19.561922
16626.085938 39.374786
29811.406250 86.736923
49897.839844 131.892715
5229.161133 201.200043
4577.585938 163.748199
1233.713135 100.167908
3789.776611 42.683826
5787.555664 49.194336
894.768127 63.910931
9258.680664 55.785126
74412.125000 29.756510
2801.104492 70.194962
5236.484863 25.041245
1928.283569 10.114131
3688.354248 23.983646
202.853348 9.875883
2179.279541 3.766752
4284.343262 5.592206
10168.764648 19.026430
21322.328125 5.555515
9434.583984 12.554973
11136.443359 17.820152
4682.897461 16.597378
3454.806152 0.924895
15672.998047 1.292876
9495.730469 3.647403
3842.514160 9.549400
21734.787109 22.793070
2652.873779 11.598190
275.012512 4.929731
1946.243896 1.883537
805.214539 2.576657
272.003937 4.166306
675.787720 7.881618
4756.646484 9.837818
105013.062500 79.085510
58299.761719 51.526730
9237.631836 25.627195
2291.506836 8.649042
7211.978027 23.372234
231.471191 25.505833
685.637451 25.907982
8.732579 22.503416
12710.237305 52.223179
25599.802734 39.750290
1044.806396 28.949078
7177.145508 23.477982
261.881500 1.187016
4038.535400 5.159730
10944.019531 12.067629
21857.671875 18.971943
9531.272461 7.339316
11163.004883 6.753418
2270.606689 3.934464
2010.413330 1.198719
202.604462 15.965919
2740.652344 10.021685
14684.970703 13.513518
16910.218750 34.287224
3631.292969 17.466740
2626.471680 16.079294
7015.134766 20.340672
386.703400 21.224705
1424.116943 22.015705
2155.333008 27.969929
899.702393 37.021004
235.140320 39.985191
6418.732422 106.797104
8764.952148 79.913780
1077.368408 49.599388
2957.982910 28.274851
3583.962646 13.579335
11284.198242 13.151548
10882.958984 12.198044
14634.591797 12.860900
14692.885742 13.603702
6372.207520 10.391283
2471.523193 10.698292
3318.927002 12.481068
138.991745 28.212009
945.485413 47.976646
10395.954102 80.158287
32159.404297 108.099091
47170.539062 88.452049
19964.972656 74.651802
15158.437500 49.999203
1456.714233 30.005844
1358.601318 28.549648
930.446289 19.422985
569.553101 10.684377
1034.823486 18.505770
25708.083984 39.683220
19561.232422 19.329704
14957.517578 20.439459
3452.277588 28.001938
1297.105347 19.231392
2161.152588 14.092172
2811.967041 9.839973
18576.375000 5.620503
53688.832031 51.298752
2870.151611 44.632202
1517.170410 35.328804
2506.476562 26.306570
2399.591309 8.014503
7399.322266 7.934763
16077.068359 6.499854
8101.253418 5.069073
7378.788086 1.829371
10171.552734 1.702975
3753.574951 3.681016
533.231995 6.321513
36.508408 15.774033
3459.323242 6.954277
9777.077148 0.722458
17072.457031 4.307666
36853.519531 12.714351
10729.417969 13.438116
6458.272949 18.308737
4124.405762 20.304358
3238.096436 2.466107
8169.940430 0.967790
14439.121094 6.370263
9294.836914 13.498440
19105.177734 45.079819
1161.932007 40.167820
573.528809 27.142763
4665.717773 12.340200
46.511906 6.252600
3470.814209 0.731117
8417.083008 1.826390
1334.934937 11.998815
54035.421875 3.589626
31189.029297 10.413107
24086.433594 14.505609
4173.504395 12.616939
74.323013 1.411942
2409.937256 12.298559
28531.599609 28.014952
30448.425781 38.575512
11449.211914 52.970608
4508.422363 37.540283
22554.085938 17.293522
8210.381836 2.905645
964.465454 8.132521
227.811600 10.411658
6778.960449 9.232086
7070.807129 6.561246
4777.608887 10.197453
9512.027344 1.880113
5683.607910 0.162957
3049.517578 3.519536
978.532715 4.406477
735.546448 7.498417
2611.799805 9.880455
8620.598633 11.851235
3883.895264 6.929217
5158.275879 1.720167
72.880188 0.006617
7.339426 1.388160
3910.841064 31.305471
7594.923828 47.722534
1808.342285 53.551243
860.340576 44.887489
5573.064453 32.097088
2339.632812 14.665944
8238.113281 7.399427
3820.390381 14.420514
894.216064 25.867352
2054.659180 25.967411
3947.594727 20.456059
2087.100098 20.062504
17096.501953 25.094593
9663.827148 5.360647
218.706833 5.979519
777.421387 16.966835
1758.711426 7.687847
12762.029297 5.640307
3779.460938 23.608364
9456.386719 52.051590
4603.304688 75.006798
16.514648 74.177505
4612.953613 55.338570
2090.353760 28.162949
5256.652344 2.925809
10118.569336 3.234933
889.570435 1.276672
16146.386719 1.031954
14867.573242 27.334064
75.586670 8.915639
1393.346802 0.842545
2207.198975 0.661042
1439.746460 11.598643
976.690857 4.830152
1265.536865 3.157679
5740.537598 6.241259
76968.843750 23.088173
10110.806641 28.616966
7953.062012 27.557522
2070.256836 20.665724
6933.529297 2.927418
2007.503296 9.473993
2663.459229 18.099028
4652.984375 25.409580
16378.116211 6.302431
3514.815430 4.446163
2843.101807 1.653162
1829.296875 0.428490
1254.496338 5.302140
792.970642 2.427510
1650.877930 0.509052
4620.250000 5.305961
14152.455078 7.283002
9353.090820 0.960494
1587.783691 2.102885
251.672546 5.069129
3356.554199 5.907475
9079.910156 1.756036
23281.558594 1.136513
30721.324219 3.445296
1746.802612 30.094919
5179.710938 26.902328
2696.309814 20.595072
2044.772217 12.831278
2143.451172 26.221092
1136.800049 37.878212
4283.898438 38.562263
10965.961914 28.373785
64249.191406 32.277851
25853.890625 11.074979
9175.650391 3.762150
3563.962891 11.248020
2778.980469 7.787854
10072.998047 0.127253
18211.740234 12.200926
10008.337891 50.459328
30173.197266 9.373370
5043.119629 17.731916
157.922653 24.464132
465.893555 20.256533
1833.686279 2.177829
7077.672852 4.913248
3830.734131 13.288458
7452.881348 19.539902
17454.390625 109.503922
5910.125000 75.433838
1125.060669 39.215210
4220.968750 12.850542
476.720276 5.803885
2144.724365 0.072019
1067.203247 3.873309
5336.900391 13.469628
19336.648438 40.374268
2446.444824 42.626900
7.756973 34.120613
1366.203003 19.309818
2671.613037 11.737144
2483.264893 16.589380
5511.048828 18.390606
19326.181641 17.545698
751.525208 7.317704
40.754700 1.785656
4140.038086 1.436801
295.617523 5.645166
1598.445435 18.992115
1892.696533 33.431915
21848.818359 36.336121
38797.750000 26.796440
1519.322021 64.459610
3045.241455 24.510906
944.956055 3.154422
3638.352539 4.107650
13902.184570 6.664576
9912.333984 0.986760
5485.446289 16.950352
9461.646484 48.144440
13408.478516 56.352730
8569.798828 62.993374
15766.524414 51.739525
588.671448 28.285112
9469.002930 4.774163
10958.537109 2.547725
14540.106445 1.242303
142659.234375 3.470193
101760.109375 13.042765
26332.123047 8.222992
10146.763672 6.631865
5580.488281 6.098059
6566.755859 1.299962
10878.818359 2.174680
8866.310547 3.453259
3670.553223 4.463486
3315.915527 4.463486
3670.553223 3.453259
8866.310547 2.174680
10878.818359 1.299962
5420.292480 6.689038
1069.584595 6.011975
1942.495361 3.678399
12082.009766 1.371633
344576.218750 0.959891
91729.125000 0.586180
20067.208984 2.542962
17149.050781 5.204278
11406.633789 1.748867
3110.085449 6.406953
4832.429688 12.099125
2749.201904 15.853706
14800.729492 9.577250
16271.562500 6.526680
2004.465820 2.554932
8456.250000 0.371773
74.311493 28.850384
2661.796875 24.758749
4735.892578 21.020117
1991.510010 25.409857
1612.405762 13.656983
2482.901123 12.561160
1206.056885 19.876144
283.413727 27.282068
2989.812988 1.867074
2066.625244 2.026788
8190.095215 18.387428
15172.905273 46.695648
13280.596680 33.964958
6890.420410 35.658707
333.072845 27.918989
8864.984375 13.686684
756.629272 1.786230
288.487335 0.110830
1557.354248 2.826149
5833.971680 18.135969
7229.104004 20.793640
12040.222656 3.932498
5131.951172 0.263641
82.520607 1.728446
2.650157 14.446983
1285.769653 9.750200
1067.269531 8.710632
251.366562 7.691432
687.247009 82.292252
2787.969727 65.566818
307.365387 44.473789
2002.074585 26.019514
1186.848389 16.326616
3337.743164 18.408512
19018.146484 20.608665
20247.361328 22.493423
3236.834473 5.896185
9727.791016 8.977026
5873.328613 11.883713
1006.439575 14.272438
472.287048 0.104802
284.857391 1.074688
10221.945312 4.980459
17017.812500 12.077055
28928.175781 3.826649
23480.933594 2.446576
17253.189453 1.662697
5822.046875 0.744789
382.152130 0.090000
1815.752319 2.281532
3175.205811 12.743635
8813.558594 33.788548
1820.403076 20.163536
22117.884766 10.189576
5035.594727 5.175879
213.353638 1.980731
310.036499 53.534672
2678.284424 67.720940
13812.064453 68.787201
20120.328125 50.340851
4467.393555 148.832657
472.139709 95.245987
4289.717285 56.230507
16.289486 43.956291
636.444214 2.846627
4860.987305 0.038745
9061.782227 4.678004
22290.607422 20.892498
127.477348 23.395527
10102.851562 15.159728
1379.871094 11.317604
1023.946716 7.619708
641.790649 23.644054
2622.802734 14.814724
7117.285645 28.032726
8148.300781 55.342518
17195.199219 78.966423
2568.460449 89.123077
2144.162842 76.633652
1925.088257 49.342812
5779.897461 3.207641
11324.393555 1.616962
6477.935547 4.525634
15035.243164 10.103656
18991.431641 27.630270
10198.824219 24.110973
4137.032227 17.120859
1452.512329 9.111296
3030.949219 0.245510
2152.113281 9.813262
6339.320801 32.835629
20888.992188 62.153179
14074.801758 30.754953
883.487793 26.261236
476.885132 15.670792
5393.737793 4.250417
4786.396973 0.129181
1320.505005 8.517874
4130.693848 32.566277
34620.660156 58.235607
51606.652344 89.789299
9666.599609 72.906509
17548.187500 42.422459
1209.516357 13.355708
1229.302979 6.786268
1483.310913 13.551882
9609.216797 14.943364
9599.688477 10.145270
9158.528320 41.065853
8966.122070 17.350527
2306.489746 2.985838
3004.877930 0.762298
676.428162 6.087217
867.868530 2.165338
3189.070068 0.869425
5541.953125 3.830470
38641.417969 4.526478
18064.105469 8.245649
1652.380127 10.564438
1804.997925 9.696122
234.186127 2.683303
3515.254395 0.537677
8283.186523 0.229518
19378.478516 1.999057
1489.558838 9.562701
5511.336914 9.491652
1645.254761 8.183926
2044.008423 5.645293
273.075775 3.847657
4118.563477 14.266027
23050.919922 27.272648
47690.980469 36.069214
2724.701416 24.456898
3844.770996 16.682562
4874.934570 6.808643
249.707535 1.156506
1336.127441 11.812730
660.455933 24.290522
2622.239746 32.373367
15113.427734 32.045197
20466.085938 30.363405
7474.925781 13.031049
11012.321289 2.203838
2062.047119 2.315640
2014.942383 44.394283
389.944183 53.312515
7657.335938 43.282196
8244.062500 21.229097
31408.976562 24.725998
1751.894531 2.374813
1184.796997 3.542906
151.686920 22.653696
512.486877 38.493790
1235.858398 38.315956
3429.968018 27.562027
10512.117188 13.445396
2105.943359 3.610859
26835.003906 1.671336
6051.660156 12.039526
3197.047119 27.560743
372.322021 19.379946
15632.291992 12.397924
8691.861328 5.285517
72624.078125 7.580248
1473.591309 1.687608
10602.927734 1.679330
2508.517334 10.698864
1007.888428 18.918346
3997.979736 10.459064
4803.649902 8.750495
4569.297852 5.627727
42903.464844 1.925647
5320.880371 30.289923
168.976746 21.383753
1138.924316 15.038795
1465.431396 11.861526
6197.518555 5.146172
6092.291504 0.963841
18907.003906 4.612326
22071.312500 16.517094
40826.589844 11.349809
35290.925781 16.793074
984.628052 17.572269
1957.441162 12.587845
8815.099609 7.983965
4909.855957 4.576011
7155.043945 10.896232
11493.974609 23.141163
41799.968750 35.337368
49445.921875 38.489643
41644.558594 31.837057
3800.930176 19.233654
2552.370117 2.980865
584.228760 6.649833
55.575909 11.833675
4447.772949 18.017580
3545.668457 3.607345
825.236145 1.140132
752.767761 0.283432
10620.242188 0.893287
698.075562 1.690183
5386.845703 2.051619
14074.093750 6.499370
39547.125000 14.807524
50924.320312 14.825886
5532.655273 11.404134
19471.982422 7.829226
7640.714844 4.194181
3038.572754 1.997673
512.303345 1.889369
9100.893555 0.877434
29357.726562 0.909017
29974.962891 20.976072
10089.392578 9.303329
4615.422363 3.128411
8153.508789 1.598294
1015.620117 10.987713
1848.313843 11.473690
3571.953125 13.084984
6504.818848 16.011372
21280.648438 3.256828
22856.343750 6.433821
6738.699219 9.157785
2950.695801 10.578934
1081.270996 4.336727
135.912720 1.564333
1071.177124 0.519416
11524.641602 3.560645
27932.833984 20.914711
6418.400391 13.917003
2984.427002 9.844087
5456.296875 7.116441
2700.746826 2.981877
11694.512695 1.948352
10683.074219 1.643829
3522.349365 1.751046
18187.902344 15.417659
16781.173828 12.019037
2234.159668 8.261646
1150.408447 5.081137
3607.802490 2.167147
10260.949219 0.794632
9982.301758 1.386386
47595.695312 5.943588
105297.765625 8.276745
23518.318359 5.040164
3191.325684 4.093029
1446.120483 3.488261
5009.760254 2.690347
2646.436279 8.196326
6521.068359 13.223001
10542.371094 15.610813
59621.804688 39.182114
9552.778320 20.690342
267.104645 6.785426
820.576172 0.978552
2221.385986 13.506248
1746.833740 3.585160
5881.494629 5.502963
10165.819336 23.043839
24518.871094 37.854256
6810.010742 38.453480
128.696594 36.031948
1091.009155 26.882185
300.372009 0.124522
4207.773438 0.040935
13898.958984 0.939763
41619.164062 4.908716
7873.376953 25.397583
2380.408691 11.810782
603.403931 3.981321
1163.824219 0.876613
2454.626953 9.316602
1034.558716 11.277319
3573.774902 15.539810
1985.602783 22.076576
32465.521484 51.465721
10210.500000 32.470478
5576.815430 18.506868
3095.085938 11.079309
265.781036 23.997387
1984.334106 9.902125
7576.991211 1.417822
872.421509 5.726482
3057.938965 39.072720
4307.105957 39.250690
1203.283081 40.071922
1743.098022 35.521057
659.385376 4.169976
294.145874 21.004711
3677.546875 47.161400
25123.865234 69.406441
12285.673828 50.736515
122.428185 38.837143
2094.602539 19.279818
11750.685547 4.293509
159.741241 9.746433
48.382507 21.888803
4745.465820 25.676367
28312.150391 18.477976
6698.223145 74.443474
20289.644531 33.059711
1991.739502 6.334455
2717.200928 0.390927
69.686996 20.958330
190.900330 17.176216
1964.061279 11.841352
2836.364014 7.894179
19994.843750 3.804206
1336.432617 9.734813
16386.992188 16.464573
3301.235596 20.840689
249.582443 6.411146
5267.131836 7.669005
9984.490234 8.118589
7251.771484 9.500770
8366.904297 6.308850
11418.439453 1.850053
4084.858398 1.658604
182.890503 3.954333
860.060974 6.577750
435.383850 14.318036
2893.460938 21.193926
34208.824219 21.337740
15913.478516 59.240952
10336.789062 36.982868
14581.360352 16.509604
5549.738281 5.758897
878.433105 5.619320
1789.076294 6.616881
10116.426758 21.406765
3538.463623 48.743816
30859.638672 7.474578
9478.600586 15.332449
9692.151367 17.343828
7862.523926 12.196033
2293.997803 7.413867
346.700775 15.968412
462.295685 27.347767
14198.380859 34.613781
9570.192383 65.330574
4488.230957 43.691875
7215.875977 21.930489
726.855835 8.565101
2010.608154 2.878106
580.046143 2.229620
10712.649414 5.808854
19584.425781 19.003956
10745.960938 9.296228
6486.435547 1.133201
1367.077759 0.923051
472.057007 2.764721
6620.861328 6.901146
3808.837891 11.653120
5039.094727 18.545500
8551.767578 19.806814
23903.322266 84.837944
16318.444336 59.434593
12050.617188 31.691147
2655.908447 12.553446
1519.865479 4.119508
1765.505127 10.349331
3538.624268 27.497364
2591.005859 49.777546
36248.207031 17.199150
2040.677490 20.190279
1533.001099 15.854254
1673.843750 8.026623
2125.294434 18.738924
2188.324707 13.050760
9009.674805 6.878786
46931.535156 13.512620
52744.101562 50.611427
8687.195312 21.678951
1165.674072 14.424725
6650.923828 17.603136
1781.450439 14.360497
3852.458008 8.018355
7182.124023 4.278237
5186.778320 1.759788
3361.323730 74.959457
3854.847168 58.975758
1172.794678 40.803085
10980.393555 25.157837
46.131245 2.481228
2756.953125 2.504117
9055.482422 2.709268
13379.517578 2.300969
64576.562500 22.501183
27962.378906 15.146561
27334.162109 8.417195
3294.072266 4.102044
784.758179 13.488779
1958.767822 11.405394
15506.706055 16.292000
16922.269531 25.975838
13725.762695 30.092995
453.387543 32.407852
16376.169922 28.630371
10515.335938 20.764435
1855.396973 0.662170
4127.798340 0.569831
123.865997 3.717889
16574.550781 8.881859
16575.708984 12.966202
22730.626953 11.470025
17837.431641 7.943349
173.190765 3.668303
67.544167 11.299070
42.574162 22.976856
2458.203857 36.567184
8833.498047 43.427307
8203.011719 44.591202
8170.957031 32.504292
509.408051 17.679760
260.383392 8.948217
321.056274 3.030525
4197.602051 5.295292
8871.766602 5.382148
12423.166992 3.794440
25365.318359 19.628933
853.995422 8.039817
2581.563965 1.565251
650.428894 0.674364
785.055786 31.530472
2722.392334 33.510590
1145.839355 54.023796
692.107117 91.737373
10361.112305 18.961887
1504.452393 34.845325
2331.710449 42.439510
893.086060 38.798111
1366.169800 16.403320
6185.743164 18.550152
19443.039062 19.170118
7832.067871 17.333668
24064.023438 91.652100
4226.163574 57.370071
8476.107422 31.389664
3919.761963 18.501278
3246.148682 16.424335
1057.123413 4.618140
1057.027222 0.988710
41.874458 7.786822
10175.246094 30.901100
1831.716187 38.101952
3763.830322 38.375114
1390.975830 29.980743
1512.112305 18.999765
2654.518555 40.686810
11910.876953 56.054825
17870.585938 58.395348
7444.144531 47.530411
6556.077148 19.331741
5536.795898 2.079439
262.095215 2.768793
5529.182617 11.253433
3566.801025 1.527477
1504.407227 29.644922
22998.537109 94.434067
28099.609375 47.946220
17731.738281 65.381966
11738.486328 63.836792
13827.458984 40.437004
77.205551 2.299525
5826.503418 1.873123
16854.566406 5.045996
19679.169922 5.623192
30591.671875 108.263252
12501.959961 74.500183
5240.140625 39.300781
5406.528809 13.735760
2887.122803 22.004581
2946.757080 30.811504
4583.419922 38.337250
3598.231445 42.046417
44901.496094 3.532603
49101.363281 5.539991
11716.623047 8.821994
367.892822 14.268621
334.936157 9.970546
5717.396484 12.601250
9277.156250 18.514795
1302.587524 30.879829
59389.964844 36.021564
11058.892578 18.847094
9979.083008 10.764046
5362.940918 8.934067
7407.148438 9.757483
1051.554443 5.363754
4672.931152 1.124724
3267.856201 0.770214
5942.837891 48.259163
738.992554 30.427073
8996.771484 19.339609
7382.937988 13.600276
896.166138 18.619291
893.264587 15.464543
3301.190430 16.602787
1155.872314 17.800894
42263.660156 77.450592
5503.259766 64.304970
1100.646118 45.872246
3670.639648 29.018476
2468.883789 17.597078
1643.768799 37.638569
12905.504883 64.501884
24431.113281 88.155807
14819.812500 17.523054
9323.243164 16.052607
7268.422852 11.111278
7993.687988 9.392817
3439.635254 61.558441
532.932190 91.131081
11067.485352 98.150955
32306.814453 76.538124
33910.496094 183.006622
21903.976562 96.122292
1497.969482 42.579170
5332.443359 35.539932
4173.651855 47.989323
8281.183594 22.958193
1372.891846 21.480238
6904.440918 54.646008
8453.779297 52.531197
45569.632812 72.736137
12142.658203 84.335495
2516.211914 74.697884
2675.839111 5.837271
879.940002 7.920883
2933.759277 5.419497
21008.396484 1.544413
8572.302734 55.573681
6559.483398 24.211884
20155.968750 6.663871
5690.236816 2.770677
1792.304443 9.143412
9213.108398 1.592947
1466.732666 0.221137
4806.895020 3.613033
34832.347656 33.887684
8908.624023 36.784416
3335.262207 31.596840
6401.830566 20.738501
2093.727783 12.417494
1836.746338 18.655939
6796.733887 19.969709
25640.679688 15.621239
47994.210938 7.846232
12664.875977 1.659204
5611.845703 0.428041
3655.424805 4.877740
80.970596 2.653500
2279.531250 2.548948
1021.646667 3.309815
2630.906250 7.290410
624.304199 7.378682
2526.384766 2.238904
4400.309082 1.247454
1978.043701 2.085124
1970.643188 5.805288
1883.695801 7.753004
2172.813477 16.345806
857.016846 28.996000
5492.247070 18.811321
4814.700684 18.918604
725.169128 15.203351
232.307953 9.510685
361.721069 2.261506
4407.430176 2.477710
7092.447754 2.437144
13603.717773 3.641615
22633.265625 31.898645
11517.585938 16.325500
52.838081 6.609440
3795.544922 2.734003
537.455017 8.060560
1879.778076 10.357972
20112.472656 35.366806
26326.333984 70.282082
9312.839844 79.677521
9558.716797 79.050919
1676.872314 57.813560
3298.358887 28.196213
162.401764 33.647949
259.798492 55.672405
6291.129883 59.741302
11080.248047 43.133415
31668.861328 74.336723
45865.398438 27.719896
5836.080566 4.372535
56.543804 9.950812
1061.039429 1.130233
15840.496094 7.022401
16761.263672 21.533991
29324.158203 39.568848
27711.923828 38.048813
3935.656738 28.685356
11682.801758 16.117022
3130.488770 5.144107
3096.768555 9.578157
3039.059326 13.581297
2623.475830 27.956072
14540.459961 52.581459
8296.225586 12.297770
6336.233887 12.938087
2827.047119 13.331179
1268.137085 11.349818
1250.305664 6.855442
2037.625977 9.076824
3217.439453 7.558887
12263.623047 2.752994
16852.300781 92.216354
13099.724609 50.064072
151.132416 20.428677
2046.316406 7.601603
3173.569336 19.659752
3642.445312 14.424265
4226.158691 11.729128
6189.012695 10.990889
44486.214844 28.393322
808.848389 32.450066
3234.161133 31.321526
1965.592773 26.173286
2319.886719 2.178589
2530.508545 2.051990
632.088501 2.083381
16850.335938 1.595679
16048.987305 13.795929
5569.183105 10.041786
560.062683 6.150205
4058.135254 3.385949
1538.342651 23.515530
33.040211 22.593388
5275.491211 26.767263
8746.684570 34.456207
6828.977051 40.808971
17641.511719 39.623737
10531.200195 35.004433
2502.774414 28.599781
2029.305908 22.099243
1522.117676 63.330357
112.561310 132.243408
18464.898438 202.758148
7961.039062 80.636429
12812.796875 68.371506
1985.320435 40.933632
2547.599609 18.088837
2500.830566 24.243305
201.921860 15.098497
1793.564941 1.304375
25872.279297 12.607304
7639.560547 92.654190
5019.893066 23.389688
5446.594727 6.445922
3074.196777 16.756115
1031.126953 49.880238
174.677063 27.750210
775.900391 11.046106
3733.847656 1.864719
7219.060547 151.263580
1759.305664 130.325439
5088.474609 103.678551
2564.132568 75.825989
1502.557983 3.922726
929.767212 18.455389
3966.824707 38.410046
5209.388672 51.914436
20555.011719 85.361992
5915.102051 56.435406
11288.640625 25.216709
4096.575684 5.293022
263.888794 5.140422
197.182098 0.563253
963.342529 1.030803
10045.747070 7.925966
12125.091797 26.014061
9287.391602 22.444750
1397.895386 17.980707
1335.780151 11.847486
1639.051758 0.315011
7690.000488 4.588507
10200.592773 15.338985
9949.337891 26.470413
3368.173828 30.461269
1747.703125 26.095268
703.119934 15.546190
743.778503 4.879405
1358.204102 3.671943
1383.039673 4.694930
600.095886 3.157469
6104.553223 1.220333
63219.750000 17.053112
6054.319336 5.351823
466.690216 0.419116
1315.042358 1.079244
5379.361816 6.479198
5662.704590 6.783659
14802.355469 6.877483
6631.356934 8.392488
23418.824219 5.194016
27385.214844 2.756681
5413.338379 3.309526
47.385292 5.122282
169.797607 2.786141
5594.613770 17.824677
10735.657227 40.388123
3528.192627 58.137390
7675.574707 55.083782
8346.945312 40.174324
63.594440 18.896360
999.224670 3.393280
272.921631 10.296123
2918.667725 18.773283
1509.380859 20.405746
6755.035156 14.674142
2441.472168 41.220516
6700.951172 15.870633
3965.499023 1.914698
172.744781 1.748202
1517.414185 18.479347
623.582214 13.126961
103.301918 6.335086
16855.197266 5.524990
5774.601562 1.840800
199.656342 2.242202
2561.231934 9.896342
1941.182617 17.250675
1999.383301 2.381402
1061.540039 14.008157
288.491699 38.833717
10225.900391 65.523102
4246.133789 37.496155
7726.696289 35.239723
5749.268555 21.919708
5921.808105 7.119477
4725.746094 12.513955
5176.974609 20.083239
1063.983887 18.515974
8665.908203 11.164625
15318.362305 59.543282
9514.646484 20.810478
2722.858887 1.815445
561.074524 2.336137
172.501312 19.397722
4281.965332 15.823571
295.782318 35.049423
15738.039062 68.874237
32018.394531 57.164593
6294.015625 70.219749
2880.062744 62.386444
5528.291992 40.131355
1184.066895 6.327415
2933.366211 14.788790
5611.659668 33.402134
58887.375000 62.896194
5463.814453 43.654125
9211.932617 23.152523
6108.114746 11.040865
2204.540283 5.600573
1310.215576 38.053822
3939.006348 53.971573
7952.423340 60.514942
4628.448242 53.131596
14466.186523 186.075180
7840.921875 107.036224
16180.975586 51.210079
1279.164429 30.651911
10382.852539 73.302956
1293.536255 51.937767
3321.588623 35.069515
10548.012695 35.637424
7074.408203 78.896896
33337.117188 81.177490
18109.628906 87.570892
8896.480469 86.732544
5857.252930 20.485456
1309.747192 20.080811
16319.828125 18.019594
62478.703125 13.602520
656.218506 30.507090
13761.947266 26.750759
11484.016602 23.051020
1392.236450 20.984219
477.590027 13.709276
1742.837402 25.658411
771.032654 33.712547
4288.842773 33.954514
12055.732422 12.310454
469.942017 4.308871
11015.628906 0.358089
4143.727539 3.750594
152.609589 30.113556
4253.022461 24.187346
298.726379 10.669455
13068.145508 5.771591
56872.324219 24.190372
1331.017334 3.317896
8031.248047 7.530208
6897.659180 22.032307
1070.127197 33.017036
564.347778 17.145264
576.535156 16.921782
1403.473511 29.282495
1434.663940 83.317772
3292.738281 91.787331
4607.677734 82.028450
4626.203125 58.624958
328.958984 4.042433
2018.512939 4.185187
9822.184570 3.845293
9032.402344 3.089540
4961.850586 1.442678
4283.202637 2.043650
3162.614746 2.773996
474.627014 3.507478
2613.135498 5.079378
18094.429688 2.548616
17209.226562 10.606932
1887.014526 31.993786
26734.984375 5.629992
6344.209961 9.716160
6437.465820 12.927779
1987.557861 10.809656
4328.745117 25.070509
9410.188477 41.655968
8593.767578 50.771729
2399.676270 44.604378
63265.785156 78.141487
22980.738281 45.746258
2469.596680 21.188171
1081.367432 14.631554
199.079163 21.683874
2275.295898 11.311820
6033.796875 1.965347
1277.636108 7.841797
5402.753906 5.094157
4319.270508 1.520082
512.724854 11.977818
1914.812622 22.100853
1847.507324 6.152622
5800.744629 1.160674
17166.664062 9.693951
10277.934570 28.141251
1871.598633 55.014694
2121.539307 52.341087
2566.364502 39.815536
5423.946777 21.657040
723.441162 6.770683
175.147018 11.911924
25722.820312 28.906170
95292.304688 45.367626
7166.799316 82.533798
3680.015381 70.356445
2674.399414 44.692642
2346.826904 19.248016
2190.247559 5.891805
2022.630859 7.173995
273.247742 13.171801
8563.950195 24.234818
10330.721680 14.929125
19709.445312 11.769489
18122.710938 9.554298
1083.938354 7.358084
1298.615723 7.645104
1600.234375 16.815125
850.625732 28.304857
3516.349609 38.669613
48589.367188 13.014989
15546.221680 7.754687
425.245911 3.696992
2721.233398 3.155135
28.216480 6.385198
611.173706 2.487315
6193.658203 0.187072
11577.269531 9.538446
8335.208984 17.499329
1804.097534 1.925416
1948.148926 1.086424
1892.164185 5.406308
3886.639160 2.139697
6084.055176 3.488431
5831.941406 16.925219
15050.126953 34.024281
16750.328125 77.519920
3803.979004 63.421745
8108.274902 39.477489
1932.431763 15.712587
1757.144043 16.172783
2759.849365 14.523376
3252.211426 8.228690
443.883240 4.466579
22015.818359 49.565155
9028.531250 22.963564
29239.494141 12.352057
9278.395508 13.126611
9228.557617 18.397711
6303.856445 14.147770
14088.324219 9.656107
92961.031250 5.082663
10426.709961 39.826866
1708.290161 34.614471
7576.076172 28.524977
12123.534180 23.009323
1312.135498 0.661246
2003.981934 0.724127
1525.952148 1.724238
1328.496704 2.815506
5254.436035 7.677399
4659.175781 6.422148
4842.382812 4.157837
4537.284180 1.923003
1219.600342 0.861524
3903.632080 3.189018
5754.011719 7.468706
2131.478271 12.716639
45924.800781 2.761409
3424.881592 2.132281
5752.909668 1.210322
5219.937500 0.468294
1022.419922 12.712164
1344.835938 19.134359
992.117126 20.745441
8845.042969 16.223543
4503.205078 38.610634
1731.438110 19.999708
2879.606201 8.548887
2023.054688 7.078041
870.423889 0.870160
2991.843262 7.205342
7720.349609 15.045012
2166.722656 19.201473
7151.722168 40.677608
491.953552 25.736776
1207.753540 10.506254
598.365723 1.298934
3000.236084 23.699383
2060.222168 16.349327
8870.627930 20.652271
43533.230469 40.810673
22402.406250 8.053343
9958.371094 22.531120
2074.535156 32.767368
3810.215820 32.346195
380.034393 5.678734
4624.579590 4.026536
6015.382812 5.383558
13628.043945 9.523697
42285.792969 44.713821
3918.475830 31.573215
2371.081055 19.662807
868.632202 10.815399
2271.190674 15.466902
1377.673706 18.193293
9325.037109 19.039253
6813.208496 17.108299
80507.656250 12.956507
17667.402344 11.527099
5829.169434 11.132096
6247.173828 12.599321
311.889221 0.448891
2336.415527 1.244687
1898.806519 3.924714
6744.915039 10.690272
5179.295410 11.644730
7239.359375 3.566674
2780.807373 0.408551
3774.980469 0.041842
2051.836182 4.635857
4253.962402 7.750599
389.051422 9.165574
11438.353516 6.330470
3663.129150 56.388206
4930.565430 33.717758
4316.867188 15.009565
1613.030762 5.446682
65.487144 21.968880
1079.486694 16.574831
8303.118164 18.515345
3457.290771 28.264708
12895.210938 19.921072
746.280273 29.858967
7338.322266 33.572887
101.217506 29.727720
2306.544434 34.385300
2422.213867 62.607773
3321.811523 101.865372
11241.427734 143.218750
4741.112793 26.620747
145.608185 20.550440
6136.364258 17.240801
1026.533936 20.158445
1754.507935 37.172573
10636.513672 43.842827
26849.292969 34.370689
19184.841797 34.436913
2762.803223 243.241272
7043.254883 97.584328
893.294861 27.882221
781.644714 20.507734
778.403687 6.881122
3087.974365 5.126598
6580.597656 13.403183
15491.404297 25.763546
1094.320557 111.325760
9955.478516 82.847237
6279.955078 49.946323
2696.901123 22.319208
4715.335938 33.224552
7359.893555 76.135086
11321.597656 114.797340
10266.074219 141.737610
2808.454834 126.743698
4208.150391 50.437603
425.127838 6.718177
60.340565 3.828946
682.550110 4.483451
1348.983765 8.940022
4820.532715 22.820019
19713.570312 40.741665
2434.787598 293.652588
3108.672363 177.334976
880.987488 81.554451
1016.914978 24.161385
169.095352 20.336637
946.119263 9.532603
9205.629883 6.797678
8383.199219 8.983950
12923.419922 77.632683
2692.108154 73.612877
1702.626343 58.584152
953.220154 38.398788
2408.349121 4.253415
724.046143 3.502708
14813.140625 11.047972
1286.129150 26.833851
6720.403320 32.268379
3341.586914 25.665325
4966.255371 18.388941
325.977020 10.453637
1065.998535 36.294189
885.543701 62.060200
1200.686768 66.887672
6795.986328 50.129971
2196.484619 107.225792
3032.631836 38.638908
23.722609 3.984856
2768.312256 8.451148
3582.067871 3.595786
4114.028809 1.420845
7657.573730 3.697341
22677.107422 17.436462
78449.015625 62.032394
21511.484375 30.504000
7524.143555 13.707086
2924.922607 6.841079
552.060547 8.012111
235.804855 4.899631
1182.338135 5.046691
1555.036133 6.006341
3768.994629 102.236900
1943.037720 70.322784
7505.967773 40.177689
5712.014160 18.815538
2894.811279 22.102316
2203.421387 14.779902
2672.291260 23.474220
27043.101562 54.178734
4280.642578 35.010742
2007.373657 36.729347
950.089478 38.725586
2175.800537 33.378456
1839.571289 3.047610
964.064087 17.949669
4258.961914 28.593182
1989.556641 26.087852
5464.305664 191.324280
10175.027344 105.573166
3488.245117 37.116253
2432.324463 3.645372
1530.531006 11.156260
1120.299927 9.755905
3052.009033 12.712994
15945.369141 23.448500
4645.917480 36.173107
4464.241211 23.891010
211.147263 17.424582
917.721558 13.887104
4179.388672 41.114220
7090.732422 101.866913
4484.989258 153.402145
27635.128906 174.512726
1758.800415 165.294861
4369.130859 75.669426
3493.025391 14.171291
1271.050049 3.524390
7151.442871 4.756352
12762.855469 16.752985
13914.394531 40.524376
2032.389160 69.816177
11750.845703 277.627380
1189.200928 163.144363
1082.794678 71.297531
2019.615845 18.705048
4827.742188 34.579227
918.941711 30.926962
19284.802734 32.968254
16704.070312 40.669376
8700.695312 103.014931
9182.466797 80.437813
3476.304932 59.891502
626.266846 44.226929
2786.879883 2.385954
1500.382446 5.195680
9199.035156 3.480763
41809.914062 1.181633
26301.449219 140.132721
10722.103516 68.743454
3523.831787 21.936642
1281.033691 3.158880
2541.862793 0.342736
2362.705078 14.986438
353.270325 46.191387
24604.478516 79.989510
1557.008789 57.810886
11858.552734 48.710243
534.038391 27.573059
2290.377197 6.834719
434.598938 3.944253
529.548279 5.666700
2918.134766 3.447934
8234.564453 0.402833
3642.143555 104.979996
199.002426 52.270294
1082.078735 17.917641
77.772766 4.374829
919.356812 1.011137
35.754623 0.095295
3853.805664 2.077628
7830.374023 6.198880
3341.602051 23.979446
2127.544922 17.803629
352.956787 10.936692
3774.427246 4.881531
532.389709 1.683774
2238.955566 1.362580
5022.078125 9.411610
16442.726562 30.090750
659.199219 2.830993
7904.514648 0.707293
33.731770 2.913481
2984.985352 3.628411
2023.335938 6.009275
3039.271973 2.921983
2475.694580 18.035444
69.348564 41.022144
14115.222656 76.406326
13631.622070 75.546738
50.078896 55.420528
2.961413 27.118351
3864.177002 9.648228
2376.075195 32.319233
721.418823 58.387947
6011.619629 72.667664
4303.798340 68.797928
2436.150879 45.038448
1200.613892 18.250141
3403.819580 3.729242
2211.384033 13.715255
7455.666016 11.617350
3196.409912 6.383977
24528.339844 1.229389
5506.520996 58.357628
901.823792 34.407978
1549.179443 19.906225
1248.252930 14.642603
1800.100830 41.361881
2101.666748 39.663460
12396.262695 32.904030
20608.058594 34.787209
24491.156250 16.801441
25331.941406 4.920313
2284.500977 14.452061
1250.816162 31.271015
5950.189453 9.570618
18055.574219 1.104671
43271.707031 7.534518
40887.230469 26.818470
9624.870117 102.325592
114.048630 82.584427
423.201721 56.896305
1008.029724 30.234802
7721.149414 5.789497
8452.461914 2.182478
4911.954590 0.381468
3710.854492 0.105446
3862.225586 40.603790
3145.923340 30.755739
2738.057373 20.453495
3569.355469 11.820700
4052.748291 6.660034
7281.494629 3.209815
11087.005859 7.843256
20553.859375 20.530466
28837.312500 12.982943
2774.815430 18.460943
894.419006 19.006433
3180.750244 13.860840
2217.907715 8.917963
2708.651855 15.067364
4901.183594 22.907890
800.229004 29.496258
325.738342 34.143059
7206.585449 22.308769
1281.588867 12.346051
1777.926025 7.521276
3947.736328 6.087211
6245.536133 15.373669
8369.020508 29.876608
17102.128906 51.747181
7053.848633 46.189568
1886.448853 18.612953
1513.982666 4.496763
3765.882324 1.630957
5072.000000 6.511222
6252.465332 0.584982
2168.238281 0.555405
40874.964844 1.948570
1252.759033 142.187836
3251.992920 99.917183
77.722496 56.990074
2234.399170 24.420223
258.182892 24.828495
2924.098145 32.079880
9741.966797 45.879189
16941.693359 72.708054
39910.640625 13.977209
3730.962646 4.594787
1166.995605 8.844099
1026.972412 17.495785
713.696899 2.233572
3025.713867 23.207764
5749.918457 45.933613
2503.052490 51.376755
1322.016357 228.348206
5871.118164 139.085510
1625.540527 56.362720
167.579056 8.348244
234.999756 0.706254
852.028931 1.690353
165.695007 5.559939
170.269119 16.667130
7609.879395 29.779715
778.098755 10.947245
1531.193115 2.360209
171.908630 0.384684
17605.080078 23.025822
15975.794922 13.220298
24923.509766 6.488755
54417.406250 1.874493
13285.524414 98.925461
10298.572266 79.548477
3190.481201 57.324097
1952.805786 37.617325
293.133972 9.989304
1209.321167 15.351112
129.066147 24.674248
25161.173828 42.158669
474.739838 15.250865
6809.346680 2.986701
1095.008301 1.434668
1884.958618 5.211719
2048.114502 0.061976
9053.184570 1.777378
12796.123047 3.709204
15919.816406 3.719883
4224.594238 134.877121
6412.020508 78.096733
1709.627563 32.660824
1267.342773 7.330060
2983.815430 6.228736
502.302460 6.520787
1239.067139 7.567944
350.334961 6.740165
2218.359619 44.558342
4326.159180 32.178593
2944.959473 19.155123
2838.159668 9.941267
4470.844727 2.029343
6100.708008 5.857989
19847.998047 10.497451
20203.447266 15.208817
16220.181641 14.968484
594.986084 6.950366
1623.133301 1.778113
1593.160522 0.271747
6976.163086 6.008673
7710.917480 4.951904
3838.477783 5.349413
8064.104980 7.665782
3565.594727 43.291481
3325.963867 28.328299
1420.462280 16.611979
3943.105713 9.401145
94.124313 0.569900
1160.148438 3.651396
8834.797852 5.622446
5353.416016 3.941949
9337.760742 54.315495
2733.942383 31.132963
2039.403931 11.903875
276.825806 1.796721
1491.150146 10.774135
897.564697 8.311345
211.882431 4.312853
5354.721680 1.866982
9256.850586 1.650243
1538.065918 2.491363
1275.250244 6.256715
2190.731445 9.893476
2107.457520 8.841638
11708.541016 20.916363
19764.349609 34.791584
8095.506836 45.127289
262.378723 11.469364
3941.375732 7.023245
1133.653076 2.753623
2815.639893 2.538127
7582.220703 4.048908
201.669647 6.732014
18899.152344 13.902889
50513.199219 28.384022
3816.098389 41.575191
22928.128906 20.590734
1061.311890 8.901897
10668.151367 4.373997
18.800846 1.624257
998.142822 8.975187
3073.880371 22.713951
13627.714844 48.255684
10594.503906 98.951965
207.494781 44.144958
1686.285767 12.275642
1327.858398 0.689088
1194.906250 2.769144
3268.606689 1.819947
382.987457 7.161987
1967.097778 9.972587
11539.385742 126.901108
7721.914062 91.441223
1374.516357 50.540245
49.767460 18.434387
5271.133301 3.624918
5627.680664 6.418403
15660.125000 8.106309
15774.289062 7.892576
706.510498 4.292056
8547.653320 1.693203
230.932037 0.414616
3968.611572 1.190044
429.369507 9.763471
959.447754 21.699532
6051.574707 38.481884
12218.179688 57.238075
5460.697266 5.998650
253.038330 2.317981
96.254311 1.255922
373.553772 3.291654
3089.214844 12.373839
5841.629395 9.045787
5393.487305 5.378289
4321.388672 14.150146
4109.529785 82.947861
18346.003906 35.638599
3157.516602 14.913330
6376.375977 11.706795
4824.212891 5.400626
11852.188477 0.960292
30169.525391 0.874457
55411.117188 3.965547
13723.388672 87.776962
5437.969727 61.022224
3573.038330 35.573349
102.597687 16.495365
60.729965 5.384976
4987.211426 12.847937
7511.384766 41.177799
522.941040 82.670151
1277.351807 22.168074
1900.478149 30.860416
4114.000488 26.908146
61.018055 14.304433
4758.920410 0.977890
10171.075195 3.696817
6300.811035 9.064898
1245.993530 8.734671
17212.847656 140.957779
4740.533203 91.980217
412.793762 44.177368
262.979858 12.357005
700.083679 6.655090
5495.250000 14.927591
6021.505859 31.000645
17143.324219 53.586697
22626.328125 2.168308
5984.258789 1.828690
1733.264893 2.809134
1120.381836 3.800958
1428.594482 22.767290
2814.816406 73.631500
3942.754883 134.612915
1242.989258 174.635284
2003.511475 134.120972
12977.169922 86.781868
30.521866 34.775734
2211.512695 7.812403
4231.698242 15.588848
9720.594727 21.846546
25543.570312 16.833597
22494.871094 11.233078
19477.851562 186.948059
12413.581055 83.006683
914.275635 23.722591
391.966003 8.201329
400.462769 41.146305
4910.080078 33.470417
7812.666016 57.294945
153.616257 105.937729
6012.791504 62.951820
2139.636963 89.751442
3378.528320 90.391838
8204.410156 67.830536
1136.164551 21.442961
45.934921 41.017967
1769.111572 56.307182
11852.763672 75.995834
11624.865234 172.940506
8105.149414 70.679314
1191.466675 15.941118
392.632874 6.046459
3203.174316 15.750249
16083.136719 29.658379
10042.755859 39.708344
16623.152344 44.388424
6771.596680 186.719971
7458.395020 98.183441
3062.329102 36.927280
476.786102 12.258828
2799.815430 7.797584
7968.261719 11.932991
6309.773438 34.463310
4261.611328 64.866211
5748.638184 125.338898
1811.376221 96.866982
288.803406 59.325478
417.263275 25.522034
1927.703247 19.172937
8459.480469 5.293102
9702.888672 1.948528
5242.436523 10.776843
10669.419922 65.662254
2147.671387 63.449986
3113.625732 54.043690
2188.860840 37.746952
219.549652 11.358058
7342.104980 13.230345
7708.574707 27.046104
4216.896484 53.487144
5771.749023 6.733585
23629.332031 12.423153
1775.033813 16.251188
102.556854 14.849789
7379.251953 26.478384
27462.115234 52.472935
23348.917969 62.318459
29578.609375 56.684437
1123.233887 148.821426
2316.258545 58.338150
1194.983154 7.832266
368.624542 2.824449
7676.800293 20.217546
17214.111328 6.988116
56201.953125 19.813009
85510.640625 50.168545
3575.486816 161.888535
2009.811646 142.375748
211.567459 103.125061
4231.877441 56.683155
968.952393 72.256744
848.509888 71.805779
867.276733 83.704201
5722.928223 110.347641
28975.445312 23.195745
7573.394531 48.134888
7204.521484 67.633232
588.648804 74.515259
80.565193 11.822823
10412.101562 39.019890
5756.175293 51.566605
3521.017578 39.373013
8182.303711 290.913116
3404.058594 148.906845
3712.031738 44.786442
1374.206543 2.583150
2052.381836 17.981241
389.975922 3.054051
3506.024902 3.066144
4694.210449 19.419079
7285.620117 41.685013
9604.251953 53.299118
526.216858 52.654587
1543.164429 38.446144
1328.824463 51.168217
7426.327637 53.339733
4520.104492 53.931732
806.440857 55.653496
16177.011719 15.453207
10299.341797 23.523479
10108.617188 34.899403
1182.419922 45.049709
1265.898438 0.265771
5159.928711 13.476618
12050.932617 51.495434
9128.600586 119.404427
2604.602295 146.832596
6520.684082 75.407104
191.880280 29.791018
4711.292969 6.058696
36.038311 17.490160
2936.430176 10.549004
20975.681641 17.220407
62863.023438 37.090176
2457.664307 241.504730
1077.940308 159.983459
27.912735 90.326462
1874.697266 42.536999
2013.326050 1.225850
1426.838867 2.556489
830.656555 6.069766
3530.493164 4.820427
12500.035156 176.442810
653.785889 111.187828
5002.968750 52.145584
485.232910 14.715116
5275.597168 2.097117
2318.383545 2.771189
6138.977539 9.815877
5731.833984 25.667564
2267.603027 11.921782
660.421631 6.721902
3202.643066 5.081017
1321.858032 3.740069
2026.503174 4.730649
15017.106445 2.975914
46547.113281 4.072352
68267.390625 17.677578
2465.238037 51.273911
1853.082642 19.414553
1752.447998 6.507733
457.463257 4.693865
3705.032715 16.833193
20095.804688 54.413868
35606.476562 99.769562
48471.406250 129.659103
17224.621094 103.509254
2912.322754 67.232674
3104.169678 27.371138
892.034729 6.329389
2152.252441 14.502468
1085.713501 29.943949
1325.181641 50.550091
1969.863647 93.728874
4667.228516 187.853897
294.696198 72.113533
1404.744385 14.572257
285.314819 3.445186
379.490814 23.907778
2541.751709 11.964123
4201.424316 7.344053
3515.156738 3.919518
19217.580078 250.384933
450.473297 178.463348
834.476196 106.959167
653.793457 53.589546
3175.905518 39.268486
18968.046875 32.628937
20901.330078 30.042290
5073.745605 48.188431
2374.017578 25.085756
22.233480 14.361535
2100.103027 24.148272
59.536850 36.669968
443.426636 20.555098
1181.656006 41.502220
1295.473755 66.293610
2729.285156 81.677673
12698.151367 165.614441
15468.574219 103.640251
1066.056396 49.165161
891.816284 19.959887
6335.825195 0.856940
8038.159668 0.885375
13044.523438 1.652868
10689.989258 8.717004
2578.739746 78.766556
5447.833496 36.669426
991.858704 11.820545
67.173325 2.328522
2864.739990 9.094398
3600.406494 8.741016
264.255615 14.582409
2671.010742 17.705368
20903.267578 109.508194
3342.812012 83.792862
2637.876953 50.579601
3266.789307 22.948757
5444.138672 8.027192
9668.013672 11.510080
17501.916016 22.792933
17427.923828 46.911453
30693.728516 11.010780
427.483429 2.558521
1645.185669 3.206547
307.816162 6.102769
6895.082031 15.354389
5629.207031 48.027771
3384.116943 71.025978
42000.128906 68.731491
5258.672852 192.187195
2501.010254 100.218918
1885.321655 28.939548
2693.656250 1.316922
5226.150391 11.791115
15157.709961 3.861578
16676.029297 18.195221
2375.733398 63.033710
2173.347412 79.157043
12550.400391 57.896240
190.326340 43.701931
1025.634033 28.311214
1748.153564 55.670708
2058.837402 44.042534
1191.842163 43.240662
2716.513428 49.042496
2536.698486 99.445526
684.918274 105.388275
8739.616211 95.498596
4695.969238 75.626877
4762.336914 7.089198
6106.306152 5.460828
2794.643311 5.456364
10171.981445 27.599718
4641.227051 117.446854
6773.931152 40.076305
2763.553955 7.344994
911.532715 3.712773
17.708565 7.870965
2437.460693 23.920536
16058.097656 44.928051
42200.539062 48.851509
618.519287 243.158875
3083.282715 161.607788
664.715149 77.312538
751.964966 21.950228
5.571938 5.309546
1417.165527 15.504808
307.420746 34.774120
3262.566650 65.737160
22463.126953 27.611998
168.573288 8.234084
1239.568970 0.727701
1983.336304 0.682351
3296.498779 10.196391
6912.225586 7.878430
12257.865234 20.958368
2609.452881 46.374092
451.951447 170.932922
7501.463379 117.141106
709.217163 67.331772
668.741089 30.158783
374.613342 12.952694
4877.765137 11.792910
12328.716797 18.651630
17725.667969 35.390160
7565.525391 94.181244
1389.966309 61.778984
289.156006 37.176476
101.323792 21.213760
6809.943359 19.983929
9042.833008 17.623724
6081.384277 30.040842
14498.837891 56.359722
5614.625000 127.103500
980.065186 92.827095
2050.745605 61.014511
131.803406 35.494095
214.322052 71.527847
2714.838379 129.549774
9231.881836 174.570648
2983.981934 217.953247
3376.466309 227.901733
3258.208252 74.039925
314.034546 6.652546
170.552673 17.782019
227.529037 29.732821
709.574585 25.351562
9910.423828 15.067583
11286.052734 6.410990
3648.782715 500.609680
1284.794678 285.949219
2708.207764 130.620590
1472.150024 52.306767
2284.972168 25.102299
3515.972656 5.260901
5468.472656 0.500562
586.362671 12.930425
15738.911133 106.318619
13501.390625 97.132240
8431.794922 78.757713
391.466644 52.607948
843.332397 0.442646
2602.280762 4.173772
9170.855469 20.637423
28548.164062 42.726139
15846.208008 42.536266
995.928040 38.664097
38.503391 25.520000
27.250391 9.706066
5584.246582 27.722738
7652.742676 45.286240
10894.912109 92.135300
20869.822266 151.276825
11743.486328 57.003914
1871.076294 68.953674
3681.067383 58.813232
1066.719238 37.987160
4783.752930 41.143650
12290.104492 98.195915
792.288818 128.293137
362.165283 113.982552
13882.990234 358.591187
7332.221680 173.202484
4626.767578 45.121155
5962.206543 6.717076
3087.786377 45.267548
2245.556885 19.817932
6911.360352 1.206233
33711.222656 8.896364
14041.568359 54.694279
22655.708984 50.700401
83.514198 58.344803
122.194359 59.833248
4757.706543 7.291374
6309.821777 0.048858
14509.055664 9.531577
15842.039062 30.261147
9442.099609 54.025948
5063.227051 59.364201
1605.244629 48.527302
10295.857422 27.199852
7105.153320 10.594990
12332.099609 12.609184
21593.964844 20.551424
40126.742188 37.607025
6438.480957 36.745354
304.748596 21.637573
637.070007 14.263958
4254.320312 11.352623
2250.382080 17.695330
3841.044922 29.025246
3134.200928 35.918274
2481.789551 49.352829
8554.566406 149.173950
11245.145508 60.576355
3930.572510 14.834409
451.823181 6.884167
252.370438 3.682923
977.656433 3.703694
10971.174805 2.287789
7836.425781 1.650979
45465.535156 191.953491
22229.869141 106.028648
11405.984375 43.569565
635.406860 12.084898
864.412537 24.603254
1443.913696 20.313442
5249.505371 13.220085
7748.660156 7.844502
6579.839355 62.482273
1878.204590 41.906776
658.778503 30.463745
1598.613892 26.453848
924.863525 16.036657
2704.792725 41.878868
11923.488281 72.804169
925.444275 102.852242
263.251892 64.101112
1789.315674 28.311707
710.021973 6.196800
798.412598 2.375430
2070.628418 7.306689
4393.787109 12.471727
20697.425781 20.068335
14591.634766 19.379770
2849.389160 240.769806
108.531433 152.282227
653.337158 72.446007
929.005554 22.975683
4783.734375 55.991970
24314.841797 46.829468
56160.335938 50.524899
59410.324219 76.025055
11492.486328 8.665361
10987.186523 32.028179
5653.592285 54.214584
2094.200195 62.337536
4777.372559 31.214870
262.914917 49.838661
155.005020 49.100616
3180.211426 34.001343
353.344727 168.369843
4732.977539 70.615982
1242.812744 16.962902
4227.677246 10.690575
1019.694275 18.636707
3776.206055 21.568697
8105.625977 46.773849
25948.257812 90.317787
14362.439453 81.221054
475.797852 69.701866
135.503326 52.557995
629.453857 32.496532
3124.704834 15.732503
2557.626221 3.165989
3201.542236 0.087827
3435.470703 3.761795
2030.990967 120.318886
6444.233887 97.801651
356.342285 67.894508
225.613861 38.355370
4108.577148 13.265206
10112.475586 9.368200
8387.994141 6.146737
7082.237305 5.918346
9684.894531 12.699773
608.520142 13.788557
597.946289 15.442277
1312.745117 15.582100
2422.810059 2.719985
4808.611328 11.551401
11570.788086 35.539505
7633.060547 71.178818
12541.354492 30.701313
10165.333008 23.311043
2929.192627 14.675787
2776.560303 5.963694
2406.389160 0.545206
11610.879883 1.264390
36023.429688 3.232098
80162.875000 2.349707
17678.986328 121.329857
42.372585 75.331421
2112.760498 34.728046
482.675049 9.500252
977.373169 4.109947
4.472297 16.040897
1195.447144 33.251358
16097.608398 49.457073
14168.566406 19.344191
2852.429932 13.020126
3998.916016 5.231829
570.253601 0.829136
56.928261 10.176832
585.436523 21.714951
14031.355469 22.594248
20227.816406 11.891056
7980.982422 101.205742
1950.776733 45.069733
5565.161133 9.504601
3377.797852 0.714643
2699.961182 12.350636
6968.010742 6.204886
21831.177734 1.523207
20225.894531 1.276349
3584.389648 5.338382
6484.433594 11.004872
8231.474609 15.628201
224.718185 16.246490
1262.830566 27.252375
142.937134 30.283049
371.192017 29.125473
2321.038330 27.295847
1718.677124 4.390145
147.230850 3.253825
9304.305664 9.696029
1514.769775 19.396000
1090.714478 24.181553
3726.692627 18.206036
20739.802734 8.982897
11055.117188 4.414716
14982.607422 49.494942
307.683502 30.591621
1104.574463 24.150942
786.271240 24.654980
409.731079 14.205820
1038.106567 0.256963
2119.862793 16.064463
10371.001953 74.452026
1094.159302 31.706253
1512.117676 35.425957
2072.055908 41.627640
156.028519 34.136894
4070.022705 0.821693
2089.141602 3.746204
2443.483887 10.598776
15473.169922 12.154318
1942.006592 188.053406
13019.134766 120.468315
2381.710938 57.085918
6014.779785 15.737428
5515.253906 7.670683
2845.316895 5.410025
15572.724609 10.626554
29929.582031 29.629448
7902.216309 6.394169
9583.949219 3.646146
2509.246094 7.249622
2503.113770 9.552659
825.721680 1.807238
5733.177246 0.097873
5328.292969 2.713245
4142.987793 6.846575
15789.433594 56.299412
3351.329590 41.300117
1992.312866 24.174143
173.444946 9.937362
539.033203 7.996567
4446.091309 11.004675
4738.040039 9.515120
7256.629883 4.849721
25087.460938 13.582483
12307.543945 3.399677
5887.060547 0.004967
2084.349854 2.820122
2544.711182 1.714956
10344.554688 4.774426
20602.093750 13.514315
13763.104492 28.359951
6787.498535 9.476957
1462.458984 5.427355
1342.901855 3.421842
485.786041 2.009846
3283.773926 6.160088
16860.015625 12.052784
14726.322266 21.342031
12211.831055 28.063879
10980.943359 76.671700
5566.033203 51.164536
66.636841 26.157122
3233.134277 10.006365
1709.875122 4.553152
1854.080811 1.194311
11285.117188 4.433825
11994.940430 23.608305
1537.002808 25.998791
9403.842773 9.316557
380.653290 5.917507
1003.997314 6.489304
3046.301758 18.026594
8803.471680 23.343563
6629.015625 57.555660
5080.502930 109.149292
6126.377930 71.990631
8288.613281 77.301422
344.239471 62.745224
3820.641357 36.843250
465.134888 0.548905
102.892479 0.106380
9591.549805 1.108213
10061.021484 9.494263
11324.772461 198.192886
43002.738281 104.478210
137.272369 40.230160
1055.668091 9.137557
261.828674 6.073319
170.412399 16.419830
4045.553711 24.044039
10311.548828 22.058699
3765.194092 130.228867
13550.335938 74.789604
2613.525879 29.381611
601.867249 6.644383
2723.377441 12.604306
2324.817139 15.112000
6219.251953 20.040138
2195.897461 27.563717
13962.796875 21.311947
4310.821777 15.990047
1413.185425 13.045023
2420.337402 11.999958
5883.746094 7.235158
8567.934570 1.827766
12857.026367 5.369808
33679.949219 41.480095
4187.932129 93.028900
193.309479 29.551174
91.457909 8.002898
1717.639648 7.506502
6170.379395 4.046574
17202.451172 2.918176
31804.601562 10.014428
84849.414062 13.774070
13600.570312 237.420074
5010.662109 160.164902
2071.596680 83.072006
451.229279 28.359028
38579.117188 0.993438
50315.343750 0.943296
25139.412109 1.927164
1477.798828 3.776499
7920.441406 4.159929
1310.965576 3.685544
799.374939 2.851212
1847.767334 1.802710
5420.292480 5.204278
17149.050781 2.542962
20067.208984 0.586180
91729.125000 0.959891
44401.308594 1.371633
12082.009766 3.678399
1942.495361 6.011975
1069.584595 6.689038
0.830163 1.361665
1042.690552 0.316957
2121.778076 0.322885
1808.975098 4.116882
15467.021484 4.116882
1808.975098 0.322885
2121.778076 0.316957
1042.690552 1.361665
312.228394 15.931355
5412.518066 12.127026
10928.127930 6.186671
18504.402344 3.843432
73398.703125 35.716007
9130.499023 20.952517
3559.033936 15.726324
322.847717 16.004274
470.234772 11.922816
2423.873779 17.271713
2524.520264 25.890575
8266.378906 45.057644
583.984253 40.955914
2613.850586 13.188342
3214.777100 4.066691
1007.807190 6.389273
436.003723 1.071569
2755.702148 14.414670
19104.871094 32.998692
28734.130859 39.067886
28389.351562 180.723175
3649.035156 119.581009
1115.114624 55.131470
1330.896362 12.112898
3356.495605 4.635176
5395.599121 16.492903
2604.671387 37.761490
3696.037109 66.532532
10246.758789 14.543537
2085.234131 6.075186
10572.177734 1.655944
820.859741 0.629081
1400.719604 1.453583
4338.245605 5.136971
15653.145508 17.562023
13265.031250 29.177080
9554.104492 166.044220
2504.187500 110.697601
1332.688843 55.659775
533.836365 16.969727
1347.782715 28.315414
10965.164062 18.934610
32768.687500 10.928261
27888.759766 7.613778
2731.132568 15.503076
1769.503906 26.489208
178.907822 33.869629
783.536926 34.422222
1356.584839 0.723944
1734.424805 3.864916
9803.923828 7.628375
1047.175781 10.281523
5810.993652 19.672216
4436.074219 11.222205
2012.998535 4.032834
1507.339600 0.358467
340.198669 26.849430
4480.547852 58.195625
2395.043457 94.170883
1623.195679 127.508354
123.100113 27.423477
9663.579102 8.232420
2279.423340 0.215650
361.136200 6.383575
1275.278809 11.136724
1288.148926 2.837322
5234.042969 2.071199
5197.107422 25.588373
10168.140625 210.936584
3671.291260 111.033028
326.173737 51.009693
3821.622559 23.371162
1464.582642 31.278069
3905.424805 23.081959
19333.675781 36.598068
12689.449219 75.254364
5272.027344 110.757843
4956.652832 91.755577
1328.977173 72.752327
15.334701 51.155426
148.197601 5.155005
5482.813965 11.768397
11323.024414 21.391750
8263.684570 20.396175
1233.813110 204.131058
2834.712402 133.960846
51.081528 64.895287
2847.550293 19.612759
4735.197266 12.201381
10849.587891 28.745173
14064.380859 46.443657
13158.826172 59.237198
2583.100342 13.502892
5748.849121 5.700863
1774.655518 0.513678
6636.623047 2.096229
2795.145020 11.912134
882.147522 32.867970
5713.803711 57.075256
66934.007812 76.446999
22949.072266 59.166935
13144.455078 31.162571
979.059814 9.793567
199.053482 2.714817
4200.785156 7.051029
1874.875732 23.597389
1997.888550 32.983936
10785.106445 27.650425
18930.910156 128.016205
12396.810547 66.004654
231.191956 19.034847
17.066631 0.388746
268.315613 13.867618
5517.193359 8.432964
8647.310547 1.410244
7416.269531 2.635526
30777.132812 16.976505
1327.950928 5.036632
139.532013 6.493111
609.139709 12.357285
395.021759 6.228372
82.250397 1.205387
520.029907 1.391649
10715.296875 4.880970
2322.966309 33.205112
5150.511719 32.702934
47.973320 25.859756
332.948883 15.595235
1188.819092 2.080728
1052.505737 7.673784
12896.006836 16.058764
10208.257812 25.502579
3727.552979 9.418706
6453.468262 4.647335
2469.536133 1.186175
184.153137 0.018712
1182.695312 9.299754
2217.831787 15.676953
9457.304688 16.398985
19781.982422 12.051471
1708.735840 41.830696
3049.995605 16.928707
45.555996 3.391149
2580.731689 2.583460
2151.158936 27.471508
4227.449707 24.465446
8533.900391 13.499075
25149.748047 2.847802
4406.932129 9.065472
2730.001709 2.761677
13.868062 9.104178
3225.774414 20.521511
67.625305 45.695148
2344.369873 25.983418
4835.084473 5.294218
7564.506836 4.725863
14600.242188 0.959023
2581.194336 7.462234
5384.221680 30.173853
278.257507 47.687702
460.354614 44.043358
81.707863 16.804344
10946.521484 1.023452
16383.634766 5.398212
15164.701172 36.341129
6709.929199 61.117577
1087.245117 74.275047
1143.391602 67.515366
9924.480469 21.219009
10325.363281 16.648417
1922.074219 21.836353
301.902588 40.808571
19543.933594 4.765616
4041.182373 15.884480
11664.821289 25.253960
4489.755859 26.632084
4192.847656 2.363383
24260.437500 2.121222
21658.541016 6.021172
3663.886230 14.920213
7358.278809 83.264633
4368.799316 49.432621
619.944946 23.698103
2016.617676 8.528214
3806.963623 3.540717
6720.719238 3.252379
24172.324219 19.659256
91086.281250 43.994003
10587.941406 87.996140
5513.031250 74.810265
2239.330811 49.230507
3780.454834 21.420681
7699.401367 0.401379
7605.268066 2.955239
25411.433594 4.746604
10700.361328 2.948162
4442.169922 73.153381
13754.759766 42.929077
8108.960938 17.557377
9058.608398 3.455492
2334.339600 2.114954
3078.547852 3.772390
22826.964844 7.981693
67245.359375 14.674410
9994.250000 0.762736
2266.450684 1.150752
727.349487 1.746090
654.266968 1.885738
5162.667969 2.377442
9240.948242 2.833315
10488.889648 4.027642
11724.248047 5.748941
22621.150391 9.024381
1369.876709 6.410458
2758.380127 4.223988
1442.839600 2.827492
3569.530029 1.620322
417.929016 5.180346
732.067993 10.443574
8236.940430 18.136822
8839.394531 24.024118
1592.864014 10.390924
4008.342773 2.565827
2233.575684 0.212042
624.013550 22.974131
3121.811523 14.671646
8051.314453 9.945732
16989.857422 9.898729
1032.189697 27.774397
3204.961914 34.700626
656.085632 36.122116
1046.301147 31.439608
4534.559570 3.280951
8189.809082 10.420016
7670.709473 18.108248
11316.822266 26.190866
12293.498047 49.556374
11858.752930 22.545595
772.408264 5.524219
37.659332 0.067900
4848.687988 7.686247
9814.589844 3.126089
7354.272949 1.367825
34649.023438 1.526652
1388.618652 69.763847
1668.156738 50.603298
1761.302612 31.619347
178.897125 16.854647
8164.064941 8.772256
6459.249023 12.628325
87.235397 18.374273
6998.538086 28.102943
8066.340332 46.341114
10161.615234 23.787367
1141.060181 11.106426
2713.927490 7.261240
90.128143 19.790220
6481.829590 22.353714
12241.623047 19.749950
21990.015625 24.238785
24267.539062 111.326675
3824.044922 46.836838
4532.784668 16.548298
270.790405 13.208790
225.471268 1.000506
1626.685303 15.261622
1774.200317 35.058693
376.706512 47.835182
24326.412109 197.051666
11935.103516 119.856850
207.862274 50.595730
591.339722 9.355306
2634.569580 14.096937
8242.196289 14.430807
16252.394531 17.296780
17037.710938 23.710997
2719.851318 93.383217
595.606812 58.491127
1462.853760 32.816780
500.551086 18.816393
916.501587 7.982519
2600.189697 24.896523
9655.204102 39.173553
14149.463867 49.436356
14297.435547 149.050095
6342.727051 70.796349
3303.347168 19.011044
993.051880 0.781783
3072.861328 1.090421
5338.407227 8.184916
1914.618652 39.266018
12896.355469 76.727486
12964.439453 144.538132
2323.260254 115.968636
471.508514 69.262840
985.133972 24.405657
4399.117676 23.927200
3455.788086 33.867493
10362.792969 38.619907
524.052612 33.708759
15824.027344 69.307098
9226.598633 43.282616
478.545959 23.934034
1459.166504 17.959171
1398.651733 22.149200
2774.136475 16.549862
4934.849121 5.300911
24590.894531 7.428392
1776.616943 52.294807
245.644745 12.125514
602.355286 5.148396
1792.151367 15.112160
1921.982300 28.431980
4481.109375 14.261738
18672.695312 5.371296
18698.912109 1.902918
10011.425781 61.355000
1202.803955 64.715073
725.383667 58.487324
2137.312744 44.831074
4998.496094 0.090110
4040.422363 3.041852
15898.059570 14.085236
28763.593750 36.033260
2007.780151 6.309359
729.611938 0.658177
1452.822144 0.090219
1832.655518 0.197699
935.180725 2.577682
1679.020508 2.639348
5229.936523 3.246180
21049.580078 14.978331
9772.040039 86.884979
7394.017578 34.002533
582.281677 7.744138
1085.740601 1.434856
817.731689 12.228880
4071.853516 19.555359
2277.422119 36.510300
13097.001953 51.516743
17749.687500 86.414032
10723.790039 70.106575
4768.124512 44.055317
1001.236511 21.222017
1810.369385 4.993850
6590.960449 4.702277
13268.005859 1.591183
12314.361328 1.699830
9958.559570 50.479271
3388.609131 20.019049
769.720825 5.291317
245.732346 2.972618
1414.564209 24.135155
36.749561 31.441380
684.996094 48.369255
5694.073242 75.543633
11899.812500 9.456293
1072.011475 12.579400
238.855347 17.876228
1286.332764 21.338438
4778.074219 0.745974
8498.631836 2.804984
9444.248047 3.066150
39869.167969 8.330635
10182.948242 147.083649
3517.421875 69.811386
1343.871094 21.380623
4584.123047 2.323558
130.504852 4.095068
2380.008789 13.798431
1841.197632 21.136736
18047.433594 21.529926
1639.713135 65.548233
4334.254395 34.555779
2180.778076 10.543337
1495.296875 0.629438
3683.031250 14.677092
6550.346680 26.914103
14973.590820 54.486954
2809.843994 103.124672
11468.840820 54.723503
4105.438965 24.160234
794.011719 12.125401
2016.353271 10.524471
3352.236328 6.493754
10735.513672 3.372296
55381.250000 8.103692
134441.578125 17.602716
26696.011719 213.835388
14598.904297 136.473465
1287.500244 69.718956
517.512268 26.099596
2517.653320 7.860316
7857.404297 9.353036
6751.838379 11.974730
14319.968750 18.478897
4333.316406 90.482101
2578.577881 49.415615
28.664675 22.300900
1367.983276 10.113312
1694.780884 1.315391
5841.384766 7.544759
16099.396484 16.353828
26993.210938 18.705299
4276.569824 122.147659
6487.967285 78.825203
1984.888672 36.387794
978.448120 8.992353
3075.399414 15.133890
3631.226562 21.344992
1541.847778 32.408775
1497.588013 45.523399
425.089233 7.090250
1637.959473 11.171812
4305.604004 12.956799
939.120117 13.290956
1203.468750 9.117458
199.302979 12.370227
5312.833496 7.977242
971.880737 1.987031
5425.059570 70.341263
968.837524 26.604561
2264.267334 4.707977
27.228096 2.605335
3511.164551 14.119140
5083.021484 11.281129
4953.528320 14.469478
10671.391602 30.016743
10470.909180 6.600186
13399.914062 6.312207
4815.484375 11.811113
5669.426758 15.441793
243.314819 42.564362
133.557602 61.046219
2713.835938 80.555725
14829.827148 90.357986
3504.009521 70.592125
19294.062500 56.419239
1697.593628 41.144680
1797.321045 34.858650
494.913727 13.283131
2345.811035 20.688370
3118.539551 33.590672
11593.416992 52.910149
2893.287598 112.222443
11101.393555 63.199863
1235.985840 29.900196
3337.995117 14.508689
4004.582520 4.083115
9994.671875 9.260133
23832.060547 31.064964
53908.261719 58.815357
2872.044678 76.357605
1225.126953 65.673012
34.680733 42.477730
1504.802612 17.665741
2333.835693 5.769175
363.360779 10.303728
5316.223633 22.327871
11190.387695 52.823692
10601.169922 52.282757
502.892517 14.364171
1961.532959 1.144412
866.542114 1.823439
8951.153320 1.397551
16141.033203 18.221983
17977.685547 55.376747
20052.835938 89.361099
19454.341797 158.909897
18138.042969 121.197647
2387.434082 65.710457
2518.233887 18.740021
4178.062988 1.904446
14496.214844 9.219878
28621.330078 14.173815
23074.103516 15.302864
12284.298828 117.878883
14839.664062 60.877480
3543.347656 19.839235
617.155151 1.721053
91.719307 36.854740
7690.003418 26.200224
8447.191406 16.052916
25592.861328 10.145138
20980.951172 19.545151
6705.879883 32.681232
718.097290 41.739323
2541.441162 43.152931
3435.401367 26.548975
6121.544434 40.676533
5665.865234 53.947071
11547.871094 71.347717
3720.717773 42.334026
9895.983398 12.355021
1750.539307 4.194118
227.009567 12.086299
1031.614990 2.641418
5458.967773 6.258304
7056.503906 20.973850
12998.909180 45.299667
26577.904297 119.692780
5226.752930 73.721764
416.499817 36.225922
629.053101 12.161709
2404.495850 1.204248
1807.167969 11.220930
217.411316 26.618938
26494.666016 36.619797
844.895447 187.557022
2573.964844 116.153549
2376.360840 51.396038
79.349800 11.577531
3952.970215 79.291725
12963.675781 88.450340
15507.935547 94.278954
15281.660156 93.898727
24294.734375 29.612328
8616.896484 44.165352
779.950928 57.208401
2927.149902 68.747238
1110.975464 70.162071
7778.152344 69.895393
31878.189453 58.802345
43140.812500 86.981155
13706.044922 156.194031
10421.072266 34.607727
2591.997803 11.348984
999.182373 41.549271
2938.920410 23.696960
4166.269043 21.614029
7770.779297 55.103973
25600.679688 96.053452
15866.869141 307.399017
8723.993164 250.641296
10633.625977 160.638123
1205.555908 74.106422
4290.075195 1.739623
2095.872314 2.107563
3942.751709 10.592775
8447.925781 32.202236
18949.773438 56.090740
1424.518433 28.864183
2380.015137 13.303397
1324.927979 5.478617
2879.080322 10.574473
3149.302246 6.254989
5252.526367 8.116355
22099.511719 9.077349
3500.867188 125.989349
2986.142822 95.059273
3664.403809 58.124466
1237.026978 27.605808
3778.623535 3.674766
4766.812012 2.698249
6452.760254 1.374550
4775.243164 3.077721
1634.202148 10.822764
9608.436523 3.268998
730.767578 1.575075
1754.968018 2.826346
1613.767212 4.896545
525.736572 1.996986
3085.716797 7.784467
13216.866211 24.315891
8849.212891 11.993111
15175.701172 13.627836
2266.066895 14.232192
2694.225830 10.776186
347.641174 5.548028
8435.082031 6.962301
12005.200195 10.983036
12399.104492 14.777678
2758.417236 46.720612
730.755615 33.288174
1311.644531 19.424297
240.468887 9.460048
2148.213135 12.070045
5351.664551 20.631355
313.822235 35.464344
169.550812 61.752354
9217.253906 20.752426
2449.827637 3.403457
733.259216 0.588293
1841.342041 5.293990
5059.661621 19.777321
7630.229492 50.443787
31060.533203 74.940338
15175.923828 77.754532
29463.468750 167.973465
5489.871094 92.336227
970.966309 31.849642
750.791138 7.505259
967.077026 19.450949
494.893768 13.675330
4399.023926 7.410125
39611.109375 19.643909
8584.505859 57.907734
2069.251709 17.282228
259.850250 8.731161
133.857803 15.521609
3663.507080 11.167246
6292.211914 1.982903
7369.930664 0.813779
1277.253662 10.135902
2898.683105 108.200958
19310.960938 76.411591
10316.673828 48.640942
4221.296387 26.818794
3921.862793 13.423179
1003.281006 20.249016
3569.264404 32.630127
13572.101562 46.040962
328.447968 32.978500
19832.345703 27.544249
1108.333740 19.912983
4676.555664 13.887138
4928.552734 4.961671
368.473755 9.555409
7810.775391 21.203821
15299.770508 52.544975
904.586060 75.323677
1855.913330 24.164837
2256.593262 3.172563
821.239807 1.131305
3677.520752 12.196371
21435.328125 4.558415
20221.482422 2.170640
6566.200195 3.265025
3988.251465 113.430618
1896.154053 83.288086
6446.223145 52.481159
574.083740 27.831472
2857.067139 2.820018
3262.848877 5.152253
4290.445801 10.280290
3787.395752 22.235590
23913.677734 25.754932
15925.840820 8.619381
3289.968262 1.667285
2576.817627 1.144871
440.876160 11.452056
2494.775879 23.310474
5326.541504 41.200066
169.230042 70.428642
10062.974609 59.064907
4216.064941 21.043823
859.100403 4.461266
2850.921631 3.810429
2375.101562 46.525284
2201.458252 87.516617
6041.402832 102.509697
2789.791260 81.930855
3050.147461 196.103668
2075.062012 88.562325
2726.691650 21.565489
70.115547 12.603855
2400.353516 11.268112
3655.550049 18.658014
3256.438965 63.331409
470.491852 158.082428
18270.558594 62.836517
1901.680542 33.650627
976.391724 24.940590
2548.930664 18.437153
34.512436 22.965599
2004.644043 20.867271
7997.705566 48.132149
32150.330078 90.852478
3082.401367 390.465729
3641.442627 271.647949
3245.796387 154.626129
2401.237793 66.972786
1178.783569 2.264145
40.772297 2.283227
5057.000000 5.202183
5001.950195 13.795095
2703.271484 203.904114
330.025879 113.750000
1470.474243 47.903191
1625.376587 13.169809
844.171326 10.015083
1277.725098 1.158880
1347.584961 2.281713
120.432556 12.525643
5278.124023 105.296745
2919.743408 80.249641
5692.535156 52.907806
863.693176 28.120836
3877.405518 4.966197
12382.580078 11.806338
1964.876343 13.471793
7596.527344 8.396058
3217.973389 52.823280
1095.166138 24.431915
1697.800415 5.473461
2753.407715 0.147127
1644.320557 6.648421
1235.705322 6.320096
813.885559 6.256019
11907.691406 9.793225
233.200531 7.025240
6421.222656 2.128140
710.417175 2.650978
54.877316 5.186876
167.347824 10.527570
1400.236450 17.562611
4788.758301 29.356613
407.034088 44.374981
36897.660156 16.390095
3127.947998 11.539289
3227.059326 8.678370
914.249023 7.981939
1620.755981 6.499453
2503.894531 16.999823
22817.792969 20.835827
18511.339844 16.111410
2507.753174 99.940720
14274.575195 47.619511
1645.441650 12.249518
1367.506104 0.527545
2280.398193 22.652073
413.609497 15.125849
2597.243652 4.205445
7252.802734 1.792908
209.303909 12.392820
5532.175781 4.193546
6055.520508 10.516262
857.282104 20.158899
3806.847168 24.888805
7231.233398 19.471151
1379.999512 26.948135
5192.784180 48.169971
496.155914 16.212151
3619.021729 31.588022
3541.099854 38.799438
424.472900 34.760010
5407.468262 16.402391
4941.094727 33.225368
3086.052002 46.834297
14247.492188 46.525650
1391.618042 89.945908
1432.826172 55.346916
1100.652100 24.442039
2731.964111 10.567932
3269.597412 8.526870
3668.455566 1.695620
2454.038574 7.497583
6277.437500 43.921944
25326.650391 23.143005
13691.907227 2.910902
3123.725098 5.293879
2709.836670 11.056662
557.876953 5.050471
1947.950439 13.002009
5341.562988 27.670097
5912.026367 35.454620
19994.984375 147.725098
11305.827148 102.598663
88.946472 52.711937
160.076309 17.026707
5716.423340 38.319241
15627.725586 65.537430
15601.137695 95.133934
3099.585938 127.355949
3582.092773 32.472885
75.138527 7.365322
576.437134 3.143397
1211.351685 15.696918
496.599731 26.741993
11121.124023 43.864010
26373.246094 59.828796
13616.289062 96.267662
4069.891357 260.246887
20670.570312 106.489403
1220.134766 27.811518
3303.364746 12.129373
592.497437 36.052071
654.990906 18.473755
11808.099609 41.308819
9172.834961 86.758606
43912.953125 306.193207
12166.166016 258.158813
13797.807617 179.130890
1342.915039 95.462929
6583.661621 32.739243
1156.707397 16.427561
2712.300537 4.548476
5669.806152 0.022147
16394.218750 66.310524
17933.738281 66.811081
5804.039062 61.132278
7301.033691 49.027004
1839.852661 12.966564
2159.174316 12.517376
5531.935547 7.427758
47691.195312 1.796428
2742.190186 5.406299
2916.046143 0.124697
1693.104980 2.337785
3016.414307 8.384769
2866.229492 35.410973
7774.353516 30.398396
3163.458008 48.311035
3865.979736 104.893066
13311.895508 0.581092
3501.797852 9.182681
892.302917 29.467339
1993.043945 39.875694
2083.973633 5.406601
4671.418945 6.181364
10426.583008 18.012081
10587.801758 23.603844
4286.874023 294.996948
447.481110 201.944290
149.832245 105.482986
270.420410 35.792076
2766.730469 8.818185
4098.284668 4.289654
3049.327148 2.357701
10957.089844 4.789367
1683.159424 11.813759
8121.174316 13.965216
2363.427246 14.936257
670.917725 13.106137
3027.823730 11.899111
8652.785156 32.608208
7346.460938 58.694054
19458.000000 79.320618
704.868896 33.552872
6356.317871 22.408922
604.838074 9.649371
552.282288 4.081459
2053.455566 16.152180
6979.312012 10.400883
28229.785156 2.236396
27205.718750 1.413244
12111.434570 86.976173
3086.417725 45.674866
596.798035 24.544638
50.429104 18.290792
4480.213867 17.551849
3909.352539 10.673466
5351.180176 30.032537
5095.988281 79.255547
12107.884766 16.215227
10412.332031 33.101295
8450.760742 41.624153
829.060669 33.912563
3119.897217 6.904436
5958.823730 7.356578
11006.760742 23.855558
12673.158203 46.443954
5039.765625 181.904236
549.912170 130.184860
8923.234375 74.052307
1339.271240 29.497942
5149.698730 13.390901
4508.325684 26.468134
14546.940430 29.417385
20064.091797 25.862879
20247.179688 118.763443
2242.070801 47.966606
2354.782715 8.071792
2084.085205 1.079450
782.448486 9.716525
3736.805420 18.136156
7036.161621 26.105989
12615.268555 26.858505
1430.910400 66.792526
6959.811035 43.550423
1932.382568 21.400070
686.331238 9.267802
2030.836426 21.035856
1420.081055 18.427570
4185.116211 13.545949
3014.424561 8.610914
18447.677734 4.165759
15055.544922 9.463345
5086.470703 15.538988
6231.248047 19.990986
1098.588989 8.954865
1483.217407 13.356114
7106.432617 27.260351
20396.892578 57.403915
2793.098633 19.973949
1739.745605 5.367396
110.604301 3.759204
2236.026123 6.541080
3975.234619 22.628052
8723.233398 39.334225
27959.595703 48.430557
55541.000000 42.936466
1541.057861 229.591232
527.103577 128.966492
1090.691162 53.409504
157.875717 20.018883
444.480988 2.274003
1033.984741 9.952603
586.702942 25.288441
5204.408203 50.988655
41615.949219 107.602966
4728.644531 53.938988
355.366119 19.203354
2121.814453 3.642357
10232.146484 12.565036
889.532410 2.209128
12428.253906 1.514884
4031.506836 6.054656
5696.307617 140.312103
2165.408936 108.178421
2212.787109 69.820656
9216.187500 35.611721
11.254257 2.482673
2391.646973 1.218147
9205.330078 0.640663
32094.263672 0.136736
22617.830078 32.426964
7704.567383 22.120689
7283.784180 12.556280
452.711823 5.891238
1030.709473 16.974937
50.953571 22.885557
4458.743652 27.417751
8472.235352 30.631298
7610.144043 3.980986
18401.599609 2.536122
3312.425293 5.089789
4225.093262 10.503471
941.667664 0.929038
1147.071167 0.562657
3999.986572 3.291579
8150.132812 17.594313
3786.358887 61.770668
3751.762451 24.238201
287.639526 6.118411
1713.923950 1.275938
1847.224121 8.153428
4459.465332 4.685779
1453.768433 1.763558
12992.424805 7.543862
7615.426758 89.112457
928.591187 45.185020
2664.353516 20.541180
1048.442017 11.220547
7965.579102 8.841597
5005.502930 14.630145
890.842834 29.383867
4292.653809 43.484825
2785.893066 69.292168
1397.874146 57.113075
1090.505859 36.150326
5596.329590 16.967106
2522.769043 6.067189
3746.505371 12.975925
12078.670898 24.985500
58902.617188 37.084515
7371.508301 69.446709
2211.219238 45.430965
1380.171631 23.062506
990.307251 8.929791
316.145813 14.741578
4357.139648 8.345792
11175.617188 3.974483
1329.385254 3.330649
15605.376953 23.305939
6406.308105 24.783094
4747.946289 24.231031
592.640564 20.696274
939.441162 3.895317
1653.586792 7.772346
6677.190918 17.611479
17421.978516 35.171478
3137.086426 11.154721
6782.706055 4.533829
1739.745361 2.758572
2007.544189 2.842512
4131.835938 3.688255
2261.497803 7.209740
4357.508789 11.460485
26223.285156 24.473185
4066.090576 83.341248
9005.244141 32.936131
2391.501953 7.020000
4023.732910 0.858536
215.384476 6.077913
1634.252441 5.368908
1581.670288 13.952763
2468.334961 23.095854
9477.188477 97.208229
1865.517822 77.352966
2947.541260 48.023476
842.487183 21.111681
344576.218750 344576.218750
344576.218750 344576.218750
0.000000 0.000000
0.000000 0.000000
0.000000 0.000000
0.000000 0.000000
0.000000 0.000000
0.000000 0.000000
