95.136917 9.308571
1631.511841 11.078293
341.827026 32.319344
3248.394043 71.631866
5040.974609 87.554642
556.658264 64.919891
1508.720947 42.630009
1049.708496 22.244541
1716.964111 27.260408
826.340942 14.449963
668.673157 5.346457
10014.963867 23.493845
10716.619141 426.174713
15869.067383 231.889969
2618.496826 107.095703
16.776920 48.632885
639.518188 69.043694
1909.868896 43.493431
431.247192 38.671734
1957.937256 53.585426
4515.722168 418.964294
21870.314453 307.316589
821.167908 201.973236
1279.832520 120.699150
1358.077637 3.210608
2419.724609 8.861569
2394.608154 27.163193
6727.287598 59.930374
5672.563477 462.555054
4309.957520 261.746399
3071.213623 111.015198
2096.920654 28.707783
215.013336 41.852760
679.893799 9.943574
2569.313965 3.225234
1758.322266 4.964023
5181.242188 615.960022
5631.608887 440.964783
4208.314941 261.397949
211.795166 122.353622
713.459106 49.534737
1014.295776 21.809332
1693.269287 7.726148
1965.014893 4.633957
25549.117188 146.670441
995.104370 145.511978
3623.546387 122.759514
4312.279297 86.672180
2265.705078 3.047851
1274.437988 2.906844
790.457520 11.433417
217.285156 27.451935
4312.969727 36.000008
821.231384 28.579933
2488.346680 19.426548
261.703766 9.810942
988.675781 5.410966
2973.953857 14.910562
5934.066895 20.287062
1667.005737 31.241287
10129.003906 198.048157
11972.292969 87.036087
2183.139160 21.328039
886.187744 0.408122
1554.473389 30.637112
2597.318115 14.875206
968.959290 5.992172
1813.833252 3.232437
29649.164062 264.216278
10333.041016 184.560928
6387.618652 112.363045
8482.291992 60.722050
1051.669434 10.665169
247.887589 2.383108
120.601410 0.886622
166.994476 0.389129
11498.785156 178.686844
6711.884766 127.424301
5464.191895 74.344299
1371.331909 33.542217
471.883850 23.661762
2089.764404 16.129360
846.892517 25.586084
1597.576538 58.848103
7177.320312 53.439762
1122.892578 47.323582
2241.810791 44.115257
840.191833 36.047340
2240.359863 2.653930
1190.921387 0.767745
122.774490 2.249033
22.755619 6.262587
5572.822266 370.383728
12159.651367 216.140472
665.449646 95.206825
972.757385 26.603510
56.294903 42.581135
569.910339 41.754852
168.773254 58.790039
2031.766113 99.428627
6213.486328 217.739151
547.786804 143.722702
985.989441 90.646767
4165.296875 58.256275
381.361511 1.959833
627.624634 17.040323
3567.521729 43.238983
2730.742676 80.674934
3102.437988 560.187805
1499.324951 308.396881
175.636185 121.924759
1522.719604 25.052446
149.622803 64.061325
366.933838 23.752560
828.263184 8.181093
6575.522461 1.086980
5692.319824 669.719055
195.342117 488.871826
200.803314 300.883453
1265.308838 153.004166
172.094162 54.935036
1040.097534 35.993942
663.284363 26.347950
4109.202148 24.708172
14859.339844 180.187485
2335.256348 153.031204
1352.454224 118.019684
5118.490234 83.240494
2517.956787 4.476266
24.218542 0.926337
469.686340 1.173342
4580.813477 5.424608
11982.086914 204.211380
11240.970703 123.157837
6811.281738 58.633720
3350.010742 20.217388
636.489136 10.044546
332.647675 4.557411
1745.052490 14.593211
609.961792 33.099648
7960.029297 154.491760
3133.285400 117.412155
456.720337 73.211601
2774.741211 34.143723
570.703064 8.726128
271.465027 3.327579
651.655701 1.183728
246.289154 2.185477
8053.413086 156.238632
2663.240967 99.958519
683.057068 53.051323
1803.265381 23.093752
637.848755 14.593849
388.931152 8.663682
619.889587 5.453120
349.706848 4.202621
262.539581 58.792633
6237.962402 48.580074
3908.655518 35.868126
723.586304 23.840422
150.065887 3.213971
2551.897705 1.155363
1111.418823 2.625796
3867.405029 8.000191
1752.309326 5.367570
4393.724609 7.994662
1007.932800 8.629734
2497.381348 6.577320
211.456726 6.641373
648.717102 3.608941
26.496326 17.663303
2457.620605 44.327152
459.755066 45.822948
348.384613 48.648254
214.430206 39.509689
8201.377930 22.136171
623.427185 4.670477
803.963867 6.024229
299.365662 10.716394
1457.008911 13.085119
3468.909668 122.059151
1932.113647 80.490967
1254.451050 41.083736
918.237671 14.784395
132.737350 27.351620
1250.544434 26.850079
3150.576172 25.649019
11262.724609 21.910275
7907.786133 39.203243
1966.614502 37.077751
3519.832520 32.833893
570.938232 29.138786
1087.393677 19.483753
2566.116699 19.589458
3313.823730 17.618471
421.898560 25.708019
27300.806641 25.334501
20004.982422 2.506129
7194.079102 1.925172
3422.904297 11.842913
803.714233 27.074427
471.617188 8.042842
4611.427734 1.554435
3551.482422 3.949101
4650.142090 199.203537
940.523254 157.361084
1451.135864 107.177612
1233.580811 60.941059
394.253235 14.114637
1073.058716 7.052296
1818.734009 3.504718
1380.868896 2.561165
13476.080078 63.081192
3647.452148 52.675156
3515.046143 38.814590
4733.923828 25.060478
1659.929932 2.111219
142.677521 1.605097
1488.038086 9.610888
3400.219238 25.012287
1514.350952 25.395416
3158.168945 22.369879
12154.702148 16.489252
1309.433838 8.546299
2149.287354 3.322441
173.681061 0.569987
473.503418 5.365624
3532.940186 19.851412
10014.511719 84.336098
5470.827148 52.995674
718.209656 28.796413
1396.102295 12.550289
853.686707 4.317170
834.113586 0.410130
1147.418945 1.349782
2677.912598 10.373980
4172.367676 142.404770
7393.400391 84.296753
2683.279785 41.011421
8.933521 15.757610
689.125488 25.690786
588.226257 13.393557
5208.192383 10.608642
2221.902832 7.912412
8114.222656 220.814926
5177.572266 169.251587
1852.165283 108.222748
12.056229 56.867088
1761.795776 19.140026
379.006470 23.481245
1188.661011 35.083790
4395.893555 64.397369
32337.003906 46.333141
2457.978516 17.699499
6846.875000 10.806730
9.890439 14.488131
1423.755371 10.773415
681.623596 0.868713
834.910828 2.449297
3464.561279 3.361385
15951.337891 413.282104
740.596924 274.681427
1893.291504 144.269089
2137.078369 53.812420
1642.382080 13.189363
441.241669 9.282593
1115.743286 10.615423
3487.293945 17.930447
6424.980469 131.366516
825.661499 86.020103
3354.026855 49.048759
907.020447 25.135590
2809.658691 22.229918
2993.977051 7.984738
6221.134766 2.705217
7785.958984 4.580576
1188.656128 166.737122
236.274277 126.932144
990.731506 84.218155
2293.198242 47.712494
20.416479 0.730488
804.824219 3.721368
131.342972 11.656746
4591.290527 33.072609
14722.820312 112.593071
9443.586914 50.364143
1618.469727 14.904123
1248.327881 1.867384
3290.969238 13.951251
182.648407 3.306109
652.699402 1.228378
2709.866699 4.273969
13963.253906 309.089539
7597.231934 202.531662
3110.399658 108.608109
2134.698730 45.378277
1173.686646 21.561508
1361.549805 11.172291
1056.836182 7.731017
684.210205 9.582237
4972.861816 168.663269
6140.002930 122.304237
3950.995117 77.351723
200.377396 42.828770
452.925690 3.386481
746.726074 1.293579
216.130295 1.933949
1523.439453 5.320321
1162.112549 97.165047
7454.499023 60.224220
3045.307861 30.232784
383.988373 11.646416
136.160995 11.186932
1717.260376 6.439654
1306.237061 5.720650
2953.668213 8.940628
11979.794922 95.119400
7804.171387 66.124184
1680.757568 40.328049
3612.143311 21.857010
851.326172 2.114667
1700.229736 0.214764
150.536713 0.586326
361.580139 0.076229
460.394714 117.888260
6764.800781 75.908188
3436.075684 37.986080
1087.759888 12.991796
12.157950 19.463665
403.949493 18.013369
748.744019 18.310019
581.287170 23.682217
1868.061035 21.639820
400.211945 17.988678
7604.398438 18.519793
3686.958496 19.778547
193.000076 2.015184
2453.326904 0.451745
344.585785 0.911597
7817.763672 2.578212
4585.231934 75.651794
2883.179199 47.786774
6.736590 24.064058
251.090408 8.841747
629.207458 8.081414
4185.666016 6.329326
4052.196045 7.321599
103.303749 11.866869
6482.125000 57.462002
5588.986816 38.171188
1020.389221 22.951328
4931.910156 13.159822
1510.665527 0.621178
1681.361938 2.441231
257.109863 11.649499
4068.034424 30.012047
4046.950684 153.934341
1394.822510 86.944328
926.230408 37.531609
1862.580078 10.050817
2321.381348 18.060001
157.378540 2.606829
1615.711304 0.157938
4176.189453 3.272598
22848.816406 229.592880
8893.428711 173.089462
2182.722656 108.473328
193.081863 53.395245
1689.553955 6.826023
4043.591797 4.614130
1426.538452 4.288779
5009.930664 5.662946
5689.809082 49.097645
2592.500488 34.448967
52.977440 21.359573
2633.176758 12.058780
625.610352 7.824064
775.571106 8.031631
1282.807495 7.868644
1288.672974 6.615060
8949.176758 13.529495
1338.782959 11.757315
3944.599854 9.620910
1597.792358 8.190381
923.949097 2.265171
1679.574829 2.573571
1042.612915 1.238250
816.408630 3.891957
12122.091797 47.225945
6427.645996 17.661211
7491.927246 3.158517
3577.761719 0.496313
1182.684082 4.323293
1991.518555 0.612659
2225.959717 5.323882
3250.209473 16.776506
4004.006836 123.391083
8707.068359 83.038429
1595.426758 46.060966
1359.832642 19.051350
26.912628 14.076389
437.029785 3.662606
753.525452 6.213861
6565.458984 18.669823
13885.284180 74.879822
15850.075195 71.546715
2656.845947 56.358387
770.788452 34.299004
956.494995 7.235728
1670.672241 8.381544
3398.604492 12.288756
1437.076416 11.650105
21544.816406 112.186264
1386.488281 78.481812
1295.677368 42.874573
312.965912 17.497858
2516.557129 12.897121
210.102295 23.184299
760.910522 42.026535
6270.016602 69.491310
4110.545898 1.909179
3370.032471 0.573546
4971.801270 3.587095
2655.652344 7.554996
1693.283203 3.410168
2313.038574 11.543685
335.100861 35.468540
1049.138916 63.412785
1552.541138 251.678635
3267.721680 162.823151
8614.059570 80.146843
2155.501221 24.366123
719.152100 18.041630
406.984009 13.175982
1250.358887 12.753798
2236.100586 14.837181
5813.391602 285.400604
673.764648 180.135361
2552.302490 93.314445
4564.492676 40.157722
1071.142578 41.517448
23.407635 13.079922
348.170410 16.901756
7654.909180 49.326580
19517.265625 109.287956
5675.092773 133.657394
9282.283203 124.806625
1195.118042 87.157562
1344.046753 5.813522
1624.336182 6.720024
548.062134 19.325581
1784.412109 60.003262
3843.605225 252.237076
958.428894 125.383316
9895.994141 48.481529
119.809761 14.947209
971.011047 15.359941
520.248413 0.336368
5972.048828 5.975972
6046.180664 34.890629
538.045410 554.867737
6932.385742 344.282990
2636.995361 173.962982
1270.177979 66.366890
356.195068 43.511871
467.683105 8.408306
2187.374023 0.782328
3826.097168 5.743999
17234.425781 439.275848
114.323311 343.354584
1294.943848 224.544067
672.199463 116.982979
1432.011108 32.759163
925.877319 9.480489
940.736633 5.127099
8733.334961 17.817137
9830.478516 88.751740
1532.951172 102.526443
6692.814453 93.617447
3034.918945 65.925751
3225.136475 3.308860
795.672424 0.643207
160.412094 12.983873
4012.921387 50.237068
21344.681641 34.193905
6066.062500 16.529196
1597.831543 11.780647
4375.602051 8.886209
67.505753 0.113084
1314.822632 6.209273
3543.506592 16.460304
3886.809082 38.636234
1675.157104 381.683533
2970.582520 200.017380
2320.197754 74.003006
266.116943 13.494242
11.531417 83.640671
1148.114502 39.984699
8975.330078 25.823080
8635.195312 21.595547
4290.334961 445.722137
6702.110352 381.838654
12823.298828 276.055542
2107.665771 166.193497
94.705933 54.743195
905.289185 50.151859
277.213684 59.439583
432.044983 99.681641
37285.394531 7.445316
15583.066406 13.835175
1903.719604 36.346439
550.562744 53.062714
5783.219727 7.862904
1063.175293 4.965476
787.412842 4.864725
4756.099121 1.407992
928.823792 541.213806
293.164185 324.237030
1586.544434 147.660385
5965.456543 44.534126
97.388153 66.672256
152.655151 33.479351
973.030640 15.587787
522.486389 8.959854
11346.394531 192.158478
2985.356934 187.557739
11430.154297 156.906799
129.317841 111.633514
2250.793945 15.020912
554.172729 14.687077
1325.640991 16.595345
6102.141113 28.526505
3345.036133 19.307064
2761.323730 6.872725
1559.096558 7.215508
331.863159 12.211931
710.354858 9.905891
1211.907593 2.045383
345.596497 5.948436
2717.166260 18.613440
5072.207520 265.332977
7492.515625 174.171478
1089.294678 93.513863
382.560699 38.046875
1369.917603 32.768913
1060.439575 13.085655
1448.754028 7.407287
1223.475342 9.198990
6041.979980 258.881104
2975.608398 199.644516
2893.279053 131.596359
776.592102 72.495667
723.728760 3.299785
22.689320 2.309900
44.435974 7.597540
281.226593 10.784266
8233.920898 181.922638
13627.976562 122.177650
6625.193359 63.270084
6532.515625 21.741529
1365.647949 7.153151
470.246277 2.427069
638.939087 0.390387
578.171143 2.662900
611.764343 5.198773
7506.457031 9.986657
3159.940674 12.647225
456.099579 11.465700
2495.501221 2.988733
112.273010 4.923210
3841.174316 13.445292
11120.156250 35.866852
9285.459961 54.072067
34.323959 22.145443
1178.556396 7.292953
485.224915 3.166461
3042.747559 1.836362
1654.771484 3.528844
4517.671387 20.629742
6417.044922 49.456551
20754.255859 249.442398
14198.494141 154.753326
9360.144531 75.035431
1752.190430 23.504095
614.728210 20.584654
24.453527 8.641644
276.643677 4.738994
57.461632 15.024685
11885.482422 391.255249
27546.003906 237.992035
3576.000977 120.669281
4316.190430 51.594528
474.392090 41.039822
3736.883789 14.324146
111.630257 5.779655
886.400024 2.175184
13368.573242 372.785492
5994.561523 287.973206
265.427124 186.517700
793.878784 98.396667
1435.426514 42.798248
403.209015 38.402481
2833.577148 41.556965
9691.300781 64.608681
954.742126 35.581146
5183.115234 28.234795
202.217300 35.272648
330.853851 42.796082
298.383636 8.015980
1363.081665 3.432164
378.770935 14.692312
262.530579 40.399296
30757.359375 368.228851
153.291931 227.978058
3988.755859 112.890823
1433.841064 40.171017
1788.529175 21.358200
1202.857544 9.155930
657.221985 6.652111
2586.520508 16.304415
469.888367 285.607758
167.247208 185.468857
1325.305908 103.329430
1418.466309 49.617920
349.361420 32.330750
516.944214 12.905311
1500.996582 6.506229
1344.391724 7.498281
15662.972656 291.070190
15086.859375 215.457611
5892.419434 136.438995
543.899414 72.653503
669.756470 5.635664
3342.829590 10.392318
2637.716797 25.593529
3593.533691 60.385338
2903.598145 112.865929
5443.305176 52.929092
8421.069336 19.884096
796.826843 7.301433
2524.475342 6.208057
2374.402588 2.241812
3441.510498 7.093837
3657.500000 15.874758
6822.415039 453.525848
975.181824 276.380035
2197.089355 130.144928
486.510681 41.234070
736.636414 49.413254
710.954285 19.643034
488.577911 8.002239
2511.226562 8.437684
21128.574219 264.306915
364.310699 222.096664
262.756165 161.253647
3343.214111 98.866112
7607.995117 37.562004
56.854599 19.440054
777.669250 17.096453
2352.576172 32.231865
132.697617 43.957909
292.823181 66.435471
4872.539062 72.555611
335.283630 60.042751
2713.137695 0.129731
1906.034790 0.124339
636.381775 2.656640
2022.817871 24.335489
286.598022 179.387390
3786.959473 77.087463
994.439941 20.699389
5424.472168 1.813455
66.056870 28.951578
323.490967 8.128884
1501.398315 4.026031
2661.517578 6.632408
2398.471680 486.737122
764.676697 335.228790
2405.135010 190.661911
2432.638916 85.680786
888.888733 11.284949
779.783081 3.753814
285.580872 3.893345
773.242554 11.646527
4050.415283 204.513657
8641.599609 133.056702
13354.746094 72.495697
315.751709 32.086300
1082.214355 19.426693
268.068024 2.170403
116.637352 0.750042
2532.873047 4.945132
3037.924561 236.403397
1754.170166 185.381470
491.009155 119.610352
877.734741 59.539761
93.782578 11.109850
35.435890 3.699463
987.187073 0.661684
2383.004883 0.071787
4559.381836 67.808289
546.946838 56.486725
6883.042969 40.182739
446.794647 23.765650
1117.782349 3.713344
126.268242 5.736217
4305.703125 21.762436
2684.220459 46.071682
8499.097656 56.625748
3978.147461 48.399784
3133.865967 32.581436
2126.677246 14.859392
358.256287 11.973158
724.501221 33.339310
32.900925 57.029922
5941.364746 105.410492
8002.242188 351.183563
7841.446777 147.948303
3975.283691 34.030975
2076.604492 0.802447
1801.554077 60.536594
618.055481 22.715582
2389.367432 7.340554
1173.794800 2.268847
11622.495117 986.172729
2038.929932 656.248169
3670.701416 361.587219
260.854034 161.532684
3848.517578 90.751999
1691.139404 44.342697
3489.014893 19.129049
133.846130 14.057666
18913.214844 298.988586
3874.275146 271.037354
1115.962769 217.958221
2010.013428 152.724121
16.181990 4.757372
197.385315 1.334110
3216.580078 5.294844
1714.033936 9.270864
21.926981 94.011627
110.059296 74.609077
7518.985352 46.356857
165.644318 20.321804
135.998276 17.094387
1842.044922 29.278965
2711.717773 64.392120
1597.538940 121.323059
3624.152588 4.581042
2493.917969 11.845913
1029.803711 17.909462
4323.708984 17.613710
891.264282 8.860138
1935.383301 24.607452
2256.858398 43.488407
9260.173828 52.897285
3429.137207 591.927673
6133.716797 344.107971
2629.786133 145.518204
3549.587158 36.123131
837.012390 76.703163
361.381226 31.483673
839.218933 4.511667
1113.693970 2.322837
20079.359375 236.709198
1795.024902 214.871490
809.470032 178.002853
5230.171875 129.286758
5148.804199 31.815115
4805.530762 13.520939
944.863037 3.923301
1218.417114 2.467204
3956.202881 77.054016
1232.239380 82.421349
2989.307129 73.778931
5048.625977 54.458630
3775.266113 0.468557
635.578064 1.511833
3517.530273 5.695318
11678.269531 15.370703
1934.758545 19.894583
3521.950684 8.459422
12906.187500 2.811007
770.828796 0.820671
195.289337 2.449462
1268.094849 4.752576
6117.496582 10.019180
4378.657227 28.634462
8514.972656 231.448578
10101.058594 115.146988
13048.339844 40.830116
1440.911255 8.625099
1064.829712 18.676624
1742.831787 6.175976
907.239258 2.099324
1098.064331 2.921763
6451.710449 447.539185
9263.775391 285.000916
7416.578125 147.119232
2011.988159 59.030994
317.854065 40.347450
120.404129 29.867496
230.460785 30.403526
648.716980 47.116295
5724.813477 213.187927
2575.110352 147.376633
1813.308472 95.847092
1511.944824 61.201786
532.819946 1.623936
622.621155 6.359420
726.449402 21.985586
977.856812 50.479820
8046.142090 309.829529
3193.907715 174.263428
1275.481689 73.543442
3341.118164 18.647045
608.865112 27.005600
112.922272 9.520305
2080.876953 11.457973
5761.706055 11.679808
7544.972168 472.715942
1856.099365 341.889374
4924.940430 199.410507
606.239197 87.814453
2700.429688 64.287308
3098.125977 45.868595
2630.664062 43.995537
10075.974609 70.972824
16136.443359 22.204647
15354.605469 49.832550
273.317993 73.897041
1400.703247 78.714996
1167.208740 2.414744
2428.057129 9.376913
57.920364 18.920519
2682.427246 43.628544
34591.203125 359.568359
17382.638672 179.153870
5942.799805 61.410748
4372.425781 10.228409
1106.532593 48.084515
1525.329590 12.303748
1338.290649 1.196892
5544.980469 9.059697
17119.867188 402.058105
5882.796875 308.999939
2547.408936 204.999512
630.287598 113.285103
3127.465332 43.143127
61.347668 19.890717
1029.928223 8.286435
1582.227539 4.070720
14108.724609 155.463882
4441.130371 144.420486
1014.887451 114.835968
182.316345 77.240471
240.988312 11.440615
326.795654 9.488696
5174.569336 9.754169
4075.592285 14.855660
7008.508301 9.286934
6021.628418 9.416749
2794.490234 11.504976
282.496399 12.574665
903.175354 3.223382
1951.537354 0.830531
1429.838013 7.668695
684.410156 23.973358
20553.814453 80.844833
5184.571289 54.530720
1077.444702 31.451687
2750.077148 13.844774
2437.487793 12.686099
2089.642090 5.678203
5665.457031 3.971547
5629.729980 3.270255
2405.664307 165.623108
706.979492 116.391693
1595.206543 67.899452
1733.235107 32.084599
5174.197266 6.814034
6.951947 10.814999
1375.700928 19.939709
126.901154 33.398308
33664.179688 64.271133
6978.002441 39.277702
2687.410645 20.240955
12669.291016 9.459732
916.708008 0.237132
27.755013 1.902119
790.792847 2.791106
3830.308594 1.148844
8553.423828 195.394333
4842.610352 111.348625
1772.971680 45.740208
432.022339 10.177220
1077.436401 27.647141
287.031464 17.492397
497.880585 10.391194
1062.833130 6.097647
11335.302734 57.412979
15211.910156 57.278988
182.126404 50.552788
2336.127930 39.585365
330.071533 8.661926
726.660950 10.990198
729.694580 11.191873
142.373505 13.217904
1045.147705 19.983778
8351.961914 5.243907
2279.255127 1.040784
1131.176514 4.032629
615.634949 14.334171
871.567505 7.512915
251.421799 2.838242
3448.091309 1.591236
2473.834961 89.037048
2772.530029 63.016747
1581.103271 40.586559
216.301300 24.591883
432.279938 27.176537
66.483490 9.196424
255.892761 1.562639
1535.509888 14.534885
9606.035156 14.654867
732.374268 28.721542
6243.607422 41.180519
648.308289 41.037487
1905.346924 2.437236
796.411377 1.043249
4216.822754 4.494430
2454.907715 5.933142
579.317017 173.481049
6001.522461 114.258316
7394.013672 57.878929
512.598450 19.258389
1854.604492 12.491829
4645.205566 5.877920
1301.067383 3.119279
2835.442871 6.360391
7287.265137 9.006129
3183.541504 16.275127
2865.650879 20.249250
59.288223 18.598976
359.266968 3.350715
179.571198 0.162143
1565.465088 1.875728
2685.275879 9.002216
1608.457764 46.646828
3257.867432 33.183578
4255.945312 20.771622
9211.477539 10.528931
82.739708 0.251418
126.894485 0.497787
1262.570557 2.198563
1952.351440 8.455138
6129.400391 62.825211
1455.848633 31.397871
4377.559082 11.368825
4981.527344 2.426978
1011.877075 4.792927
1048.832642 0.870384
2067.405273 1.464555
1112.442749 7.706931
2258.012451 88.032784
1269.580322 56.833954
1185.490967 31.358112
2231.673584 14.261827
136.427185 9.257081
341.929810 1.779217
1265.921997 0.709864
14613.488281 1.403325
5349.409180 125.976250
2667.769531 94.111572
2811.956055 57.946007
6289.544922 27.793943
904.692322 1.930163
2587.044434 0.457527
772.109253 3.812267
2584.211426 14.348365
16975.982422 47.500549
17217.320312 28.319273
1902.823975 14.992529
2560.020264 6.684487
1657.057861 19.801313
1176.067383 4.384524
690.396240 4.937944
11311.057617 18.255455
9455.399414 69.089302
3948.276123 77.923538
2222.597656 68.438126
2642.669189 45.198982
1801.302124 2.850496
331.319763 4.105477
314.924530 5.496233
3836.387207 6.408818
39777.343750 149.438110
4409.153809 85.605453
2223.645752 36.591038
6219.801270 10.259085
3682.621338 5.611693
239.943481 4.739448
1112.255005 6.458310
938.254761 7.717208
17657.000000 174.783600
4152.437988 108.593361
999.422852 52.785042
116.893234 18.644426
884.080261 17.551224
2768.615723 12.507880
200.621796 10.848844
1931.204834 11.447793
7089.700195 82.469101
2772.996582 63.290737
815.705994 43.576340
1215.961182 27.706152
907.744202 4.972502
88.848640 4.271629
3302.777100 4.613142
3328.158691 21.946035
3600.480957 141.390381
6063.718750 58.586372
1049.284302 16.152838
94.970680 4.548907
2585.802490 24.740417
546.309326 6.460007
9235.514648 2.451781
10324.007812 2.126999
33631.203125 368.577423
9376.782227 263.328735
2701.955322 155.312469
8091.708984 72.171959
2601.723389 6.066119
1505.607178 2.099114
11353.921875 0.874523
7353.116699 0.998692
15836.976562 61.701458
12205.279297 45.474419
1641.498535 28.390863
1320.576660 14.631702
249.582443 3.954333
182.890503 1.658604
4084.858398 1.850053
11418.439453 6.308850
9766.072266 9.500770
7251.771484 8.118589
9984.490234 7.669005
5267.131836 6.411146
4998.496094 0.197699
1832.655518 0.090219
1452.822144 0.658177
729.611938 6.309359
14636.841797 36.033260
28763.593750 14.085236
15898.059570 3.041852
4040.422363 0.090110
746.878174 12.824078
534.650818 9.862336
321.380096 13.475130
1598.968262 29.562262
9938.046875 108.609329
6992.238281 64.650543
9947.179688 35.957355
3290.154053 20.448208
2968.535889 0.106863
97.689163 3.806612
1216.899414 17.381653
988.829834 55.547050
148.758133 236.483673
481.797546 112.622429
1558.672363 37.706459
3142.352783 6.359422
726.515076 31.009377
523.134705 7.749842
252.824768 2.526447
2270.753906 4.898022
4667.385742 503.610077
10018.420898 349.653534
10681.958984 200.999847
1509.772339 91.516411
1360.513184 15.990799
1719.227539 11.052172
1902.689331 14.288124
490.555573 24.263384
3106.064453 165.572250
9590.490234 112.757423
2262.207520 65.940788
935.766052 33.192429
0.372831 14.728260
1134.943481 4.546898
1044.461304 9.120478
601.291016 14.799979
634.935547 220.572342
65.467560 171.707077
5908.119141 107.119179
1220.299683 49.594334
156.481583 29.174765
65.374725 17.777733
2684.432861 11.893925
10234.520508 18.192549
7137.929199 7.013201
2421.043457 21.248800
1941.634277 33.659313
1091.636841 36.581902
1446.029541 5.506874
790.804443 3.342937
37.197197 3.795873
2503.439941 7.638055
25652.949219 72.768181
11313.320312 46.142952
1778.277954 25.057865
2386.158691 11.881565
704.516846 0.920715
464.718658 6.293459
1412.671265 15.969124
200.726227 28.962786
4442.749512 113.195892
4065.971924 62.839046
1517.128174 25.061413
4177.214844 5.126198
753.785828 27.224539
410.516571 14.825029
186.038635 9.592000
1236.300171 11.674088
132.579681 272.752808
1598.693359 183.130157
4797.242188 106.337715
1523.468628 54.714535
83.106339 49.629257
924.302368 29.074533
315.731049 21.027885
2751.839355 25.820473
7924.360352 119.048721
6401.932617 117.063751
1532.350586 101.937874
5601.831543 76.867737
1306.047485 2.731504
469.678772 7.464309
450.709503 18.886993
4862.293945 26.288343
19203.033203 171.479309
615.590027 113.890030
8335.851562 56.581123
213.728317 17.249611
1218.418579 17.524010
253.603561 20.187378
4907.755371 22.533287
9363.728516 22.577103
60.214607 16.967150
397.636353 17.340870
6552.217773 16.494682
205.569305 16.184881
581.446594 5.980037
1086.685547 14.436203
2440.417969 22.424984
284.213043 24.365789
11402.671875 42.137562
404.103027 26.057041
308.006592 11.015635
1733.185791 3.667630
1103.229492 3.645480
82.807579 13.040418
2297.805908 19.299994
378.433746 17.586773
1086.814941 65.294785
4393.525391 34.511082
345.208679 10.299531
13229.115234 0.230579
506.464111 15.286692
777.013977 11.952497
78.962509 5.248957
6427.785156 1.282089
2604.170898 5.363212
2518.680908 1.707709
4586.950684 6.005955
457.198181 12.518122
229.251160 7.439557
363.386322 1.523899
34.786057 0.036505
1011.873291 1.399323
7420.272461 36.442024
5235.147461 35.045956
2045.923584 27.627756
913.799011 17.121273
565.112000 0.589565
1761.761963 1.540335
737.550781 4.355658
365.263672 9.136973
1363.889648 7.710303
2364.786865 4.514456
4770.225098 2.346177
13.052765 1.005518
81.206711 2.385396
735.210022 4.629039
599.854858 4.224976
2093.605469 1.243864
774.183594 55.563168
7292.288086 28.550869
342.740387 9.773505
1563.021729 2.080594
842.475952 25.280788
901.210938 22.970200
2624.229248 17.297598
3835.898926 12.212316
15018.586914 2.603812
568.338318 6.784680
5187.854004 14.735092
2124.499512 22.158934
488.129272 28.922970
576.041992 19.810303
414.394440 7.452529
768.167236 7.015317
13701.294922 25.093145
3417.423828 10.744537
257.946198 15.855927
2284.368896 26.364857
1222.991943 53.173477
520.436951 30.442762
1579.443359 17.929672
1408.315674 18.757923
3032.861572 64.431053
3552.110352 84.284775
1658.524658 88.912552
5502.915527 76.391151
1404.463257 8.473024
1871.586792 4.042396
2534.940918 3.996839
2070.951660 15.556627
12094.292969 36.403084
8580.153320 20.105431
1395.958618 14.005887
1536.338135 11.819718
3764.519043 5.722555
1261.883667 1.151230
813.605469 1.589834
15255.423828 5.906794
5394.579102 147.588776
11207.195312 95.476753
4822.964844 50.472813
1499.273315 20.493206
1872.201416 18.173580
2354.120605 4.947083
4121.377930 6.403447
42.534378 15.540250
1797.385254 131.352859
1142.886475 115.408836
900.923218 83.317673
3319.585938 46.745655
73.769127 0.316145
1998.737915 2.555798
1324.213257 4.404441
1170.093018 6.315754
6112.658203 76.134804
11135.130859 39.980534
6581.267578 14.250921
12932.977539 2.127960
1029.523682 4.986861
70.363045 2.056126
4494.893555 1.527137
2844.034668 3.453257
15162.995117 32.780636
1148.797974 25.077200
1752.675415 17.120569
1886.193726 10.149229
6349.875000 1.475945
2339.754883 2.065742
784.690735 3.781816
5473.076660 7.227326
27323.267578 6.139910
5056.079590 3.187109
8938.111328 1.835680
1906.229126 1.426954
1606.774536 0.626149
1480.955078 1.860165
485.764923 2.747546
674.196838 1.811737
8726.795898 44.687881
15161.012695 26.406693
7752.993652 11.179276
15.827381 2.665316
3223.171631 15.755482
974.893372 9.338003
1820.757080 10.975275
5013.698242 23.043884
19463.240234 14.555830
2014.490479 22.626478
168.016510 26.761484
1622.039673 23.705496
379.986969 0.713921
139.817505 0.858922
2190.804932 0.724725
1493.300049 1.821856
14653.108398 116.063309
4710.373535 63.378513
583.486572 25.235249
450.012787 5.950352
289.273926 13.592299
583.829102 5.938566
1637.603638 6.528995
6511.374512 12.590816
199.950653 121.521225
3717.381592 91.751144
2682.375000 59.238663
117.648056 31.616379
1314.803955 4.783985
2985.668701 3.170912
4718.460449 5.977875
2010.178833 17.660112
4022.969238 121.728119
21576.839844 68.229897
4691.962402 31.483971
1640.552246 12.201983
399.088928 9.578725
953.118347 8.179503
573.675781 14.584897
270.988251 42.451138
821.613220 275.539551
23929.812500 144.702408
1995.239990 60.609127
2024.908691 21.430777
108.804153 22.996239
1251.258545 4.054581
292.797821 2.189890
843.945007 10.355237
5180.717773 554.118469
5241.227539 364.397644
7625.556641 195.561707
8239.461914 80.645050
665.221008 38.960182
3.516257 24.373749
299.267944 23.828417
4900.294922 37.696072
3157.466553 314.940430
2545.937012 217.930710
146.554810 133.135040
152.654495 73.173729
849.434082 7.120626
414.225128 5.182993
1182.363892 12.613546
1969.222900 27.920277
9595.201172 407.318237
16867.976562 243.457703
7467.767578 112.995941
1325.024902 36.155403
55.990589 31.711479
543.144836 2.812718
3633.558105 2.687858
3399.800781 13.278812
773.785461 358.241119
353.868500 291.509949
115.973145 193.944702
2464.846680 98.475990
7.507822 19.364601
2570.576416 14.627270
208.053650 12.829689
233.035431 11.450232
16788.361328 61.343357
2580.629883 53.724220
1731.746826 41.234722
511.360596 28.571554
2394.153809 16.937519
1007.414062 17.710821
668.322876 10.503481
705.878906 5.072080
2297.382568 35.661533
2074.108154 6.958271
5661.283203 0.267037
1616.842773 7.947196
1732.100952 22.170158
290.186401 7.562257
400.500366 1.076219
2201.043701 0.918222
16188.881836 71.119164
3298.653564 72.622772
10589.510742 61.521858
177.131714 42.287720
55.881874 1.178377
718.401123 0.239008
3334.411377 0.647557
4976.357910 5.374295
11224.625977 5.374295
4976.357910 0.647557
3334.411377 0.239008
718.401123 1.178377
1457.491333 2.636431
550.355347 4.906797
1612.060547 8.503860
2887.786621 19.648853
69175.937500 97.931129
3938.254639 45.232651
722.280945 14.292417
672.483032 3.051982
7650.921387 14.988029
113.360229 3.382430
2894.212158 2.203817
718.200256 2.998026
32310.363281 177.985367
6365.024902 138.619873
414.004517 88.431145
1554.366089 43.693615
411.143860 14.667707
1157.710693 16.248158
1871.310425 15.033316
2506.190918 13.281504
3154.795654 3.416043
2296.153809 1.523623
379.390869 4.589519
5637.698242 10.073591
394.186127 7.029269
134.558807 6.376640
429.651611 10.548560
614.303284 22.093388
2118.180420 5.053267
1010.750732 5.318010
538.609070 7.594450
4316.525391 8.352531
361.573364 3.908269
695.112305 0.321190
1949.882568 0.948865
3848.990479 10.082533
1248.537720 182.408188
2396.516113 104.437866
2603.313232 47.683769
5406.536133 16.399418
710.481140 8.883253
435.419708 9.409594
438.980865 19.945791
261.275177 41.086243
7780.867188 181.496384
16288.355469 110.808388
2567.690674 55.715137
1235.747681 22.405668
781.530029 15.672029
2880.690186 2.331876
2438.314941 2.427669
776.608765 23.312931
4636.593262 262.759552
10270.503906 165.690125
7021.406738 91.102081
1341.494629 42.982624
2602.854736 34.055660
2298.923828 11.759340
6453.807129 4.513795
3404.238770 5.494250
4777.854980 375.076324
4770.659668 269.809326
2610.602295 164.466125
4015.903809 83.012085
809.954102 17.138042
1045.544678 11.730876
293.338013 12.871888
363.567108 21.660582
18677.267578 201.070374
12779.011719 128.969452
5408.121094 70.894958
12339.393555 34.415058
1742.776978 6.201287
1143.894897 0.226696
845.665710 4.542288
728.242615 8.670403
6461.917969 266.023682
6869.520020 181.857391
5120.444336 97.809753
1573.049316 36.496944
472.453918 24.112785
625.711975 17.040960
2046.629028 16.405508
1399.078247 21.820763
7617.805176 28.548044
3075.846680 38.279530
5461.936523 39.926544
1946.250000 33.720760
172.407211 4.900169
504.793152 8.850922
378.165588 6.551071
675.185669 2.306300
2996.760010 99.526619
8666.825195 44.090118
3014.432617 10.981808
54.379192 1.286596
520.435425 29.657715
695.186401 26.696625
530.606201 30.231396
4595.772949 42.381065
9842.771484 30.892170
18130.218750 33.802971
4272.453613 35.890533
1286.020630 34.179901
843.857300 8.820803
434.936249 17.667372
463.122742 35.909302
1962.562988 63.246010
18868.533203 161.747849
11999.325195 91.910385
4644.043945 41.020123
1010.863159 14.348070
2615.291260 24.029104
912.975830 9.914902
2049.803223 8.533511
962.048035 15.971740
816.435303 233.899094
2323.922852 171.031525
1083.487793 107.112991
1376.458740 55.997906
226.707611 26.900986
731.709412 7.521894
5616.020996 3.937138
2366.125488 13.446799
5487.798828 111.878448
2371.159668 108.510223
206.740082 88.199692
683.972961 57.284531
852.446167 0.983864
694.114746 1.635656
741.495239 5.669566
6970.654297 21.544777
4734.609375 71.482254
6758.778809 28.885128
1834.259766 7.370121
1994.212891 1.139361
416.070801 6.409725
1183.724854 2.880117
1962.870850 13.894103
4093.088867 26.332729
25543.001953 208.214676
10714.798828 153.163589
1469.495361 88.305580
2840.337646 34.956856
2212.673828 6.325213
1736.117432 9.842203
4365.443848 14.808986
3236.594971 14.929669
1202.714111 79.539902
14720.453125 54.781231
2842.907959 28.981218
3843.414795 11.607395
98.058296 19.861568
1581.505981 14.343830
2521.130615 18.646013
5191.307617 37.498390
15978.086914 3.043739
1578.777588 14.246530
15837.709961 24.091946
12875.960938 25.695868
4568.403320 4.988891
336.462799 3.141937
4715.976562 5.956425
2083.002930 23.513901
11950.621094 163.343613
8114.244141 83.460205
444.898010 33.941330
3691.323486 11.815782
1217.292725 28.075165
285.433411 10.600687
1002.872192 6.091290
3997.703857 11.417683
27081.082031 268.770447
4592.546387 194.971436
2898.137939 121.825905
520.331177 64.285332
2668.168945 8.125504
1038.305786 2.512700
3138.333984 12.506722
999.701294 21.054970
1594.898804 300.334351
6355.480469 215.037552
261.519836 120.333771
356.286804 46.171925
1951.377075 48.251583
624.890991 42.893692
3570.673584 50.841698
7908.072754 71.722839
20653.394531 33.236343
4059.467285 53.444576
7255.912109 62.649658
1095.176636 58.612904
3299.373535 27.197617
1099.741943 28.007744
111.532692 34.549465
913.417969 86.808868
9442.147461 303.000885
630.124573 123.164909
766.561035 38.807732
1927.530884 21.789909
998.843445 90.582458
3321.501465 22.529861
3246.223633 0.648874
2794.302979 8.431316
1487.691895 751.327393
26961.333984 588.190735
9981.962891 393.503510
5709.736328 216.744370
827.551270 29.726448
33.377144 13.858383
1608.416870 8.175373
1854.652588 12.473326
30128.119141 179.407990
2275.334473 137.233795
1568.938599 93.719421
450.944550 56.558758
2269.987061 20.621069
725.922974 6.226693
1007.747864 2.262882
5844.479980 2.219246
2926.596924 174.565308
1912.406006 139.011536
2264.681641 92.812897
943.713623 50.116482
50.024605 0.515714
1854.529297 0.002683
173.995911 0.547216
3394.351562 3.034898
6269.889648 44.517120
1143.625977 25.187235
774.043640 11.083130
2807.913330 3.383559
1770.651733 11.305408
1125.176270 5.471855
1470.279419 2.801672
502.894440 4.007060
8959.729492 19.038876
1767.143311 22.478413
240.505753 22.165180
4724.913574 17.841166
663.779541 0.520936
1083.526245 2.949258
62.179092 7.804395
1986.652222 11.818070
5424.819824 21.978577
401.384338 16.609673
218.831238 8.930748
877.748291 2.639979
1527.144287 3.501385
403.922791 6.643405
3455.292480 15.589568
236.205109 34.965881
2086.807373 18.884815
2924.777100 4.933681
6466.190918 1.045807
1538.060791 1.825100
479.639862 6.964305
3556.021484 5.729152
908.139465 13.483463
4125.447754 25.123493
1241.210449 262.475647
2300.240723 166.049728
8006.356934 82.790390
1784.729858 29.296299
842.035522 29.437603
3.600200 16.971630
322.101593 5.321101
1946.380005 5.776481
7104.358398 157.731476
1966.955811 97.978714
8828.577148 60.389366
5152.651367 41.169205
42.015732 35.251102
197.203979 21.671240
1514.801514 13.607962
5948.994141 11.046337
2392.494629 159.883072
31523.326172 123.242386
8514.192383 86.466362
861.860901 56.396305
378.396484 0.579808
2535.712891 1.487324
795.991150 6.152860
1419.502930 11.144110
22009.296875 52.175762
11339.625000 36.344055
6130.018066 19.311180
611.698242 6.392254
1152.732422 7.748259
2008.242188 5.049966
2235.234863 4.526474
206.968735 10.706389
6085.452637 56.415543
4033.798584 32.280392
1147.906616 17.970943
666.643372 11.216780
1112.607056 20.412720
1768.629150 8.358457
2838.693359 2.540383
8864.011719 0.451778
796.792053 127.253975
7604.397461 101.031822
4071.753174 69.562523
3778.244385 41.029427
751.950134 2.942625
707.486633 4.324066
473.010620 9.605658
651.089600 22.147905
8954.100586 49.438114
2720.322754 24.759130
3937.087891 10.367265
3552.159668 4.288951
198.786377 2.065050
222.901764 14.651249
187.547791 46.009872
4114.422852 107.888496
207.759003 164.809143
8092.889648 73.189705
2901.327881 22.034340
2558.922607 2.609392
835.923889 5.053570
2186.752930 1.181778
1391.995483 12.842024
302.420349 46.872395
5789.449707 621.433960
3090.807373 356.299377
193.379837 157.218735
1240.549438 45.887081
3452.579346 56.175591
1099.926392 16.224787
28.589941 3.660640
1962.375977 23.592815
959.073242 452.250214
2013.714355 329.906799
5784.640625 215.215866
2411.107178 122.441238
971.169556 52.838692
180.167114 11.688704
763.521729 1.669514
570.918091 6.405285
12445.685547 526.517883
3267.238037 407.551697
3518.882324 264.966858
359.381348 138.371887
1051.880859 14.368368
1618.978760 2.912684
671.203125 0.741535
952.754761 1.222811
8452.776367 254.326569
15525.642578 177.940628
463.211792 102.201263
708.814941 45.601765
1018.150391 17.061884
1482.958374 4.213850
794.715332 0.147446
36.079041 2.326600
5738.426270 96.059952
2208.412598 84.221039
1217.683105 62.747742
3195.767334 38.064323
278.722626 2.809466
1209.545898 5.331846
2683.044434 7.021515
10010.420898 8.959980
3887.985840 52.666100
313.703949 26.238571
3229.538574 9.051311
167.914276 2.382197
1403.652466 8.242400
1678.613525 4.097571
2263.746094 1.042335
923.483276 0.091950
10820.899414 57.286354
6508.570801 39.400452
2059.462891 24.547674
692.750488 14.439106
809.049438 7.611910
2137.948242 7.015378
220.215393 8.859629
3085.788086 12.521085
12582.750000 34.324619
4481.262695 25.720119
3676.068359 17.450861
2262.467773 11.118562
1449.491211 0.439155
1429.333252 4.607161
684.707703 7.300775
1862.089722 4.651291
15203.656250 113.079994
744.112854 65.097160
5918.687988 25.773857
1794.015015 4.555360
1247.247314 28.952393
697.918823 23.539066
561.380371 14.883615
830.355957 8.946446
11280.181641 0.527731
7699.968750 7.377176
766.068481 18.334511
1069.228760 27.088902
2369.447754 23.095318
123.101570 15.503016
1141.098267 16.549736
4145.276367 28.425877
10852.663086 23.073635
700.375854 32.488129
54.844444 36.624062
69.186798 32.502052
812.103943 7.097521
2227.016357 5.994114
2657.119385 7.651134
241.023483 7.080092
7480.962891 115.667114
3065.533691 79.123688
1359.144531 43.224327
488.161438 18.170601
480.009460 9.540788
899.242981 2.938813
1097.602539 1.513321
2455.988770 15.239431
2765.885742 8.553528
9692.439453 3.203803
2853.976074 7.831519
3493.702637 11.974040
1513.600952 2.366103
1801.137085 3.632236
73.297386 23.750530
1929.603027 57.181931
16430.578125 173.978882
1683.793335 117.529938
569.424988 63.615788
1742.368286 22.920620
4795.626953 3.314575
181.904297 2.084952
855.602051 15.896871
5709.720215 53.493710
4366.448730 190.041550
4849.796875 105.145081
2153.436523 48.160690
3384.296143 16.917624
112.764893 13.549665
286.666534 1.978111
5482.918457 12.128572
10482.945312 55.845020
12104.884766 576.883362
28045.248047 338.476685
1295.935181 161.038101
6403.865234 58.191807
402.341064 91.510239
3141.803711 21.851744
1410.493408 5.005358
953.341309 21.563328
42188.585938 687.768188
23298.359375 562.554565
5488.419922 390.695740
2951.378174 220.328110
2704.507324 61.797459
2364.312256 31.878040
881.948303 10.911410
1983.112183 1.616396
4592.557617 114.672981
4513.045898 123.957916
1279.075684 116.210320
6828.466797 93.082840
758.515747 11.685971
240.146927 16.656898
2013.861572 19.369967
2985.270020 20.409929
10713.187500 6.224607
1312.566650 1.184044
1183.056396 1.355121
2842.596191 5.714004
1666.928101 17.583164
553.948242 10.684122
951.414185 17.697807
2272.938721 53.570877
26213.658203 37.095875
3082.401855 20.297947
2936.144531 20.893858
704.314209 22.778454
397.341003 25.502312
464.558685 5.751028
1363.497559 3.459900
2771.123047 4.087028
2109.113281 459.085327
2514.480957 324.458862
7050.665039 187.132675
1864.279785 82.904099
831.392639 28.525167
314.596313 21.224003
1716.654785 21.073183
5546.979492 30.033669
1736.698364 70.988869
1393.871948 61.200108
3779.776855 50.800968
2781.792725 39.436699
1217.890381 0.728508
1185.951904 2.852511
4170.633789 10.220901
6622.101562 18.284651
14109.199219 132.651199
4117.987305 83.301796
667.627197 39.474209
242.030380 11.268031
2075.346680 17.190987
145.046783 9.449437
2047.406250 6.506574
2211.492432 9.551265
24935.443359 105.321800
2622.408447 76.083168
4361.552734 49.999760
1182.254395 30.301645
1190.613281 31.819710
2776.502930 15.524086
2161.682617 7.426826
59.275463 15.136089
22280.017578 14.482896
3603.803467 31.812660
1335.419678 44.572323
2268.140137 44.443935
1589.664795 6.702104
412.106445 6.774469
4409.000000 18.532290
4931.603027 31.137867
1512.772705 143.923798
1588.145630 107.907036
2745.987305 63.301331
1023.922668 25.945190
416.744843 7.937342
519.413208 17.903078
248.482178 28.857988
1213.904785 49.291279
27297.345703 140.975693
1041.144165 60.087013
1706.869141 14.990845
1662.364502 2.395717
3453.027100 20.385059
217.864487 9.712316
2265.034668 5.205462
7222.680664 1.232308
27500.546875 257.927429
9883.250977 178.445465
1133.468750 102.773819
7872.024902 48.751125
3965.427734 27.388115
4551.765625 20.334951
485.745605 17.686186
432.474487 22.584936
14235.605469 47.934528
5268.612793 43.990601
1090.538208 40.372917
487.393921 34.892380
51.241234 0.184326
2595.799561 1.104112
1286.876587 7.563081
42.059479 29.571381
2633.145020 92.764412
1427.563599 39.096466
1487.507690 10.903210
1505.518799 1.483373
1264.782104 15.093895
1995.383789 6.104440
7592.960449 6.584680
2111.447266 15.659039
267.537781 429.982819
8083.644531 266.252441
1044.676880 132.775223
2133.094727 50.674347
2830.001953 15.027761
846.311829 1.897707
167.178955 2.130321
656.847107 13.427866
30705.619141 359.949615
4118.002441 235.320908
763.429810 126.731819
5322.508789 52.976357
296.468262 38.706318
3196.392578 12.063660
3925.552734 1.959748
1185.871948 0.012761
7726.761719 256.560089
1385.374390 212.533691
229.670837 149.227631
4589.412109 86.199707
1236.766602 5.603111
383.400574 1.803844
520.570251 1.018221
2937.909668 0.901824
1087.244629 51.548634
28505.662109 40.988274
540.112122 26.994043
2963.370850 14.160450
203.548035 5.990055
1206.533081 5.488609
385.650269 5.238120
1719.552246 7.553638
142.321716 6.000085
6014.901855 3.037284
6515.050781 3.566083
5709.742676 5.229059
772.086792 2.979326
218.027939 2.246624
1195.185303 0.607240
854.752319 2.134390
8512.548828 90.284042
656.760193 46.312569
1158.555542 17.942854
69.972961 5.670285
982.926636 15.448929
146.441666 12.242957
1678.959839 13.392414
1694.869507 23.237602
8984.942383 126.413612
2736.737305 77.324844
1064.714600 42.924892
189.917145 23.935572
718.089233 2.793253
3583.322266 1.467866
1392.836182 14.036154
1562.633545 36.025242
636.023804 174.458221
9406.071289 116.249275
2.749137 62.019459
955.858276 22.584257
443.133698 20.055218
1788.948242 8.446012
642.755615 4.934847
2447.870117 4.494039
3608.067139 161.895355
8172.381348 125.028503
1669.145630 81.865524
1690.645142 44.539764
382.502075 22.232365
275.945587 13.824102
15.310895 7.989526
1294.189697 6.203675
5802.916016 21.234299
18733.042969 29.637444
12951.885742 32.843098
3272.415771 29.776468
148.321808 0.047568
318.785034 0.067619
477.596588 1.058327
153.410614 4.489098
3565.020508 6.511941
7675.345215 1.932620
1693.501221 0.221923
710.759277 0.020057
646.891052 0.530664
1534.060547 2.821350
1134.144043 6.839972
1089.758911 16.343479
713.083862 95.438377
4530.479492 46.972237
6125.209961 15.869338
692.278442 2.496090
1.079893 7.379529
385.187134 0.112717
225.123856 8.880082
885.548279 25.789463
5238.555664 164.685577
1085.013428 125.503853
1104.681030 77.462051
4481.285156 34.431499
356.122345 64.831406
7632.166992 180.408890
1427.774658 356.841370
1293.134277 555.347351
5802.195801 172.183167
1244.341064 99.212334
831.618530 42.633812
1656.445312 22.982470
386.131348 29.343727
1234.070068 14.911057
1981.521973 138.056076
9950.886719 450.407654
37714.746094 954.952637
697.656189 565.349426
9014.009766 300.194763
491.450073 129.479340
1149.913452 105.618706
1551.809570 111.397949
1144.871826 183.735672
2540.731201 341.869324
6258.417480 507.961639
19198.833984 334.768433
11564.326172 217.544662
334.644257 143.886398
2158.486816 20.996590
1829.838257 108.258408
4979.590820 301.373199
6029.833496 642.283997
3086.786621 547.162903
5148.299316 221.227951
1061.727539 54.959972
350.918274 2.328719
427.011810 57.926952
752.220276 11.300419
711.695984 8.665319
3373.438232 91.576897
2551.811279 1284.941162
3863.532715 761.612122
2124.344727 382.084137
314.222534 162.982574
1661.314331 60.562267
367.277618 46.823627
1618.590942 50.263283
36.926445 54.502701
16523.210938 310.683105
14689.564453 251.997910
3586.337891 173.719940
148.429153 103.621292
1284.206299 50.924011
1310.846191 89.141312
1862.087158 136.227158
10441.813477 180.616623
16684.060547 27.310312
2086.859863 20.505442
1565.792847 19.103519
775.129578 27.714472
36.647766 21.170340
558.764404 56.867493
8218.756836 155.274399
9866.166016 329.178833
9321.064453 205.668930
2760.927002 103.429817
3458.389160 49.259781
577.569824 23.636431
1514.383301 36.137447
1125.984497 14.151617
2852.162598 16.492695
1901.995605 84.932327
51245.960938 480.957153
51440.562500 259.457214
3122.847168 129.053040
5937.624023 67.469414
1716.708496 11.911300
1814.187378 8.798967
1251.624390 14.794976
122.194817 41.398228
4334.821289 299.541199
412.366699 165.222046
4604.609375 74.323051
3422.837158 28.271076
146.483368 90.067871
399.104309 169.873199
1168.114502 301.425446
8076.330566 460.432159
8095.387207 49.067413
5594.465820 50.172619
1507.834595 51.845581
244.760315 58.096527
1184.078369 19.999332
1385.576050 0.771905
2160.120850 40.337914
952.748108 175.757141
30986.984375 423.405884
2909.811035 243.734863
2319.492432 133.327957
466.061554 65.910294
2095.579102 133.918045
68.795464 221.980057
1867.892700 368.669739
179.690903 564.434814
1200.505615 215.229584
8900.589844 135.414383
339.221985 98.232971
252.075745 96.565964
1136.486328 27.977158
156.264343 122.623093
5640.744629 338.949768
14933.992188 720.213989
13094.785156 492.773987
2857.105713 192.534943
1011.784180 48.520695
840.288513 6.465326
5180.485840 80.231842
1519.256836 18.275442
1712.490845 3.497046
4555.886719 91.065414
13545.054688 1427.391235
3371.536377 848.545898
1198.982056 435.720551
242.554474 198.844971
16.286070 127.506638
1176.519653 122.834251
45.808155 146.109131
8459.973633 199.475052
3310.762695 484.264343
5268.733398 346.867188
10903.687500 236.175430
564.522095 163.353638
156.268036 11.462681
892.538086 11.205748
5009.424316 35.703369
885.754333 103.290573
55820.082031 368.490173
10663.511719 199.178497
1174.761230 89.061752
2165.255859 32.839550
1719.737061 2.707789
745.188843 35.320297
1703.679810 105.028412
7471.309082 204.755981
12952.156250 176.316483
7075.325684 98.744011
937.921265 40.237148
1000.151917 6.166783
155.154449 15.132892
1548.570068 1.152572
1129.465698 5.768234
369.016663 37.092075
8743.171875 389.437531
1167.106934 239.600861
746.084167 124.219193
230.513138 52.043388
750.796143 6.361978
1078.883545 4.176654
2122.574951 3.507538
6781.443848 4.127092
3410.428467 31.210186
1189.304932 23.942535
4051.611084 16.539619
1111.216064 10.457878
35.867874 8.136357
656.132263 18.670933
1922.677490 33.841328
3428.715088 55.646595
3003.923340 31.995335
5962.161621 10.061341
2991.299805 0.874428
91.562225 1.524600
2059.377197 37.050621
557.640076 61.335014
4626.194824 119.795929
2000.495361 186.353760
3190.377686 137.816528
3880.393799 128.699326
2331.339844 92.880356
499.150940 52.992256
658.684326 27.355661
2796.871338 31.715982
8631.948242 53.035492
6973.478027 89.337936
7688.643066 166.345932
258.007324 114.143845
2216.087891 70.411713
764.493652 40.537941
46.569809 82.074272
1721.266846 75.146294
1634.411621 59.857811
1118.629272 33.263706
13559.466797 249.940811
848.901978 184.350723
1799.319458 128.056290
1071.732178 94.900528
229.622009 53.241211
98.937653 86.960762
1579.154053 152.849396
9795.475586 267.057709
40029.335938 36.560997
9262.750000 1.169167
23468.300781 7.972534
3838.317871 29.753836
546.860229 46.916702
2396.128418 12.178478
6204.954102 6.690990
13200.005859 46.516685
7171.510742 430.767578
7709.250488 292.139465
373.700195 182.297668
311.037354 102.737579
335.099060 23.987417
406.841034 16.760559
1848.595459 15.329951
6312.728516 19.344202
529.014954 115.086609
4732.074219 86.994362
2264.012939 59.785797
610.046082 38.172382
946.148132 22.327740
472.766602 44.426151
2135.181641 78.205437
354.288452 117.253815
23209.085938 45.428108
10352.971680 28.813890
3226.729004 17.304550
121.412170 13.921499
424.400970 4.116992
758.463745 24.578728
488.854218 83.574776
863.248352 174.513229
26499.919922 130.327972
611.309387 86.120102
4682.104492 46.737450
455.863800 15.786002
1303.057739 0.281512
2132.699219 12.195124
7927.816895 70.536591
87.333321 197.303238
2092.099854 258.448608
4115.505371 125.668930
243.442780 50.718857
1108.502563 14.129549
812.632019 86.914886
344.124054 56.686737
16.250195 28.897348
4526.499023 16.014742
6396.690430 490.048218
1321.053467 328.868317
709.444763 205.011505
594.429138 129.096603
268.840118 70.986923
600.228821 154.578873
290.817841 303.763702
4544.092773 512.400391
27979.699219 31.739094
29337.332031 7.462727
2172.392578 13.456606
2578.355225 32.237141
1146.387817 25.137022
3708.232422 0.869120
1191.041138 16.064137
1443.834351 94.364883
32115.144531 606.648560
842.208191 365.197418
1972.822998 190.601715
217.625549 83.485695
217.282318 22.255362
1293.130859 32.910412
3570.152344 65.431625
5759.452637 134.469940
3836.297607 224.418930
1498.823242 114.930443
690.183167 52.301315
2292.927734 26.464146
1786.010620 44.361145
2088.110107 48.833534
7906.057617 65.685173
12163.383789 96.648796
22136.824219 176.668686
2678.626221 118.859444
1993.752197 76.864624
979.365356 52.779243
586.551697 9.375435
778.425659 48.028194
1011.981567 150.700958
3045.790527 334.423492
6574.412109 80.366234
3327.232422 18.325102
5512.610352 2.025597
1243.157471 1.288433
370.112946 31.807291
3122.246582 17.174698
4992.388672 31.956537
2244.708496 102.992317
27140.363281 453.893524
13283.048828 260.777557
5207.420898 134.955902
682.641785 66.493744
940.851013 23.497341
0.951581 28.092480
321.564209 47.342793
2630.560791 87.528030
14679.200195 164.402786
198.392258 96.894836
2468.116943 53.214367
2608.068115 30.800968
931.283081 1.796655
356.582336 7.318924
248.887833 28.754017
2226.928223 78.623093
3270.047852 103.640961
7151.582031 43.024483
3548.648926 13.305689
458.577728 3.224570
897.921814 28.632898
919.903442 34.123764
5160.041992 54.868668
4747.786133 96.334480
23039.169922 176.294556
684.849792 106.526756
2625.187256 60.392292
665.373901 36.289650
259.150024 10.497681
230.175766 5.405914
2037.398315 1.250644
4117.583984 8.141469
1655.734009 150.433365
6209.889648 79.804489
342.973175 36.376472
1244.438232 17.283863
72.577126 38.387207
1070.828857 58.900993
1227.326904 87.150963
2751.530029 116.378944
882.389404 9.598653
2239.423340 15.468504
2121.612305 20.639891
1509.823364 26.782877
240.224991 4.704324
586.699585 8.945711
630.265076 26.663073
2150.265137 65.223244
7941.721191 60.538601
4350.223145 27.918152
664.782532 12.457197
542.604370 6.445351
1262.588013 34.540493
1283.125977 42.203079
5065.117188 70.424103
1016.107605 125.933380
3501.432617 205.279327
7094.635254 124.230865
6491.768066 71.272453
278.932892 43.440182
214.833267 2.447338
362.699005 32.717010
691.493958 110.754196
7582.787109 249.533905
8173.877930 358.076263
4210.936523 178.645844
779.331848 65.742630
585.415771 11.699622
33.574535 23.104250
1364.786987 2.605605
217.460800 3.480953
881.849426 26.318579
62004.558594 348.258240
1387.958252 239.927032
6454.988770 141.937286
1106.592773 68.485481
1002.958008 5.955844
1057.810913 5.512148
11755.316406 5.956507
16484.468750 9.000530
6626.973145 49.609169
1684.161133 28.968073
1269.935425 15.050440
114.547241 8.195868
621.450500 14.304640
1328.750610 22.180941
584.632568 32.200115
5827.962402 42.734474
18040.982422 7.965329
165.932266 6.194840
891.914429 6.579633
404.584137 9.163492
710.748596 8.264911
874.719116 21.308041
3945.494385 53.051147
5583.063965 117.799561
11034.490234 181.826630
12128.011719 80.989792
10044.580078 26.505291
658.098083 7.529922
765.381897 5.495892
2738.605225 2.344400
822.876282 23.422245
7373.160645 70.011703
16687.105469 223.266296
7695.135742 143.786667
1384.531738 77.881081
735.142883 31.091875
192.535217 23.720547
1159.185181 39.543198
34.210091 85.609070
7714.092285 155.069550
1240.623047 89.945480
10177.470703 72.355118
2378.351074 52.143341
1343.754761 32.222725
982.793091 56.685162
383.396301 35.858112
4959.018555 18.654625
12543.498047 3.967353
29374.033203 306.407043
6856.550293 223.793671
1590.377441 146.714783
976.330505 90.631271
392.722534 62.877003
2068.008545 130.873627
2132.140137 222.186890
1492.157104 316.258636
29984.937500 4.695484
9777.095703 3.809535
1612.042358 8.356823
1219.634155 24.301483
1840.402954 48.873367
572.908081 119.199997
9335.133789 255.039490
5080.991699 435.786591
504.273499 327.662201
3695.705811 202.050751
3281.101562 103.572342
432.926331 47.144367
9.572007 30.575348
735.820435 25.839249
920.762939 41.955811
508.132416 99.229332
19030.472656 771.097412
4204.882812 434.949005
5195.910156 198.120926
614.187866 73.910278
999.752441 101.838699
2168.529541 167.331039
3931.086426 281.437012
721.205139 397.455963
19948.050781 192.182465
1341.920654 184.718048
1608.028931 142.238693
4046.143066 100.540398
1174.416138 3.909635
520.624207 79.025322
451.403870 291.726074
1255.954346 636.933105
4220.588379 564.740540
4479.458984 328.047028
975.216797 153.167572
595.627014 39.423012
26.528902 6.157628
709.872375 17.329374
5327.012695 131.177155
6222.718750 386.882263
13765.916016 739.957275
6673.647949 406.476501
10314.423828 188.992828
826.432922 64.103058
722.350403 34.057476
86.861954 15.739621
4265.425293 22.555729
19970.310547 71.100433
17307.322266 725.276672
6258.809082 432.990906
588.648926 216.265686
30.830755 90.463287
1509.266846 34.699749
1197.669800 40.822144
155.580780 70.959763
4986.802246 92.556618
11870.187500 394.218323
1152.894409 296.427643
2342.452393 175.995621
2609.178223 79.224625
1266.115967 12.076310
685.485474 80.571793
5276.671875 229.822708
8159.610352 437.992767
34772.160156 40.035950
3604.962646 35.597927
9171.787109 24.000412
1535.924072 6.123251
297.238464 4.777601
5669.397461 51.412273
6279.197754 179.786163
4593.487305 427.285309
19851.054688 464.604736
2933.777344 203.682327
368.488007 63.419975
562.123657 8.241732
120.592567 167.280487
2041.062866 118.694893
3006.610596 61.361343
28487.123047 13.306131
1201.079956 875.749512
2162.384277 586.476746
3874.529785 364.202454
804.936523 233.467697
528.557739 191.649841
1201.076904 288.479523
3776.305176 490.730835
118.959030 765.224426
544.929871 66.668709
44009.632812 130.417419
6445.006836 166.316574
4962.933105 171.289215
1537.085571 41.180176
305.327698 5.825519
4061.906738 12.104063
3233.165527 119.911240
23924.480469 848.866638
5213.027832 465.438354
2298.083740 224.534409
4866.828125 101.979050
1107.133789 83.128883
258.378845 60.702515
731.261719 35.878933
1338.977905 12.795142
4800.869141 364.239960
12777.023438 258.095734
1702.671387 170.457809
1285.487671 114.310394
126.487801 82.165512
20.407534 111.453461
159.710831 179.807358
2140.730713 288.967285
17979.736328 50.899101
8039.660156 52.940166
4330.363770 65.016777
3639.885254 73.144066
578.502441 5.793983
2054.522461 8.320890
7366.895996 72.314590
5934.596680 241.017548
5440.012207 708.474670
3758.657227 368.020660
3278.767090 154.466003
6.644526 47.337639
310.487915 102.828354
2832.567139 87.325706
651.895996 97.516899
14420.922852 133.220703
14315.110352 564.807129
5107.094727 395.543488
3077.696533 251.759705
252.555054 153.975174
572.495239 15.267437
309.382538 7.143779
622.833679 5.945797
518.508545 12.446379
6007.682129 253.378876
4878.971191 161.366547
3201.045654 86.019852
1775.657349 38.219147
753.478333 2.380707
743.730957 11.398069
4065.764648 31.033112
1251.547119 61.000324
5586.892090 10.286929
5164.583496 3.807172
2610.665039 1.269451
1861.155029 0.356359
1108.858643 34.964329
3446.293701 77.349998
4269.567871 153.427734
11068.230469 262.045227
3902.932617 108.270317
2086.192871 52.722755
715.861084 25.228741
48.267628 19.544304
1114.162720 11.412560
2512.650879 72.320801
3975.718262 214.925415
10526.850586 426.983185
20828.757812 244.442749
5066.702148 144.569916
5243.322266 68.470474
2647.513184 18.262684
318.173370 7.938239
881.981445 15.927668
384.552399 113.919647
186.808121 361.297119
6038.291016 948.487976
1303.720581 489.939301
3952.367676 204.899200
144.539413 62.460968
1235.129883 122.686859
625.694336 73.652893
666.808411 35.345123
6785.861328 15.120395
12500.741211 770.535034
24275.285156 535.684814
2053.733887 336.337280
35.963272 201.316238
1405.967041 107.021767
3.721094 189.620392
3901.032715 312.845459
6443.698242 463.854645
10111.341797 6.226599
1154.491089 6.127918
2608.184326 26.225040
163.734726 57.540558
1586.980957 30.620100
312.066803 48.140976
2488.138184 155.909775
507.205933 368.518219
32349.570312 471.678009
14440.378906 289.970398
3553.263916 161.551773
458.052155 74.974236
235.026367 29.280712
529.153198 25.135315
2879.068604 65.005630
2997.820557 179.444565
5369.685059 472.118774
1137.712646 261.387054
7330.370117 129.895370
144.542053 61.039459
287.241241 47.119644
291.824585 37.902267
3608.993896 49.579002
1165.714233 91.897705
34214.664062 344.486786
2818.311523 221.733337
621.281738 131.463257
3459.706299 75.893921
46.322121 39.703384
1379.003174 105.549057
2043.717163 243.620560
22560.595703 462.799561
9412.369141 112.292145
21355.359375 38.371777
1581.546631 15.402506
2655.222412 16.979446
113.165100 0.692855
1175.400879 16.476391
1512.302612 84.908821
5523.823242 235.915619
35716.851562 560.047791
427.799530 283.704926
669.011963 110.446335
2328.697021 26.305401
2039.795166 54.925343
316.348846 32.229782
2757.854736 24.034292
23457.296875 57.751945
379.299652 666.380859
7885.890137 390.345886
2685.687500 200.455383
274.296448 99.453209
279.596313 127.266266
725.043152 148.329773
1178.039673 212.901077
634.282227 284.939331
68485.578125 244.386185
8295.230469 252.416016
506.820709 212.522400
2679.622803 156.989380
546.417969 13.655752
327.547424 45.460026
8256.402344 156.602768
4798.667480 388.835693
5716.248047 334.117279
1326.659790 141.006256
4272.367676 50.785576
3230.559570 18.518412
761.366638 32.948235
2301.171875 20.208725
442.002686 49.100224
4489.149902 140.775879
6158.099609 529.461304
8001.750977 317.870056
792.420532 168.731476
791.378967 79.199127
838.197632 3.592349
44.124855 16.398029
837.395386 69.124100
1292.989746 197.597153
21256.871094 331.420624
9380.675781 142.178513
1426.278687 44.552998
3218.953125 9.553069
429.340271 26.262650
1512.695801 3.527094
6233.294434 3.453675
280.177704 36.230942
16476.718750 683.185852
1337.259399 419.053894
1792.736328 213.276550
162.856232 87.004272
639.829041 20.319542
785.038269 16.811453
106.150070 26.928551
11770.703125 51.325733
1012.044922 214.073792
446.587891 140.397522
668.194641 80.098557
279.998779 40.161682
326.980194 109.670158
2956.172607 169.395447
2573.913818 250.188202
1397.644409 333.609558
4476.436523 178.527008
579.982971 126.668427
4833.721680 90.929260
733.211792 82.889435
2758.661865 51.118252
2029.457886 230.126770
2769.692627 592.946838
9220.962891 1167.783081
1844.213013 597.282227
2531.415283 231.676895
523.377319 51.317841
2586.422607 0.222514
39.680134 160.140442
556.215088 44.320698
3092.358154 1.575613
1801.824219 130.986526
22796.369141 1828.681396
9047.147461 1112.869995
2298.953857 619.153503
796.702332 330.122742
1187.599854 78.988876
157.701935 74.635818
2263.385986 88.336807
1701.237305 111.211281
28861.958984 246.210068
17675.287109 202.353333
5942.230469 150.599380
1501.756226 105.621933
405.073395 39.939774
1958.157593 33.494991
1342.562866 20.117920
5983.946289 8.284853
3435.389648 18.660112
1619.760376 17.478251
2968.437012 25.883141
1917.955933 36.155453
398.608459 149.446259
1281.224731 269.379517
256.148560 473.080933
21723.902344 705.949951
1058.038696 65.669685
3366.914551 108.656784
739.332092 117.102547
2641.641113 113.310043
677.704468 65.141762
1105.428955 95.965179
535.229675 180.702728
1170.243896 352.733154
18183.791016 1015.456665
3551.868896 549.118164
1545.810181 243.219925
4893.133789 98.053131
870.700928 62.521603
84.055283 20.631559
3233.166260 11.626726
12129.834961 50.305874
7725.645020 627.448303
20573.273438 421.852966
1719.918823 254.308868
3067.386230 136.895264
390.462219 21.334877
1848.635498 1.272136
13711.530273 5.326828
5392.007812 26.671787
46947.503906 118.837822
6518.181152 121.905228
1292.394897 98.827583
1144.067627 59.328075
1512.647339 37.046780
4395.479004 65.121407
14903.285156 116.987083
9734.826172 193.440018
15009.581055 86.363365
3501.440674 47.627258
1164.507935 29.728548
1057.000854 26.699787
202.040634 14.970965
1146.076782 65.248993
226.543549 197.081985
737.488892 438.555054
1309.731934 382.940918
4176.384766 172.481079
17376.845703 60.341438
5277.714844 15.438908
1604.371704 62.333557
206.117706 26.189465
2374.014160 29.324665
2567.523193 125.685677
6259.040039 623.868713
45436.648438 355.981842
13204.639648 195.522842
2979.434814 112.496353
21.390797 87.110878
545.878967 142.625092
188.979706 236.756592
235.983139 365.932800
2983.880127 142.476562
5919.440430 87.477280
280.990631 63.416542
498.025085 63.199402
284.116852 14.130722
2727.871582 72.549835
2862.830078 216.019165
3328.468262 477.716583
10191.711914 285.582794
2168.906250 102.404495
370.942963 21.830856
9.074900 1.108900
3327.072754 71.768028
834.447937 47.714718
338.970490 21.375723
8116.616211 9.771552
1177.752930 912.160278
6009.612793 545.132568
186.307526 274.301514
1058.914795 127.887939
3714.859619 145.360535
2010.951172 233.505936
5572.788574 382.950226
8601.364258 551.062683
10841.740234 73.056602
23158.421875 113.072151
9424.795898 122.400322
216.233871 119.500427
2010.720581 16.984280
1467.012939 46.191929
334.988037 168.371384
153.524200 412.844604
21272.550781 438.783020
7308.170410 231.606140
2219.619385 109.536987
3.635403 43.236683
700.262085 39.359123
922.554199 19.805553
4206.642578 52.737217
1740.874390 171.189789
20081.115234 602.485962
8617.588867 356.666168
2663.864746 191.327682
321.996429 93.592529
36.647278 85.898895
1625.661133 43.000168
298.283264 17.458124
392.110901 2.276000
33510.472656 530.635925
605.379822 403.613159
3786.532715 269.433014
19.334278 159.408524
995.523376 38.575447
527.514038 47.884132
256.882660 66.686691
6968.062500 94.005096
4697.637207 27.359406
573.235596 29.316450
321.106384 32.696880
359.371277 35.101524
100.526009 5.841100
2407.269043 29.612127
912.171143 97.248222
14670.470703 211.484726
14883.280273 152.829315
14329.885742 84.525368
2831.232910 40.034290
511.457947 13.097113
921.231750 47.589630
530.415344 26.469831
6970.805176 16.807476
19352.718750 24.085915
11615.316406 328.364685
5140.561035 226.679291
757.080994 142.111801
179.496445 83.524567
328.322632 14.843740
2772.986328 50.668945
2786.776855 116.471169
7727.407227 208.308670
43688.074219 43.880085
5270.306641 16.696325
2255.424072 4.263789
1702.374634 2.399107
1796.951782 3.554565
1547.103516 1.685349
693.910156 9.045503
1452.798706 44.343819
8008.157715 268.598633
4755.550293 131.539703
1226.043335 48.952427
916.517029 13.580700
544.825256 40.649780
167.208069 35.959816
1125.846680 26.928986
3342.482422 16.704855
14453.363281 95.911377
9825.401367 69.507126
7659.537109 51.844524
948.628418 43.839848
648.953064 41.226650
527.316528 57.780819
159.273544 86.225021
1545.292969 134.132538
1268.476318 13.766819
3477.701416 3.107743
1298.797607 11.921314
3529.612793 26.962120
624.653381 41.487213
1171.329224 24.447395
7309.664062 7.329359
1487.185303 2.175563
14639.322266 250.432465
5585.734375 158.837769
2081.277344 95.533089
611.586792 60.719593
3.007228 20.298908
3141.574219 36.162109
4700.916992 93.973785
4293.516113 196.597687
4854.358887 0.067401
2718.097412 11.288944
583.008606 23.833473
834.939575 24.126236
105.414307 20.682730
63.815331 4.699853
1362.287476 1.654390
5560.876953 9.229182
7944.023926 261.111115
4100.167969 184.573151
5555.921875 111.264954
176.718246 55.127846
350.328308 13.168719
260.287079 27.522268
13724.962891 48.059181
19230.431641 74.861214
1210.639038 28.359251
7630.732910 10.045638
5951.535645 2.842943
1350.789551 4.639426
1640.446167 5.696875
758.361755 1.682259
362.796875 22.736111
4042.309570 62.068180
883.035461 129.647049
2592.814453 104.866760
1135.146851 69.263474
331.186066 31.842407
1154.327881 1.711680
182.612747 12.747556
3370.013428 39.716434
14161.137695 85.614929
673.874939 41.343307
19433.847656 16.837879
6384.086426 4.954210
2858.992188 0.399132
2196.554932 0.225080
2039.065674 5.707526
1392.029541 35.755287
5546.618164 104.276985
10702.740234 110.911285
473.311768 49.197853
43.003231 18.687830
992.323181 5.543003
677.704468 9.436863
1545.977173 5.279315
1584.832886 14.697017
6516.778809 39.911255
543.143188 277.782257
6133.638672 169.967850
3831.827148 85.305862
508.697296 33.030231
252.647736 1.699078
1844.684692 8.131123
2785.302979 25.592203
9473.857422 63.466843
8156.014160 169.339127
4473.021484 81.407173
1183.381592 28.068941
396.359528 5.401823
481.839172 52.166157
444.621979 70.100769
208.377182 129.195984
6223.353027 209.982132
18790.753906 76.171112
13014.806641 100.579086
1767.551636 94.357956
572.778015 68.927895
479.044769 57.414032
244.035812 44.537750
685.881104 52.554131
1428.149780 99.170593
43063.343750 445.350830
12045.995117 274.706055
7950.842285 156.498871
50.541786 89.797562
575.036743 1.332851
1101.301758 6.163066
511.838440 35.020336
2930.496582 99.006012
29452.544922 206.997482
2783.307129 108.886383
2830.369629 46.474815
1299.567017 13.769707
267.162079 51.829338
1590.796509 63.580551
1909.804443 84.800308
3108.448242 120.143219
11117.293945 141.559814
12491.996094 88.348396
1742.293579 58.480785
223.570267 48.618801
222.593353 7.875420
2852.201416 39.399509
3461.391846 133.157196
13269.419922 322.364105
2930.533691 203.182922
2654.836670 68.373848
1665.008423 14.652863
722.714478 2.708973
1546.768311 30.217037
3455.699463 13.457948
6854.055664 13.203070
26622.039062 36.869434
26025.636719 337.895111
5550.687500 219.775238
1078.539795 126.618134
14.281348 65.227806
2286.738281 1.602560
4696.807617 1.521237
10662.875000 1.497186
13594.367188 5.373165
22086.875000 20.517990
2531.147949 6.415442
6952.080078 0.756746
2287.893555 0.564289
860.060974 5.758897
5549.738281 16.509604
14581.360352 36.982868
10336.789062 59.240952
24427.828125 21.337740
34208.824219 21.193926
2893.460938 14.318036
435.383850 6.577750
935.180725 1.434856
1085.740601 7.744138
582.281677 34.002533
7394.017578 86.884979
32740.033203 14.978331
21049.580078 3.246180
5229.936523 2.639348
1679.020508 2.577682
107.831070 45.199829
1341.160889 88.894424
1488.229004 162.969208
1499.538940 263.508728
19270.023438 59.096119
27443.363281 30.395027
5796.837891 21.134687
2119.328125 25.363121
34.516212 6.214658
2257.453369 61.071560
7724.528320 221.078766
5471.645996 515.747498
4.342006 181.999115
465.135742 61.091446
871.625977 17.048687
513.232117 2.705259
467.256622 42.460892
158.475372 18.879642
1640.533569 27.163445
2729.218018 93.325684
10898.059570 605.020264
10074.541016 363.076385
7009.156738 193.273148
853.426147 94.186905
135.240021 20.389151
45.482597 41.341400
1994.722046 96.680893
2499.674316 205.257095
5625.758301 255.987335
9295.495117 121.653923
7194.473633 48.805199
1982.917358 21.257404
1365.814941 34.617329
2301.613525 28.177242
49.981243 26.497700
5081.125000 23.610054
5182.625488 612.110413
883.029236 380.534332
669.386719 190.650177
1431.511963 77.590607
922.542236 55.435432
49.629929 61.737728
570.955872 93.448387
11817.119141 137.033081
337.988403 79.881897
6751.031250 98.158554
1753.940674 92.071350
1338.556030 71.253754
491.190430 12.807549
243.162582 13.216670
1476.538940 26.988886
6613.894043 61.872391
25323.400391 93.730026
2812.177246 53.597610
2459.576660 30.792086
70.072151 18.940441
86.353683 30.236485
435.194885 85.315529
2040.931152 178.935791
6895.927734 320.424042
15160.990234 171.737961
945.563843 59.603027
3841.216064 9.015063
781.269897 4.096152
207.475235 55.898983
22.814623 15.440674
3970.374512 12.876559
4130.413574 82.310699
5080.641113 871.648865
7481.617188 528.383667
1181.321045 281.308746
1295.350952 134.325348
221.381302 124.923660
161.233307 139.614349
3228.423340 174.620224
8.479632 223.536011
4341.465332 142.104919
7982.752930 140.686172
5326.593750 134.890533
783.464172 126.676163
205.720139 59.492737
2189.084717 44.990471
2251.353271 46.353786
2352.124268 55.884384
19951.359375 329.362488
3082.092041 248.581650
106.507721 164.969345
2700.584961 98.745392
483.709564 30.732742
2620.642090 47.146126
1566.862183 65.452698
13177.134766 78.051544
1822.698242 59.225117
1675.310913 42.601460
3955.218750 28.353367
2902.192871 23.463879
910.549927 68.639771
1154.295776 78.615501
5409.576660 84.201584
14682.015625 79.151741
6480.256348 89.034622
6382.526367 77.027786
4416.609863 65.868729
786.612000 62.652229
3299.827637 19.604307
1639.724854 29.926886
692.875671 38.302387
4189.856445 34.824364
7397.256348 188.438873
4892.303711 118.819885
1681.764404 58.304913
872.723938 24.738071
12.449715 8.729235
122.766495 9.283186
3906.894531 14.145237
1475.776611 33.499706
15029.891602 43.080460
10582.583984 14.076234
784.294250 5.048097
5616.291504 6.445991
477.348022 12.053940
999.246094 6.543800
17.413630 6.191539
1601.402832 8.131519
13112.482422 51.672756
3405.445312 47.675446
821.917603 36.600304
1906.736328 23.052671
2929.182617 2.686051
214.031982 16.643789
2510.811768 42.258629
3675.992188 74.835503
10408.476562 32.919827
1041.792603 19.062263
4850.815430 7.454164
1188.983765 0.658194
1564.699707 18.902054
1214.644287 12.498561
197.686630 4.446198
529.569763 0.721804
11542.386719 91.965347
2811.332031 56.725937
2281.262695 34.608490
12.065231 24.229244
89.930222 46.672234
1323.577148 57.405949
1221.577881 58.214905
2755.964844 50.110497
23855.437500 11.424543
4026.854248 8.262028
627.739380 15.254627
1817.048340 30.203241
70.054100 53.601616
4624.032227 37.346874
3480.862549 43.620888
13708.976562 104.566467
22235.121094 48.495068
7184.474609 30.109468
73.642159 45.718590
1892.188477 59.848057
1201.296021 122.372498
97.415352 114.536659
1859.050537 104.366791
66.853836 90.459732
19136.392578 95.691391
4758.710938 116.375259
2396.321533 126.433487
2105.986816 127.286148
503.661987 27.824886
1354.560913 35.716129
3440.701904 87.240662
4974.910156 195.031403
9161.027344 22.917738
27953.355469 21.514959
2337.175781 32.806477
2305.192139 34.596230
580.247131 15.065250
1633.223267 11.468311
9342.035156 31.769878
8818.098633 90.969650
15910.220703 291.349030
4011.906738 165.295288
1091.868164 82.098686
1049.432617 36.334728
2171.621338 49.188442
1592.961548 58.840904
410.409363 76.203178
17011.107422 86.160484
29953.521484 166.704437
9399.990234 133.629974
5043.878906 91.660965
1174.891602 59.658337
4588.817871 7.475530
1108.784058 0.353141
725.465881 10.068947
9811.603516 39.777966
366.789520 80.179146
2705.510986 60.672138
5509.213379 42.527935
1265.548828 23.874636
548.624634 2.173872
3356.794189 4.257519
4484.014648 6.991807
2673.162598 9.111260
6953.864746 13.716519
8642.581055 8.871716
805.697510 4.478435
3073.309814 2.054716
1785.323486 4.463085
1263.817993 8.965706
2207.226318 20.298172
4865.585449 35.963150
43669.636719 27.597136
9036.455078 20.591890
57.371620 12.939215
372.590668 6.576237
906.549866 2.560816
857.037781 2.176519
524.891052 2.183365
4076.403076 14.908899
11459.605469 111.124023
5436.014160 45.370186
5198.364258 11.405199
927.436157 2.071373
159.684494 55.577003
348.433044 78.497589
741.467529 120.561150
5162.390625 166.087265
48760.027344 73.612839
2127.977051 77.047806
822.835266 67.261955
904.217041 55.021770
230.107925 2.907301
4257.098633 1.290632
2742.131104 25.417278
5292.471680 99.161034
28349.900391 172.360535
12071.148438 77.679436
5808.647949 31.202721
1021.729309 12.459229
535.941833 43.999378
2251.797607 53.722191
5403.816406 74.606720
6035.532227 107.668640
5736.112793 219.695084
1495.778931 137.997650
1727.343506 79.928329
1032.958618 50.132492
1275.687500 25.680855
2504.290283 58.161118
4696.084473 134.743851
10502.128906 267.996643
7576.851562 140.087372
7100.345703 61.491631
8294.920898 27.208763
1589.852173 18.231291
212.263367 36.339176
510.234558 98.175476
1318.110962 246.426071
3829.824951 509.118225
8815.358398 300.130249
9493.538086 125.519058
2311.410400 46.161613
1847.783447 23.542580
1066.533569 27.984915
786.474609 13.766912
2781.612305 67.392487
859.270691 240.093964
2968.526123 675.776428
25932.691406 367.782043
1137.213623 179.212372
857.979431 79.379143
232.373077 83.332153
627.188599 111.546814
2416.735596 191.429840
752.375732 341.323486
308.502777 478.258179
764.741821 277.736694
2245.318359 153.985214
711.702271 95.340210
93.501633 2.601545
1323.417969 28.598640
65.769691 114.914566
2203.449707 307.000793
18180.503906 546.705444
5298.623047 246.239273
2007.802246 79.583916
2105.769043 13.518624
328.324005 18.792604
637.622009 11.459711
555.733765 28.368158
7483.846680 67.939766
2635.625244 634.471436
3251.533936 391.360657
5063.642578 194.021271
36.861027 71.500511
1471.251099 58.586918
1207.493286 62.158997
6943.341797 71.303177
4358.522461 66.827850
14183.255859 259.116364
5440.551758 201.622894
3573.562012 132.515778
666.684326 80.115410
39.874191 15.552766
750.568481 19.074516
2911.010498 33.613018
2468.687500 85.895622
21388.472656 119.340775
4295.285156 34.975285
1500.413086 6.181421
3892.867432 8.402098
3875.251465 47.534023
1604.030762 36.222900
590.936646 28.195726
3199.060547 20.139994
39799.335938 118.474716
56.473259 106.637642
3029.572998 86.118889
218.054382 64.576782
1457.491333 3.051982
672.483032 14.292417
722.280945 45.232651
3938.254639 97.931129
1490.561768 19.648853
2887.786621 8.503860
1612.060547 4.906797
550.355347 2.636431
496.058441 6.380748
452.560211 29.119549
264.014954 82.903679
14379.277344 176.187927
33592.847656 176.187927
14379.277344 82.903679
264.014954 29.119549
452.560211 6.380748
74.615326 48.993504
44.486446 38.946957
1563.158691 30.359554
9799.441406 21.891504
119737.687500 153.540894
5880.844727 121.688530
1090.835693 89.600838
1620.460815 64.809998
3097.451660 22.984680
416.836334 21.598806
3517.921875 22.173885
18345.882812 20.554665
1274.791504 135.697906
2708.375000 95.899727
197.391388 58.644543
1105.841309 33.671795
233.073227 50.810890
1715.129150 88.700645
2916.724609 151.391525
2444.758789 236.741180
17785.945312 5.438433
1122.714233 2.615047
720.167358 13.487055
549.239258 28.997614
2278.751465 14.508682
3464.032715 10.445989
3099.481934 53.320049
3791.126709 156.682617
2780.537598 448.586578
3313.475342 269.840942
829.385742 139.296082
1454.241455 56.747494
536.292297 8.809011
1302.417969 47.976665
4331.600586 129.511658
2247.444092 248.831329
3362.159180 164.249969
1304.784424 86.727524
8626.484375 34.179260
1860.631104 6.774746
1112.569214 2.893248
2002.501221 27.709042
2811.396973 144.193924
27606.642578 390.426392
985.072998 442.415344
19664.914062 217.718536
2320.199463 91.897690
623.660278 28.295549
367.271759 75.754105
3358.098145 44.403393
2377.182129 56.889824
23100.427734 136.760193
75779.554688 786.864563
4910.147461 499.278412
6411.701172 284.386475
654.032593 149.456406
5284.032715 30.117912
1819.832031 51.101994
4233.589844 107.695435
200.414581 214.772736
8291.750977 265.389648
1021.694763 138.078186
255.964005 64.996223
876.818115 33.779312
285.399017 16.160807
907.916626 8.926478
2522.651367 11.690761
5239.722168 37.827328
25533.482422 341.680420
9504.168945 192.828674
1688.348511 90.859116
1111.147095 37.501064
3021.491211 46.981102
3318.414551 74.884453
4819.063965 115.517464
5302.442383 148.995697
2881.494385 75.512726
471.378601 72.139839
6054.760742 55.575283
1088.328735 42.039261
396.227753 21.016567
1099.980957 6.146628
2195.836670 3.356083
2160.192627 30.884371
12973.041016 142.883911
1857.564941 83.894661
1954.966431 52.591488
847.540527 35.925335
1675.880493 75.095757
1507.033447 119.726318
1356.583008 166.435608
711.975891 201.790680
5535.192383 3.551451
21987.437500 9.895676
11679.761719 21.020586
325.641357 41.554428
155.562332 98.138771
280.333832 144.890198
1079.225098 244.493530
606.941711 392.954956
29531.851562 137.823364
15763.345703 107.496307
4816.917480 93.902130
1327.810547 87.940491
2385.225586 29.817472
941.038757 31.317375
916.227173 65.314117
2096.662109 140.053833
9728.039062 603.244995
6852.127930 358.428162
6984.695312 176.254547
283.962311 71.036568
1569.300293 22.836863
5784.363281 22.685986
422.374359 65.247658
6994.407715 127.735153
2171.501709 324.459503
394.316467 253.575684
2394.084717 159.545120
98.281281 72.990097
1303.397583 18.471060
1879.683350 30.305204
2474.450195 67.377548
2353.265381 138.271194
3197.929443 150.263214
5520.039062 81.447556
1914.090576 41.702824
3733.262695 22.852760
972.086670 18.813887
1030.023438 26.873901
15975.905273 63.001328
28785.957031 113.565567
43069.968750 128.692276
8585.833008 109.730576
2542.976807 75.436684
105.253670 39.162079
4548.297852 13.999619
209.478317 19.505291
3122.425293 19.704845
17898.886719 11.142284
29353.839844 386.653351
5369.522949 221.735504
7526.456055 95.015625
821.016663 29.211136
729.557556 80.518570
1838.684448 120.774712
854.213867 180.365616
3220.297119 236.390961
1481.544678 61.638710
6144.050293 74.284531
5232.635254 71.406570
2787.817383 67.271164
115.958443 8.424677
318.649261 41.482613
450.668640 147.607880
2669.694336 351.995544
39416.042969 238.205368
1433.685059 105.498360
1964.074829 41.144302
2127.815918 13.588761
63.143505 37.700562
750.625549 27.045643
3504.148438 63.328415
2271.939453 166.845535
17657.078125 596.744507
22544.105469 360.180603
2175.099121 190.825821
92.457825 88.642738
496.829834 26.901329
1680.979980 29.805645
271.235291 36.602425
3112.834961 54.421227
6994.962891 618.307861
3943.139160 349.877167
2440.243164 154.867844
203.098068 54.804092
196.472992 196.818634
4803.175293 291.101929
5363.294922 403.049500
8586.370117 484.060974
42413.765625 139.846649
11247.139648 151.569229
5101.489258 143.693161
4143.969727 148.975220
2749.760498 46.663506
504.305054 143.887024
625.161560 412.919769
11583.118164 905.284424
21852.183594 671.713318
12524.678711 314.544159
1442.142700 129.108871
636.794434 51.157578
650.853271 105.382111
28.048679 20.287552
698.785034 34.165958
4640.062988 167.778656
7990.728027 1155.532471
29655.845703 812.799194
1098.320190 510.511902
2453.121338 271.816742
465.342743 32.583519
1091.130127 25.379265
2406.250977 50.910686
6343.885254 122.662857
20626.832031 471.402618
16190.142578 286.016327
1955.923340 151.510773
2616.521729 70.991051
1256.465210 24.634993
1422.531494 9.032017
2235.100098 8.664493
5356.926270 20.751827
32515.177734 341.693298
49.445511 233.552551
839.969788 135.162827
160.498108 64.339638
766.496277 0.977518
721.894104 0.471761
1069.983154 3.019976
4164.918457 16.728504
2399.918457 62.920799
4473.306641 25.616856
2378.559570 7.100141
250.218613 1.695361
33.727375 18.658413
257.693237 22.022295
1136.345825 28.831285
1854.408936 38.675911
23954.980469 3.222732
6997.714844 8.960699
2905.274170 13.953897
632.563354 16.815048
427.205811 28.729286
1909.280884 34.534988
8205.092773 40.636543
7415.129883 40.899654
8583.373047 57.479912
2921.280518 48.691719
240.589188 36.848434
176.994186 28.958441
546.770935 26.433422
239.409637 83.582977
2428.343262 177.460617
12041.348633 301.027039
13534.060547 83.181015
3510.047607 30.231998
351.113464 4.361161
1845.857056 2.254346
1441.616577 25.829243
5096.817383 46.125172
16502.238281 120.432373
17025.195312 241.506287
8956.204102 467.197235
7560.321289 296.258545
5276.543457 155.678955
3467.143799 62.792458
1787.456543 36.081974
1917.075439 11.219174
3185.770020 19.551640
2318.213135 95.036293
27980.070312 414.449432
846.422241 242.012726
4122.212402 135.149796
1242.693848 74.904076
897.496643 37.342453
356.632599 34.602871
246.267731 38.493969
163.166306 50.480659
6222.866211 120.944443
17985.201172 89.012917
18852.097656 63.644768
1686.861084 46.644798
1132.219971 30.292723
638.022461 39.523018
2110.597168 51.074539
6536.295410 63.270355
10916.147461 3.308858
14295.019531 9.243746
6544.692383 16.176277
926.070068 22.969334
526.826660 1.259046
980.200562 16.903946
7182.460938 65.101913
5438.421875 155.888474
13028.952148 331.235596
5909.695801 174.335129
4036.597900 69.732330
10.846413 15.978853
1565.391602 59.245831
2042.047974 28.248787
1644.946045 12.904348
14310.590820 17.031998
3321.064697 298.820801
7139.810547 230.340271
4343.255859 162.563705
142.365143 104.325974
334.880157 17.735090
836.688232 49.317795
232.280029 107.487724
1281.324219 188.857697
22108.269531 55.800152
17022.210938 26.383114
8547.101562 11.334887
1402.388428 7.477759
3300.690430 38.186230
11.615826 166.174026
2024.432129 401.892517
4127.665527 724.333069
879.390137 181.856445
5206.646973 78.635048
709.197266 20.054104
2113.601562 0.154741
1815.599854 6.932919
279.347046 50.356380
3912.584229 202.147308
8502.143555 491.830872
3926.150879 647.564880
4123.302734 338.923340
721.206909 144.176971
661.050964 40.340080
502.511536 9.350283
675.880371 12.159094
1123.085205 130.080795
2619.435547 430.172852
34173.003906 852.170654
2676.671387 443.540283
871.951904 198.954483
3372.979248 70.639328
997.347290 87.480392
5247.752441 28.500914
555.054321 48.304413
5903.188477 160.709015
28905.527344 1443.479248
1160.946167 940.229858
2127.560059 524.459290
32.842934 242.632248
96.183456 34.919052
535.532532 21.386501
5269.711914 22.700182
3016.089844 48.805645
4482.183105 567.791138
12602.775391 343.756287
149.171371 175.094177
372.867035 77.336502
251.705261 28.941067
550.365784 31.713013
198.092621 39.953056
248.749619 50.259167
7586.466309 90.693039
8839.886719 69.414314
212.600769 48.935005
84.378151 34.520485
406.334290 1.482717
1415.851318 11.016992
3088.937012 32.131596
2278.617920 63.631805
1105.214844 60.278603
6430.259766 33.158684
2064.780518 13.682287
3147.276367 2.794742
265.026398 5.737864
561.294128 2.196967
4141.121582 5.220103
9493.348633 26.790880
7252.666016 97.774216
1299.190186 46.513268
1254.170654 20.131069
326.738953 10.200221
619.083130 22.389362
1302.927246 32.770481
2108.143799 55.502453
299.392731 92.247902
30814.025391 96.682976
17120.470703 57.911957
2324.529541 33.689915
1821.059082 22.580975
110.774445 17.467743
108.094818 16.429520
2288.790039 10.199956
3766.287109 2.767699
12702.462891 199.051147
4989.194336 112.248436
5182.347168 51.706097
914.607544 23.600912
917.981079 36.636459
222.151993 40.952789
114.574593 40.384975
2254.496582 42.433224
3821.831055 24.366909
3500.456055 10.655360
4988.117676 13.716882
879.232056 25.671633
199.308014 79.251495
1326.989624 99.389526
2019.130859 138.994827
7949.823242 192.502182
22100.855469 41.161175
5715.390625 56.189796
1306.839233 67.327576
2197.315918 72.414474
2341.145508 42.699829
651.736877 39.801186
2210.314209 41.850731
12010.125000 40.859505
38289.398438 218.642914
34.610394 160.706909
129.667755 102.924400
1189.324951 61.769203
1370.385132 5.383201
540.822510 32.376537
2285.859375 91.689468
2625.076904 189.207382
14131.625000 114.015800
10953.271484 47.525703
3369.500488 12.880826
491.092041 0.440220
2734.414062 7.651563
773.438232 52.025620
2442.229980 153.102890
11590.273438 277.742004
24647.345703 295.731903
13167.005859 208.036530
2244.303223 109.024818
1355.073975 31.523705
783.415039 25.620281
7616.731445 124.307640
4485.740234 318.862823
4621.917969 608.701233
35686.335938 270.140381
2241.350342 115.308441
1088.497070 30.980476
1463.452393 0.959818
4396.793457 3.609842
570.034729 55.085892
6583.132812 254.685593
19703.023438 659.638184
21146.660156 1202.961548
7313.144043 622.600037
12230.024414 253.515320
2200.723877 64.280380
2952.968750 123.883987
242.647476 58.008354
819.483154 72.524918
17643.248047 174.258606
12033.935547 1310.548706
88905.203125 899.817566
4156.023926 541.233276
1684.871338 280.351654
2616.298584 94.134361
1078.406006 43.253540
1252.363770 16.045500
233.385956 5.401313
38403.898438 401.865356
3549.665771 346.355438
12904.750977 260.995453
3992.275391 170.031830
1150.877319 47.014721
1865.363892 59.400806
1045.391968 59.654793
3579.095947 49.930367
25372.238281 7.773026
2894.830078 1.575028
25.210094 9.168176
292.142273 27.204136
682.758423 55.192806
874.568237 124.513618
7515.807129 278.632446
4821.640137 525.285522
56132.085938 75.115356
2527.616943 29.245281
1401.422363 25.510628
2738.061768 33.280582
84.031837 83.701263
868.352966 22.916269
188.694809 1.068909
3503.522217 41.670727
3731.836426 808.958191
7927.999512 543.458740
688.381958 330.054749
568.501343 181.049347
1127.688477 54.283325
163.900116 75.761009
2170.577637 111.621323
2096.357422 152.931137
2334.352783 74.156876
356.032715 65.063156
8458.352539 54.994156
1653.707153 48.956451
1118.778320 20.949755
761.366211 40.959480
3454.284668 82.829010
9407.512695 155.785355
9384.217773 110.081795
2239.333252 48.263256
3835.483643 20.000965
124.597633 13.996330
734.030029 31.944695
710.109619 21.381626
2929.147949 21.679041
2349.311523 35.864460
11777.274414 407.933960
1586.887939 257.389923
331.174652 138.112503
874.666504 65.187805
763.501343 48.061592
83.435150 49.835655
2547.782227 97.920624
8656.187500 197.719559
15208.056641 15.582676
23913.093750 45.391441
5689.566895 66.837868
1448.118164 63.933407
155.412354 116.755493
1436.837769 130.892090
1245.008789 145.677139
11293.258789 150.342972
12342.609375 273.356445
1757.912720 207.843887
2429.384033 150.890808
1839.325684 119.684616
943.436646 10.694166
3950.760010 68.543411
2177.543457 186.936752
5567.103027 361.207123
7068.919434 185.965027
8367.147461 90.579056
1612.208252 30.857162
2594.598633 2.534255
958.370239 47.176666
752.231384 22.581274
1673.330933 1.938432
3965.044922 10.231637
61524.738281 283.313538
3467.100586 169.863571
703.261414 102.269043
849.377869 68.979828
1015.346313 51.110596
586.543030 69.017181
1165.737793 98.988831
810.212769 130.268311
22995.714844 93.752380
31256.724609 80.092598
4054.899414 62.558899
851.134705 50.014870
702.767822 13.765912
1330.383423 57.254356
1136.449707 171.259933
2445.152832 378.166412
238.584290 128.605972
4949.110840 37.742744
1039.715698 7.955876
338.300232 4.040131
788.189209 32.114426
676.989136 51.326401
4024.826172 134.070221
24708.027344 311.882507
8119.496094 623.860474
2598.224609 333.471680
1106.478638 151.279922
5.920577 60.888340
133.095490 4.246923
1069.878296 5.959002
70.393684 62.251343
2814.718750 218.664322
49981.125000 591.225220
21008.369141 294.315308
141.275375 118.175011
115.072357 35.509705
532.419678 56.422184
3749.226807 23.263212
7181.259277 7.617801
11870.517578 11.954731
15554.333984 573.012695
261.094269 389.867462
1655.250732 230.913177
1581.857300 120.262543
587.363220 0.625190
895.100159 0.201717
378.533966 0.651623
356.708252 2.536519
31085.761719 81.450668
11528.908203 46.465641
7370.316895 20.030163
851.982422 5.538685
4088.081787 17.675341
85.425369 37.629265
401.594208 72.143837
668.395020 118.163322
8524.503906 3.268503
22115.781250 1.531225
4999.671387 4.148138
657.489746 8.522050
138.747574 16.387922
923.507935 10.515571
954.432922 27.666691
1439.110596 88.704193
5711.991211 206.369461
976.185730 110.445312
1978.164185 57.146347
100.964539 31.112885
4.937184 35.145832
120.743088 60.465542
598.632324 108.339645
6536.458984 182.436386
14473.819336 134.194000
4185.987793 71.596672
454.079620 38.039459
768.218445 27.674671
35.385883 18.696003
1926.933472 41.506077
12638.069336 102.786301
3435.556641 202.002808
3010.788574 138.540298
4155.143555 85.099998
1582.140625 48.157543
512.929077 24.541603
340.031952 28.185644
1782.269287 17.388214
2430.378174 19.654957
4293.983887 38.922775
4980.184570 363.838959
5594.622559 230.843872
629.873291 125.636604
991.521973 59.951946
1130.771240 45.100285
1583.043823 31.514668
3813.331787 22.957529
1468.648438 15.438765
22132.791016 135.517944
9353.413086 119.669052
5979.792969 93.533920
4132.663574 66.384171
202.626526 6.529178
1791.080811 17.797466
160.328064 44.253113
1809.572510 90.449600
6670.922852 39.271694
9259.230469 14.650499
2795.976807 5.066759
732.217102 3.398384
503.692749 4.102902
41.837261 25.084328
3191.700195 77.430000
5768.404785 173.129669
424.545776 234.711334
6383.563965 111.555267
4205.369141 38.639320
1633.183838 7.105512
621.139038 15.956610
765.578613 27.134153
926.438782 60.676399
1937.094604 106.287643
804.702148 249.882202
6788.407715 165.432907
202.956985 88.448120
224.559525 35.837238
119737.687500 119737.687500
119737.687500 119737.687500
0.000000 0.000000
0.000000 0.000000
0.000000 0.000000
0.000000 0.000000
0.000000 0.000000
0.000000 0.000000
