866.750732 46.098515
542.722046 54.369926
7203.425293 60.618774
770.445312 63.160225
7996.338867 18.686909
2881.644775 23.383139
19.696716 29.728712
740.625610 37.491066
924.750305 28.032845
240.085251 29.241955
5212.923828 39.263870
744.702759 61.911518
32090.146484 17.377363
9511.668945 19.712244
6649.265137 25.486814
512.764038 28.483292
1986.767090 34.914440
1836.166748 32.113544
367.443970 27.211439
1189.117188 21.741934
29334.705078 19.790018
10872.828125 25.704788
1453.718628 31.182560
4172.587402 34.601921
1039.203857 116.036919
303.829651 105.518318
2323.165039 89.730293
767.977844 73.999939
1656.425781 74.953110
9842.652344 92.505714
6901.721191 108.378860
112.204773 117.232635
312.666809 63.955109
1412.733032 66.693359
305.686859 66.768539
4732.083008 68.050606
26360.361328 47.016136
576.172607 43.922943
6205.288574 48.864555
2825.086182 57.207214
3719.400879 1.097589
646.989624 0.189847
637.021912 0.094803
1819.222656 0.676538
21434.621094 14.234330
8831.493164 10.162701
546.253723 6.187821
3844.162109 3.065223
2123.538330 2.537395
1509.342529 6.177039
6678.099121 12.527227
4399.027344 20.420206
2218.304688 11.588917
4563.781738 7.195367
7862.812012 3.716449
4329.371582 1.882787
261.412262 24.397709
3373.064209 15.473271
449.926514 6.098017
12530.124023 0.759700
25094.152344 7.208049
5052.771973 16.752327
1055.049561 25.245232
682.788269 28.333345
4021.353027 45.621399
375.195129 46.322258
416.162079 48.424576
243.249847 52.931026
38006.246094 44.223415
44022.757812 43.311119
27496.708984 44.065655
14477.939453 45.049454
2893.297363 18.574781
840.644714 14.775186
1809.926758 11.608495
257.583984 10.909142
191.022278 30.472546
9298.171875 26.788368
7157.409180 24.199444
555.840027 21.747574
559.328064 5.994778
216.725494 8.075630
3406.455078 16.741442
2950.312256 29.592981
7266.558105 29.775431
3601.505127 24.742533
100.939545 17.434452
860.170837 10.043739
692.592102 19.783979
259.831665 12.804537
2584.683594 5.523597
361.280273 2.563644
1494.514282 6.366076
1112.099854 12.104845
5635.559570 18.919115
6590.134766 22.257465
218.946198 17.801344
1141.378906 8.079342
308.217041 2.915427
1431.759888 1.935486
8833.964844 52.253895
7447.753906 50.680695
1893.933105 42.607006
1773.687378 30.422224
1083.707031 110.124779
296.182831 96.521652
602.341553 75.034454
9625.062500 51.952320
18507.195312 57.565723
161.533401 80.355392
676.665894 100.364471
3303.520508 111.528831
515.636108 107.587471
242.769775 115.244942
1469.813354 118.389572
466.939941 120.078049
34409.066406 83.059067
16489.457031 78.322037
1674.493896 84.031425
235.521179 95.782738
6081.292480 44.803486
153.171432 45.483677
6294.048828 47.758972
11471.217773 52.240387
351.757782 60.435783
6964.906250 52.884171
4055.238281 47.976192
1487.424927 45.501602
210.467545 9.252563
1833.135864 6.559735
451.098419 6.871688
4788.793457 13.470355
5274.119141 21.007336
10802.291016 15.289485
16438.277344 13.221580
2579.147461 11.789009
77.386353 34.081638
236.560150 40.593555
976.029907 42.237865
3703.082520 38.312389
28897.726562 5.022012
770.248474 9.141157
1239.074463 15.986221
7706.670410 24.966942
2939.602295 6.414875
145.173950 7.142210
4380.593750 10.379360
2603.774902 17.130098
9918.476562 10.877038
19990.232422 8.018109
1600.212158 7.067907
124.323181 6.674503
1008.545288 4.724504
1686.967041 7.794626
4217.693359 12.196170
4388.192871 17.486532
3715.610352 2.556083
1222.420410 1.713366
1116.012573 1.902345
385.532623 2.866758
302.990814 15.912214
606.109497 23.578966
1623.500977 33.843395
8759.115234 45.257256
9385.250000 12.253802
588.386841 9.515930
786.065735 9.191263
2912.622559 11.214811
2236.825195 1.234330
115.567604 3.736348
658.417480 5.292952
1039.452515 4.449263
22409.062500 19.319332
11692.314453 10.597368
10731.501953 3.546480
6284.522461 0.458007
316.536377 20.883228
566.089661 24.098755
1636.369995 23.978479
3802.990234 20.548489
18062.548828 1.860706
8751.738281 4.812220
9881.007812 9.592622
1438.476318 15.466341
3920.160400 10.664525
221.044418 14.236057
7787.321777 20.874041
253.595734 30.624493
23532.523438 26.966017
13134.033203 17.799767
1703.443115 12.195816
273.766571 9.950735
1320.980225 21.815556
1472.522705 18.267178
1184.980469 17.908741
4931.732422 21.961590
3269.955566 34.473358
25625.691406 32.594772
29077.101562 30.166107
6202.613281 26.390339
1019.374390 18.257866
1184.229614 25.618254
1619.298584 31.862576
1724.387573 36.190365
21276.195312 3.883254
1599.736938 3.009098
2788.526855 5.589857
1851.180420 11.082465
1179.276001 3.406254
1018.258057 1.811531
1464.625366 0.662368
6126.833008 0.730748
10390.616211 6.661280
14921.130859 5.966767
770.719727 5.497341
355.564911 4.727434
1271.955566 3.501183
89.549583 5.326052
360.522247 7.159635
624.144470 7.988618
12704.584961 4.419224
12233.234375 3.696374
6811.667969 2.788350
4720.259277 2.567563
471.231812 9.942327
2610.480469 9.239877
2635.010742 8.002053
5918.627930 6.512032
2089.065430 5.640729
995.989258 7.498811
3670.412354 9.024014
903.937866 9.889404
157.515839 41.299492
671.295593 44.760201
87.393883 48.386192
1669.561523 52.773712
1405.903809 27.843353
2610.518066 29.200710
4489.004883 32.937817
1172.173340 37.337494
280.829468 18.369364
2467.876221 18.862923
1301.938354 19.452435
14466.948242 21.917639
5294.103027 28.072794
843.932129 20.613503
1720.148926 17.563963
190.298447 17.518934
778.811462 21.891722
491.586792 21.742485
83.268387 25.769678
640.813599 33.566414
10791.253906 27.814171
22667.675781 28.390360
8173.457520 27.327648
5173.017578 24.581612
3628.201416 38.534184
223.778717 34.523026
3013.213623 24.772972
4950.797852 14.450770
7736.916504 12.499109
3434.386719 16.678074
6996.823242 25.820574
315.447327 34.852364
1312.590820 12.279222
545.156616 10.610272
178.555435 12.191576
2914.323975 17.210005
18944.615234 24.208939
12526.809570 22.326019
1932.416870 19.530304
3694.726074 15.819812
3883.046387 11.265882
860.845398 6.217494
2864.668457 1.936568
7205.477051 0.027816
11227.254883 19.318031
23042.810547 19.048552
12351.150391 18.039272
4348.256348 15.490856
141.736618 26.025227
411.457886 21.318005
6755.094238 18.748619
3010.472656 18.965168
27631.955078 26.888752
2485.705322 31.646946
4347.189453 33.097385
4324.932617 30.762318
4819.372559 16.741365
977.321533 11.887169
6.504154 7.818006
841.420288 7.111081
6980.120117 19.359892
12053.318359 19.728647
4001.391846 20.626312
2524.796143 19.958508
136.413452 18.356718
1445.390869 14.697133
3110.851807 10.251884
8098.458984 6.067180
4558.676270 13.538704
358.822632 17.391148
6992.292969 19.879217
2125.100098 20.254683
134.203995 22.789871
644.593750 20.042566
1178.386963 16.897997
4559.937988 14.086755
6881.955566 22.110857
637.303589 23.923410
4086.832520 24.850788
1823.421265 24.499958
1097.777344 15.636436
314.398926 12.577962
163.436691 10.553122
3551.046387 10.245916
12447.478516 26.954107
2013.185059 24.770437
10311.450195 22.104668
377.802429 18.986902
793.208069 3.933725
44.738575 2.366554
2506.175537 0.756095
711.369385 0.038603
14833.608398 4.637046
503.040192 4.487513
3285.978271 4.774426
2213.204590 4.763031
4037.523193 1.499293
652.560059 1.509160
3161.284912 2.941279
1524.630127 5.155309
17023.378906 4.780530
3075.862305 5.150837
1491.852051 4.277996
1818.814819 2.717200
3634.097656 31.733126
1289.602051 33.987137
9906.426758 34.482445
13024.875000 33.112617
9324.416016 17.942358
2548.209961 20.730656
1674.655640 24.342789
1358.408203 28.259874
290.196167 36.070473
481.658203 40.572025
3476.881592 47.718124
9610.102539 57.461136
10542.025391 43.020973
11948.039062 36.841072
10193.294922 34.002151
2448.079102 33.896069
5148.520020 29.136143
411.557922 36.458160
3118.706787 46.394550
842.514282 59.272175
15883.489258 16.589916
611.352051 15.296265
5363.931152 18.279922
681.635742 23.247097
1907.677124 4.924266
438.247375 3.871651
2815.864990 1.661451
2486.791504 0.228933
6735.086914 0.992862
14500.654297 0.120320
16197.167969 1.722565
2522.987549 3.956886
699.038208 4.675971
1473.589844 5.223091
3545.312012 5.919884
8124.617676 6.215986
1093.125610 6.215986
8124.617676 5.919884
3545.312012 5.223091
1473.589844 4.675971
559.981262 28.833633
1037.544800 39.406868
3404.673096 51.562428
289.645905 63.212589
101206.218750 13.966796
11626.431641 13.465406
1630.186035 15.818665
677.697083 20.905441
7552.275391 23.184021
510.977722 26.119566
547.124878 35.787991
1051.112671 53.238106
1717.235474 44.225708
1425.628296 34.164459
3305.564941 28.111748
3231.515625 24.468342
391.097565 0.374023
248.119080 1.404386
631.234924 3.513261
294.106628 7.095475
8954.837891 4.608670
6609.249023 1.678649
3702.947510 0.318457
8179.282715 0.019286
1480.943726 28.727512
993.462952 38.658222
1516.680786 47.785145
1934.225342 53.749035
4335.467773 10.293925
19054.414062 11.096810
5329.423340 14.221140
3516.852783 20.161041
181.551132 2.485719
65.773285 1.987038
933.732300 2.677880
5401.430176 6.228155
2244.436523 23.729397
9715.231445 13.096572
17444.683594 6.689136
1698.057861 3.707484
237.438049 4.547057
1715.129883 8.294454
1557.339233 12.808399
5927.287109 16.653250
29533.849609 1.335718
21191.867188 1.471404
7804.224121 1.562406
6495.869141 2.343299
2219.911865 57.653942
2745.215332 61.649254
2138.406006 56.914791
577.303711 45.025776
11985.535156 8.709644
4555.455566 18.353119
4967.940918 31.907362
659.216248 46.454407
3833.327393 22.427792
397.897858 24.586380
1577.932373 30.757067
3736.396973 43.625931
17703.375000 26.111885
25424.324219 20.296650
14366.332031 19.840618
4295.410156 21.187691
356.539398 20.637722
1046.073120 31.178183
3278.709717 43.402184
8328.045898 53.311188
641.108704 23.525698
4987.503906 18.411404
10317.250000 14.612911
554.228943 14.846055
357.340149 29.666645
210.669678 33.510693
1281.684570 41.514519
1077.377197 55.469048
23624.708984 7.536355
950.230347 12.627589
5189.474609 20.217226
442.205139 26.140411
2403.828125 40.860096
2924.438721 30.982470
31.259678 20.352005
2579.582031 13.336218
4904.272461 19.342745
5484.336914 31.783064
7301.140625 41.862206
2679.943359 45.296627
921.525696 55.709103
1149.695679 62.798122
846.058167 64.530029
6281.517578 60.659878
18030.550781 20.806137
10021.322266 25.860821
2008.743286 34.463081
299.072571 45.284611
1107.385986 10.996804
1761.714722 16.990778
3499.585938 23.677769
493.771332 28.584400
34641.710938 16.804373
13168.144531 12.254120
1153.798218 8.622835
3117.477051 7.918712
901.340881 14.828744
2458.521729 14.575639
5017.229004 16.693129
1586.605103 19.289928
2752.197266 29.466011
9155.701172 27.682312
12189.332031 23.126465
2881.021729 18.060982
43.826942 45.761013
1577.051514 33.957005
605.143677 21.486256
2304.212158 13.150471
21832.742188 34.484325
17031.470703 43.876827
419.138672 51.119278
350.464539 52.205956
696.139587 53.082294
3158.442627 65.249969
336.722717 72.220963
6945.941406 72.423203
16948.357422 25.314108
6481.959961 24.109455
4199.504883 28.922506
2929.875732 39.531334
1394.275391 37.623806
703.814941 27.467739
645.853088 23.064377
2566.788086 23.182772
17031.939453 89.850685
45918.320312 83.041809
15292.800781 69.312370
6456.227539 52.653870
1621.280640 36.585396
6570.438477 27.989059
3352.793701 16.831989
6676.787109 9.735031
20007.126953 34.389145
2840.225830 32.559967
1302.765625 35.852791
717.472229 38.844044
767.642273 36.959435
768.534485 49.135307
1128.092041 59.569134
3783.870605 65.297058
22294.076172 15.283611
8302.982422 15.552769
125.545502 18.897572
2546.259766 26.184200
4494.404785 60.463200
2.397226 54.636803
2739.284668 50.212360
1250.365845 48.191299
1103.525146 80.513268
2460.718994 77.161514
5662.290039 72.412437
7315.465332 66.661240
1596.938721 96.473091
346.210449 121.038689
1114.996704 147.718903
389.209503 174.580750
325.071442 57.056152
11359.246094 52.556137
4419.349609 59.738831
290.298492 75.381821
41.144436 18.033241
339.431641 23.621820
341.432098 39.271523
10501.680664 66.814133
1481.297607 58.207996
3429.321533 37.710556
5954.011230 25.511688
230.369904 19.254244
836.064697 1.038902
108.885452 2.614203
504.511475 8.048332
1202.891479 20.154482
8268.408203 21.100527
31736.773438 8.512291
9137.594727 2.751327
1859.222778 1.054198
420.470642 19.362614
2344.497314 25.105549
637.022705 33.909599
436.264587 45.017166
5931.239746 27.401737
595.060730 20.792303
2313.765869 17.269730
2212.247314 16.787569
498.911102 5.140924
950.469299 8.183557
458.787628 15.707122
5171.778809 27.272921
1415.775391 14.743148
2895.833496 10.592060
2216.887207 7.582148
705.148804 5.464972
560.679382 55.885330
968.486267 57.535690
1089.652954 53.272655
694.066406 44.268658
978.069092 18.816814
14324.462891 27.990393
20386.511719 38.747784
2959.842773 48.927784
309.457642 102.710617
989.884033 114.983147
172.701736 131.621872
807.473206 154.820496
9905.960938 72.793793
24384.093750 71.891647
3923.629883 80.088844
5723.679688 91.410652
887.475281 6.291334
2025.672607 7.335697
517.477966 11.714411
77.516212 21.888990
1879.144653 27.875154
6111.787598 15.440550
5614.606445 9.135701
2345.213379 6.792336
435.405334 7.399882
1966.424805 11.506753
2685.352539 22.786175
4956.290527 40.181839
660.184692 10.483473
9430.944336 10.522280
700.043030 9.916090
1398.351807 8.096323
70.005936 36.084290
259.701935 30.621492
612.799805 21.698063
429.185242 12.872528
22634.076172 9.460012
15088.815430 19.220379
6249.291992 29.178339
2392.748779 35.617882
3334.836670 27.898605
1768.192139 23.022003
70.747040 20.563425
6621.334961 21.658684
421.682007 39.905464
4664.857422 39.404121
92.986481 37.335297
286.661194 33.252472
419.670135 29.468592
1369.688843 26.372780
59.109444 20.991957
10434.093750 14.361744
5854.888184 21.458349
4279.067383 25.275581
17955.302734 28.348957
2803.186523 29.994152
7.904387 31.674828
85.927689 25.345303
550.805786 23.022228
155.020660 24.604280
14275.523438 61.028053
17224.269531 57.364166
7187.106445 50.063004
3318.387939 40.691120
164.508041 57.253639
8589.458008 49.854847
6228.898926 36.557953
19201.935547 21.857645
16349.400391 31.497299
19747.546875 40.077293
3899.613037 49.826969
2986.989746 56.791645
1495.472656 68.437256
386.142212 89.248260
3859.002441 109.916985
1295.007202 127.260086
29805.216797 32.470253
3628.697998 31.107758
1075.872803 37.382156
1702.087158 50.374916
2969.326172 24.178667
471.986145 19.442806
197.806244 18.849184
162.983368 22.160891
20226.792969 78.032684
31822.375000 62.361164
2886.311035 46.545731
477.037903 33.321400
2607.324219 23.906919
1543.832520 24.256977
971.325439 34.978550
3743.625732 57.614586
8453.205078 61.302578
3418.345215 48.140202
806.652710 38.183296
691.810059 29.772482
1885.893677 41.719448
2338.723633 38.714081
646.813782 28.867815
9763.587891 15.968397
25826.142578 14.093307
10657.935547 19.445637
1964.118164 28.412794
1054.208252 37.340885
867.945557 87.950485
1817.268799 91.516983
1385.068970 94.644722
2413.333008 98.040344
2635.442383 73.206360
18494.839844 74.498116
15147.144531 78.519112
2738.313965 83.474358
934.745483 65.003159
218.565094 77.738564
3581.413086 89.678825
4550.108887 100.631706
620.658203 55.071243
714.228699 45.852303
2760.505859 45.794159
4203.132324 53.280190
47.927105 27.711523
252.878464 34.392166
384.799683 47.417297
2885.968018 67.180847
10709.747070 47.826477
395.637024 35.040001
6569.626953 28.183144
106.314423 25.922935
1600.812988 31.265434
236.059509 36.783096
530.160278 52.234726
54.547298 78.438141
127.338715 90.893303
14421.476562 63.553295
3212.073486 44.734398
839.277832 34.131378
66.399063 113.066383
1571.448486 115.813812
408.763153 121.581909
2206.187988 137.022629
8388.091797 64.526382
3783.691650 73.963791
4399.490234 91.074867
476.945740 105.724403
1904.000366 28.739388
920.087463 27.709045
2485.317139 34.081455
2708.699951 55.933681
50767.601562 22.227644
1633.999390 17.645689
980.944153 22.934830
4947.524414 28.242645
3675.203125 7.090383
1266.921753 11.317184
3470.916992 19.510059
6803.300781 31.287434
2272.488037 1.453763
4137.724121 2.286198
10545.708008 3.934515
4596.055664 5.282038
130.450333 22.839735
564.269287 27.155834
803.581848 29.989624
5899.471680 31.392736
4889.424805 8.854347
11457.650391 9.468697
3081.569824 12.721162
1749.802490 17.633547
1575.980469 25.443329
342.719269 27.430872
1481.319214 31.784460
1196.727783 34.962559
9279.146484 57.366234
22143.673828 48.317070
5001.341797 37.219398
1178.282837 28.641491
52.968460 50.383835
955.608643 41.451385
4906.347656 26.877670
3326.856689 16.361696
4351.270508 12.717733
11924.017578 20.064489
2185.669189 34.994522
5377.951172 47.754555
4562.161621 18.623236
1200.331787 27.853718
240.228607 39.136570
14380.369141 50.320747
11113.108398 7.273109
9669.342773 7.021345
9460.127930 8.634335
4641.166016 12.299856
1074.197021 6.398790
2114.380371 13.331803
6570.280762 21.333321
392.220978 28.036863
49924.570312 3.747345
9093.049805 1.921761
16287.519531 0.964918
49.507523 2.170811
1296.729126 32.460320
707.120483 36.085518
539.602905 43.885754
422.649780 55.569073
18212.478516 48.010754
16402.449219 40.266857
3802.563477 35.093613
2020.130371 32.383045
2285.516602 40.497463
750.393005 39.155716
724.025146 43.069668
3729.531738 56.173313
50501.605469 39.810097
51.633793 38.312038
13435.593750 40.637913
7143.976562 41.903740
6854.958496 14.560547
952.590698 10.105325
1029.966675 9.349603
241.302429 16.440868
1997.047241 11.298874
7346.238281 12.977760
12159.212891 16.614315
14399.503906 17.622475
28.110502 14.201471
170.669495 6.301485
265.115143 1.080786
176.568542 0.196041
9498.732422 18.003471
882.302307 23.566517
2762.429932 25.104877
4049.580566 21.522503
3069.092773 72.662727
60.156372 65.708046
3128.101074 55.747334
318.253937 45.671764
2266.170898 43.880753
5265.072754 57.445076
2115.643799 68.487122
227.092941 73.951187
52.975109 23.973495
3243.277588 20.670532
927.956421 15.694759
2461.527344 12.667454
19561.167969 25.295876
11573.402344 21.578709
94.655579 22.136122
2323.877197 24.019512
891.654785 6.885781
1716.778564 11.316776
1791.076782 21.622303
34.952271 33.869301
8726.410156 17.256077
10844.414062 17.571262
6543.080078 13.740844
5152.809082 8.712087
1871.219482 18.094580
72.763000 8.226851
1189.381714 1.651721
2797.601318 2.587235
10921.612305 7.953175
20656.839844 17.961220
9747.894531 25.138836
1314.431152 25.176258
230.316635 69.902351
1585.347656 78.556755
423.827148 83.599274
270.944611 84.205154
1592.831909 32.195839
4121.698242 38.711632
11825.584961 48.156567
857.843750 59.149841
1712.583740 18.357870
922.743408 22.042877
2804.531250 26.416000
4111.240723 30.584766
5341.937500 35.008656
4681.604980 25.703800
7059.092773 19.284824
1723.365479 16.955662
352.200043 5.618607
70.924271 3.870231
1495.254517 2.832443
913.012268 2.723873
322.388214 16.662563
625.405090 13.768520
2489.420654 10.727157
1375.740234 7.940858
63.822784 27.772720
21.056503 36.371819
116.515350 44.191952
3281.190918 49.488056
1915.278076 5.666028
40488.109375 8.512075
8204.848633 13.283383
3309.023438 19.808069
28.799517 3.448387
3328.245605 1.980990
1530.081787 1.706994
11859.407227 4.443787
6993.278809 13.286744
10901.392578 8.387466
2487.050049 6.027316
1622.726807 4.789940
794.630249 16.461525
4281.649902 17.733372
686.631714 17.450565
3037.161133 15.586368
66732.406250 5.424189
43532.375000 8.040481
6308.327148 11.039189
101.522827 14.033573
3860.126709 12.864224
3048.458984 7.053950
1796.397217 1.862552
1330.391846 0.307933
19613.814453 11.390721
30980.792969 13.754108
5237.587891 16.276106
234.209473 16.345194
1120.819946 6.699667
2669.580322 8.633770
1344.596191 10.793003
1814.159180 12.749231
10572.147461 4.344429
6812.659668 4.131037
6580.160645 4.419310
5524.952148 5.264771
523.964905 23.060095
81.088394 18.876829
137.741074 14.964112
4045.562500 12.366613
2222.921875 22.825304
2468.988525 25.837469
199.076721 27.168512
3440.571289 26.166794
2.798936 4.325360
1246.282959 8.217319
3111.331055 14.507429
394.068390 22.686251
12993.238281 4.840567
4507.944824 2.675881
8160.193359 1.997970
1046.495605 2.461874
1667.913940 17.413273
298.859131 37.715939
4243.639160 67.963928
4289.267578 101.885666
29350.796875 18.141037
5433.159668 11.916649
3020.389648 7.910784
725.545715 8.399860
2291.200439 2.462999
2490.551758 5.297164
1815.612427 11.952579
10407.398438 24.237179
13832.910156 19.433771
10813.299805 8.416678
3534.922363 3.208776
4569.877930 1.781773
3482.067627 19.881195
1776.963989 28.140488
4775.559570 39.613319
17090.185547 52.849998
8844.130859 18.674004
3825.587891 14.599705
1892.983887 13.451757
5140.549316 15.108005
343.742767 0.901942
1397.175537 2.368555
599.615479 4.278587
1751.881836 6.408255
73961.828125 5.325252
15617.201172 2.466858
4305.803223 0.701007
1672.604370 0.229529
6833.229492 9.133255
166.853668 5.664835
665.010437 2.821009
4650.522949 1.191396
65.364967 9.889812
3568.340576 12.633240
4573.789551 13.467993
4604.166016 12.110312
344.036438 25.824360
519.926270 26.997599
2343.996826 28.317047
411.371857 29.735371
17493.869141 22.823368
6442.430664 23.048368
598.036499 23.779423
953.413940 24.751736
726.936829 33.135845
2066.830322 35.088284
1880.502686 34.213123
3907.855469 31.313740
8249.107422 23.708483
15008.101562 22.895315
2351.645996 25.035248
1017.135254 29.132343
3806.039062 14.066178
1137.404053 24.088829
4965.687500 37.508503
1660.643188 52.044456
5956.271484 4.897326
14725.791016 3.827362
14547.381836 4.799635
226.843872 7.903860
1046.814331 33.624630
942.302429 45.858093
5753.085938 61.683392
4867.012207 77.968262
8586.595703 38.862404
738.253723 30.667511
5001.585449 26.226538
1310.737427 26.938589
1878.640625 18.605957
671.153870 22.990139
129.599228 36.743614
284.816956 62.284801
8249.201172 63.257454
12714.166016 40.776264
14684.548828 27.325283
9948.884766 20.440042
862.815796 11.910808
1164.256958 9.858204
190.974884 6.059330
3243.075195 4.161251
15940.434570 5.206032
1402.148804 3.573717
5821.270996 6.473265
5149.432129 10.394521
1504.202271 19.630495
965.852234 22.325388
3439.250488 25.928999
1994.654663 30.021858
3525.969971 14.035181
8533.921875 14.798296
5678.628418 16.126781
3028.891113 17.689236
856.463867 14.285431
266.943756 24.732018
957.368469 50.001709
2026.356201 87.704887
14647.146484 27.944538
251.521805 23.131186
252.344650 18.944910
108.844742 14.565557
3256.008301 3.720594
442.428833 4.478514
1350.698853 8.352499
8813.929688 18.673779
14379.257812 5.290608
27204.003906 0.348633
20712.693359 0.839524
2523.466797 2.767539
2063.258057 14.987724
1179.905884 14.461205
717.337402 15.265150
9655.103516 17.341028
27411.751953 21.385830
25075.082031 20.005291
3419.094727 18.298977
332.551208 16.462795
2092.667480 2.197572
1966.751953 1.405250
731.417297 2.436371
3104.449219 4.492212
23549.738281 10.308220
16787.314453 9.901286
650.739014 7.689211
5832.489258 4.650514
5271.133301 1.190044
3968.611572 0.414616
230.932037 1.693203
8547.653320 4.292056
29431.261719 7.892576
15774.289062 8.106309
15660.125000 6.418403
5627.680664 3.624918
3190.159180 7.286895
326.202820 2.014137
1587.534668 0.120479
3958.406006 2.086806
5769.971191 15.191404
13449.013672 18.451393
20956.925781 17.955482
11384.252930 13.586584
478.736633 29.161777
4479.176270 20.033207
1377.013916 14.762119
7661.286133 14.006895
343.839081 39.120815
717.290161 45.531769
1870.828491 45.440453
63.459953 39.004875
1031.816528 46.690403
708.525635 42.448128
742.217957 34.076168
6260.334473 23.287277
23204.437500 31.965809
21297.427734 37.799858
14530.593750 43.077980
3408.905762 46.558434
2444.333252 73.045113
700.578308 76.739136
3076.660156 80.268738
2458.448730 83.278015
6890.772461 67.527306
6440.366211 66.503777
6174.663574 67.330940
3717.083740 69.701317
297.689789 27.181437
1412.621338 32.269360
1758.940430 35.171398
2259.049561 36.371166
5992.230469 35.019402
10539.727539 24.288973
3070.519775 20.018721
1833.009644 21.933313
1133.682983 2.368921
935.652283 0.895477
1690.888916 0.682353
873.701172 0.818621
916.796021 19.348398
7982.792969 15.670899
779.517456 10.542171
381.725800 5.686392
278.195587 15.241412
303.116455 15.753124
4968.956055 15.732960
1099.528442 15.265200
8639.790039 16.546637
16961.498047 15.011938
16622.960938 14.347058
398.178223 14.572012
240.855835 83.850746
799.396606 92.475075
283.304810 97.140915
1294.372314 97.774506
9912.163086 44.327953
11447.246094 50.291416
1484.625000 60.383820
63.502518 72.432159
151.720398 42.375237
2587.456299 62.486389
2962.770508 91.271484
1938.928589 127.857483
1016.572632 35.530510
8370.091797 23.618515
1358.372681 22.712221
3891.884766 29.440357
450.903503 19.647970
717.186890 31.454557
775.540649 52.398319
689.576355 80.881851
8522.126953 36.075626
5502.118652 24.193434
2250.192871 17.610157
2061.713135 15.736963
2332.089844 0.801671
540.138367 0.795998
1778.855835 3.372246
1755.663086 11.869167
3042.023438 27.119274
794.211182 11.937976
8970.472656 4.288345
343.037811 1.604019
1484.578125 17.991116
1688.747681 24.389761
2926.945312 29.940557
2790.837158 33.323460
12557.266602 10.434205
658.320068 8.579364
2075.913574 9.116051
1180.599365 12.437541
2870.953857 16.868530
468.720123 25.194288
790.794556 36.235046
14072.981445 49.398186
12159.443359 13.958202
12081.324219 8.929441
6951.876953 8.349972
5127.048828 11.219790
5653.277344 0.967752
1460.789795 2.106282
839.123108 4.643799
7656.511230 10.589923
29163.013672 17.679754
17596.714844 6.877402
5554.258789 1.667233
3393.259277 0.446513
768.651550 6.782923
1761.098999 9.149922
2184.884277 15.028801
2330.379883 23.842588
501.790161 15.041462
11816.875000 11.854030
9999.797852 9.220718
1884.073486 7.224376
142.297882 0.706444
184.708435 1.139497
522.714478 2.043242
1580.992188 3.319035
19110.464844 6.083490
2550.698242 3.716703
3783.474121 1.914962
2579.843262 0.913622
336.109406 9.059411
2465.610840 12.505930
5765.604492 15.713898
3604.407227 18.034668
3647.848633 1.916165
533.053955 2.274317
742.515564 3.640969
4624.806641 5.968319
1271.939331 2.125741
171.643234 3.248371
647.148743 6.061410
2630.940674 11.165938
16491.853516 0.907208
7791.798828 0.265624
4542.624023 0.859403
151.915894 1.568805
2098.802246 1.185185
2270.944092 2.011682
2595.578857 4.383410
6853.462402 8.801462
821.246643 0.657188
571.969238 0.102271
12006.060547 0.492647
69.964447 0.906718
37.084251 3.593141
1217.888306 3.081439
2177.812744 7.827432
2509.633301 16.707170
14296.622070 15.836409
606.568909 15.784574
2540.971924 12.845043
4075.719238 7.866748
1449.038086 1.765835
1684.986206 4.957268
1624.008301 10.124984
5628.726074 15.122113
47103.785156 5.760572
20579.011719 5.150860
11436.227539 3.148542
8197.431641 1.418586
106.199455 22.358589
8011.171875 21.051687
2216.502686 21.736366
11392.539062 23.714117
2395.494873 28.696609
1070.048340 29.536373
3215.847168 28.092287
9702.841797 25.178469
62.062267 17.837206
1042.198730 18.638723
2990.459961 20.873470
4329.709961 25.214874
21904.291016 20.885197
543.927795 18.473215
10908.572266 17.684538
660.249329 17.625597
4001.160645 3.212162
582.637146 8.929972
1993.966309 16.178640
4314.546875 23.211971
49876.808594 7.845897
1760.057983 3.426908
4483.479004 0.550172
598.556335 0.296293
5121.931641 1.351354
1162.471436 2.309174
497.768005 5.204791
708.763977 10.728776
9702.081055 4.369561
33525.984375 2.063296
472.891113 1.360538
8065.952637 1.236871
69.618507 16.699266
2692.499512 20.635847
2724.438232 25.637400
7780.361328 30.364683
15950.584961 12.164541
15396.255859 12.692123
3665.654297 13.256447
921.591919 14.349388
2947.774902 15.468899
2023.742676 15.863086
642.032654 17.598644
2260.181152 20.467335
891.966248 27.652309
18683.273438 23.037008
18879.769531 19.163063
3878.773438 16.564257
1559.746216 22.619640
1550.723633 24.343904
1542.811401 26.419498
836.261719 29.123182
7668.059570 25.876146
1593.429688 22.417109
8973.835938 21.030491
4851.323242 21.334677
1447.232910 8.096240
510.131409 4.747008
2199.383789 3.054239
931.205933 2.771035
17471.316406 33.185135
7071.600586 27.145077
4339.333496 19.978191
207.379913 13.280181
752.994446 25.916412
131.073303 24.955151
1418.103516 23.951916
222.343033 24.310867
12141.073242 23.954748
13397.570312 23.591846
9382.249023 24.684822
3671.121582 25.815825
60.978458 14.539135
1516.551147 10.837266
1662.095581 8.077810
3923.239258 7.631625
7826.059570 33.083824
765.209351 27.315552
788.977661 22.495041
1955.624634 18.405418
172.927536 25.340448
2080.865967 22.154293
4151.130859 21.223942
14311.293945 23.860394
12644.195312 33.738239
392.467896 32.660042
8727.519531 31.361607
8382.378906 28.871222
837.967773 32.493145
1314.013306 21.157717
772.160156 15.672501
21.101383 19.440376
20186.962891 51.176613
320.357483 52.945484
7010.645020 51.365097
3097.413330 44.108246
3750.372803 60.171337
704.217041 52.918449
510.306702 40.904339
1012.411377 28.936041
1358.083374 32.465092
4583.640625 41.887604
2763.284180 52.548286
9790.286133 59.846153
1433.523682 54.857300
1914.654175 44.490906
1239.633057 35.467159
7418.459961 30.337662
569.567749 73.462105
489.350494 73.044632
2089.101562 70.120125
435.495514 63.956070
275.559143 53.062183
320.462097 45.191673
1235.847046 35.700092
3543.916260 29.108374
3272.988525 39.237099
6488.414062 45.505154
15427.780273 52.366272
1976.113281 55.699970
1803.566284 56.872223
1112.287720 66.615631
1861.756348 68.238541
1769.227661 61.394825
1305.841797 12.624006
3205.387695 17.545595
8202.222656 27.963581
1351.374756 42.390999
143.370300 5.768039
78.812035 7.085813
5381.989258 9.660496
966.740906 13.742543
2569.147461 14.916493
20215.246094 9.880694
8564.684570 6.836596
2197.203369 5.605200
13.288008 12.348523
2884.757080 15.664922
1909.551880 26.501944
4187.447266 45.678806
37487.171875 23.942556
9601.263672 18.380024
2462.011475 15.508112
366.570740 13.295003
3745.120605 3.115338
1693.421387 2.420559
317.324097 2.537732
595.950562 3.814806
16264.035156 16.880974
16091.460938 11.554585
13978.334961 7.391885
137.806305 4.660817
1689.553955 12.058780
2633.176758 21.359573
52.977440 34.448967
2592.500488 49.097645
7262.863281 5.662946
5009.930664 4.288779
1426.538452 4.614130
4043.591797 6.826023
1002.958008 8.195868
114.547241 15.050440
1269.935425 28.968073
1684.161133 49.609169
9371.878906 9.000530
16484.468750 5.956507
11755.316406 5.512148
1057.810913 5.955844
912.775757 19.259575
137.670120 24.612234
234.533585 30.307787
2094.366699 36.050995
20101.296875 11.124768
20692.931641 9.683886
20579.894531 11.091343
2403.516846 14.560993
1278.079590 14.449892
130.345093 21.589241
1780.622681 33.763573
4672.189941 50.395081
4985.196289 26.765553
14845.675781 17.664013
2576.364746 12.842989
1756.100708 11.760818
150.200333 42.106354
489.073975 46.667877
697.382690 53.803505
1460.955078 62.516800
24914.894531 49.467411
8099.966309 44.493172
3190.899902 41.343094
732.943420 40.406849
2526.043701 11.665897
492.434021 14.922628
3820.065918 22.831560
1796.865234 37.029808
14376.966797 17.570915
6420.562500 11.642446
1337.302246 10.160489
4024.462402 10.509463
317.824127 15.695946
747.943176 11.739439
1380.178223 6.922088
289.816711 2.935352
619.061401 7.587242
4609.456055 12.125195
4953.516602 15.860115
832.886353 17.265339
955.273438 79.536240
136.126846 86.314629
5765.361328 93.721298
3996.132324 101.552399
2219.580078 54.145710
2812.364502 58.705666
1275.335815 65.563812
5451.299316 72.752357
30.018644 43.930763
1840.621216 44.088383
2640.486328 44.914299
9735.422852 49.310154
24827.548828 48.455654
18180.335938 42.159077
18460.587891 41.208839
7346.952148 42.722233
3421.888184 17.095955
1718.593750 13.956282
8094.092285 13.250168
5894.856934 17.025455
13180.876953 18.157993
17582.619141 19.157101
7125.457520 20.432978
6936.553711 19.851040
199.290497 11.959211
916.142090 9.072500
1337.694824 4.529305
1312.445068 0.999952
18040.757812 1.165770
9450.409180 3.762869
3918.266357 8.096538
1533.521729 11.528350
685.486145 5.405993
2036.317627 10.583121
1476.665771 16.415373
4635.276367 21.096487
4098.440918 0.105547
12489.288086 0.162862
2925.247070 0.512508
2864.589355 2.019601
769.537231 0.080191
776.776245 2.502343
5258.985352 10.502498
2010.214966 24.531237
44142.164062 0.451438
2762.893799 0.178386
1031.060913 0.763913
915.813965 0.450341
741.420654 5.827250
1394.301270 14.063186
9048.835938 26.183317
3189.848389 39.800453
9354.739258 0.791591
4659.075684 0.247501
3586.846680 0.381922
6336.495605 1.716399
1069.920654 35.359577
1941.628662 28.686415
2943.626709 21.248756
7339.231934 14.710901
4944.181641 37.620552
14579.478516 40.613506
6386.773438 41.596298
5616.449707 39.887379
1226.557739 34.603848
2958.330811 41.676865
1628.664429 48.079643
1717.304688 53.835491
10182.231445 22.532354
1238.835815 19.922035
686.484558 22.034019
2147.488525 27.548748
612.414429 20.422581
1018.503418 31.083010
1937.549805 38.357807
8774.966797 39.715664
1509.822266 0.694247
3603.441650 0.108851
2125.565918 2.882844
150.621948 10.017715
1871.775513 9.861970
1100.120117 25.902216
2374.251953 50.218204
4219.595703 78.019714
3610.036865 4.405871
9330.646484 2.080473
5630.738770 1.034838
913.440186 2.516496
273.967590 29.963448
345.461792 38.163490
1562.042603 48.009853
4013.840576 59.875648
20378.203125 30.653673
2421.288818 22.081875
16359.592773 20.248423
9117.858398 23.560282
3283.697998 28.826885
1270.069946 31.923267
908.201660 36.821449
2960.007812 44.443199
28289.447266 61.625378
16349.025391 43.722740
9924.277344 32.614643
11061.278320 28.324715
3898.660645 7.221359
1476.125610 3.753874
1665.330444 2.435110
222.633499 2.319431
28798.236328 37.961472
14532.820312 30.967075
572.968933 21.957178
6962.163086 13.449857
2802.262695 48.285172
2855.779785 46.776310
1541.458984 45.581871
3027.511475 46.286724
1129.991821 38.481705
19320.412109 42.011265
9646.630859 45.948334
1817.579346 48.290470
304.203217 54.494389
1032.309448 61.192574
176.005371 67.271805
100.978600 73.177361
10712.127930 42.979641
23187.148438 39.889503
11525.923828 41.985039
4102.108398 47.576416
2232.162109 29.354042
2187.319824 31.976191
3926.989990 30.498634
4319.123047 28.160189
6260.570312 15.481483
268.996399 11.361311
1747.112671 14.898966
1553.395874 22.542021
464.757446 19.774742
856.932983 18.872078
2920.432129 18.848671
384.772797 19.304632
12894.992188 29.123585
15314.143555 27.139791
11872.055664 24.395153
6328.865234 21.710981
343.322388 42.806210
6620.457031 47.673748
157.289078 67.678070
4978.578125 103.990929
25161.707031 30.662571
3526.708008 37.494465
8058.909180 43.860947
3179.346191 44.575520
1541.233398 53.196083
1573.503174 59.188278
366.160034 55.845863
9443.884766 44.590012
1722.078979 2.843871
4109.807129 10.900985
1902.349854 24.271034
23551.609375 40.006222
306.209290 48.545616
124.873886 54.004150
1219.581299 60.921089
1117.975464 68.754539
18340.458984 45.310303
19299.068359 42.648056
6519.273926 42.613770
1161.933838 44.701542
1544.460449 14.889786
4508.523438 13.129545
2216.520020 9.833114
6770.626465 6.538462
10211.993164 18.851351
3891.349121 15.709583
2813.100830 14.723112
715.281311 15.006010
2362.715820 0.260697
513.638672 1.101281
1053.932861 3.488678
4927.853516 7.062615
26866.759766 0.616992
54.532906 1.014082
3419.959473 0.976766
4924.292969 0.507541
1010.978638 8.680176
936.807617 16.002613
1527.760254 26.032953
3889.314697 36.887230
15653.604492 3.909541
2886.201904 2.760138
15767.721680 2.847780
2541.278564 4.516075
1770.131104 8.956953
605.534912 11.214697
1965.364258 15.993971
230.922668 23.511517
2050.774414 23.301529
809.530762 15.789821
168.268387 11.064926
39.957447 8.901818
100.725006 24.966209
826.668274 32.460972
41.936928 42.732307
5653.732422 54.697960
14789.702148 17.762077
9383.552734 16.269474
5513.891602 17.259312
3091.249756 20.099451
772.748474 28.879436
132.238693 26.854069
7689.658203 19.752047
2614.896729 11.638829
4903.016602 0.382682
12184.812500 5.640500
4520.512695 15.088409
6316.491211 24.303829
752.963257 13.905763
1421.237549 23.402246
5552.556641 40.064224
1837.803955 61.289169
104601.757812 16.755394
20502.794922 13.651862
2467.989258 11.554153
1289.152344 10.847531
6990.526367 1.865099
2363.835449 8.419522
6306.724121 21.538273
6467.916016 40.234344
34732.539062 4.873660
18497.353516 1.923027
1587.940552 0.612228
13454.423828 0.130615
5387.279785 37.874973
141.713837 44.972942
484.091644 55.536255
6887.623535 68.568695
2067.088867 45.430954
7506.185059 38.208668
8651.801758 34.564938
2163.160156 34.442490
1343.226196 41.859947
157.347931 58.988297
6686.708008 82.702744
5774.413086 111.627998
46975.312500 38.594944
2382.437744 27.876696
269.905365 25.979683
2637.211914 30.957777
3580.082520 6.198986
735.057373 9.753914
3173.070557 15.329596
655.327637 23.588829
18519.863281 15.976659
5803.288086 8.101743
424.075836 4.528299
43.408100 4.288716
747.815674 4.846538
2667.657715 8.589554
540.549438 15.828217
2114.701660 25.926044
8683.037109 0.623189
30847.335938 1.485830
7077.354492 2.641490
4420.348145 3.448704
954.485779 17.537106
1131.755005 17.947674
448.727051 22.523550
2032.150024 29.958698
2195.142090 12.256769
1605.804565 18.504019
1652.848267 20.880903
4651.995605 19.634968
786.564880 62.714275
216.764160 46.418308
775.915161 28.385445
7378.488281 13.842412
1299.000122 39.306866
5246.340332 57.409592
2514.798584 69.614616
259.283325 71.582474
328.053558 153.173218
539.677856 178.656769
232.402740 207.912369
372.494934 237.705292
36427.890625 120.439346
31684.582031 115.049004
7894.132324 119.957161
2537.507080 133.197174
4749.769043 117.679024
1168.509155 135.664398
479.514709 150.827637
2892.977051 163.704514
2038.249390 111.228798
4552.422363 92.704346
6927.006836 89.853897
1543.767090 100.267212
11.957121 9.076672
709.666077 12.397905
2219.055176 23.594698
1555.632324 45.576309
11426.837891 37.615311
19659.017578 21.627148
3827.667480 13.528470
1611.626587 9.938377
272.201508 2.741990
854.054443 5.967183
138.572449 12.802496
1023.285767 23.842283
16538.925781 23.855484
5487.904297 12.413758
4470.808594 5.502913
4947.286621 2.540092
2159.273193 2.341377
1412.619507 1.589045
2504.807617 0.925122
5370.217773 1.691383
153.930740 0.967481
1121.786011 0.301377
111.090042 1.167131
806.085083 2.192244
2.712124 16.700733
907.510010 17.034624
160.648315 17.611298
12770.700195 18.726690
15147.433594 13.020169
3244.845459 13.938140
10071.238281 15.175875
1711.510010 16.161213
3077.507324 25.775549
1794.461182 31.009531
3441.652832 35.788483
3559.418457 39.270424
51970.183594 13.775675
9118.595703 14.542665
11201.639648 17.001520
4044.749756 20.892309
2413.293945 0.752275
2395.936523 2.264547
1299.191895 6.696720
1515.849731 15.610798
11311.069336 5.594244
1049.592163 1.102317
2060.898926 0.008130
2210.923096 0.241502
158.023087 3.318027
2261.223145 6.573914
1690.917480 13.127169
1826.986816 22.820200
22927.744141 8.162522
9571.811523 4.743840
1067.419067 3.039872
4983.134277 2.469954
323.136810 13.957589
681.170715 16.924337
962.873413 20.662703
1970.711792 23.309088
1883.939941 17.160343
642.839233 16.008528
4415.439453 14.100125
2447.388916 13.020137
1069.155518 8.780883
206.964996 10.807949
1457.970581 11.672915
2017.167480 11.871798
29715.222656 3.345524
889.983643 2.141740
980.605042 3.261688
299.228180 5.907168
1813.829590 24.372385
548.417297 40.561024
142.245926 65.019020
150.094025 94.119781
3208.276855 20.040789
7554.604980 15.245611
7515.372070 13.965900
8240.208984 16.299562
318.698425 3.581576
394.650116 2.292305
1758.223633 0.710630
1464.577515 0.193030
4172.745605 14.744048
5102.604492 8.969645
8276.994141 5.725948
7070.188477 4.391100
3791.240967 83.661072
5688.023926 82.857666
5728.280273 81.491440
7257.314453 80.361717
29928.146484 68.935730
12952.335938 74.595024
860.341553 79.676491
106.526443 82.815163
2277.588379 77.276978
1903.156738 81.663078
4467.419434 90.356064
4624.119141 107.544937
41012.070312 47.049168
20470.500000 51.407852
13599.051758 61.948193
680.538635 71.553101
6184.213379 43.836445
2360.531738 55.749367
3819.428223 59.952015
9626.489258 55.842781
27286.406250 1.177603
52469.015625 3.761956
12837.268555 13.168512
4649.554199 27.927008
4107.307129 7.908957
432.261597 9.717849
62.293015 11.860469
1877.739014 13.633481
20123.050781 10.066910
11471.668945 8.520565
12168.175781 7.324436
3400.237793 7.037760
890.664307 1.686766
1611.388062 2.631097
1562.767456 4.846211
2688.968750 8.270450
8993.195312 1.146785
131.578583 1.200395
8245.034180 1.418996
171.896255 1.493736
644.576355 41.594910
606.782288 50.512619
723.255249 65.929466
6460.849609 84.636505
2103.959961 41.165134
15678.718750 40.666401
11272.708008 39.559612
1917.871826 38.875153
245.022537 13.622184
993.026001 12.664307
716.778381 9.493427
268.287903 7.871208
30077.880859 11.353860
15482.130859 6.206036
2913.040039 7.276670
34.278572 11.123858
5980.595215 4.123369
65.043373 2.427506
980.353088 2.158379
2727.602295 2.753095
570.286621 10.834284
2559.800049 11.390772
2375.035645 9.814294
158.938980 6.948717
66.239845 43.580681
3352.677246 45.443039
557.267700 43.330532
12762.593750 37.826767
3719.742188 16.263632
1125.205811 22.999943
6132.124023 30.810064
2733.235840 38.243015
887.577026 9.703274
2079.058838 15.655346
464.123627 25.101183
3490.542480 37.701145
47930.390625 13.478266
5906.540039 8.086578
198.184052 6.086962
279.868011 6.685462
2227.153564 25.519514
471.810272 36.965176
975.825439 52.887524
728.248291 69.423950
8132.081543 26.693344
7388.498047 22.729740
4758.189941 19.917320
1615.609375 20.122787
1275.973145 5.899727
108.556160 10.536101
1320.539795 21.047102
2047.300659 37.309914
5873.290527 45.068542
17441.041016 26.714045
2000.401367 13.856976
182.668137 6.977375
2259.173584 4.503348
2903.294189 3.256807
2649.624023 5.414131
3917.990723 13.282101
3986.011963 0.862700
14582.062500 2.052193
7756.867188 4.675502
426.058929 5.698050
1431.477295 24.717855
1388.931152 22.251642
812.165649 17.511339
346.937195 11.833578
39896.578125 11.429602
10670.252930 16.408241
11147.212891 21.125593
340.712585 24.248516
1645.827271 29.177740
849.745972 28.324257
2117.846191 28.605358
238.753922 29.300257
16508.722656 37.345135
10795.229492 36.468201
9838.949219 34.111294
7670.672852 31.311218
1130.407227 47.578163
877.164734 44.757420
1509.127930 47.047188
853.836121 54.699234
2915.692383 78.030350
203.210632 70.272003
73.854416 62.037861
503.275696 53.981117
1399.577393 61.958977
1108.446533 50.831024
399.191925 37.049847
9762.880859 26.492649
15848.924805 62.542660
21002.406250 63.280636
3274.375488 66.143021
780.021118 66.914902
3588.641113 59.713181
711.641357 60.883358
339.426147 60.799061
490.859711 61.782028
42069.082031 35.787251
55459.062500 40.588326
20227.191406 48.313068
1885.388550 55.476608
4285.914551 22.450403
8919.497070 23.923805
12744.456055 24.071064
17064.962891 23.881113
5070.462891 23.260365
3986.571777 19.066175
3185.883789 18.289257
4.325585 20.036541
1624.001587 3.213565
344.478210 2.165803
7385.132324 1.319280
5262.883789 1.738209
42628.046875 5.717514
7229.273926 4.178813
11766.214844 3.813641
2109.448242 3.742258
7189.119141 14.997040
1156.616943 15.577651
533.523865 16.230228
658.596313 17.255440
4707.583496 10.074600
5453.902832 11.168258
738.707397 12.719870
7902.970703 14.093200
38.677044 12.671301
1513.699341 19.995972
1347.422852 33.417778
2421.278564 52.186646
1632.252197 14.399959
1289.935059 10.561114
3866.460693 9.416934
1833.815430 9.848368
429.939758 1.636153
617.337341 3.778121
1674.996338 11.892541
2880.742920 26.636814
4132.137695 6.358474
598.642578 4.391315
3599.460693 3.721406
432.691986 2.557983
231.033691 18.910477
980.994324 16.179815
2577.299316 12.398034
4553.501465 8.617340
5058.357910 19.577183
7957.651367 19.917152
11.225760 20.297630
1475.141846 20.184227
297.888855 22.965790
584.124512 27.418421
2091.729980 30.314449
213.925598 31.274675
30955.222656 15.256234
3849.464844 13.639378
4188.900879 14.693548
626.854919 18.196583
4093.169678 13.188721
253.682159 17.040684
6987.127441 21.580107
1080.420654 25.583212
2798.784912 16.282808
366.281128 13.198618
7549.393555 11.186190
13157.504883 11.084599
251.993652 24.173450
866.677368 29.625174
1003.326660 37.652252
5367.898926 47.549473
13138.219727 25.811913
9875.632812 21.928013
1880.186646 20.501392
1695.628174 21.232399
1558.531372 17.766970
2796.014160 22.340847
659.404724 31.176794
14283.422852 45.180176
3055.404297 18.395470
416.094635 14.297699
972.372803 14.042989
6908.725098 15.419551
561.497620 4.331305
637.778625 4.336815
3233.269043 2.912457
6630.011230 0.959939
26196.718750 4.898623
6021.166992 2.429941
1413.230835 2.060049
1988.706055 3.160400
1266.065918 23.129091
567.748474 30.743065
2214.907227 40.054874
5766.649414 50.114742
1962.747925 11.473701
2226.983887 10.971262
1157.029541 13.189249
162.065521 17.322147
213.028900 10.461945
2049.615234 13.282692
962.610413 20.935658
499.120361 32.413513
7081.465332 62.404617
11895.255859 41.218422
173.830139 24.205349
1025.465576 13.797683
1444.733643 31.316195
189.362152 20.375299
4652.247559 38.022697
2788.102783 81.162125
9501.478516 319.287720
12995.508789 226.866730
3958.591309 139.893723
1125.733521 72.019218
823.701050 23.213131
1557.563354 12.197586
587.811462 26.212303
9416.758789 64.960915
11980.291016 277.820129
636.092712 193.554855
1897.733521 117.307442
1266.978394 58.848591
903.654785 37.312225
226.053787 12.066855
3651.804199 0.896609
1870.657715 3.363841
3588.963867 194.176071
2381.807861 161.293518
56.815601 118.542107
411.039795 74.568619
1510.484253 50.167294
897.851562 35.564713
739.305115 22.798286
7156.765625 12.907848
15219.949219 73.863335
2302.820557 78.334450
422.162292 74.647118
301.587799 64.266411
967.974426 8.316799
2069.537842 6.154655
6635.294434 5.970391
24030.339844 7.063156
5882.019043 29.274366
4259.756348 24.670305
919.767883 18.583138
973.188904 12.668484
194.324188 3.216133
1858.421997 7.057063
191.751770 24.791460
2758.946045 55.399456
16521.773438 127.851349
993.842590 79.195496
66.929451 39.819805
171.813293 14.038837
3991.050781 14.095832
251.939682 0.976387
887.988037 5.675847
1033.625854 26.365520
25469.886719 194.719757
903.957275 143.082886
1247.754883 90.069824
3356.347656 44.864559
476.780487 27.459852
1094.395386 17.898006
4211.049805 13.684017
8551.894531 14.239502
3099.676758 84.381371
4287.916504 73.662949
4769.448242 58.238281
1118.697510 41.675587
358.258270 11.215139
488.174011 5.300526
821.379211 4.806098
2792.392578 8.995738
4912.795898 60.777706
3259.968506 49.706036
867.835815 35.813766
421.070679 22.027287
14.983562 6.860518
834.084045 0.400829
191.887985 10.211168
9695.657227 34.065880
5038.907227 206.032776
10899.081055 139.108627
968.117737 77.890259
1792.405396 32.429771
1279.606934 22.046860
733.846802 5.932549
1309.485229 14.029835
1099.276367 45.635891
5437.728027 285.556763
4530.888672 202.964142
1598.720581 124.779167
701.717957 62.374813
414.782501 27.778158
1199.600098 15.147101
547.536011 38.155369
3830.346924 98.635223
3695.349365 401.724335
11785.389648 270.051697
230.251038 157.284515
490.253174 75.255585
307.432251 33.058002
7962.225098 9.574913
1367.848877 10.492417
2123.535156 36.328709
11092.464844 279.674164
4229.684082 210.340561
943.714233 139.810501
514.521423 78.163788
737.097290 20.652725
2573.582031 7.117612
263.990570 3.721150
10207.493164 12.187176
10986.476562 88.220467
1529.378174 76.149414
1050.015869 59.588680
1616.246948 39.852722
410.991180 15.881009
870.259583 8.648747
1266.645508 4.479986
4233.507324 3.587511
26413.306641 47.884396
3630.503174 42.997322
3970.632812 34.878334
395.797455 25.185326
572.641174 17.051332
143.976868 9.862879
455.406342 10.707804
627.106506 18.690111
1180.442139 100.374420
12074.864258 77.724846
1317.490723 53.500999
1121.880005 32.158123
285.019318 10.026974
4.361714 8.153859
87.740448 6.981825
8359.027344 6.416001
11316.447266 14.535766
1817.535400 15.091785
2723.898193 14.199924
687.150696 12.269257
967.396362 22.554823
1884.699097 19.522984
1123.947754 20.303404
12020.597656 25.007347
4873.832520 67.102112
5400.680176 52.944382
954.541870 39.775639
291.011658 29.370649
24.473469 0.195667
965.768677 0.374013
8445.751953 2.588898
256.729126 7.184970
14279.946289 32.432468
536.911438 18.874886
303.901245 8.638710
168.428177 2.600453
1364.519531 1.555978
2081.815186 2.115872
38.803905 3.380483
3174.632568 5.776057
8285.838867 13.916512
11252.670898 7.698259
2338.137939 3.679780
2136.364746 1.854077
61.462585 3.857758
339.851105 8.602580
11212.525391 18.059847
9490.971680 32.590996
7580.687500 32.882309
2649.084229 17.399405
3148.700195 7.697237
1975.775757 3.451656
1330.761719 0.054058
353.697083 2.980249
1173.347290 10.942860
4051.222656 23.976467
5964.642578 25.178242
3514.064697 13.991117
3456.574951 6.054892
1017.440796 1.330967
263.280640 0.156438
971.009155 0.183100
290.635651 1.789998
2792.805908 5.822450
475.794769 7.015950
1867.340210 3.578933
3523.530762 1.775858
6429.462891 0.791269
120.939270 7.861076
517.103027 1.290753
8429.279297 0.319364
4216.396973 4.223109
8421.367188 54.093937
1842.856445 45.235935
1870.331177 32.652195
2344.751709 19.130142
491.240997 10.912735
1453.488525 7.914655
223.159821 5.399065
6728.798828 3.610262
5433.830078 16.519524
3681.060303 17.127047
1477.902222 16.151991
546.065491 13.881503
106.664375 8.901554
297.656586 7.397861
1515.241577 6.168201
4525.200684 5.181762
10907.779297 11.372357
1460.330811 12.083262
2748.385498 11.691243
3183.405762 10.474010
679.280457 8.340916
2006.185425 14.415943
165.205429 24.441166
1375.519409 38.416645
5407.777344 28.420267
8534.513672 15.555361
1295.377075 8.268305
236.367004 6.142181
295.386322 2.945425
2191.425781 3.468508
2990.325684 11.469945
11012.397461 26.795341
1362.278564 58.290932
557.999451 38.195896
721.461060 21.339134
285.463135 9.223211
1307.943115 4.929214
1163.447754 1.282493
2565.880371 5.115463
229.150238 14.652951
208.113556 54.447838
2273.520508 43.799076
2357.044434 29.660028
390.420227 15.374879
551.977173 7.806581
387.270233 2.075284
583.881836 3.172453
6727.384766 11.054315
969.078491 60.459381
1440.558105 47.563156
3640.462402 33.018345
1419.922974 18.916000
138.112091 8.451253
3306.283691 4.456079
1635.355835 13.395184
11396.630859 32.608929
23165.283203 138.829224
3923.906738 97.944626
2244.046143 58.137573
1075.475830 26.767168
1360.909424 27.944246
556.687866 9.973938
2462.709229 1.701946
10356.136719 2.630671
5850.658691 132.604691
2153.800293 112.343567
3088.045410 84.134979
1404.475098 54.030350
3573.002197 6.510030
1373.294067 0.877295
1682.727783 4.289484
16051.428711 15.156446
11926.060547 100.044373
9466.715820 72.989929
5986.152832 45.112206
2214.715820 21.726030
301.351959 6.608722
661.961487 0.118576
4642.458984 5.515707
4551.121582 21.728962
78.759613 131.534698
2714.927490 92.557404
3007.895020 55.185478
706.671387 25.357935
154.956879 16.737909
847.493896 4.073468
3178.583984 1.769551
6480.895996 8.922278
11583.454102 144.857132
3274.284668 109.860626
7367.706055 72.641640
86.900032 40.121056
1197.344727 15.505821
40.586021 3.889958
2746.117920 4.724823
493.533905 17.684862
2184.229248 157.292358
365.816498 115.539001
2218.880859 74.077965
1617.353882 39.419838
959.468323 6.430023
1583.573608 0.392563
3631.649902 3.243278
2257.278564 15.017529
2524.526611 105.684013
737.740417 73.940521
1306.439575 44.477604
1120.882568 21.311359
465.343414 7.133638
303.601501 1.390415
378.834412 0.365168
5866.599121 4.265919
15996.314453 58.177086
2868.093750 44.409309
431.468018 29.971077
1022.945190 17.008547
665.026978 11.187678
400.712097 4.293941
267.969238 0.757453
2805.816895 0.715262
2326.512451 61.397579
1252.177856 48.545418
1072.666016 34.355152
506.183929 21.388443
829.227539 4.348153
763.672302 1.056115
2234.088867 3.629406
4618.422852 12.882118
2434.908936 64.430481
3515.880859 43.865047
313.475067 26.168728
446.457031 12.829778
710.559998 6.225931
1847.694702 10.052777
11140.180664 21.591400
2626.461426 41.168690
803.836365 66.541245
166.813843 40.198257
102.000214 21.000914
1651.720093 9.788269
98.220840 2.479903
2936.603516 2.447064
4567.884766 7.205888
15696.932617 17.190012
15339.486328 29.328873
5769.985352 19.739674
841.904724 11.968925
2327.917480 6.041523
59.974621 9.290189
627.196350 4.490924
776.944824 1.407195
294.869019 0.111431
10254.759766 24.055775
1711.110107 23.547649
4341.303711 20.226406
1543.819580 14.994718
1347.863403 21.411022
378.976929 14.452822
1291.853760 12.023603
1926.679688 13.499018
1033.870850 84.741905
1158.069580 68.120850
3802.389893 49.736996
3406.683105 33.383308
559.981262 20.905441
677.697083 15.818665
1630.186035 13.465406
11626.431641 13.966796
747.542969 63.212589
289.645905 51.562428
3404.673096 39.406868
1037.544800 28.833633
48.419395 2.718596
1312.619629 9.211464
579.215698 22.855913
15726.533203 43.904175
1253.933472 43.904175
15726.533203 22.855913
579.215698 9.211464
1312.619629 2.718596
897.327026 0.000063
737.838074 0.115874
2191.882080 0.646464
5776.120117 1.872960
79168.937500 2.686468
5388.151855 1.193115
3972.064697 0.408000
665.736694 0.088745
2378.781494 23.039829
1269.761719 18.512775
9217.486328 16.248913
317.298767 16.249775
5267.234863 53.560642
1344.336792 46.355106
2828.102051 37.849503
1724.804565 29.681820
108.793121 7.805205
1398.519165 10.047361
4882.604980 15.525331
5053.645508 24.105824
955.982727 39.536430
1147.884888 25.453335
2000.960205 15.068377
539.081177 9.261871
1.653185 0.197690
2027.023682 0.130852
24.994774 0.176021
2517.354736 0.175071
11003.085938 2.692207
11830.675781 1.991651
1535.507080 1.181241
3785.341797 0.535603
821.861938 3.098611
3995.652588 1.315630
7512.782715 2.102846
9750.730469 5.336726
1380.101440 23.691410
947.196045 18.276070
3967.378906 12.435656
2710.363281 7.063010
129.295990 10.060972
2569.301270 17.456194
1396.518799 34.088013
1673.565796 58.784081
34076.828125 88.112869
3892.773438 53.537968
3502.208984 27.683641
16.398441 13.126216
2581.703613 18.782566
435.299286 13.188510
4890.397461 9.357136
1713.824585 6.920197
17146.074219 31.819862
2532.932129 33.612797
3751.576172 31.004871
1103.366455 25.344673
1952.085205 42.410595
2191.702637 38.889179
3080.038330 35.624813
6106.811523 32.420914
15322.041016 39.914043
172.530609 45.148266
1196.252808 46.874256
1398.041626 45.522770
149.372894 2.876655
1628.722290 11.461468
540.094849 25.276567
1319.188965 42.401291
13009.316406 53.553806
8663.179688 28.515694
1906.762939 10.447155
679.469299 1.916402
3180.039551 48.998341
24.139053 35.670044
736.262085 40.349796
6963.981445 62.120598
1729.924438 274.259705
5613.164062 202.168228
128.919724 134.575943
502.991821 81.977722
468.385101 51.264122
1119.276855 22.770302
1335.840332 9.960646
5072.561035 13.899143
4623.998047 264.813110
1611.228882 209.320404
67.950172 149.148590
1173.970215 94.344330
953.273315 19.668764
2470.036377 15.346151
222.093170 14.622641
376.308014 18.478397
5152.193359 51.369202
3630.635986 42.656082
1637.782837 34.154194
1848.400146 26.287842
33.656345 5.967042
1727.014160 17.883501
1096.387573 34.753128
1744.162109 56.189369
15127.633789 42.435814
2338.221436 17.498692
857.329590 3.493303
1784.220581 0.370135
66.227020 17.149849
1803.939941 12.049467
9656.311523 22.342230
18058.617188 49.056175
2179.777588 178.973953
5643.068848 121.223892
4764.013672 72.363029
16.819838 37.235088
322.811249 19.778585
414.529358 1.208046
4282.279297 5.830586
4713.395020 32.300941
15590.851562 248.578934
2026.225342 184.048187
290.560791 117.663643
2321.847168 60.173389
1017.013306 9.196934
400.904541 9.472158
3748.476562 21.267323
3168.195068 47.028839
116.861938 95.592720
966.060120 60.496128
8839.452148 34.691032
430.737732 17.863922
426.694489 16.391243
992.667603 5.324809
3938.212402 8.897397
17043.148438 27.888575
3866.052734 174.894394
28207.568359 124.816406
1807.753662 78.326912
99.451218 41.180000
24.906315 16.200775
3164.801514 0.917822
637.580750 7.681110
8049.333008 37.307819
18864.414062 200.726624
6191.519531 147.904633
2490.204590 95.473228
143.035446 49.567856
3100.522705 0.596720
512.987671 5.817873
2581.357910 24.825439
99.339485 59.219688
7174.054688 78.810715
3783.706543 44.666061
2701.427734 20.727890
563.040344 6.146549
31.397285 5.139009
1077.529785 4.351296
1259.167725 14.883810
11391.596680 36.199898
1243.880127 57.853889
455.624969 43.036591
1625.497314 28.171774
472.986359 14.455641
85.044769 42.710896
558.043518 35.232796
5547.244141 29.856415
1832.561157 27.284967
10658.864258 38.414936
1536.627197 48.214203
4642.782715 52.061935
1571.709229 49.487644
429.091156 35.590508
1198.596436 26.716270
399.934448 23.013803
3224.466553 24.208450
17129.677734 109.456062
10889.972656 90.094482
10161.923828 68.884590
1916.416870 49.893768
482.424744 18.024336
1530.825684 17.451136
3214.576660 18.655041
5693.880371 21.653841
2556.086914 36.238976
6393.505859 29.916210
614.109009 24.411276
75.091927 20.361168
204.719055 0.796995
2782.922852 2.239283
3378.508301 6.214186
14182.339844 12.146667
6888.173340 16.459602
1485.884521 10.479639
1827.401489 5.400874
182.616623 1.966398
858.437744 17.536362
1256.912231 31.175354
6955.853516 64.127113
1904.641602 114.687653
14333.355469 156.323761
230.508926 95.359833
4514.191895 49.965706
2925.682129 23.739616
948.019287 8.920460
1331.933350 3.194950
27.175753 7.442926
1581.793701 20.792751
4239.802246 88.395554
8794.858398 66.930794
4841.263672 44.056782
41.821262 23.480803
934.713867 42.124348
944.760986 26.778917
4043.681396 16.464640
1559.451294 10.087675
1065.667114 88.405746
4941.077148 89.005325
511.958191 78.392036
3876.530029 60.845760
315.332092 8.815551
4047.828125 1.766131
1783.163940 0.318226
1861.297363 3.328585
7152.824707 72.105667
1366.992310 57.014378
2325.229736 38.825806
348.149353 21.672682
289.037811 20.063574
931.863281 16.918894
4230.686035 28.002106
1607.791992 51.364220
5891.997559 189.791809
3493.200684 130.568146
185.871414 77.889137
2851.468262 40.036327
449.633698 23.440474
1680.325195 9.313598
3906.291748 6.322763
555.104065 13.737392
11532.062500 171.608215
1776.163818 129.620926
1678.561401 86.309509
279.820923 49.453648
1118.985352 13.043694
1741.850098 4.955146
753.546326 13.897286
2351.174316 39.521980
6181.380371 190.225433
63.229347 132.033173
1559.962402 78.969139
1854.713379 38.098572
198.734238 8.211036
219.775650 0.661354
3015.178223 7.436748
2955.243896 29.398178
1905.915649 163.183853
1569.380859 110.637917
5816.844727 64.393250
1685.692261 29.597748
1017.296387 24.102575
3050.680908 17.463455
1054.238892 30.338755
336.754395 63.719696
11871.648438 211.756073
5003.650879 146.800446
6631.902344 90.658905
364.896240 48.927048
140.472672 14.748785
2367.034424 0.948467
5167.765625 4.274638
9831.399414 25.402599
2574.083496 165.342102
6447.345703 123.128181
539.601990 80.475647
548.730164 42.696259
1245.064087 20.514181
1255.367065 31.168209
488.290771 46.626038
2803.871094 67.953224
13534.808594 7.047934
2024.697144 2.727403
13245.761719 5.791466
1931.159912 12.354748
263.209259 5.744965
3339.241699 1.849057
1690.085449 3.866647
1409.885132 12.449075
2650.418457 54.185566
7698.512207 39.583763
27.887127 25.885593
657.175476 14.217999
960.787659 18.663225
579.634827 8.247305
1833.873535 26.163422
5670.189453 70.895584
14698.730469 275.903595
9525.293945 193.634842
5632.712891 116.913010
1238.924927 56.206741
728.272583 18.082558
942.461548 2.561026
1072.500000 12.074661
1798.256592 48.146370
22344.929688 238.406494
1677.305542 170.891129
6331.384766 107.411385
2298.240967 54.660240
301.811066 12.727783
2055.408936 9.234079
1542.311279 15.648253
5908.402832 31.982359
719.173279 44.224907
5892.507812 39.795063
3575.423828 32.409477
932.629272 22.203999
81.899506 33.987247
852.938232 42.162865
228.783356 54.643379
1797.139282 71.894737
10699.859375 1.030796
4209.507812 8.422316
353.310852 18.364161
1109.261719 26.976749
1020.362732 29.295095
691.586182 40.688625
2054.288330 58.034416
10281.863281 79.627274
9666.298828 1.419742
3844.670410 7.555805
5042.754883 15.051564
1341.449829 21.830324
559.051575 1.391049
1741.585449 3.957651
2816.939941 22.040356
6839.758301 51.384323
19519.531250 95.547638
5970.123535 67.424675
2900.327637 38.345299
1040.163086 14.238497
1391.655518 72.578491
930.619934 32.213634
2602.395508 9.950548
3160.634766 2.163631
358.211365 298.917542
4229.104492 259.056793
2746.054199 197.398132
287.362915 130.343552
4722.415527 76.390427
2808.331055 38.820065
1848.428345 18.343811
3782.083496 14.656521
33034.812500 303.813171
2593.473389 254.778732
2282.663818 192.351471
808.519531 129.457932
114.355232 5.154047
877.112671 1.893391
7532.048828 11.640730
856.782227 30.886517
5052.354980 163.200272
1521.344116 110.921371
1738.540039 61.638855
1920.453979 24.881159
174.730560 0.274255
243.387939 4.332644
2598.302002 16.281460
10223.198242 35.338821
6744.397949 61.922718
17098.183594 36.595886
4348.898438 16.769812
2581.789062 4.425627
2176.681641 23.680637
510.401093 16.804672
2261.717285 17.965206
353.509705 26.905876
22888.195312 120.978050
11382.222656 90.941475
2149.863281 62.101475
2307.665527 38.928383
2449.412354 43.713139
2578.030273 22.737408
685.031677 9.348500
3947.773193 2.577289
9648.706055 130.376770
3924.658203 120.626030
25.230621 98.591309
2241.399170 70.634666
391.577637 21.151749
93.616211 28.703861
6417.773438 38.601631
29109.496094 49.797859
39301.996094 23.304934
12238.830078 17.397837
7216.117188 15.178181
5034.374023 16.524214
82.236221 5.480414
211.883316 11.751194
5225.642578 20.703968
39785.210938 31.421843
14328.638672 3.742890
2442.331299 0.853827
9770.357422 0.336439
1560.400391 1.823416
654.613770 3.634932
19.882374 0.119189
1675.658203 5.481152
2369.078125 17.593525
6304.740723 71.042831
2780.621826 53.838783
699.302795 33.988194
1951.267822 15.824132
3814.849854 29.727615
1593.997681 6.628715
1750.481079 0.147776
1695.542480 6.588743
12165.057617 231.409866
714.803101 183.376358
1673.453125 125.291374
587.408936 70.680557
1778.126709 13.056329
76.841225 1.311897
1039.436279 10.753814
616.112366 38.738499
1598.626953 240.466721
7156.969727 170.272354
1227.367432 102.018471
430.523865 47.302280
835.651001 18.882826
961.263550 4.434251
1225.343994 11.646008
11234.983398 39.292114
4994.020508 260.824371
696.825623 185.216827
352.859924 113.130737
539.121216 55.668457
267.967041 39.231182
1996.371216 18.831161
1800.719727 6.871644
644.155884 1.633022
5070.580078 152.619400
2778.905273 132.333435
2270.687256 101.363968
107.907852 67.966156
1500.098267 23.165466
2510.183350 14.232166
9750.936523 9.423441
3764.411865 8.594257
7244.516113 79.906464
8696.087891 67.238953
1412.265991 51.513123
30.403822 36.000210
312.279114 17.464561
1360.530151 15.116385
1639.653198 27.569277
2326.274902 55.224220
6083.921875 191.245499
8616.455078 126.069366
1365.961914 72.333771
1784.673340 35.922588
590.404785 39.137730
850.801208 21.165390
251.324203 21.568014
5261.054688 40.354729
2067.680420 266.437531
4908.608887 197.096512
443.447327 130.198242
3598.607666 75.856804
108.865631 7.892830
3230.071045 2.360171
2208.007568 0.012058
1909.843506 2.039701
1182.947998 39.573586
3285.831787 31.576374
3537.708496 23.320171
1760.695312 15.228182
1012.476501 0.983374
415.899963 0.276674
3800.775879 1.084853
3919.075928 4.082349
1470.536621 7.081313
526.402954 4.975788
350.065369 3.566156
862.529053 2.269548
335.068481 0.963525
1203.560791 0.911581
3023.868164 4.332055
1031.319702 10.744417
1079.154663 25.343683
1205.241089 17.534676
5401.354004 10.155689
1835.221313 4.289897
148.142639 6.108306
1184.649048 4.202327
1085.292480 4.171848
3392.279541 5.575172
234.756790 27.747116
10664.739258 22.115042
1480.595825 15.755223
877.441772 10.082214
184.958755 4.880420
62.945309 0.302393
3665.489502 3.368889
11231.021484 13.064034
3728.702148 81.234467
22423.132812 58.833000
3454.338623 36.171783
699.237732 17.249821
161.524719 11.257477
1384.783936 6.540954
463.179138 5.875970
5495.878906 9.065999
15384.255859 64.635811
2356.762451 49.035934
3569.626465 33.359566
1048.964844 20.291039
133.642426 6.008119
1546.038574 0.214081
4626.753418 2.258789
159.392838 11.574244
8599.980469 85.632271
14773.014648 62.498215
2556.553223 39.163795
19.895111 19.438200
402.020874 0.494575
807.400757 0.387996
808.127930 2.667279
1207.166016 7.319082
214.406265 19.896555
5300.836914 12.960090
109.795784 7.076286
1174.605591 2.807246
418.955872 19.994827
591.939148 20.280575
268.983368 21.566120
19994.248047 22.487713
715.143921 17.170650
35.838242 20.793663
205.523041 21.674587
2734.627930 20.847347
542.664978 10.103832
45.022827 11.964497
1759.114746 15.146154
11605.953125 19.470108
25704.119141 16.654501
6124.524902 12.882958
3749.471924 10.515569
1161.073242 9.607065
3910.447510 15.266296
2057.662842 12.349208
657.888977 15.945310
4583.162109 26.271383
45306.542969 97.305374
12034.806641 68.126938
12135.356445 43.105171
581.771057 25.285143
2.495862 7.569417
1595.134033 3.514122
1143.802856 2.827111
26629.146484 5.428484
2180.070557 57.701416
9455.841797 42.247269
1864.173340 27.350674
151.671448 15.463991
753.116821 0.518554
563.697815 1.798964
1021.224609 4.641335
5481.785645 8.717444
6407.654785 25.307581
19083.033203 14.608236
4534.562012 6.363146
1348.515381 1.723049
338.572968 6.478475
200.790146 10.028648
190.960403 18.583696
2776.743408 31.925518
28589.992188 52.608387
95.114662 32.036854
2381.753174 16.930771
103.555527 8.505557
48.577141 4.620530
1689.768555 2.243484
8354.466797 7.762074
345.426239 21.531832
3859.547119 86.254166
2156.962402 57.244652
1002.654846 32.552071
508.052185 14.740001
1511.485596 4.767572
1779.055542 1.656057
3748.920898 2.667379
2446.608643 8.116721
4067.864258 33.373787
6380.666992 26.066223
2176.421387 18.306782
1079.493164 10.807636
98.122124 17.037033
1662.201172 19.537943
2132.118652 23.963337
24553.378906 29.704140
6725.558105 5.244513
1699.565918 9.766675
1061.993774 13.396202
1746.907959 15.515873
1406.429077 24.094896
2059.223145 35.914413
4573.341309 52.487778
5714.881348 73.492569
38850.093750 34.611282
129.855499 20.814903
6671.369141 15.410532
2329.326904 17.020174
1157.456787 2.723412
53.631630 2.616023
2424.305420 3.539158
3755.738281 5.233069
32526.199219 2.497130
11127.622070 3.694710
1682.562256 3.985664
2287.278564 3.444903
846.880371 11.070167
229.681610 1.317085
95.249207 0.848918
1178.586670 7.642634
16914.986328 99.242615
7913.889160 79.654373
3157.350586 54.561714
1064.261230 29.879028
71.827423 6.196569
328.415314 5.825191
1735.790039 14.916409
7843.485840 28.772930
6806.723633 72.343430
608.286133 56.737728
80.521477 36.266998
1132.662964 17.360977
455.667603 21.724529
2143.804199 14.469048
1418.415039 9.380488
3939.959473 5.453747
4059.732666 57.370232
1478.573730 52.331776
56.636467 42.625385
142.176651 31.508562
1561.832397 36.326145
295.082703 16.989935
1378.177490 13.509413
15267.681641 24.564255
39833.011719 254.621185
8215.900391 191.282181
6657.160156 126.947037
6343.905273 73.260468
799.921509 22.612043
8273.268555 6.235580
10117.449219 0.687130
4884.846191 4.838143
13817.119141 188.861023
3623.534912 141.847992
8434.430664 92.963921
1925.225586 51.624115
945.612671 1.803124
264.441528 2.226361
6117.151367 5.569464
28395.923828 11.295097
8318.304688 54.303093
5170.987793 33.581799
1541.148804 16.623241
948.457764 6.037581
429.369507 3.291654
373.553772 1.255922
96.254311 2.317981
253.038330 5.998650
30988.291016 57.238075
12218.179688 38.481884
6051.574707 21.699532
959.447754 9.763471
1733.559448 1.312244
497.567963 1.897109
4905.155762 13.025369
9598.497070 33.040070
4157.479492 116.024292
537.860962 74.204346
426.092712 38.085194
1853.269043 13.128430
11.408886 13.227394
710.361389 2.248473
2610.404785 8.548941
12978.060547 31.934137
8283.230469 241.208145
1604.430054 163.928146
25.399599 94.800911
1645.869995 43.585976
1199.601440 29.650768
316.002441 17.447201
1619.288086 30.018772
5092.741699 68.140587
818.049438 302.499817
1979.962769 209.751846
4187.883789 127.851471
1316.349365 66.578156
599.248047 22.073040
437.641998 4.693156
837.697754 7.281866
627.719238 33.013767
830.882629 238.524323
9881.090820 169.202408
3091.073242 106.593231
159.268906 56.659897
159.602448 11.923016
1160.453247 5.555182
6729.577148 2.457840
22.911198 4.235019
3300.340820 44.176647
2563.740723 36.210117
2187.635254 28.052191
1743.609619 19.812359
303.959747 5.622598
3194.521973 5.427377
77.623222 7.510118
3080.793701 14.097357
1886.566650 9.738502
173.378540 5.952979
524.682861 5.480366
304.281677 5.849006
319.598175 2.444614
791.840820 6.775461
6.447239 19.412588
6794.032715 41.008057
9185.680664 53.975792
3245.229004 30.736805
1060.169800 14.511185
478.551025 5.193180
757.311646 5.508083
53.244995 7.129367
502.979492 19.497448
861.742065 43.302753
5216.495117 67.460991
4845.549316 43.863140
2539.525879 25.396954
204.447815 12.300416
186.229599 11.510544
495.156006 10.214647
3045.925537 14.059992
619.788452 22.331810
1973.762695 13.482937
279.552917 18.001339
2574.436768 18.700172
639.214417 15.602393
1077.860962 35.345928
1913.667480 30.373272
516.339600 28.200684
3510.543945 29.005547
762.134033 65.579773
6700.574707 58.993378
2039.953613 50.839130
2245.415771 42.511841
468.378540 12.510116
518.606995 8.584097
2442.544922 9.341940
10679.351562 14.629432
21249.628906 90.798042
2487.236816 63.857777
6360.796875 39.867340
2469.979004 22.517927
3729.257324 19.934664
738.490601 17.722363
1664.137817 16.984676
10884.457031 17.534294
17074.980469 35.894440
3492.338867 32.422318
4421.940918 27.972330
181.106293 23.521603
572.995667 3.210230
3092.766602 6.078130
2157.813965 10.600060
9702.791016 17.505133
11760.214844 14.854385
1665.885376 6.581781
774.979553 2.487466
215.749847 1.777227
1578.244141 1.528861
1433.011841 5.114601
563.914062 11.703553
3951.460205 20.693188
51432.121094 24.476479
16953.011719 13.394214
3443.516846 5.468644
2907.884766 1.505782
1485.211914 1.546745
23.937496 0.576395
613.442383 0.839993
4531.562500 2.146120
12825.083984 11.027505
4626.206543 8.930612
3010.528809 6.269445
2222.976807 3.600435
810.117126 6.314775
375.991943 5.265546
1037.433228 5.051286
1274.692505 5.675714
2505.686768 17.303387
9523.047852 14.105499
354.082672 10.904593
683.015137 8.216878
1002.938171 1.845048
227.369125 2.292094
4541.431152 2.762878
590.974792 2.967621
2794.304443 1.738297
5533.877441 1.782225
452.302734 1.668304
584.493042 1.631981
94.701630 5.466111
2193.016357 5.704169
345.050140 6.999911
16037.099609 9.418741
1023.091980 16.436392
2924.013672 11.922799
645.845581 8.468641
781.852051 6.337110
807.090576 0.114443
319.078827 3.535297
4279.687012 10.968945
16345.073242 21.061588
40819.289062 33.090607
588.460083 19.578573
1649.875488 8.475919
2069.818359 1.695016
1802.256470 2.417871
400.589111 1.206728
4534.953125 0.590432
12901.773438 0.193956
13751.093750 18.054001
6635.369629 13.469491
2431.861816 8.655470
605.570679 4.813685
1505.297974 0.684538
294.416321 1.011155
1976.814697 7.680721
4184.016113 19.461395
4668.379883 50.821880
6305.172852 34.240154
5107.948242 18.743944
3525.961914 6.908871
3754.650879 0.911135
2276.105225 2.543546
3811.728027 9.859571
1828.185791 22.332302
7859.543457 54.738205
11546.379883 33.709877
2302.328125 16.627460
36.500748 5.504724
689.744385 9.289766
5049.135742 4.269167
6285.485840 2.055255
8758.118164 2.203116
5215.472168 45.710949
1474.937256 37.470940
1754.627075 27.182186
1312.885376 17.193027
175.953064 18.410969
538.643555 11.520223
8474.992188 7.033190
1056.411133 5.013346
7891.398926 54.737381
14509.120117 47.479996
2637.023438 37.672844
1636.843750 27.428629
774.825378 7.558710
3608.884521 1.399230
6467.862305 1.642248
2388.463623 8.909543
40516.390625 99.105431
11019.971680 68.514473
5763.770996 41.176407
1927.181885 20.594349
333.857666 3.912212
1143.987793 4.146872
3275.740967 11.719011
19531.648438 26.964514
2535.112549 82.853043
1009.364258 51.984066
755.909973 27.412521
395.121979 11.390535
96.316208 0.686516
3077.555176 2.158440
505.105286 10.839296
4487.981934 27.781113
28378.847656 67.966225
1702.451050 39.658966
2956.413574 18.731483
3102.848145 5.996191
515.659363 1.717491
1258.964600 3.816802
4964.833496 9.905373
1562.173828 20.583595
3594.813477 32.321877
1461.427979 18.152023
167.297546 8.455309
221.767365 3.180652
221.231934 3.454359
329.343109 6.166936
494.930450 13.074843
773.251282 24.762579
8281.822266 16.037607
4933.119629 9.177313
3497.393066 5.352156
668.253174 3.508321
1030.380859 1.465956
23.387009 2.660461
4552.433105 10.949462
10702.916016 26.124283
1610.138672 54.621548
2948.931396 34.639637
2282.830811 18.250069
999.326477 6.894752
643.598083 7.427223
163.572678 2.510731
1554.372437 6.583225
11560.811523 19.260038
5316.802246 68.814743
3083.616699 53.025177
128.111191 35.808529
556.671204 19.550545
2592.604492 7.282330
1415.840576 7.173344
2078.074707 19.515232
17844.548828 42.257748
5655.344727 99.168686
1809.551636 69.662857
72.507942 41.653027
1592.173828 19.574724
32.592289 9.526717
585.174927 0.290096
3800.989014 8.674516
5705.940918 33.390354
21511.246094 178.873856
987.183716 127.091293
1248.697510 76.898468
1161.148193 35.950008
1681.075073 22.656475
1648.336182 3.492994
1332.516846 15.076403
2898.643311 55.041199
23101.357422 342.453217
3581.270752 244.942261
464.568756 150.032059
2197.097412 72.773918
561.404297 23.970381
1124.763794 2.506772
4590.217285 5.512647
323.651733 32.568916
2482.651855 265.552032
1013.955688 197.786530
119.726929 128.300461
91.306274 67.634033
241.390091 34.960255
531.868164 10.626493
6440.809570 2.625659
4020.278564 12.230327
5132.007812 227.009674
127.684631 176.506195
2218.449951 122.615952
984.929871 73.488716
329.007080 29.424362
177.715027 9.531211
862.192566 1.745816
319.567932 6.036174
6603.966309 157.979935
1732.690430 130.005371
710.682129 94.949165
1027.892212 59.365482
739.852783 20.428114
1744.778687 26.002911
1925.430054 34.220562
1830.074463 44.562263
1452.382324 6.021364
223.017273 8.710527
1613.863037 12.621006
984.125610 16.425211
328.770691 1.694807
759.177124 2.898522
2485.543457 4.523022
4964.540527 6.486176
7815.498047 0.355879
12066.013672 0.037235
3259.858154 0.264938
1868.018311 0.839139
500.633636 19.534267
3964.250732 14.408591
5644.000000 11.048070
1333.010986 8.731106
24103.085938 35.637623
1868.921387 36.164135
7988.826172 32.369816
4284.265625 26.065508
625.610352 8.190381
1597.792358 9.620910
3944.599854 11.757315
1338.782959 13.529495
544.430908 6.615060
1288.672974 7.868644
1282.807495 8.031631
775.571106 7.824064
621.450500 9.163492
404.584137 6.579633
891.914429 6.194840
165.932266 7.965329
11620.695312 42.734474
5827.962402 32.200115
584.632568 22.180941
1328.750610 14.304640
2002.830444 31.387987
915.103271 25.334555
500.337952 27.085775
860.873535 36.738380
10226.478516 132.878662
7329.069336 99.476601
5003.491699 69.044151
2463.101074 45.851089
1017.155640 3.718537
224.096893 4.957529
175.748871 12.711563
9961.407227 27.542429
11829.046875 65.307899
2273.272949 40.089912
2751.502441 20.879436
239.787689 8.858838
1436.109009 7.048757
73.308990 11.123075
1226.761963 17.836395
1992.463257 27.563292
5329.325195 21.934092
3780.896729 12.098454
1673.343872 6.795224
1539.231689 5.435162
521.525940 4.572991
400.358154 4.014788
1703.763184 4.711531
11407.227539 6.313318
3946.681641 19.261213
6138.984375 14.733757
752.529663 10.223309
549.564880 6.660370
342.170258 27.326336
2321.399658 30.596663
4265.590332 46.063618
15945.956055 72.619736
6071.531738 139.127151
2935.120850 95.817528
1714.526855 60.451439
212.644318 37.165730
1700.115356 11.851313
706.136719 11.391514
2435.589600 24.537003
3475.138428 50.675514
13852.586914 137.702576
856.661499 92.236877
1015.735901 53.518791
150.470612 26.053726
359.682007 13.594615
196.464188 2.117584
7114.903809 1.070662
14244.017578 9.226948
10469.095703 103.115372
925.193115 84.150818
3232.058838 59.412407
2918.727295 34.052616
540.561523 23.867310
2452.556641 8.485377
3946.767822 1.016107
4977.077637 0.699307
31257.966797 115.512398
3588.070557 97.581612
838.381104 72.615463
92.227432 46.312138
72.081665 26.481117
285.200867 12.158506
1624.229492 4.615448
7781.122070 2.876770
6902.951172 128.550201
4726.664062 104.686592
1685.486084 75.715286
310.561401 48.170525
837.394470 21.445450
207.368927 15.036484
4492.966309 10.010473
8517.596680 5.727559
8894.614258 49.860542
2619.130127 46.054428
863.364380 38.419575
1163.406250 29.523336
420.777191 6.100019
1242.722046 2.915467
926.240967 2.042006
13704.299805 3.541058
6321.266602 54.263191
11398.276367 37.931709
63.897415 23.259907
369.231506 12.552986
1985.380981 6.962142
2313.020508 2.914742
68.072197 6.006172
5911.692871 15.914407
38994.015625 102.672409
4528.993652 69.950325
2072.295898 40.728470
472.131622 19.306995
1128.633301 14.978853
385.489929 15.684382
4445.499023 27.306942
2573.906738 50.915844
13548.259766 143.393463
6452.278809 91.445755
1233.751465 51.248001
494.573242 26.081245
682.036682 14.679272
555.260193 7.997093
1463.985596 3.994830
1618.199219 3.146107
8890.884766 62.519447
11344.597656 49.564121
1557.662842 36.008694
575.770386 24.052532
255.119629 18.683811
891.506470 19.244802
14616.066406 18.011818
14704.301758 15.327218
2812.945557 6.714108
1240.161743 9.768589
271.134888 13.255422
403.358032 16.489128
170.816818 11.002631
1256.218506 14.703204
5602.937500 20.482170
11088.313477 28.838594
7396.056641 15.113214
7875.361328 9.831128
234.373260 8.090023
1668.954834 8.776100
2406.583252 20.274067
622.707886 20.867485
561.054382 39.749798
17927.437500 77.927559
22007.642578 224.344055
27719.656250 143.959839
5161.119629 80.313408
2526.010254 39.213116
3535.810059 0.732596
1766.407104 0.397208
1794.885132 4.148705
4561.447754 13.143715
8247.287109 54.885757
7727.202148 32.247749
6611.082031 15.445210
1237.503174 5.308428
953.933838 7.566324
1020.829468 14.816122
3843.875000 27.341810
6520.288574 46.662102
19880.990234 10.904103
5736.745117 2.430262
841.328247 0.933665
1645.891724 3.216524
2288.375000 5.197169
63.421440 10.509750
130.875275 25.554119
1079.405640 50.629379
6669.843750 72.862320
3960.720703 42.952095
1920.458130 21.393070
93.246788 8.877943
444.072266 13.433899
68.349190 3.250342
2327.159912 3.985409
10385.409180 16.505184
926.208496 102.699821
279.234619 79.483231
551.412842 54.936790
1877.265747 31.819496
1162.768188 26.715014
289.409119 13.416541
2033.350342 5.243272
8112.573242 2.690862
204.107758 64.360107
10109.403320 64.116577
42.405422 56.125908
211.952881 42.353268
1739.761963 24.295187
74.305504 31.676214
3723.368164 45.183960
30801.902344 62.217743
1880.276001 13.632668
1343.222900 18.022213
903.222168 20.700600
2814.424805 21.804293
1034.295532 6.041122
5489.525879 5.729609
8436.268555 9.474844
771.498291 16.934990
29147.015625 50.760880
8200.872070 34.517914
457.051544 20.604866
32.474255 10.911518
3105.305176 68.973129
1256.947754 51.398960
1057.514404 55.997192
183.011993 80.828125
5425.570801 321.213379
8437.716797 245.830353
5055.026367 171.104538
1135.651123 109.651779
399.984741 22.954134
144.484009 7.892535
1340.760498 1.385085
10856.419922 3.897797
939.729370 120.345749
6910.110352 98.027184
2078.071533 71.404175
390.392426 45.054531
1444.199219 12.214341
367.216370 6.200459
7292.904297 2.376341
7267.233887 0.849968
22032.031250 36.030048
10323.517578 33.085377
3391.425293 27.172066
24.443537 19.664583
1083.433228 19.084488
1646.841797 15.070391
1852.163208 11.955559
1671.105713 9.239219
1211.820801 30.343555
7817.625000 30.969481
8.092134 28.349146
1429.651855 23.856455
580.506836 5.142723
1144.756348 5.120234
3355.009277 7.532662
3829.431641 12.708617
24284.316406 30.911016
1124.892090 20.618074
1475.339355 12.663957
2343.556641 7.563741
305.293182 9.323081
146.826385 12.016927
2078.552979 17.054314
16405.429688 24.661787
192.428116 21.177193
2121.054932 14.171618
3212.814697 10.127280
68.125587 8.666468
3045.637451 1.285797
180.119171 1.880813
437.014313 3.024178
3.151488 4.293880
1174.229004 1.326813
1633.729492 1.653528
3407.419189 1.550380
651.509766 1.281017
1210.383911 15.245276
572.167969 22.161968
673.925171 33.548290
31774.919922 47.548759
3104.326904 56.316902
271.061005 36.665588
1331.293213 22.037678
1073.209229 14.782169
247.112442 13.176080
387.071747 6.129323
2005.622803 2.775155
7613.246582 1.671076
11998.776367 48.754425
18901.085938 45.069447
2497.079102 35.606064
1881.435303 23.758141
4841.185547 29.787859
230.418839 26.801149
1062.206421 31.422180
3227.467285 44.079033
48313.195312 117.095474
22387.011719 85.990913
6974.918945 59.513367
1136.779053 40.562321
166.072632 30.713821
961.496094 27.693483
1745.516235 33.818756
39.814114 50.253868
27416.906250 138.409149
8570.705078 98.212997
2569.455322 65.432343
2581.446289 42.961014
724.329956 0.603477
2802.326904 0.593960
226.132721 2.168717
22426.515625 6.475845
2156.154541 18.077644
21072.140625 9.604681
359.745422 4.335369
945.222595 1.684075
662.196228 6.842258
1168.110840 3.006438
4667.420898 1.139149
4830.261719 0.546664
20514.181641 29.505995
7959.285156 25.904026
4665.492188 19.663416
165.356247 12.712244
86.871468 2.108889
1744.666870 0.317425
1699.863892 1.441589
172.447174 3.848953
3747.059814 49.973495
1037.672852 35.301464
4047.902344 20.260780
600.339844 8.602544
383.333374 8.433737
4256.469727 8.942389
185.661942 18.990419
3211.116211 37.828339
2778.923340 139.746552
502.529205 88.823120
702.955505 47.129478
568.585083 20.232916
219.654861 66.955765
2653.631836 75.917488
1141.764526 113.811798
4404.129395 181.678299
2511.734863 348.959167
890.056824 231.932648
2888.800293 142.726700
207.260101 88.113335
1715.727539 41.491081
1118.027344 25.123127
1640.500122 42.896809
1081.475098 98.012825
7093.270508 385.811188
2644.419189 267.922180
7561.788086 165.784988
1619.961426 89.042435
987.730957 12.624534
261.263092 1.562239
5145.336914 2.718952
5241.707031 17.400381
16085.562500 77.476761
8157.662109 65.810684
7484.813965 49.938164
3369.927979 30.793850
486.301727 51.921131
35.883926 42.406448
370.901642 34.231056
8966.361328 28.797377
6399.017578 39.421333
4074.193604 53.392551
2519.846191 60.403008
318.364349 59.227608
1533.173096 24.415298
1458.278809 14.267678
2688.127686 7.636352
624.622253 4.197982
7003.411133 71.520721
17840.701172 64.243431
4896.213867 51.852818
2226.056152 37.568123
1041.584473 2.597445
364.822906 2.480009
4942.265137 7.716116
9521.696289 17.420132
5826.014160 50.183247
1337.067383 34.075272
3253.635742 19.368444
664.072693 8.390250
315.207672 7.272614
910.658203 3.353197
2475.250488 3.711702
422.243286 8.305778
5725.379395 50.651104
4792.580566 38.435116
896.089966 25.953621
2401.666260 15.094609
87.600914 3.604067
528.188171 2.817926
2209.404541 4.410253
6668.814453 8.056156
10099.677734 13.367789
4904.439453 11.807705
710.982117 9.240980
3480.073242 6.140852
124.302872 14.573380
215.668396 15.133360
1766.644531 16.721256
6437.202637 19.323544
29002.681641 20.325619
8995.337891 17.842972
975.677246 16.022074
193.451828 14.911906
1792.600342 1.302969
52.810627 0.967150
1030.870117 3.781017
150.326492 8.998114
11025.769531 33.734608
10662.895508 22.968124
3687.707275 12.875493
79.114227 5.311289
978.070496 3.287406
1399.904541 2.893011
8195.848633 2.877100
6908.221680 3.125814
6500.387695 8.946541
4859.395508 7.298659
1064.758789 5.585045
1675.472656 4.182864
191.893127 15.924191
939.948792 21.511917
5082.180176 29.188797
7591.097168 38.484150
878.305664 17.626812
7558.416992 12.931313
1075.208252 11.377516
267.337433 12.503908
569.075562 1.542866
1996.427979 0.216557
207.394882 0.178235
759.618103 1.998942
23731.941406 16.334496
1909.913940 11.145088
653.806763 6.937723
2119.645508 3.787736
863.004333 23.157722
581.896973 32.864433
1720.841309 50.371513
5218.125977 75.457581
2219.618408 88.743721
8954.286133 54.847450
1956.333984 32.384026
3593.454590 22.329361
1371.451416 27.798187
3143.035156 40.380257
12909.781250 62.635246
10967.177734 94.061913
3429.185303 86.104942
6163.763672 53.835922
2590.511230 33.450447
1483.475464 25.165159
766.804016 36.909508
2339.065674 24.204037
703.602295 19.923944
25546.058594 24.488953
6277.841797 131.922729
5816.386719 108.160202
710.657227 81.708374
867.833069 56.826172
2703.614502 66.880913
453.705872 37.101414
3464.760742 20.144321
46.847481 15.888027
27096.947266 227.813538
12188.570312 196.730377
18547.271484 153.519470
2304.520264 107.462608
251.656433 17.693178
3951.603027 10.767502
1870.145142 5.636237
6858.875977 2.784163
19342.312500 29.700720
3959.923828 32.020607
737.976440 30.220436
2629.720947 24.870670
181.627029 14.901449
352.992920 22.525080
862.817383 31.366892
5854.375977 40.237370
24730.996094 4.014000
1105.015747 3.274138
863.336792 5.091900
613.531311 9.033973
1404.690186 1.374313
1025.016357 3.465329
625.583557 7.971454
5191.254395 14.888167
11784.828125 17.578257
1486.626343 9.722304
3786.630859 4.364322
958.902344 1.638517
193.020386 16.106682
149.165329 4.949961
4079.273682 2.481733
2844.531982 7.279061
5084.469238 125.836609
6823.633789 97.101181
6448.794922 65.161133
2074.460938 36.677719
631.197144 15.036847
1624.079834 4.345084
1012.923950 2.556138
1944.504395 9.740683
12185.853516 113.755684
1435.346313 87.086563
384.212982 58.960266
71.316582 33.860481
454.840820 7.578197
283.300354 4.962541
2572.410645 11.922866
6259.536133 28.469666
194.487473 103.340088
1709.096191 69.941818
840.653320 40.940823
2647.037842 19.682106
125.887695 10.314839
40.588928 12.484392
2956.990723 16.444042
11858.550781 21.526983
10958.397461 6.700233
7148.087891 8.039818
755.543762 8.999004
608.849365 9.495749
632.531799 12.177502
514.651428 20.884991
3700.235840 30.818287
931.387695 41.171883
30009.837891 8.716380
5526.403320 3.021008
4737.425781 2.166803
145.540131 5.577059
774.579224 9.954773
1016.559326 7.372522
182.020294 5.572354
1081.621826 4.058790
7556.980469 22.013453
8486.248047 20.714321
5139.099121 17.449522
3437.149658 13.485641
1017.274048 5.492202
3569.678711 1.418059
7398.327637 7.548286
5589.433105 23.337484
6601.609375 118.914742
7542.379883 80.616287
3928.694092 46.170547
2124.728516 20.433722
433.419647 19.125462
416.688538 9.706130
1692.553833 13.571388
879.400269 30.107601
15458.073242 185.046143
12588.790039 131.442444
1181.894043 81.571587
2339.677490 43.051197
311.664337 2.275531
626.545593 2.163066
1356.033936 19.477886
3773.902344 54.677692
5254.484375 148.896301
8100.931152 94.535454
4374.520508 49.851448
709.153320 18.553299
44.823521 1.568942
1444.373901 5.415199
7282.334961 23.305849
1724.415039 55.714470
10945.800781 116.974747
36.858753 70.060204
521.640442 34.006584
128.989960 11.105508
240.038849 8.628410
919.870728 3.821064
1687.352173 18.045687
2243.981934 50.458035
12218.046875 164.942688
5269.309082 114.253548
5441.948242 67.671669
1442.201660 30.967386
1494.945068 30.503178
34.010544 7.789243
2766.999023 2.277585
6680.859863 14.334878
14703.145508 204.199921
772.482239 161.859665
1141.466309 113.713997
2705.005615 67.565117
2017.700073 23.459911
3904.964355 9.442746
551.920471 2.110920
20290.671875 1.497363
2959.096191 81.158485
5650.649414 74.578453
1814.284668 60.387302
557.567444 41.828789
1506.264526 15.816727
333.366699 11.524128
7849.015625 8.770138
10684.817383 7.540984
14596.017578 21.196148
6672.916016 24.260561
691.031616 23.876198
652.820740 20.534601
713.454102 5.808797
1180.217285 8.898181
1579.863159 14.916623
1302.668823 22.348141
38419.316406 9.174988
2414.915039 8.492748
4247.937012 7.031870
103.919220 5.614476
105.906258 6.243406
249.442276 5.036435
260.999634 5.598763
7916.753906 6.590946
1467.368774 18.533072
101.018585 17.566481
199.724869 13.975866
798.871155 9.561701
1263.001343 13.083783
151.219742 8.926756
1120.396606 9.765068
697.520081 15.031298
13831.120117 78.842499
1607.784546 58.399376
1113.360718 38.629776
912.813538 22.983231
1043.572998 26.754704
1275.997070 18.592144
2002.316895 20.615032
22574.220703 32.704590
7775.300781 163.857941
1145.614746 118.908806
4342.805664 77.676620
807.773010 46.249393
134.503891 11.520426
214.785461 7.064065
3141.441406 6.154801
7709.562500 9.323790
4951.017090 61.856049
6513.827148 45.878361
637.333252 31.146067
606.127747 19.509315
1075.744507 0.546342
60.987606 0.305761
1235.764160 3.968934
16409.353516 12.527402
13091.813477 17.768406
2174.046143 11.197681
780.250244 6.560433
1026.787476 3.013421
705.448975 2.170990
505.212708 6.668238
2495.025879 14.524392
3680.461426 25.726759
15158.517578 7.628981
1051.213379 2.447867
2701.649658 0.269221
681.721008 0.241374
200.741058 4.861749
2022.411133 2.608410
1133.005493 1.099815
2960.216797 0.336516
14010.070312 10.600224
5556.682617 10.897643
765.156372 9.715952
40.715656 7.464171
148.833862 27.996786
84.482887 22.223713
3145.303711 19.295700
1634.118652 19.104698
219.246033 66.368271
9567.634766 57.567108
3311.933594 46.876999
179.749664 36.479252
104601.757812 104601.757812
104601.757812 104601.757812
0.000000 0.000000
0.000000 0.000000
0.000000 0.000000
0.000000 0.000000
0.000000 0.000000
0.000000 0.000000
