4695.149902 188.700562
746.731750 239.802704
4876.645996 271.862244
1100.910767 275.499084
4013.216797 19.024151
2782.391846 42.882774
1295.197632 80.896561
248.138489 131.777573
1904.675171 234.685806
660.548096 286.307343
863.937378 320.995789
3233.715820 324.149719
29562.412109 63.746483
6877.889160 96.972527
3545.381348 134.950577
707.934143 181.219116
1755.176270 222.401062
4568.601074 285.301147
765.079590 368.624603
11.825939 451.379211
18949.853516 236.774963
2631.731689 208.839890
583.600037 189.862793
707.855713 191.040115
853.892090 345.824127
128.165344 436.330963
8702.266602 546.834229
4373.992188 644.838135
2360.016846 234.924088
3218.692383 250.078842
525.724792 264.000458
1394.879272 290.242249
664.859253 135.382050
1473.407104 161.618912
864.805481 216.485840
13059.628906 298.792755
13273.931641 51.985683
2613.279785 78.551224
280.918945 105.916046
2690.027832 122.751152
2179.386230 20.572878
3.282629 16.113449
2513.773438 9.958466
7822.791016 4.726662
2961.534180 29.528500
219.268478 25.274479
31.923231 23.427191
96.140816 22.586184
1308.869873 7.758643
1206.493774 10.430696
3121.014160 10.474627
12940.575195 7.880288
7299.922363 3.685249
4933.166992 1.181510
858.818176 1.287456
2914.149414 3.990422
1285.468628 182.047256
6693.380371 227.011719
10466.196289 261.215057
25519.414062 266.046753
5551.041992 150.799454
1042.077393 140.209366
4259.923340 134.240662
1603.057495 147.205566
2878.395996 85.562851
948.364746 121.788017
576.381836 189.805618
3236.337891 281.890045
5734.038574 97.356812
14772.489258 84.176941
4312.503418 77.194031
2597.661621 74.841766
1681.549683 3.738472
1937.716553 5.832478
2341.430908 20.353081
488.414612 44.771633
1493.402588 23.357773
5498.954102 23.604450
2574.127441 18.951611
852.060547 10.425628
676.947693 20.894318
1138.775757 33.282551
6368.691406 40.604744
6272.673828 38.178783
2486.010742 36.264626
2603.060303 21.070976
169.366730 11.070770
75.571503 11.353836
246.972397 120.861771
925.019775 165.682556
6094.411621 219.119781
1200.486084 257.892059
4028.983887 142.199249
761.948303 127.180099
3209.534912 107.390457
5387.408203 100.989029
831.996582 125.495880
18.570925 146.654877
4048.656006 180.826721
3519.626465 219.700668
10227.804688 269.318146
9895.747070 205.076141
896.632385 153.747604
831.212463 126.255157
860.805908 430.479614
1887.609253 541.042664
4227.462402 674.936768
15040.455078 788.952454
26018.226562 363.518799
1614.511475 357.212860
227.198761 350.706604
3357.346924 367.815918
358.854340 188.249176
2252.818604 268.782654
1627.888916 399.837067
2534.547119 574.111206
16041.921875 95.357079
2737.091309 90.889290
1450.190063 111.915489
1790.340576 142.584335
3131.885254 16.083717
1934.418701 31.006369
7535.718262 63.479683
10704.818359 110.648338
2090.078613 35.769119
9302.738281 25.904911
4901.461426 19.147469
2072.300781 14.437063
332.253845 53.609108
427.673889 56.291702
4660.118652 60.204739
870.256592 63.310059
5955.998047 28.577768
2749.173340 40.496906
9520.697266 48.102726
310.134735 51.679825
729.727173 130.003754
2313.374023 152.179642
1183.967285 179.683899
7801.791992 201.969864
33787.898438 99.545570
6220.183105 108.973099
186.469025 113.176155
6135.806641 117.874268
2749.611084 37.238358
375.443237 35.182777
2123.477051 29.929035
3555.000732 24.338215
2127.686279 5.819402
11424.444336 15.319257
1402.990601 25.978121
582.495117 34.112015
486.211761 42.686249
418.941498 45.003178
6290.891113 51.501221
5433.650879 61.924881
3284.060303 74.780533
746.645447 61.184807
105.316483 50.852238
975.481262 44.622097
2398.781006 3.310312
1632.083008 7.963530
6615.172852 20.101381
775.727600 43.053314
9761.279297 19.078438
1952.926514 6.349452
2585.929199 2.136223
814.825195 1.902852
2316.844727 42.024319
523.737488 39.652378
8855.431641 34.065556
610.048462 24.418190
14252.894531 62.927132
4014.346680 55.872551
5346.279297 48.680107
4819.795410 44.140980
168.545822 73.950638
3369.954102 110.218506
4977.703125 148.891647
5438.568359 179.175873
3391.683838 16.840712
2588.261963 21.762300
4648.383789 30.638893
265.491119 47.025684
2816.507568 6.691604
1002.357178 7.179157
12363.427734 15.409035
4908.819336 37.747734
9487.758789 48.826794
9002.559570 24.430140
1683.959229 13.017006
843.820007 8.705499
1010.403259 50.478321
2782.472900 68.430534
2792.536621 87.449806
8187.104492 102.277657
1969.384155 9.877964
20162.363281 17.458408
7525.125977 25.929527
1294.656982 36.364624
546.134644 47.321556
1215.055908 61.643082
3449.698975 90.226379
1559.514771 127.800110
15845.958008 15.707952
2603.840088 30.650036
6001.932617 39.965031
1559.730713 43.154633
3911.675781 13.568351
2520.086670 11.151587
221.974594 8.669024
17819.851562 6.549307
825.161377 13.022562
3881.471924 15.089579
589.984985 15.918694
451.742065 15.332991
644.996460 40.660156
491.581177 33.669735
953.897522 26.039387
473.002777 19.391018
6803.103516 27.781116
9831.697266 37.807720
1471.479370 43.913933
1840.182983 44.709915
1127.142578 101.120850
1589.694824 127.570831
3366.112549 148.010025
4295.585938 155.472565
7464.136719 37.328747
1455.748291 44.729256
478.280090 56.963604
878.079285 76.023331
336.766510 98.346695
1874.264160 144.904999
2737.222900 204.582184
534.492798 264.317444
2099.267578 27.758539
2177.965332 37.291336
2109.145020 50.131062
1215.104004 68.298424
477.066467 9.109513
2663.514404 21.897161
1123.504150 49.856884
26231.515625 90.329872
6168.255371 2.053461
2535.445801 4.379765
1052.349731 6.525091
855.751831 6.565007
9.312181 52.555397
387.867950 77.602432
1878.794922 103.477966
5103.623535 116.898315
10857.589844 60.610725
17976.773438 52.080360
417.158051 41.378067
3244.607422 39.477501
3864.790039 133.487335
496.728638 183.448135
607.151733 242.028778
8152.747070 289.596985
5579.225586 68.915031
3456.885742 80.028030
7399.307617 88.030884
853.728638 102.419136
304.996826 31.451447
7914.281250 31.147448
3822.537842 45.914162
7535.238770 71.719803
1333.015503 92.128647
5695.105469 80.936195
3115.643311 63.610580
375.989594 44.573181
273.120453 16.831648
86.372078 30.154835
15107.121094 47.649990
7461.430664 64.687485
1345.106323 37.761116
10165.557617 24.290253
1746.625488 14.273960
1387.751953 11.203255
581.377319 104.933090
138.546555 134.445755
4430.384277 173.227127
6638.147461 204.347992
4612.519531 130.213608
3170.126953 119.983551
739.137024 103.781242
1644.963623 95.098618
2995.342041 71.339378
2751.931396 88.172142
4134.343262 116.679695
1850.342773 148.770996
13371.811523 74.574112
16691.427734 74.731087
107.138329 70.858124
219.113632 67.295830
1148.020996 60.763222
2803.370361 74.722305
4522.717773 99.486084
11086.214844 129.998230
4942.904785 115.205986
1193.003784 90.937462
5624.302734 71.051659
980.043091 59.862175
602.784546 49.968548
222.328690 67.269608
3750.492432 96.698730
3834.375244 132.506821
4690.749512 76.477028
1392.046875 62.638340
4317.364746 51.384125
1.497579 45.696453
2000.337524 18.379742
59.012726 26.075813
3844.461914 40.665714
5445.473633 59.743370
19036.212891 34.038925
4705.573242 26.812710
11660.275391 20.879114
1424.532593 17.326406
2034.729004 22.312216
1201.922852 23.266922
1787.263184 28.953022
896.633667 38.105347
3616.913086 30.350822
617.121704 30.506550
1586.980957 28.461363
599.711548 24.926165
2795.616943 17.239496
186.056381 18.946712
8252.173828 22.785723
2312.578613 30.147499
4077.339355 66.575455
382.974823 42.413078
55.127220 26.305580
913.422791 18.729755
640.853821 84.180374
918.735840 119.380516
16334.074219 164.064117
5785.401367 209.807648
8055.726074 52.763004
2651.431396 47.936169
879.482239 50.484222
424.934265 61.640205
2054.049316 44.350773
557.498535 67.914085
3714.028564 102.129181
8777.190430 143.308823
26484.500000 29.228695
16142.028320 22.799725
6990.264648 23.797558
2936.615234 30.548531
4193.060059 56.189938
2686.847900 62.127708
8292.165039 73.613350
327.126709 87.315208
17827.888672 27.557308
11029.410156 42.073257
8782.398438 50.831402
1675.237793 54.081459
1909.771851 81.471321
251.852982 83.268616
4667.963867 84.236290
4199.912598 81.669022
5081.557129 71.680908
3741.874023 77.808502
7358.914062 80.016823
502.350250 80.527695
5387.279785 34.442490
2163.160156 34.564938
8651.801758 38.208668
7506.185059 45.430954
5301.407227 68.568695
6887.623535 55.536255
484.091644 44.972942
141.713837 37.874973
166.072632 42.961014
2581.446289 65.432343
2569.455322 98.212997
8570.705078 138.409149
44654.417969 50.253868
39.814114 33.818756
1745.516235 27.693483
961.496094 30.713821
3389.223389 14.154338
1168.044434 21.568150
4037.054688 32.863354
12136.148438 49.831005
1543.859863 5.167275
2497.423584 0.653350
2584.483398 2.937617
1204.566895 8.161675
1243.797241 68.712593
296.844818 57.020790
107.023590 44.934433
3004.023682 32.644234
1300.485352 84.937309
2226.684570 89.664940
1149.438721 87.112587
2117.732666 79.318161
99.905823 65.918068
428.750519 96.913689
4662.614258 134.628510
2754.652100 171.601334
112.247192 22.115086
7106.738281 24.012146
1388.543457 31.241899
3157.807861 44.423092
1842.504517 2.785092
595.960632 4.192240
5664.058105 6.575366
15637.285156 8.979329
5414.610840 18.083218
4635.872070 12.017832
6743.685059 6.665116
1713.067871 3.432305
582.681702 21.339344
3011.504883 21.959423
964.409546 19.873102
560.774109 14.021109
4531.524902 41.066113
6710.189453 31.998940
2539.112793 24.537582
1229.424683 21.194866
1067.221924 233.877441
824.045654 302.148804
15100.196289 362.155396
8623.036133 390.566162
4178.471680 101.369667
2093.497314 118.994453
2757.802734 140.700806
3329.298828 177.379593
1473.191162 73.471130
337.136292 67.423218
943.709595 60.492096
1001.505493 63.088055
1660.213379 3.579120
9145.064453 23.429731
5996.118164 49.505009
1053.842529 68.480125
1708.023560 128.904816
1589.960938 151.627869
177.479141 160.309875
5277.277344 154.387955
5139.641602 16.875736
697.586121 34.556740
9034.698242 62.909706
555.758301 96.859344
965.001282 206.703232
64.648575 262.241821
2313.238281 289.626404
777.734131 271.991669
9996.568359 86.341003
1462.177368 90.758270
3468.810547 108.148849
1499.137085 148.561478
1185.306885 349.104279
1276.074097 389.305267
182.770203 430.092438
11404.089844 453.686829
10916.046875 258.084229
461.459137 283.493469
4534.525391 301.182556
2648.629883 320.028137
2471.905273 165.674316
1951.868774 197.270721
1420.127930 254.606842
17888.093750 337.244568
3546.390869 128.074829
3830.713379 126.351059
327.070709 136.667267
216.456589 149.162216
863.760071 20.079784
900.416809 15.057964
11128.633789 4.671453
817.823242 2.247226
7906.991211 20.009121
5178.693359 1.420933
2563.981201 3.523125
494.737091 14.249932
1206.277588 133.573441
1306.997070 171.891113
4428.258789 197.892914
2651.468262 201.002808
2638.450684 70.982361
2344.008545 67.503029
5114.007812 74.455536
1373.496826 97.398941
678.604492 242.163635
2236.284424 296.275726
708.388428 353.190399
7793.997070 392.846741
9792.583008 154.494370
9439.143555 168.658646
1792.192383 181.942276
424.970032 203.719116
761.367798 56.524124
2416.333984 93.480835
3600.069092 174.934998
9890.517578 304.616211
11086.500000 60.010708
5421.994629 38.867653
4767.100098 39.026127
288.682770 44.331600
642.247864 109.167419
1347.435913 154.108475
3234.423828 195.153931
3076.042480 215.121887
4854.564453 140.620331
22266.998047 104.495529
2799.516602 79.469429
4502.666504 80.285080
1608.555054 158.501541
8352.531250 212.581726
1218.671509 284.173004
8534.090820 355.097992
30213.343750 69.097916
9939.166016 89.372208
1560.754395 106.792549
2140.773438 125.985161
1552.718750 32.871929
869.336731 60.924683
3225.905273 122.212700
7329.153809 219.084229
16609.736328 82.616005
8939.544922 46.599701
823.792358 30.898285
2462.948242 26.223267
288.828217 117.217651
1574.615234 161.809692
2687.548828 218.721756
3462.203613 275.956360
4789.806152 107.981606
2409.867920 90.866119
3098.602295 83.818367
2809.929688 91.244492
439.612488 55.697685
6545.052246 107.929764
450.993988 205.837875
1746.932861 337.230713
949.685303 1.677509
12390.138672 15.022029
3915.765869 28.324677
1451.095947 36.846012
292.974487 15.209033
4069.116943 5.712093
2293.395996 2.615575
2926.472656 7.947691
1756.603149 25.768507
4328.921387 31.591026
7216.070801 32.164833
344.826965 25.845776
925.948853 79.079803
137.135315 59.990009
60.020832 44.132668
3147.803467 31.963490
9328.790039 170.818481
11229.708984 152.204529
4391.673828 127.269493
2949.589111 101.767960
32.266678 41.372807
4158.458496 51.473282
1662.996704 67.010925
4409.209473 86.587418
9814.027344 59.638527
326.231232 46.358242
301.639221 38.795345
837.895081 37.134087
752.516296 30.050720
4561.000000 35.599815
284.881775 35.485477
1744.698242 29.058189
241.024765 11.105612
3520.723389 11.320897
908.286377 14.879007
121.950287 21.905182
1227.049927 302.393646
176.872070 393.508636
839.482361 482.045349
12907.901367 538.935181
2498.468750 168.920258
3862.388672 175.153656
10166.081055 191.923355
414.833771 232.266403
152.550339 173.915680
173.870392 243.554291
1068.838379 339.050140
6606.780273 447.360260
4219.712891 21.606241
12760.121094 49.461388
6306.470215 86.544815
573.701538 125.715439
451.799072 41.480762
558.140747 24.855463
3140.100098 14.251659
7363.220703 13.010046
2613.434570 37.126137
2240.311768 54.633930
3208.254150 62.034176
311.901886 56.473892
811.936646 23.589804
912.972595 26.900917
1752.120239 24.132282
11362.952148 14.517052
138.273407 71.362656
4804.833008 44.953217
308.940399 26.815737
539.896545 20.899799
25.616793 280.472900
1121.578857 324.709473
2671.425781 364.290009
237.863785 376.889282
7427.507812 218.457199
5297.562012 231.224640
7700.508301 236.435699
4513.486328 249.596527
322.375488 112.945580
912.829346 131.518692
7486.534668 164.298706
7471.649902 205.335907
926.763428 123.947983
3874.253662 116.979568
2033.155273 110.987297
546.362732 107.842789
1847.315552 88.531189
2026.973877 124.008453
644.868103 176.370850
8905.364258 236.860382
7764.817871 110.114624
953.949951 86.706604
12405.267578 73.192276
61.911282 72.415489
258.196075 115.514023
854.143372 147.627319
2719.729248 193.866089
11347.874023 240.846832
799.874146 164.799561
9623.937500 138.607910
1903.058350 115.415878
334.106140 105.098114
1149.556274 237.187012
5047.377930 305.826782
19639.894531 386.377380
22160.494141 457.796814
8836.734375 141.827347
8581.449219 150.725296
1209.740967 164.843323
3038.548584 190.811005
96.121956 58.298756
2510.356445 90.546608
4782.842285 165.413940
12634.443359 288.655853
29589.365234 38.904934
9451.817383 28.398893
1709.109741 37.204784
1724.422363 46.828865
1947.510010 80.964348
3122.746826 103.703217
2610.339844 118.979149
2406.422852 124.686798
24474.001953 40.486721
30770.183594 33.247246
1562.996826 39.080112
2691.985107 56.877026
1451.486572 50.226738
2339.362549 84.100555
7470.430664 130.563049
591.880005 176.271530
9873.108398 18.208700
1262.575317 24.488155
1000.230835 27.504120
32.418999 33.066620
1487.114136 172.000092
4535.212891 241.606628
487.610016 331.681915
3533.666748 417.287537
14441.007812 151.193298
4916.594727 137.671600
6129.239258 128.119858
1867.801270 135.217377
11.960857 150.538681
1226.949219 210.459610
2840.032227 313.510925
34.314007 445.501556
6056.358398 160.872025
5404.214844 139.939453
4101.054688 129.117935
2010.401733 128.557465
2335.665771 9.079287
4752.254883 23.497721
36.691086 67.540802
1478.200928 141.866318
3731.528320 0.108427
1176.911133 4.487601
1100.807739 10.579893
1510.081787 10.094870
320.360962 18.165596
1643.070312 29.725641
430.649231 55.769913
6665.944824 94.549118
8346.548828 13.408740
260.519226 14.216180
4491.974121 15.887718
1146.310547 15.953161
356.387390 70.925369
1148.602661 100.276352
2527.331787 138.333405
6806.023438 178.341751
2625.547852 40.811111
9717.193359 38.512329
1854.161865 42.155190
707.978943 52.145950
1226.470215 268.776611
1754.850464 394.833588
1082.881226 514.566589
7409.433594 578.854980
13450.568359 97.106842
5110.415039 112.495514
425.380859 129.418198
2077.932129 176.190842
1343.604980 231.072296
2459.324707 221.986771
4725.402344 237.825165
16406.240234 270.844116
24103.738281 171.001068
3229.914795 232.740845
79.724350 259.275970
3000.096680 251.898636
1991.035400 61.874603
2966.931641 53.580513
548.379944 58.496971
11643.018555 76.715691
485.979614 232.910629
2207.705078 174.760529
2281.656250 123.005089
1479.355225 84.683479
1129.526489 21.660746
3839.368896 36.964703
44.932842 67.314339
5258.218262 106.972046
2276.023193 98.611473
7294.295898 66.625412
5083.599609 39.776730
121.462349 23.270086
762.975830 126.426208
1552.554810 158.557495
3012.687500 182.740570
15969.748047 183.872696
10159.316406 148.077469
10261.707031 124.121918
5166.592773 104.930984
2790.392090 104.847260
146.224030 276.156616
59.302330 316.833191
18036.892578 347.005646
16410.687500 352.546021
9084.004883 108.519073
6476.178223 154.687012
5217.463867 195.774719
2830.335205 235.061356
73.850998 76.071625
4628.656738 69.687698
14778.141602 70.727478
5353.605469 89.751282
21255.595703 48.112652
15565.478516 54.574921
2480.357910 68.686691
2382.935303 77.580978
2061.419678 62.530098
8952.454102 91.814964
7704.135742 122.698715
2128.373779 147.950546
64738.683594 15.986324
6177.556641 17.627134
15588.122070 25.087093
2645.794434 39.759487
45.158863 50.187286
4455.033691 77.050858
3609.738281 108.254791
7560.957520 137.365295
959.035156 16.686562
20367.937500 15.510150
769.990540 19.970825
5647.927734 31.072744
1538.956543 97.854500
2348.436523 143.608398
169.198761 192.548096
6214.722656 224.656342
9549.254883 47.168835
3309.944580 54.226543
2097.299072 57.395920
1489.110229 68.761078
541.070618 96.151306
110.654724 108.591492
6234.039062 140.800232
3857.215332 177.492767
328.973236 137.919571
7056.257324 141.807251
1511.571289 126.936195
3146.711426 105.951500
668.134583 86.719498
156.017044 109.283386
1120.696533 136.102966
708.128906 158.258774
7422.999023 187.000305
1798.114380 136.186478
74.615280 96.921097
1407.004150 80.018478
5450.053223 238.828003
1308.096924 293.903503
2509.927246 369.821411
1672.959106 439.372009
3692.314209 239.495728
2953.329346 235.696899
2147.053467 222.348465
162.812424 217.134094
201.919037 71.400314
3076.508545 65.944374
598.244629 73.615616
9183.256836 100.164886
5294.709961 39.589184
12202.585938 57.489330
2214.353027 73.184479
1195.098267 77.366394
26.807865 31.713764
618.158569 47.319641
408.028046 48.036484
1453.678467 32.566505
19896.482422 64.393692
2751.218262 27.487440
2546.156006 9.281860
183.356842 13.737245
1132.686035 253.558090
584.832153 282.513245
7017.742188 301.223389
37.713791 293.904144
2669.732422 232.480377
11193.414062 230.162308
6318.654785 225.320938
236.930862 231.629364
133.325226 227.421951
2116.926270 289.718658
382.309784 382.152130
316.338348 493.646637
3486.166992 153.636597
6629.847656 154.487122
5500.921387 168.579224
378.772949 190.771286
2984.554199 6.463193
2197.119629 12.634563
3433.398438 26.508923
5104.052734 53.514259
8953.225586 23.193827
859.076843 5.288249
2112.790039 0.748365
488.607056 2.725082
523.039429 12.902361
1764.097900 16.584230
1360.260376 21.340158
9905.556641 26.210962
1585.750488 12.023277
923.408142 10.643335
2573.451416 10.117472
347.282013 10.760887
2595.338379 64.583115
2101.790283 92.599091
1307.034058 127.619507
7931.087891 159.306747
12125.717773 18.332209
23013.369141 29.086990
1851.451660 37.490944
1903.663818 47.270699
407.564697 26.774733
3719.301758 33.208961
1460.203979 38.831463
9143.490234 41.854313
2885.709961 6.986498
6365.725586 11.150328
2011.808472 15.673626
3763.282227 20.799694
2651.325439 58.282967
11774.777344 75.765335
1470.795166 97.664871
4916.830566 113.795509
27275.859375 83.104576
7317.357422 72.418823
178.860260 59.291519
1196.902832 52.573189
1072.793701 71.457695
1662.111938 78.583870
248.477951 85.410782
1985.170898 88.847031
2585.740967 45.348770
11511.297852 53.856178
252.612167 60.221157
1007.604187 65.526749
1787.417725 7.998101
530.246460 14.632127
1195.040527 30.787500
4507.878906 57.885735
7349.259277 43.833618
2858.118408 24.458200
2428.529297 13.258434
2462.520752 8.058374
691.914551 44.411903
930.894226 55.059322
1102.233643 66.766739
5961.478516 75.193146
4982.647461 28.538506
948.757202 31.631493
2265.620117 33.841366
2498.621094 37.390396
2130.693359 24.744188
2631.949951 13.169956
5981.171875 3.245964
1168.097656 0.139842
7398.541016 9.609793
751.343689 21.163769
1973.449341 30.199793
172.893997 31.685423
5651.850586 10.189707
4657.380859 26.359632
945.450928 52.378937
7667.996094 85.601578
4319.317383 9.533678
3024.865967 2.517540
1001.091919 0.523004
772.663635 2.538547
681.818726 61.430408
1651.665649 60.187450
4282.570801 59.396019
5513.720703 57.520546
4082.596191 125.019135
11076.898438 101.415611
1928.994263 80.489243
1435.165161 67.081894
1356.927856 14.813228
3461.299805 22.013294
14433.644531 35.843060
10644.173828 58.999519
20584.330078 45.736523
615.048889 24.271288
323.281189 14.113579
3077.417480 12.007345
2641.429688 26.395813
778.537720 30.478571
584.097534 30.556995
4847.260742 24.559347
26738.419922 43.310829
3942.099609 32.680794
3594.533447 24.854141
2573.941895 23.082209
2010.553345 74.527191
1227.594482 85.999596
2358.265381 95.648460
11521.056641 100.606087
2389.918457 65.351349
6846.932129 60.743576
1196.364258 60.111050
1011.239014 64.948708
2365.949219 67.980850
10.386057 94.949570
2064.085205 135.405212
1355.492920 182.418747
9635.515625 61.674248
915.783997 54.519161
1592.383545 51.886211
487.602295 54.946243
3112.719727 38.022877
194.968536 56.401905
4941.542969 82.050507
7572.792480 111.624352
4485.184570 10.295562
9331.093750 12.337824
244.750290 18.100824
437.523560 26.146778
2955.982910 15.095505
2626.216553 3.387379
4169.719727 0.503358
4485.132812 11.391966
5177.785645 11.384480
10129.174805 22.505863
7680.516602 29.344351
978.827881 26.349384
565.552124 111.173378
651.426636 159.117203
14806.096680 211.242889
5862.798340 255.681473
6568.125977 42.079048
8511.734375 42.613777
8542.999023 52.811981
36.405571 75.054382
1596.546143 2.326309
891.435486 10.488665
1827.014038 25.830767
5610.803223 47.289299
21342.400391 15.674076
4814.711914 7.017546
6432.521484 2.003596
5051.291016 0.123174
1267.454956 48.866486
456.385010 63.960968
1508.694336 84.426567
5524.936035 96.983887
17289.771484 86.757561
3774.913086 78.296448
4115.282227 61.163578
1957.038086 48.130955
4304.103516 14.674096
857.491394 34.932487
1720.181641 63.111832
9900.286133 90.180984
1112.872803 29.499062
1282.806885 20.393208
1643.895386 10.850819
2844.602051 7.065708
955.146240 18.376736
5272.643066 16.109062
10467.842773 22.734531
13143.354492 32.268906
5875.286133 61.594582
2196.780273 59.617317
437.072296 46.901260
281.402344 30.357887
708.717041 95.197502
926.318481 96.928131
3003.442383 106.291977
22808.285156 117.060318
15450.820312 210.530365
4931.068359 172.761688
9883.866211 134.810989
2580.706299 107.259071
716.129761 35.563305
1280.656738 32.097603
3146.942383 40.193863
32739.335938 59.539268
13994.984375 180.569061
12875.791016 128.338181
578.554260 83.598984
82.111305 52.242867
3096.768555 11.349818
1268.137085 13.331179
2827.047119 12.938087
6336.233887 12.297770
34533.917969 52.581459
14540.459961 27.956072
2623.475830 13.581297
3039.059326 9.578157
3921.862793 13.887138
4676.555664 19.912983
1108.333740 27.544249
19832.345703 32.978500
16120.164062 46.040962
13572.101562 32.630127
3569.264404 20.249016
1003.281006 13.423179
1007.472778 61.965641
309.010498 78.236313
1263.763916 90.950714
131.879639 96.098938
949.400879 92.313477
4133.887207 66.344467
7187.647461 50.852402
2487.684326 50.270161
1333.827881 182.425644
12064.134766 216.847336
2178.264648 262.040100
8954.492188 297.033813
2136.193359 247.317459
2716.925537 221.932220
3436.769287 191.091110
2360.342773 173.579514
138.952316 183.976410
129.380569 245.068481
2602.504150 332.535400
2741.732666 432.060516
8838.664062 183.596054
7551.794434 156.847397
7970.138672 145.551102
627.947266 152.427246
872.585754 129.627319
1519.099365 171.533508
3101.415771 248.378113
5882.111328 352.393829
11226.156250 192.771744
3609.770996 153.196365
2988.253662 128.462433
1925.181885 118.403793
168.215210 23.636057
2222.309082 27.097858
1111.057373 41.976410
1436.835205 76.874130
254.829956 3.319868
10500.835938 1.439039
2779.934326 11.169885
1835.825806 20.163441
338.028748 21.543926
2081.194824 25.284550
909.865112 25.129463
422.110229 22.418604
11.658105 19.843735
1652.548096 12.360512
118.740562 11.338872
884.001587 15.618010
49.421494 52.374306
98.058090 83.613960
6642.107422 126.356934
232.515854 173.894135
5218.940918 35.120800
3494.895996 26.764635
6896.583008 26.301365
797.913391 34.003445
363.745361 150.582550
1484.236694 215.707886
3461.661377 296.024109
5494.370605 374.446045
4380.403320 47.404140
2309.514893 59.030640
242.852356 77.942665
134.403900 106.118538
1539.025269 25.853903
1083.872070 21.302282
10266.799805 40.019516
8701.196289 88.797745
2714.888916 20.044323
10899.297852 29.796322
2531.670654 39.050926
1397.212158 36.757572
126.747025 14.576225
58.080330 20.060562
3213.573730 33.279945
1325.870117 53.099224
11715.109375 52.554653
3541.221436 36.457809
1792.060669 24.045214
2090.216797 16.329161
2576.851562 76.251778
318.765533 63.893990
947.151733 50.736961
1755.071411 35.577927
272.911499 177.888046
7231.077637 148.240601
14810.150391 117.209457
187.655457 92.724640
1690.404297 13.290145
1500.630493 26.807404
3872.046387 45.945763
21149.683594 67.211334
2488.287598 54.987869
3583.022217 31.345392
1839.726074 14.884530
41.979858 8.691524
1213.067871 22.678129
782.120605 28.918056
9403.949219 36.233997
11220.776367 44.302425
11508.765625 27.074253
8398.088867 19.725357
3153.362305 16.913979
875.309631 18.277880
3530.780273 34.941704
4390.215332 38.159523
1075.416504 35.128437
10769.777344 26.749340
24007.410156 60.008232
1761.815063 40.833466
9803.267578 30.469830
1934.015869 30.055630
1109.665649 6.080745
3093.179199 8.033153
636.546753 12.361269
654.281006 20.714130
67.426270 6.932164
8372.521484 3.265454
5763.450195 3.279016
684.612732 4.662833
393.628235 16.671494
128.797501 17.841099
548.262451 19.408047
1444.745972 20.947956
8235.083984 15.971169
265.994232 15.934447
1650.572510 15.901363
796.534607 16.062809
1511.798462 9.553113
1230.515747 17.604494
9162.870117 24.780298
4535.317383 28.622114
10945.947266 4.435360
353.420441 1.554425
281.292725 0.693764
4941.993652 3.350373
89.478737 26.255356
1657.224121 24.134102
4795.433594 20.126270
263.043213 14.996653
10965.261719 25.093929
2053.890625 25.566456
2169.290039 26.173609
1041.124756 26.668322
4401.287598 15.240916
528.031372 16.106985
868.971497 15.202956
15859.147461 16.751141
13994.440430 30.555964
1435.213013 15.396450
9399.987305 10.350206
7.359599 12.100801
8351.675781 32.207058
5468.753906 29.908924
8233.628906 32.630043
2078.073242 39.767971
10425.021484 22.197151
3357.141113 32.718761
2054.970947 37.631313
5283.083984 36.375130
251.995743 1.882859
1172.370605 3.324514
1123.496338 11.209984
11958.396484 29.857870
18544.148438 11.066887
531.368103 2.431155
5840.801758 1.115929
4828.098633 1.802339
3130.904785 83.227898
2787.489258 110.018219
10563.573242 143.543182
15511.008789 172.436554
4006.196289 63.349121
554.920105 65.417603
244.729492 65.157143
4830.356445 68.869865
1241.302124 14.761805
4155.083008 21.069601
1124.281128 35.860062
1889.251953 55.434448
27141.681641 14.760701
5050.671387 18.701069
10138.288086 18.463104
2686.094971 15.530073
2344.488525 14.812584
5160.485352 17.234615
2662.768555 20.608824
8318.476562 25.217230
36089.421875 18.763380
9812.205078 14.600098
7015.966797 12.944870
5361.653809 13.253995
1970.739990 28.634666
2065.706055 30.610895
300.138397 35.184517
6174.279297 38.688229
6229.127930 109.030174
5607.854004 79.304886
1114.902954 52.158009
4438.981934 34.693352
1178.805908 27.883564
4123.693359 35.820034
2093.649902 52.205582
15472.939453 78.475098
3518.252197 81.467957
2086.217285 52.405281
2938.361816 34.758018
143.506317 27.283463
1210.693970 29.244764
1701.986938 40.362057
3048.303223 60.056725
11448.883789 88.607712
2501.507080 78.452873
7816.012207 49.828709
2557.281494 32.699890
2801.828369 26.396801
440.781433 7.134604
1989.093018 20.539255
5157.257812 47.918472
2787.739258 88.691711
9014.116211 10.067621
2249.947021 3.485888
3939.370117 2.214556
1985.072876 2.859515
2287.246582 27.887533
551.443970 36.154099
1395.504639 43.148060
3131.225586 48.770348
13935.847656 23.860874
1155.453491 16.361645
1031.719238 15.356762
424.528839 20.033508
1021.368042 39.125702
639.605225 73.161903
3003.062744 122.206390
1755.291016 174.442200
12759.562500 16.131548
5015.740723 17.299492
1404.677612 18.050655
356.531860 22.621052
622.357056 10.541545
1878.074951 24.721769
2679.159424 49.440311
12169.198242 81.202271
2391.703613 20.440027
1072.841919 12.655515
204.548096 7.674356
2045.417358 5.986575
75.652573 44.535290
82.275307 86.747932
5304.596191 140.623596
29982.560547 189.547653
149.895966 41.626778
1267.801025 31.130466
5012.310059 21.722403
1919.559692 23.247450
1510.940063 128.132751
945.671021 172.311981
2541.645996 223.858917
8013.758789 262.471619
11296.484375 127.815430
4735.891113 117.489372
9366.402344 105.220093
167.562683 105.329971
1570.558350 199.479980
1374.717896 273.565704
340.255615 382.027557
535.516479 495.489777
9638.729492 194.380539
6640.685059 184.118576
4250.848633 170.660812
6216.351562 168.919144
53.570820 113.301781
2395.317383 151.669220
5325.209473 217.208710
5893.078125 296.669037
1073.266357 184.844147
1097.356812 149.566208
3499.105713 120.360619
1230.560303 104.947083
364.430084 166.243164
460.793335 196.183609
991.974243 249.502899
470.602875 310.329437
3090.908691 153.145340
231.459564 165.385941
7681.139648 165.107391
971.293762 160.106186
1682.655029 102.362587
809.134033 124.336922
3764.683105 166.370178
10286.886719 225.965210
3175.678955 55.675396
4143.770996 68.029114
8156.403320 82.164047
2802.908691 92.026428
1212.374878 39.708145
422.316650 47.589748
11743.150391 46.387115
292.609985 38.504986
662.309814 5.964770
10628.588867 3.436554
1912.564941 11.033767
1117.098999 25.378164
1136.460815 7.519196
6959.313477 10.812799
2952.216553 20.694923
5916.226074 39.026897
28582.890625 5.429418
627.483032 3.666505
1516.751953 5.292449
450.732727 6.693916
2457.317627 18.051435
760.473267 12.547567
495.246338 7.997797
211.628510 4.848011
9365.111328 27.875446
4761.524902 29.236509
3881.321777 27.616901
883.241089 23.509953
378.396484 6.392254
611.698242 19.311180
6130.018066 36.344055
11339.625000 52.175762
1813.127197 11.144110
1419.502930 6.152860
795.991150 1.487324
2535.712891 0.579808
1132.219971 22.969334
926.070068 16.176277
6544.692383 9.243746
14295.019531 3.308858
6612.464355 63.270355
6536.295410 51.074539
2110.597168 39.523018
638.022461 30.292723
264.993591 105.009766
2724.034424 117.171638
1895.916016 134.907532
9912.974609 155.090561
16559.632812 118.577606
3504.095703 107.953178
4113.794922 101.206856
2118.625488 99.792404
401.071594 17.551802
425.379242 15.541838
6442.094727 20.727169
6606.833496 39.729424
3811.914795 116.755051
5917.663574 69.533073
199.580643 39.718224
786.782104 24.438467
849.001160 69.563141
1373.152588 97.457039
1435.975586 130.562302
5015.478027 162.754013
9314.757812 34.678097
933.805176 33.025867
3237.309082 37.931679
380.716614 49.733692
3026.860352 55.496605
772.119812 65.385025
3476.993164 70.349014
7640.884766 68.090637
9669.427734 18.986546
3856.532959 25.256367
1535.725098 33.483498
479.272369 43.957588
261.570343 198.709473
1842.216431 222.975372
2183.844238 242.053177
2354.546631 247.573822
1297.057373 175.277618
4174.742676 170.135742
1144.023682 169.486603
319.945831 178.893814
283.717712 217.447006
1478.347168 299.443176
13082.634766 403.358948
11364.415039 507.369598
4747.085938 87.273766
5695.835449 104.090866
88.425049 128.563080
1104.332520 162.969147
509.361877 63.690845
5542.771484 91.671799
3321.173096 136.682266
5513.462402 190.199158
7249.801758 27.324440
1023.155701 36.628555
7886.783203 44.263977
1945.146729 50.738998
3920.200195 45.747280
2348.964355 48.815662
3467.571289 60.224194
2330.562256 72.039352
13299.863281 85.259209
183.269714 82.025314
2779.621582 68.800423
4577.383789 53.794590
203.698090 80.445587
688.092407 77.205200
1643.153564 81.027344
1589.931763 88.108040
7596.547852 95.684494
5019.536133 102.414017
321.343079 99.147751
2754.402100 89.605080
1326.253174 11.247232
2084.395752 20.159624
4788.403809 24.965450
9490.738281 24.882498
7226.147461 35.950939
5733.175293 14.793062
2700.143555 3.361798
2919.102539 3.448033
1678.713745 26.359001
716.600098 20.590612
2022.352905 15.130607
10042.122070 9.065079
32601.617188 74.512886
490.676727 61.300865
1513.567749 46.677559
488.414948 34.614326
370.701447 5.663639
524.088379 3.449090
6882.497070 4.955986
1991.853882 16.674292
594.547485 91.067001
4966.541504 48.294662
2896.096191 22.317923
137.464844 10.372122
271.691589 229.465897
1259.286621 254.109955
1300.245972 275.980713
1774.356323 282.994049
54.009094 224.586121
16248.473633 218.181885
4203.098633 211.254028
5490.585938 213.611877
2853.221680 84.879944
6813.847168 110.146828
2544.973145 141.562012
6150.177734 181.964096
23231.894531 11.206303
2104.246826 15.616648
58.557354 35.615364
2848.260254 60.536697
306.461548 75.257256
3191.572754 100.442383
2222.994873 116.611206
394.554169 120.750992
352.158020 0.670279
2929.220703 6.196526
534.185242 22.259811
2443.957520 46.965897
1787.635986 22.915155
9060.658203 13.997888
5386.864746 6.675103
5438.282227 5.365200
8657.256836 25.887960
1904.070190 27.942722
4381.154297 30.187199
2056.219727 28.976131
1368.665527 174.178558
1083.191040 211.337860
18077.519531 261.892731
15684.154297 315.223022
9614.384766 250.528091
2637.159180 202.562927
7892.139160 169.401794
1454.184326 159.016769
862.254211 1.475759
3056.362061 7.239131
610.829834 25.189713
9826.078125 65.291489
1312.843262 67.405396
10800.519531 24.015875
5562.562988 4.938017
6685.556641 0.379461
4461.161133 64.085770
1078.619507 67.908585
3619.851562 67.471062
2032.906006 66.702759
1723.979004 46.300488
2593.426270 41.442780
257.879913 46.051464
2529.268799 55.561905
531.041260 173.626984
4832.328613 241.923187
2018.786133 317.665070
7545.308594 381.106293
2526.847900 54.049122
2823.559082 69.266243
954.665955 90.710922
1995.954834 123.333824
264.445679 88.500679
233.396332 128.624069
1963.718018 190.864639
1492.086182 266.763916
518.509705 38.135666
9563.999023 43.513973
4847.934570 53.932865
2973.670654 66.789040
1346.221436 66.160789
4067.170410 59.207123
4477.109375 65.085609
6890.489746 87.242805
11124.954102 23.963448
1159.010986 51.383469
278.038452 70.478813
1834.619385 74.000923
964.780945 102.332253
7738.745117 129.268997
1108.119385 135.441345
5422.648926 118.609985
6209.434082 7.575220
4380.030273 12.184736
355.334503 32.016537
2390.023438 65.351044
1619.382568 254.333084
3531.925293 290.010010
2060.281738 309.296204
7613.306641 300.829590
7181.970215 101.016342
3311.413818 138.583130
2396.821777 175.268387
419.485046 213.912903
39.205830 374.952087
1757.687012 456.424164
311.835388 551.025391
11324.436523 634.610962
8742.617188 197.602951
376.128418 234.112610
2030.277954 272.062897
18089.531250 315.418945
387.396729 71.279137
1803.529053 85.055252
179.180801 115.413261
11787.451172 162.857864
10325.011719 82.463058
6863.422363 71.680679
1408.060547 68.323975
484.016907 67.777504
3853.589844 24.819326
733.960876 27.670557
5190.785156 32.332756
6615.822266 37.931152
11581.926758 11.130505
6514.122559 16.459143
2524.904541 20.565649
1480.168701 22.989849
1368.316772 20.636736
1349.450439 10.903481
10570.599609 4.201849
1618.010376 1.126148
16636.275391 35.686768
3424.794922 40.161491
912.719604 38.337173
2708.325195 30.917496
1235.858765 6.772263
524.681152 13.667457
3656.944580 26.685440
733.874390 46.389023
19515.281250 21.324883
3516.770996 10.335280
9468.213867 5.247569
142.607483 4.291637
1760.598877 37.383583
1651.784546 38.616383
7845.906738 42.510120
3977.875977 49.598618
3908.534912 58.552666
3514.568115 48.740696
291.765808 42.083855
1684.478882 38.468990
5.950363 37.691494
3308.464355 57.046856
1291.970703 73.433098
15034.407227 82.967606
92.758324 1.884830
7346.212891 1.487004
1416.375854 7.333725
1272.056885 19.922840
1053.526123 205.405396
2879.812256 247.974396
12423.965820 270.951843
1320.383057 261.538940
989.066406 77.703499
7153.203613 97.374756
6017.826172 122.927338
531.659790 159.771667
4082.368164 36.134121
5275.959961 31.570055
1622.667603 34.382301
5059.776367 46.189228
31645.060547 24.116653
6178.192871 35.736252
1218.734619 42.736610
535.066895 42.005486
1031.095093 47.430386
1589.444946 49.448902
4444.185547 58.846813
2130.613281 77.087845
30728.980469 112.541878
7997.070312 84.051575
550.313782 63.808979
3741.740723 52.001461
959.329041 118.980339
813.174683 132.156555
6470.043945 158.104050
7771.349609 195.136597
4995.162109 195.136597
7771.349609 158.104050
6470.043945 132.156555
813.174683 118.980339
1504.714600 20.747738
712.912842 41.749016
9221.094727 75.645248
6774.950195 126.006340
70479.179688 28.609348
5772.682617 4.801512
1448.131836 0.409159
2486.600098 7.370687
2721.299316 14.186520
837.332275 10.700477
3739.299561 9.417867
3346.385498 9.059642
9344.628906 37.548443
9888.814453 34.325371
1379.954712 27.729685
823.630981 20.239851
948.172974 29.731737
1376.576172 32.488998
1310.095215 31.252853
5107.049805 23.428915
2333.184570 60.371822
20605.218750 46.008648
304.980469 33.878220
1565.595947 28.609850
102.849548 193.605194
1473.627441 203.208191
2454.226074 196.441376
530.940247 165.827179
5423.876953 224.306717
872.544312 203.411438
2093.929443 186.076477
3105.484375 183.448517
189.070999 542.216248
5990.348145 627.847839
8102.124512 704.493591
4250.145020 748.036621
3573.201416 387.004913
6077.388672 397.060791
1913.787598 421.729919
1593.984375 469.704529
548.827942 347.905579
380.241180 491.220032
5417.967773 706.962891
5022.561523 972.900208
14063.817383 248.943756
7397.203125 216.871185
430.078247 226.985489
1615.941528 267.135956
4641.662109 64.246025
3307.146240 113.918243
621.341797 200.862488
271.419708 318.664124
1010.628662 2.759362
6580.231445 8.252935
3560.306641 23.678877
703.022156 39.866879
320.729614 35.815346
1372.877808 15.381717
9775.327148 1.908756
5780.848145 1.967420
11476.295898 27.945961
3220.408691 46.446606
104.960876 56.654797
1747.133179 52.496651
221.540833 18.036308
199.867294 12.572959
406.653656 10.135124
21.517433 10.315726
11636.641602 62.337852
3835.440186 51.210331
689.220764 38.470509
1871.469849 26.836138
1839.908936 42.089626
892.759827 49.933262
6726.588867 54.620609
9803.402344 52.247467
1148.624390 62.078354
2442.729492 49.512474
2304.158936 39.645660
166.682617 37.170666
1389.622925 44.260166
1855.693237 55.825985
3317.345215 74.670044
18168.578125 98.953316
9258.635742 31.422421
4026.364502 31.813587
3802.937744 34.551079
370.794556 38.188278
1100.558105 6.944274
5680.413086 15.845210
4678.433594 31.277084
1969.264160 49.668591
20237.263672 4.226136
122.157532 5.322637
6076.112793 4.931225
94.671333 4.333428
1886.240479 43.018505
3972.321533 36.826691
2738.272949 27.451920
645.416992 17.596510
5876.422363 35.423294
1409.307617 39.196991
1906.664673 42.952209
1421.043701 44.842197
1037.790283 0.076867
960.678833 0.278325
8114.953125 3.574409
294.149445 14.380506
7550.059082 26.037888
5371.710449 9.395544
1998.675293 2.090813
3700.489746 0.318597
133.676605 41.627369
506.881683 48.343803
1087.195923 54.649498
7409.619629 58.594917
919.960144 13.060417
195.029282 21.212543
1904.344971 28.643503
1564.114136 35.211555
438.467590 80.430840
1329.449097 96.706535
8435.497070 104.600372
13396.916016 101.034492
21509.423828 21.702009
1560.218262 30.171415
154.866745 43.305832
1962.509521 60.981777
1082.561768 17.386932
1068.293945 22.508423
4166.482422 31.891947
10726.409180 50.763805
382.063354 7.327029
538.640869 0.519307
4033.485840 4.333694
1196.033081 11.534615
1110.808716 193.209549
846.504272 204.654999
4692.749512 200.633392
2597.974365 178.397888
12305.950195 173.789658
5190.218262 165.786133
4709.091797 165.547791
5649.223145 176.469849
3807.839844 311.951111
6762.000977 400.116394
14497.410156 481.935974
7970.669922 536.547363
18441.000000 107.148659
3082.070312 132.430756
68.055275 174.010757
2294.632812 233.964691
1640.603760 335.607269
3153.413330 391.097382
574.461304 447.674072
8556.044922 493.205750
29341.894531 87.779015
13942.855469 156.544586
4909.487305 223.457855
2177.719727 281.849670
2355.002441 263.293030
8340.129883 292.423584
5954.406250 334.221985
18510.310547 385.076660
10008.590820 96.544998
42632.855469 151.020401
842.731506 201.414139
928.866943 237.302475
1064.451538 11.030307
355.099152 12.175876
7498.563477 11.500900
571.311829 12.155106
14524.492188 12.317044
918.415710 4.597614
7182.157227 3.962683
927.334290 7.461959
2430.143066 40.840160
2194.240479 37.413746
2292.986328 33.840679
8117.384766 32.857155
20386.607422 31.574024
3988.154297 34.822182
3714.485107 39.127804
471.303650 41.643166
4114.932129 113.838432
1162.771240 152.391022
3712.207031 194.855286
2965.750732 229.868134
6378.526855 24.551693
8108.671387 42.761555
932.062378 61.998314
4208.394531 84.231483
442.903351 92.655388
1106.211304 112.619003
393.857819 142.416702
753.545837 170.473206
9978.118164 62.855946
7428.077148 78.468117
4409.926758 83.843475
1598.694092 85.202538
822.601868 23.983734
40.436756 24.593729
2573.937988 30.166529
2144.674561 40.331806
1775.529785 103.422516
1729.701660 71.713623
1524.071289 46.249165
956.127441 30.427818
241.361755 119.137344
3663.660400 154.466232
2637.750488 200.421158
26252.925781 244.753036
605.895935 84.665482
2802.879395 87.662987
4915.246094 90.864098
1311.190186 99.034462
120.009140 23.998997
3193.192383 13.957700
3667.313477 3.516071
1755.619751 2.715941
22495.300781 5.989250
1732.095703 8.390499
298.672302 18.288357
215.257416 25.723751
4462.376465 41.128880
725.058044 77.919075
4555.102051 124.590652
6236.237305 169.855698
21.591015 3.002793
8120.740723 4.124832
2132.701172 8.158276
2195.396240 18.671669
168.519806 10.835501
1466.352173 8.235301
3144.796387 6.123863
26404.355469 4.772519
686.186523 15.888270
12009.505859 16.279169
1002.979065 15.395118
462.902802 13.420818
2307.270508 89.214920
2021.586914 103.774429
10764.062500 108.345337
2354.030762 94.211685
8868.656250 150.012939
12496.055664 116.392853
1664.454468 89.074722
698.915405 80.237640
1187.632080 105.877045
318.486877 132.722839
1270.984375 174.902100
5168.641602 225.483658
36125.394531 113.906219
2183.094482 101.707497
8329.916992 94.757767
448.690918 94.624969
1725.971069 54.060635
1877.202637 75.614426
212.838409 109.834618
1264.365479 156.943527
27309.929688 141.522919
11308.206055 87.739197
632.846680 56.236679
2029.495239 46.379189
4775.396973 92.602745
130.012497 151.145996
4280.547852 232.313095
1557.565918 318.113464
854.065430 85.511772
241.303421 67.994850
331.089935 58.162903
438.688171 63.146172
499.273071 161.157120
3950.456299 231.278442
2747.650391 315.473328
22676.410156 390.585846
7162.609375 80.481598
6574.894531 85.984985
194.893860 95.022820
322.013611 116.557114
3234.696289 157.104767
284.007202 193.181458
1093.732788 259.847656
2398.215820 344.028076
13640.927734 113.323433
7005.870605 132.097336
5212.716797 142.510620
615.833618 145.903976
8546.499023 26.396503
896.705688 27.453226
18259.697266 39.640194
32388.121094 64.691010
4441.171387 17.138165
1859.074707 23.588303
2399.188232 29.135061
524.212708 29.345009
1291.392944 5.238191
221.673035 1.034217
2509.110352 0.103139
1981.365601 2.310437
30117.802734 12.915533
1687.932739 16.055487
11386.386719 15.253502
331.361969 10.907943
3753.932617 23.584330
879.022217 44.030861
3461.206299 63.597023
2713.890137 74.854546
20845.707031 3.600782
15022.212891 1.925914
2587.211426 2.176571
6555.448730 8.764111
465.381165 4.935648
508.498596 10.252776
1343.463623 23.373547
12087.150391 40.106812
645.848145 12.709511
1104.133179 14.709084
1546.141724 11.910324
1806.817139 6.932940
290.457306 36.634666
171.706833 31.354084
1.858647 24.186655
15009.958008 15.970272
2021.277710 80.858719
2210.382080 64.858864
1318.080322 51.198128
259.486481 42.209526
1314.311279 173.179764
2590.737061 180.727951
10064.273438 192.448761
3019.946289 200.464081
921.912415 211.162354
6262.035156 201.453918
736.452881 186.712051
828.457886 175.274857
38.314514 52.566952
924.083557 76.710480
2510.124023 109.045372
6670.520508 149.019806
16686.972656 22.582024
3730.294434 15.691733
3714.161865 21.408854
178.408875 34.492218
3946.571045 3.916054
1551.855469 7.332078
2844.778809 16.598972
642.023743 33.967014
2551.707275 25.676399
1419.233276 12.420477
1039.069946 5.997572
3468.073730 3.724417
910.214844 22.609806
1499.953735 44.314423
1567.845459 75.454620
810.019897 110.886459
2002.881104 8.110839
6721.996094 4.962036
2431.543213 5.720655
164.686935 10.674342
121.518806 26.778391
2265.106934 30.338751
2926.351562 36.423019
7068.875000 43.571922
18592.857422 18.106171
589.463074 21.831636
1546.054321 24.167603
3248.583740 25.291439
2708.445801 106.470406
928.697571 97.785820
1930.668091 86.404259
7200.979492 72.543030
15281.115234 94.197121
462.078247 106.783577
3287.295654 112.436829
3366.228271 111.811646
5798.119141 146.226654
851.687500 167.882263
1458.484009 249.228317
110.634850 378.281433
3446.526611 399.727356
11705.556641 319.427612
3659.953857 241.390213
2715.378906 177.094818
1150.001953 185.522156
690.548706 114.336243
3624.800049 228.412445
1678.149658 585.124390
1228.788574 1311.532471
19706.664062 912.494629
215.313751 606.335266
4814.247559 364.923462
1602.605103 112.225868
687.866638 64.535881
4239.859863 80.781509
1670.570679 197.368149
17522.955078 900.589417
27606.728516 587.840637
4598.116699 357.774414
3188.188477 206.537781
1109.883911 56.907059
512.714417 52.702385
476.179688 130.645996
55.621078 363.010376
2381.014160 914.879700
1652.379639 480.332855
7570.387695 225.925674
2664.623047 106.250717
2231.434814 229.505646
554.138733 151.514191
1458.674316 114.170410
7319.513184 132.329819
883.766785 1624.736328
1935.625610 1101.369385
71.199936 668.968872
768.539551 384.193054
1196.368042 107.426941
121.886215 66.988121
3138.204102 46.370636
6081.516602 33.407673
19156.328125 381.519897
15062.097656 335.380157
3855.126709 256.975647
18.105383 173.548294
1212.769043 37.284378
1779.522949 63.495087
452.870575 97.385643
9972.066406 129.375305
12495.952148 32.152859
5522.534180 26.171387
62.399651 21.642494
2968.804688 23.676889
1525.012695 58.951550
3911.821289 49.745926
488.788666 135.859711
16327.152344 369.012421
35738.945312 394.784882
478.165131 231.467712
5489.950195 151.349777
364.615356 101.798637
5750.083984 115.440872
47.353935 66.334099
850.960815 23.310556
1598.415649 6.121461
36333.109375 708.222107
16027.598633 475.295166
28214.779297 295.093658
3052.589844 181.850555
3794.836426 4.423899
1515.758545 3.550481
1319.874878 1.828688
11042.400391 5.563268
949.414124 299.908234
2091.549561 162.366440
3526.326416 65.305756
232.884674 17.460115
643.075928 108.166412
942.995239 169.569336
2459.065918 270.093689
381.015564 392.848297
10503.616211 28.463396
2813.922852 46.983135
262.875488 64.369881
1107.524536 79.564041
879.604858 77.586166
1272.321899 19.758816
1009.687500 19.664177
13970.753906 152.183411
13743.156250 702.654358
1633.664185 407.590576
1544.920044 238.694962
2582.496094 146.813675
859.297485 119.007942
1481.581055 197.006790
4067.834229 338.550049
4654.265625 545.471313
14654.160156 264.419037
1764.795288 152.315674
10165.425781 99.177422
794.133057 89.711548
1098.012085 89.736023
3460.515137 71.958511
1068.178467 169.208740
7831.051758 490.052856
11242.920898 1075.749512
7394.828125 561.595276
2167.762451 280.883789
664.404053 152.979340
2397.838379 371.980408
6593.018555 250.407623
2117.253418 141.805054
2671.377930 71.558205
27153.082031 1775.836060
12361.919922 1262.447144
3327.523193 833.413086
928.874451 545.198792
8761.979492 58.710503
4948.553223 34.813850
1731.440308 26.984619
18990.484375 31.638548
21780.197266 382.883911
1015.100037 282.098053
2131.731934 183.459854
43.913399 106.762184
1817.396484 8.989025
959.185669 1.335073
4423.679199 27.707184
5604.053223 105.060547
15238.707031 372.192963
2820.648682 215.352036
12138.625000 106.863182
1023.745178 42.272812
20.132128 30.562473
398.601593 30.450865
89.832558 51.326599
411.300995 100.084770
20595.224609 410.085327
8552.399414 246.669006
6707.464844 126.473618
3229.241943 57.724552
1884.247070 37.187176
305.193970 18.116810
1122.682617 41.749836
4650.841797 111.256142
524.604980 435.033203
10056.065430 301.642426
674.367065 184.309006
1616.919189 94.127930
882.876099 32.215580
3402.090820 33.402245
977.583618 42.252445
15250.446289 59.800751
8727.437500 103.081902
10523.421875 73.802490
1525.092773 51.853706
3127.174805 38.195137
101.908028 36.263519
3794.176270 58.335987
7165.494141 77.840454
4115.272461 85.535660
16728.925781 34.049618
5738.147461 24.853117
6116.415527 18.154715
341.033539 21.246029
1773.482788 98.243690
3999.405518 127.662056
647.499146 181.540344
4.775262 244.840118
29217.628906 210.599457
2334.941895 168.302170
11040.165039 126.891403
152.149475 99.507652
1118.620972 106.304840
3692.506836 65.677513
5931.505371 32.426186
618.939331 30.512123
2839.581299 295.792633
3859.063965 222.936401
1576.495728 175.388489
3302.551514 141.488525
6817.644043 112.503967
1437.181885 122.434090
5651.601074 139.454803
80.735039 148.750702
5114.873535 182.494171
17255.296875 168.915390
2461.015137 142.555847
1400.890625 119.652809
3206.257324 80.949852
2227.270020 105.255371
227.224686 156.353836
7494.038086 243.535034
11101.314453 63.778637
14677.096680 46.211891
5782.255859 53.266644
8867.842773 66.799850
1219.188721 135.244278
56.423717 104.097809
8179.527344 88.613716
3478.011475 92.287193
9047.195312 641.417419
13903.892578 458.024780
4935.053223 301.775024
2260.946777 195.317627
2426.234863 23.914375
1748.946533 17.323206
8287.550781 16.289732
7166.154297 21.141720
24774.396484 108.840637
2272.304932 81.558731
3102.135498 56.291782
850.082825 36.715988
791.559570 40.610931
999.331360 71.634766
1440.348145 115.992012
6536.937500 160.466217
9982.804688 135.129181
9420.335938 89.764572
711.251953 51.682182
5332.900879 33.143085
631.677673 31.182655
5178.927246 19.350271
2379.186768 54.309116
4468.232910 144.590927
4951.832031 270.743225
4764.647461 192.273590
506.554779 127.397675
2671.826172 72.138412
1150.857178 57.128704
3363.095459 35.386253
154.219498 35.662914
4481.640137 80.902313
11362.474609 375.246918
3307.037598 236.616959
5012.821289 144.815933
340.995483 90.833954
1284.447632 136.164001
3685.202393 105.745766
6541.615723 67.846199
631.296814 25.913988
18008.365234 539.012146
1303.215698 386.702789
3508.713623 259.411346
697.511475 178.838013
2418.830811 82.774506
758.679382 143.027725
428.575500 248.198746
8093.126953 404.934509
8042.810547 23.015039
11708.422852 0.485855
8078.322754 16.409845
1881.015625 45.704639
2936.865723 140.189209
4471.153320 66.450401
747.673584 16.163734
5838.848633 43.689293
6632.015625 859.632935
15562.243164 553.227051
279.780304 346.211029
3573.507812 223.396942
355.419250 16.091389
1524.235107 8.552860
1125.537720 15.837767
2654.871582 45.338043
3355.690186 290.152130
8030.656250 176.014389
205.532669 91.356018
973.526245 40.564507
2116.040283 30.224203
1302.616699 36.378403
1924.360352 53.675869
1841.626709 88.280701
10640.713867 193.007233
110.140182 112.581795
6215.079102 60.458954
52.472801 35.776482
217.100464 17.910479
1121.625977 34.059788
9045.665039 95.877762
9281.359375 233.088043
15977.633789 215.941238
237.542236 92.253860
2364.950195 37.219009
1908.110107 20.080439
3323.395996 49.056396
2088.979736 11.071849
2839.797852 3.323586
3161.505127 57.167385
25061.023438 618.661133
28807.207031 379.508789
7083.041992 211.379471
805.089050 109.693169
1947.919189 25.674109
878.757385 23.935715
2755.868164 38.524899
2016.184692 81.096085
2997.436523 257.050476
7513.009277 149.494370
224.131943 78.548904
2821.601074 41.139359
269.545227 6.868223
4691.417480 1.042922
4393.535645 2.242760
14714.571289 25.040112
12032.818359 171.376556
1442.266846 87.299728
4156.841797 37.930950
1780.814941 16.031130
155.919220 10.149899
320.601501 9.117989
366.430084 16.649076
2884.976807 37.905880
20142.371094 147.148926
10558.433594 85.568077
4134.741211 43.051682
2068.750977 19.763161
2410.063477 21.485317
686.297546 8.510050
1767.648071 0.232601
1205.993408 8.339308
8143.159180 222.114502
1978.114014 133.100266
4790.937988 72.556892
213.469238 39.275345
2463.568115 56.078327
1550.888184 91.099457
829.395691 146.520813
2693.711182 214.847565
5219.035156 8.177998
4752.449707 15.372337
600.566956 25.999928
1486.021240 37.500278
2067.436035 46.504128
8630.759766 22.805105
17601.554688 3.446313
18719.361328 5.458282
2216.592773 175.579025
1343.188110 120.279701
1447.311157 86.864395
450.253967 66.336960
316.051819 8.722967
2144.538574 1.867334
3939.610840 1.197660
14881.767578 9.479598
46145.218750 127.141624
11272.238281 82.151756
12417.738281 46.347332
136.264160 22.515617
5006.665527 27.829147
3825.697266 70.673340
2250.695557 157.689758
651.568115 290.934387
54422.796875 385.179626
6829.960938 206.874771
8495.633789 87.831390
8704.316406 30.869373
5385.576172 61.056179
776.918945 17.863417
5620.501465 7.176389
3325.529053 42.046497
10342.972656 576.165283
19198.498047 396.060211
3459.042480 245.018433
5000.022461 134.610077
1343.226196 30.957777
2637.211914 25.979683
269.905365 27.876696
2382.437744 38.594944
9608.770508 111.627998
5774.413086 82.702744
6686.708008 58.988297
157.347931 41.859947
724.329956 1.684075
945.222595 4.335369
359.745422 9.604681
21072.140625 18.077644
17894.794922 6.475845
22426.515625 2.168717
226.132721 0.593960
2802.326904 0.603477
1184.207764 12.024529
800.736694 30.555840
2863.713867 66.174103
565.238342 120.026848
23935.718750 74.595581
1232.102661 35.816437
2948.890869 14.443060
1081.318237 7.159244
689.237488 7.006075
309.416931 17.477411
8126.818848 69.669273
2771.237305 163.926758
116.629547 353.277924
5992.791504 215.084869
3229.410889 106.914474
2320.331055 36.943825
393.851471 131.589935
1907.327759 116.894737
6196.582031 102.089569
3345.004150 89.463814
3876.665039 267.919678
1654.656250 220.604065
3127.856201 179.323380
1087.483398 150.326797
112.789291 89.114548
2342.196289 63.250080
1036.031250 37.342087
865.946899 21.728813
3523.340332 251.673721
5825.421387 192.149063
9831.459961 146.165787
1061.384521 114.330421
967.774292 111.492455
8347.951172 185.753769
6929.599609 278.880188
2321.850098 373.842133
798.984741 6.961987
11368.083008 11.557668
4837.373047 29.484585
4108.384766 60.865490
256.052765 195.096222
814.236450 161.025162
1649.333252 174.101868
281.449127 273.828827
1144.986694 683.966309
3024.051758 472.457886
1731.205566 335.146912
1658.633301 251.444183
1127.678101 135.126251
2019.022705 130.841156
5456.474609 192.106491
16069.759766 311.818146
742.692078 878.496643
9255.705078 608.721069
3279.394775 376.590607
3046.516846 215.222092
3354.202148 226.510895
4449.298340 219.193451
2625.416260 251.423737
2836.900879 288.783600
15100.484375 513.962158
8768.922852 473.190430
8614.525391 383.159912
570.809692 287.088440
29.132452 107.429703
1673.468506 131.298691
131.638962 322.332092
1664.022461 708.816345
97.578461 737.553467
10636.597656 489.030487
4833.219727 315.473969
785.909668 185.936813
2816.718506 90.419121
919.944763 26.262791
1006.603088 103.908333
6581.760742 384.856903
4537.837402 1408.519775
8223.302734 887.900574
616.907715 507.240356
5737.691406 251.168991
157.598236 198.834473
177.097778 130.473419
3130.144531 78.950943
253.805328 47.486607
12420.375977 1197.046143
4923.197266 840.520813
2206.205322 530.419922
319.947540 318.577942
2596.809082 96.764900
6632.661621 117.476334
1238.070312 186.660782
3848.378418 257.126221
3413.473633 396.985504
18891.638672 346.264160
536.169861 245.105927
4905.629395 145.570679
8.130159 33.020760
1605.373291 53.751564
3099.458984 152.416870
1045.847900 331.045746
2065.625000 175.498154
9931.747070 132.617798
1147.039062 97.833969
3392.824219 59.392124
483.092102 41.139332
1152.883545 35.376617
9361.641602 133.260956
10840.765625 396.456512
3434.287354 750.785339
23848.750000 410.894196
2962.242920 209.249680
157.217743 99.984261
1346.536987 455.099335
1160.128784 416.324341
6581.419922 345.310303
7526.160645 218.707047
17394.210938 1274.420166
14683.158203 978.380859
3196.023926 705.382263
6772.072266 531.147583
3698.488037 236.183792
4661.235352 274.886688
6699.005859 389.018738
15665.574219 584.833313
31952.570312 43.556732
2368.165527 119.052521
16365.689453 191.107910
1668.974609 225.124039
1644.355713 159.425034
2751.961182 63.059311
7427.145020 13.055809
9275.237305 88.227470
42207.984375 1119.783447
13690.798828 707.285156
5650.136719 434.732147
2893.668213 272.417969
627.979614 200.457855
2730.353516 201.751999
2383.833008 198.508240
8165.499512 162.843689
4774.236816 537.733093
17195.796875 431.273438
2195.336914 313.785645
3413.571289 231.532898
3313.633301 25.572523
1340.232178 29.081541
4811.358887 59.578194
1259.465942 129.274002
28439.111328 5.829081
8903.641602 6.757273
1849.072144 20.293980
2882.526123 27.524067
2049.143799 159.952927
2809.356689 195.422913
1194.456909 235.169800
13475.208984 282.043854
7037.352051 751.526550
2469.521484 455.732117
4184.563965 252.051758
1012.714417 162.592651
15.542879 71.565048
1869.979736 37.631920
2169.020996 32.133343
2175.650879 57.139801
14990.023438 515.542114
8506.240234 371.459412
1792.449341 239.156036
526.488403 137.540680
935.880371 9.516296
413.588562 8.488254
506.838837 38.944309
2483.914551 113.696503
8061.882324 378.777924
6296.912109 217.410034
6040.082031 104.078026
1229.526855 38.587097
244.750381 18.483715
605.240845 14.001933
2328.387451 12.001814
1415.217285 11.398617
6.229163 34.367100
4496.753906 35.284523
991.798706 31.507877
3311.076172 25.001366
0.039354 23.042170
4100.277344 78.666733
1343.991577 177.745255
7450.737793 312.464111
3913.794189 63.274448
4630.626465 24.084572
138.720566 5.446686
145.730957 2.927984
2945.465820 67.442657
1997.007324 28.788956
5855.168945 66.810760
358.765533 226.323059
481.946472 609.525085
3762.285156 388.051788
3789.497559 241.583099
3531.369385 141.813995
418.290833 213.868134
2200.967285 182.380035
904.703064 211.088348
2875.608887 329.742554
107.669113 1144.763550
3733.397949 761.522888
1917.446289 478.313293
1511.202637 304.130554
491.407166 123.213539
1310.010376 52.410313
5656.638184 17.191027
3076.076416 20.108387
5876.153320 973.866882
1641.109619 695.471008
8748.849609 438.998444
633.837646 246.303787
4752.762695 162.522491
8243.779297 261.541077
8078.640137 408.472229
1011.901550 584.451904
6265.311035 1.387494
7476.114746 23.731756
225.851089 60.493706
391.900391 102.571754
427.743011 152.781494
920.180969 98.897758
1041.328369 145.871765
1031.298340 351.623108
3466.538086 1027.584106
10529.249023 670.938354
2231.498047 425.196259
4873.360840 262.698730
395.363586 41.471886
3846.464844 4.184819
2804.490967 12.713120
5078.558594 91.255600
3089.063721 665.627563
3948.796631 422.068298
3489.373291 238.035721
1340.184937 116.050140
444.685364 71.339272
3769.949219 51.972214
38.789463 48.815090
845.333191 80.965553
2675.667236 472.086243
11523.227539 297.893890
4810.870605 176.212051
2191.002930 106.948753
813.333374 10.986242
1100.089722 49.586956
5293.146973 138.863739
430.656555 297.809143
5871.065918 166.471466
2018.494263 57.271034
9145.822266 10.282589
1433.794922 0.075733
3053.913574 52.859097
7407.873047 6.091102
3628.770020 20.091871
3026.899658 155.752472
279.658966 823.370605
12792.026367 477.255524
7042.860840 255.909454
6204.338867 130.007996
392.251068 266.865448
1240.760742 271.529663
21481.828125 271.500671
21646.519531 236.871429
22597.560547 917.638855
6598.066895 674.806763
681.673706 452.117920
806.391052 313.386322
2400.629395 119.384041
2350.840088 91.861504
2023.173828 110.045975
1250.035522 158.360382
52190.156250 237.950653
50944.882812 265.575409
9331.040039 240.814957
4735.753418 180.247543
838.789917 3.551777
2757.756104 16.607859
378.628662 88.967194
1232.686157 253.525635
4571.905762 287.267365
2840.846680 132.382904
11.109637 53.191612
90.693268 17.837723
1060.223999 88.473701
4042.486328 42.474735
1936.545532 31.833408
5049.232422 109.915268
2568.997559 794.096069
18939.578125 472.796967
295.628479 266.003326
775.893982 153.451797
176.890961 38.971699
2180.898926 20.364063
340.716431 3.912152
670.724915 11.619595
1821.895752 468.693237
3426.897705 268.682220
6189.179199 134.519455
2291.458496 67.131004
1130.265747 68.759941
3096.022705 89.427414
1983.632935 116.806900
9093.544922 128.189255
9934.377930 624.928833
3181.266602 401.442017
1481.701294 209.818130
4593.466797 97.771248
313.037537 15.153269
841.520752 14.219699
504.345337 20.763607
2499.091309 28.766371
45.154297 144.275879
7491.694336 102.910950
3939.215088 61.040443
3030.948486 30.061203
275.789520 28.139484
755.910645 40.445618
942.286560 56.798283
6933.300781 65.702530
3582.508789 90.283340
971.554932 70.696274
5600.060547 46.182510
569.071411 29.479471
1030.995483 164.953903
2915.952393 241.803131
4259.686523 463.673157
520.581604 905.902771
2611.364258 657.469116
3286.986328 326.785553
3983.916016 188.040436
2567.009766 153.240051
248.065216 315.249023
489.312988 145.604660
4880.777832 110.483330
10361.783203 283.913391
4552.242676 2660.399414
22116.914062 1781.606567
68.960007 1086.514160
54.229889 612.262085
3946.976074 183.968079
1152.458252 183.106857
4273.459961 208.849625
5978.987305 252.543823
19433.126953 493.783936
12021.584961 388.891327
6161.836914 290.891815
805.429016 219.438812
602.163025 98.208649
1472.976807 102.378098
7107.503906 79.880890
2516.021973 41.034504
1794.849854 171.278290
12605.677734 104.054604
800.989319 74.426323
3154.309570 80.011627
80.491035 201.516510
2024.425781 262.301361
9258.530273 368.885284
5768.329102 512.593750
14928.615234 95.923981
4158.510254 117.203392
9456.450195 146.067505
60.131821 170.570374
5700.347168 276.134399
2272.513184 218.974533
6447.292480 260.442383
8388.727539 472.621765
17292.787109 1457.388916
3446.075439 947.881958
4971.522461 602.923340
11520.857422 396.633148
3888.561768 158.474854
9535.078125 106.142418
1691.769043 122.171341
31305.371094 173.437546
642.202271 1010.414062
764.099060 786.384155
11099.960938 526.767334
397.100525 301.772003
774.609375 79.422394
1775.913818 44.981590
10440.244141 18.910269
8102.644043 3.677822
15984.359375 213.335144
47165.378906 192.298996
3012.299316 158.611603
5014.402344 118.901154
1546.753418 0.221468
553.492554 3.298484
1472.616211 13.725958
7985.902344 34.830246
27658.726562 17.481529
13424.614258 5.690889
6542.328613 1.341937
1444.519531 0.182905
3805.593994 12.126023
694.352844 32.044044
122.526321 119.394081
2296.319580 313.085358
24852.548828 373.358551
810.333313 172.811935
1284.697876 68.923546
989.281128 25.301931
5846.354004 96.307327
171.496979 27.014149
4035.884033 2.565670
48.617722 79.162361
12155.032227 998.160461
799.075439 617.154053
7067.414062 353.543243
3107.501465 194.981567
1415.887207 62.633976
468.354065 115.179390
1231.697021 223.026840
5059.139160 395.604828
11273.511719 220.607666
1038.033325 113.263596
658.414917 61.573914
1143.887817 47.560982
4781.425293 52.255623
692.730042 55.810841
1118.644165 116.368317
8809.177734 291.272736
7198.752441 652.694153
926.579651 330.884003
2501.795410 152.156754
703.912781 77.157890
511.135925 188.129089
2404.923096 138.002518
202.795990 103.733765
582.947205 88.494141
15834.750977 1192.983765
246.251297 813.946350
4709.126465 496.909027
1225.613037 292.183350
1329.687744 271.565247
2632.393311 333.374664
9709.457031 456.866974
8940.326172 611.706848
14179.298828 121.555374
5122.218750 203.881897
7045.595703 247.461365
4886.859863 257.193970
764.944214 71.493591
316.213379 70.845596
631.996704 223.820999
5190.938477 591.952209
15033.199219 836.254272
19.473614 495.418793
6070.688477 285.301025
3204.052490 153.067902
1396.230713 255.800858
1466.575439 163.449524
486.527710 97.563805
3364.342773 81.659882
306.198395 1231.498047
403.950562 883.558228
12834.293945 592.085999
808.337891 387.969696
1822.700073 135.734619
2462.623535 100.682060
1290.029175 81.606316
3891.899414 63.223282
11325.390625 473.708069
10663.457031 396.935028
870.659607 294.673767
4461.606934 200.680939
1283.043701 33.057835
1108.786621 44.745216
8240.640625 63.323856
8851.238281 86.465439
4954.663574 4.694278
624.892761 12.237627
4704.694824 19.936428
851.969604 26.118475
3155.135986 72.435120
948.387817 80.364822
2306.564209 105.679428
2352.089600 154.963654
12959.618164 273.098999
9523.827148 177.237762
12849.131836 113.556618
2897.394043 81.311699
610.748047 68.162437
1452.523682 30.531517
63.932060 6.828359
6946.233398 10.899003
20894.537109 348.053467
389.470306 252.386627
3757.591797 174.015427
226.281525 114.633751
3917.924561 6.148385
1877.946655 22.026619
579.418701 56.559608
2350.699219 120.621857
19062.216797 118.500969
29832.910156 46.571571
3711.773193 11.164451
3141.082764 1.538131
2457.176758 31.103163
2766.615234 7.828837
560.305115 10.925750
9412.961914 66.574768
4669.981934 365.219238
2949.621582 218.640320
3460.097900 123.368927
284.021240 67.256882
1028.428955 64.091194
4946.057617 61.209820
6578.917969 58.268501
1467.825073 48.160480
20474.035156 170.819946
4427.676270 138.673721
1672.247314 102.875793
5831.941895 76.430595
312.832977 36.361259
696.702637 42.966621
236.483276 57.568855
1308.773682 89.834450
7503.696289 27.318010
536.872864 13.656652
216.788986 18.272366
147.227097 28.572903
108.459984 32.156937
682.190552 31.981022
1878.498413 58.344978
13886.603516 101.202217
402.868805 341.333679
4385.754395 238.145386
3183.206543 139.962128
3093.999268 67.764397
1892.162598 113.296890
568.282227 152.496277
529.585571 206.277344
11235.826172 259.798523
32338.500000 36.980633
4130.070801 60.340122
1374.961426 76.953239
25.600147 90.944809
749.228699 15.954056
2429.060547 0.468526
2083.178955 20.083471
3380.760498 93.492119
13327.152344 324.752380
7805.777344 197.607849
31.386688 109.610924
2269.912842 52.479023
544.189514 62.623489
6920.478516 79.275963
1166.305786 97.597626
16042.207031 106.825829
4099.626953 64.565056
11892.931641 64.027946
810.971619 57.999783
6652.975586 55.371670
565.927734 11.802547
127.532379 8.495989
2199.623291 34.998837
7508.304199 94.266441
96905.929688 152.414597
6253.313477 107.068069
12308.936523 68.297592
2044.301758 35.015404
5420.676758 2.016009
1095.248047 4.945356
346.110291 38.105659
3577.944580 110.842911
17597.406250 113.756027
230.185486 64.602402
9665.209961 34.937450
323.656403 14.882991
153.888321 23.732964
1251.205566 9.646206
7459.583984 4.840173
5094.523926 23.152803
6243.912109 223.200882
9279.779297 135.065720
1008.346008 76.527786
899.722107 43.392632
1130.515381 25.650661
6627.323730 15.463963
6613.789551 7.894710
948.571716 5.420870
15912.703125 253.189621
66.427704 162.833374
4337.128906 90.807526
1067.700439 46.751797
3300.593018 26.529396
1064.941162 82.422058
467.807037 161.385284
29146.800781 241.632202
3746.629395 200.291992
5037.079590 113.349884
8121.337402 43.683243
626.410461 11.663775
1459.881592 137.578491
2862.269287 94.651443
13374.870117 59.214127
7420.912109 37.332661
15851.825195 247.320007
8724.156250 239.549133
2795.033203 216.332031
3566.276611 180.532150
2922.763916 27.590879
195.527786 6.019125
619.131165 1.263562
4166.826660 29.086277
11519.122070 269.306549
13118.831055 171.943695
13021.961914 103.203621
6715.148438 58.513351
146.350433 10.934741
1800.160522 4.954201
85.182472 17.995979
3302.446533 78.132889
12606.403320 277.890625
6170.831543 135.163132
2291.210693 56.558216
7579.551270 23.984451
493.686249 18.907808
585.273438 12.263652
1753.467529 7.491790
4842.081543 7.685431
10078.807617 183.848160
1339.650879 115.526772
2992.296387 63.325085
6350.374512 32.823498
364.738251 29.286263
4075.879395 92.784683
487.181122 215.511108
6193.768555 411.984039
5220.695801 183.300140
1292.366089 60.401749
2042.251953 8.965549
37.464981 3.619850
1614.784424 46.753929
1700.843140 21.216208
648.821899 33.669971
10283.519531 117.608238
1873.909180 601.761841
21525.472656 356.877472
6549.490234 192.562866
3091.540283 98.444359
8091.973633 9.895328
8673.297852 9.281185
14528.641602 12.512730
2935.922363 25.529245
12758.720703 115.897873
18807.199219 63.446091
769.246460 30.182272
1597.835449 14.739261
1250.305664 7.601603
2046.316406 20.428677
151.132416 50.064072
13099.724609 92.216354
2745.761475 2.752994
12263.623047 7.558887
3217.439453 9.076824
2037.625977 6.855442
4928.552734 1.131305
821.239807 3.172563
2256.593262 24.164837
1855.913330 75.323677
44376.210938 52.544975
15299.770508 21.203821
7810.775391 9.555409
368.473755 4.961671
5896.875977 23.875399
242.892059 66.865974
7360.934570 156.128799
8419.718750 296.313477
3132.233887 81.220116
6832.713867 29.945942
10354.139648 11.275918
3646.811279 9.813282
108.730110 24.431965
5092.650391 54.623817
1580.039307 185.352936
2553.105469 466.212616
10998.338867 486.940430
982.342102 233.582596
3770.666748 102.528130
604.825012 44.233273
1970.271606 139.830597
1039.859131 74.524368
3378.740967 39.957962
6835.291016 83.043449
12929.710938 914.188232
12276.692383 590.882935
3135.679199 364.045746
4076.195557 226.560471
2361.818359 5.267555
327.262573 0.299686
2789.108643 3.688325
177.912262 30.850004
17976.751953 329.312897
1256.920654 174.595459
5206.106445 72.501190
2696.779053 22.640495
2382.685791 132.214859
2018.687988 134.628906
5156.790527 141.185272
1721.578979 131.846527
2102.573975 597.599487
9340.633789 427.016052
350.111969 269.864136
2509.124268 169.108109
795.160461 87.233376
2769.267334 88.488930
1283.906982 127.142189
6447.817383 192.253494
12081.943359 115.255371
5609.502930 139.964279
5000.167480 136.995819
142.488739 111.856918
1954.312378 32.044701
1607.457397 24.018126
1997.479126 23.768288
3910.002930 41.124634
11028.166016 128.981735
4063.879150 84.364990
5694.601562 57.406780
1595.623535 42.419773
2160.557617 44.406929
136.128937 45.097839
985.548706 53.286026
246.451172 89.241798
17883.767578 240.104950
8657.848633 127.000557
4599.803223 66.644066
181.649734 46.707207
1119.569336 168.941666
6271.729980 193.641205
8919.539062 277.347534
58.773766 402.955200
5708.516113 928.508423
1214.714355 633.246643
3110.852051 385.601685
1563.846313 227.636902
1928.021362 190.598740
1836.692505 191.457779
481.194824 195.143005
8396.639648 197.721985
26934.332031 211.900497
10096.362305 209.512634
168.439804 202.260880
114.103683 194.620636
998.770447 89.490326
2125.050781 71.710388
3915.923828 88.999100
3568.972900 161.341827
9922.133789 444.886688
6188.100586 297.908081
387.403809 195.205688
1752.934204 129.797714
1019.932068 138.662949
88.007248 139.072968
4536.735840 129.381256
1790.093994 110.184753
11862.612305 70.499725
5506.458496 93.002563
1570.917847 113.366615
3923.366699 129.370239
524.298462 66.444794
3749.064453 43.067741
3143.114746 18.213015
23328.281250 2.067233
783.135742 94.609436
6265.417969 90.168587
668.638550 87.823875
5270.998535 81.529541
2112.075928 28.170061
3722.701660 23.711441
56.684727 38.193153
6223.562012 78.636719
36972.242188 122.187355
19621.248047 85.767517
11104.221680 60.948082
147.265976 42.281258
349.652130 43.208778
756.025085 49.954506
137.442688 67.212624
1954.235352 92.174965
5979.352539 57.709286
2674.318359 54.649448
10071.465820 50.077652
301.981720 44.870735
695.269348 17.937542
184.359756 8.629477
3911.536865 3.333706
2637.797363 1.513344
2085.073242 100.568817
9439.899414 77.621056
2930.291992 53.312321
1067.017944 32.686535
758.541687 22.913671
1145.640625 30.537712
6188.678711 44.147350
3420.672363 63.345352
2672.253906 28.905399
8947.658203 22.288328
2469.410400 19.684521
6751.646484 19.815681
429.427673 18.110323
2947.937988 4.218553
2323.602539 6.015953
32490.119141 32.593834
13657.039062 132.506699
119.796196 92.089935
3635.226074 62.432976
1345.947998 38.685848
1184.102051 47.827953
2032.742798 72.737221
8030.784180 109.428879
20039.332031 147.907181
23358.015625 15.038293
7303.438965 25.373264
7504.772461 31.191568
1376.391968 36.017204
433.612335 98.665924
1603.921387 106.780060
2081.414551 142.904831
1792.719971 212.080612
49784.054688 194.909363
8187.174805 152.523071
476.837524 125.570068
2301.006348 107.613678
878.253174 172.094254
948.264587 207.076248
6654.348633 243.511032
6028.378906 255.496094
15799.053711 179.830154
16979.910156 181.119415
404.803772 166.284988
373.806488 157.940796
2945.886963 75.034134
10235.347656 62.537083
5362.948730 70.923813
3600.959961 118.036842
25341.855469 178.559967
795.034241 130.605087
2005.464233 106.696426
4108.917969 91.354523
166.867050 6.434168
5055.122070 5.018145
10467.882812 19.895081
2214.696533 61.200321
10639.517578 305.465912
3725.104736 170.599609
1093.213135 76.886024
2235.411621 26.191936
1873.818970 109.328636
2406.263428 104.236946
13167.678711 97.819946
6189.247070 83.210129
16816.845703 233.789124
26771.277344 195.190689
10191.015625 153.810760
840.278625 123.793381
143.604446 7.330628
905.032898 5.762779
1948.700684 33.406219
3351.800293 108.777733
20758.349609 124.939514
1605.222900 63.026619
3319.386475 33.695541
970.273804 18.686455
858.834473 25.403358
813.009705 42.554035
5058.361328 66.448814
13981.995117 93.610588
7380.760742 28.588409
673.292847 18.431484
5464.297363 14.103806
1546.799927 16.103575
1212.570801 2.513133
2676.823730 10.822021
1009.195496 28.596531
3923.395264 55.060986
19408.044922 2.553241
14010.641602 0.347724
1356.313354 0.264780
5478.067383 0.386700
1437.121948 35.806492
1090.150391 42.488762
4616.298340 36.879951
2915.897949 21.888962
2532.003906 90.522408
2200.498047 48.308975
252.723572 26.214504
3020.464844 25.547638
208.887024 46.959110
206.304810 63.926968
1845.024780 103.169075
268.981689 151.272614
1658.883057 47.260345
27589.007812 62.847065
338.837524 61.457943
2051.682129 50.743080
2799.188721 41.646603
554.645142 24.281973
965.183960 10.011877
1518.672607 25.701370
89.028374 219.043945
11771.462891 120.034119
4266.782227 70.239273
4460.469238 52.547615
650.984985 38.085636
1529.366699 40.085442
769.409546 44.983540
2254.979492 51.607445
1796.697021 189.508713
2735.552246 125.226379
426.453857 74.951828
1733.175781 46.765755
1957.016602 1.159829
4315.224121 3.273322
5347.902344 27.744003
22216.619141 97.904472
13311.010742 147.209259
2167.521973 57.698887
724.152283 17.231634
4945.010742 4.910266
250.275330 2.106782
3533.913086 35.439743
8214.328125 150.178696
8149.830566 387.668274
39933.015625 348.276672
13902.768555 144.214920
11660.328125 45.482994
2522.568115 8.299456
3724.378174 100.484985
3113.368652 29.675282
827.640869 0.948886
3127.959473 86.599548
6446.855469 1096.031860
257.613068 649.235352
9225.372070 356.746552
620.135559 195.173615
1582.660034 44.102577
6742.263672 41.960327
5022.586914 72.479942
6164.072266 156.771317
14371.488281 502.053253
124.464050 291.069458
509.676147 150.108765
238.912033 74.875046
1392.277832 18.731430
748.457581 17.852268
5977.659180 66.387772
4204.399414 212.224762
7054.965820 775.065796
1448.213257 400.872742
7959.906738 168.386902
356.121674 57.726452
1949.416382 159.799240
854.415222 136.689636
5355.468750 117.106087
116.034302 89.966751
10106.305664 934.019531
483.449829 641.979675
7131.016602 389.884979
208.691376 230.177811
1245.076294 66.510445
1285.285278 33.314835
2327.152832 32.367466
3029.438477 55.382179
2403.272461 263.569946
10381.652344 244.131180
2708.752441 192.848328
5822.891602 125.959038
310.633148 69.787537
2403.663086 94.119553
4389.208984 135.066315
4964.208008 196.982697
1474.682373 94.201599
30180.015625 60.581642
589.030396 50.819214
1544.000854 55.811825
725.457031 34.593311
1420.931152 19.569977
2167.109131 13.045870
2314.664551 8.154472
4490.057617 218.661606
26957.804688 170.179688
1575.130005 113.657539
2702.056152 65.559868
1152.732422 11.216780
666.643372 17.970943
1147.906616 32.280392
4033.798584 56.415543
2566.998047 10.706389
206.968735 4.526474
2235.234863 5.049966
2008.242188 7.748259
526.826660 15.978853
10.846413 69.732330
4036.597900 174.335129
5909.695801 331.235596
1160.676270 155.888474
5438.421875 65.101913
7182.460938 16.903946
980.200562 1.259046
982.506409 102.077530
498.610107 53.326622
1263.514648 14.537189
1692.772705 1.612454
3206.551270 438.589111
27415.519531 324.602234
6013.974609 229.624115
3457.766113 158.116150
882.008423 50.963905
20.794687 83.225746
253.930801 139.210510
9052.308594 206.503815
7806.124512 41.549545
1730.458618 44.532890
5367.815918 43.061035
350.335510 41.249340
1410.362061 71.081688
32.614536 71.985291
401.142639 76.099617
204.162109 87.322281
7620.882812 54.810123
11340.734375 56.616287
7027.075684 63.098648
1010.078613 68.746300
884.110352 16.704561
2152.925293 8.215302
127.605774 63.100994
3897.565674 195.350098
7742.891602 440.487061
2886.186523 279.419281
1172.974854 157.102127
12.333832 69.812897
1336.018921 2.697370
265.067932 20.122238
952.748779 107.800110
11528.395508 280.636108
7603.197754 380.121277
6737.196289 214.362549
298.095581 102.689880
855.707153 33.851074
3164.028564 136.978851
330.457153 90.643272
1646.652466 93.493362
5764.932129 182.800812
15279.773438 795.173767
421.966522 527.780762
3836.838379 337.428680
2351.553711 215.391205
1599.666870 77.506821
2319.531738 24.517244
4422.941895 0.600364
14685.064453 25.065037
3311.998291 826.260193
15134.180664 543.418152
5084.053711 317.459869
5048.729492 167.117828
2328.798828 6.478799
2565.794434 22.249668
5629.383301 69.872757
1832.464844 166.538284
26838.183594 316.811035
4737.174805 156.693054
5657.172852 59.511078
4979.283203 15.619875
162.677902 57.835068
465.221100 34.892761
4552.443359 30.236547
14529.954102 64.047760
2128.786377 602.829041
16381.775391 369.325439
1079.651367 201.289154
3654.981689 104.829773
87.238411 122.665756
920.690613 123.437340
3116.463135 134.364532
942.856323 145.303009
14722.093750 116.858765
2338.760010 140.170029
11907.742188 142.617279
5399.681641 132.308670
1203.126587 30.271338
1059.448242 22.577520
1627.967285 52.779491
20080.531250 143.284912
11631.021484 211.278122
11904.208984 127.105850
317.970886 80.773285
1430.913208 52.328503
1002.597839 147.134979
2338.872314 220.825562
609.207092 309.884033
6967.451172 391.201111
54294.281250 31.528809
408.297363 49.081867
6341.749023 69.122757
5373.308594 98.151344
4417.919434 149.285980
2073.520020 141.606277
6576.698242 203.619843
9302.870117 368.250153
3971.724609 528.796570
3391.302246 359.966156
9302.108398 256.425110
1352.109985 191.572235
1809.993652 175.446152
112.009819 150.730072
2450.819824 159.029877
2179.083740 194.677704
23746.828125 763.092651
28158.783203 561.739319
14971.062500 379.324463
6522.447266 248.023438
482.522522 165.192612
2948.993652 132.305954
11683.429688 129.824356
4050.043457 149.496063
3542.603027 449.686188
3236.467773 390.925476
737.057251 310.149597
1541.401978 228.285568
1018.818848 15.988955
2616.549072 60.497814
2961.303223 157.804688
7976.307617 298.349335
15255.755859 150.512787
7288.096191 90.113777
4880.106445 44.744789
1763.330200 16.059046
945.400574 48.591911
858.174011 12.208286
3042.512695 5.305673
3647.507080 59.434826
7743.750000 422.535828
1604.682861 265.799194
1431.638550 162.060547
3004.877686 96.613251
992.270935 88.984146
1709.814453 109.044144
2728.682129 126.287903
5250.841797 125.384766
14509.162109 211.591492
1900.714844 159.792511
12769.810547 111.191032
3873.564453 85.891525
1388.339966 71.957268
2763.077393 115.016159
554.366028 203.341553
2310.713867 310.455322
21696.058594 91.338371
6230.421875 104.645683
1215.302368 93.593636
1194.347046 72.896133
5880.660645 81.553596
211.674118 51.452286
1530.520264 76.383377
1311.123901 194.117188
4487.642578 453.643005
9100.208008 295.743439
1698.005249 197.688904
427.156464 132.841354
1016.964966 48.573303
314.593750 14.154777
1120.030518 3.596323
5050.327637 27.840256
854.041565 644.594788
3203.264404 418.632812
7788.332520 236.332626
2757.171387 116.112701
2722.002197 126.648506
406.607483 134.233673
7429.481934 150.149475
1067.984131 167.188568
7254.330078 784.419067
3251.320068 507.253784
627.916382 287.869385
1271.852783 164.449493
3444.932373 194.544250
42.863785 208.065521
1119.833618 268.909119
16887.886719 347.000854
9618.063477 264.753540
25571.568359 293.844055
441.891571 273.136200
3326.639160 226.593933
1675.445190 237.849136
14721.243164 340.499756
11879.617188 660.075378
2078.685791 1220.645752
13073.183594 1008.750122
7119.241699 651.033875
7012.220703 421.700897
3614.182129 282.943176
1515.481079 404.555542
2535.759521 191.616028
2791.350586 65.159058
595.213257 79.596375
31631.367188 2170.663086
659.210999 1592.094238
188.596832 1086.186279
7281.898926 694.799316
2443.594727 27.970976
501.479553 5.002722
1472.960083 6.849222
10880.542969 29.118212
4490.242676 502.957092
8697.032227 341.998810
4368.857422 194.907959
1689.549072 88.188766
273.941406 21.174252
1561.838013 4.451535
6824.997070 0.220371
4864.796875 9.442318
16815.363281 341.647644
6411.306641 225.797012
94.776436 126.511162
2790.716797 58.588158
2493.692139 0.732225
4494.745605 10.237477
708.496826 30.790543
14097.790039 61.749783
18092.167969 121.998871
10206.978516 66.659576
1712.479614 26.427170
202.179581 4.939283
1268.807983 57.851528
513.295837 69.844322
3167.660156 80.601524
1096.357666 84.976112
4227.422363 33.777287
9423.912109 38.983368
4061.252686 42.949375
1187.016113 48.580875
319.267639 10.539375
43.066624 11.712553
4443.057617 19.622978
3321.563477 33.066673
17545.406250 64.244583
5196.606934 45.404915
2762.270752 28.607370
1234.483643 16.408928
2155.385010 50.375259
459.169708 91.950119
2055.110352 161.123947
73.849457 251.136902
15301.906250 66.496368
6382.674805 41.948425
3022.569092 31.423082
854.308350 32.751446
2602.684570 149.652435
348.076447 91.110558
2183.780029 103.826271
10999.402344 223.205811
5376.979980 747.100342
6687.245605 534.206665
894.039307 371.646790
2515.599609 246.826752
1802.605103 41.980198
1498.995605 15.715324
82.258003 49.007015
2887.573975 144.104187
32044.722656 571.788940
27871.851562 399.668793
5654.041504 243.928268
1911.735474 120.960281
5443.098633 74.195961
2976.376465 101.728638
7584.863281 154.853210
11849.537109 234.829376
12520.215820 190.063370
15146.298828 123.331055
372.226532 83.953804
10517.304688 68.579079
1504.714600 7.370687
2486.600098 0.409159
1448.131836 4.801512
5772.682617 28.609348
9074.292969 126.006340
6774.950195 75.645248
9221.094727 41.749016
712.912842 20.747738
874.826660 81.869080
3778.546387 112.241272
3803.676270 166.086121
19692.779297 231.988098
7499.498047 231.988098
19692.779297 166.086121
3803.676270 112.241272
3778.546387 81.869080
686.118286 47.303211
177.588470 14.235594
7072.600098 3.084393
3213.956787 20.076742
106034.664062 362.735352
1345.539795 263.295105
7088.100586 172.616989
1442.113525 99.976402
3550.208008 6.836910
2928.336670 35.941917
3550.478760 97.783745
136.232178 194.325745
10038.250977 76.739761
14328.827148 31.200966
8588.164062 8.381034
2405.354492 0.375920
106.818069 52.503616
8373.129883 181.514862
1613.924927 452.673645
5287.611328 865.747314
7165.437500 388.569275
1274.232422 187.678818
432.827789 75.810608
2917.307861 28.946571
408.254089 81.649857
1944.222290 9.790127
1265.133301 140.306671
2771.685791 558.973022
26593.052734 1430.881470
3377.265869 900.916138
6951.136230 528.978271
626.055481 266.048309
654.452393 216.092880
670.754333 118.802567
3103.835938 59.749847
977.903076 72.120972
4274.747559 1378.960083
14198.521484 946.537537
4442.797852 598.265747
749.338562 362.969971
1142.391846 113.491928
1190.144897 74.445824
2657.982422 71.990982
2237.468262 96.896622
6718.656738 1269.201172
6330.811035 844.213379
873.004517 477.096863
518.999878 233.346313
623.072632 23.197346
2156.659180 1.380358
2716.764404 13.226952
2899.831299 58.369263
6350.239746 560.923584
614.055115 370.229614
4077.970215 204.613525
981.229004 87.853256
144.360214 35.349720
890.746216 31.927620
978.855164 32.642639
1250.044067 36.352173
31346.603516 154.763702
1532.162842 110.704788
289.941376 72.671387
1552.881836 47.487572
3635.289307 1.975323
1957.072998 8.916453
2351.009521 40.701832
668.213318 106.638138
1168.065796 75.557747
1930.338623 35.763760
212.416199 16.566368
1435.826294 6.742476
848.825256 45.633930
1656.947144 29.282089
2359.364746 15.976426
7740.961914 11.173532
10687.655273 194.595337
2272.587158 140.357986
2163.188232 96.478439
212.438263 66.206055
1451.500244 3.902003
4720.627930 12.721270
2948.967285 23.242737
5818.623535 34.823097
16402.878906 74.841614
31901.609375 36.786671
5883.170898 11.347588
6326.887695 1.438729
1646.218994 18.081892
622.682678 7.503951
2722.131836 18.274345
8395.802734 59.266998
1472.543213 234.979370
7060.844727 150.166885
353.737061 86.902519
3740.693115 44.304016
481.635162 82.692162
767.669922 105.677597
1632.198730 135.645538
2323.002197 162.345154
28125.582031 44.509850
286.119293 56.903038
555.895447 63.881432
6277.104980 70.071159
349.156830 165.302719
869.575928 177.672455
9744.626953 196.251373
740.368225 213.298447
8129.122559 181.248962
1513.857666 176.960190
1011.176636 168.811829
138.931854 162.957047
88.750275 74.184288
570.177124 29.949432
3883.445557 9.815708
7039.764648 25.804007
3631.166504 324.154144
26017.300781 256.979736
659.504211 192.150894
2966.349854 130.581543
303.533051 44.283493
2312.221680 93.491119
3935.203857 177.789017
36.744747 276.639191
6104.448730 100.408432
1995.109619 76.296059
3727.684082 50.176102
3859.844971 33.729401
206.744003 25.635677
66.294807 49.617325
2395.454590 169.409302
329.901642 383.273773
11104.516602 516.575867
1123.005249 335.164032
2933.791992 187.345825
5619.357422 79.125832
1137.757080 78.128014
10701.023438 62.821236
6858.147949 135.411850
6988.332031 321.707336
3734.432129 567.758118
16112.406250 380.586823
785.941101 245.350693
2533.983398 145.779236
2492.202881 149.000214
632.950806 140.600754
525.565369 301.055603
24926.873047 665.794983
49324.410156 1647.253906
2841.069824 1046.015381
7808.206055 593.833801
1075.228027 299.691284
14671.768555 419.345337
813.021545 283.043060
1028.514038 228.571518
6039.142578 251.990952
82770.632812 2200.017578
9936.300781 1623.412964
43739.687500 1083.812622
118.704025 675.598083
848.318115 131.309143
4751.997559 72.989532
2052.413818 49.439262
20764.996094 48.881432
11146.300781 455.177429
7414.671875 414.040985
2741.443848 326.918823
5132.228516 222.436600
81.353546 44.485203
294.012512 81.958870
5228.709961 124.194252
10729.771484 161.958176
21869.820312 15.061860
11912.456055 5.593750
5571.006836 5.746301
2013.382202 18.299454
1493.895020 159.957001
2801.824707 204.395081
104.462669 297.231934
902.170898 437.283051
19734.492188 260.064148
22907.496094 199.065170
705.462891 165.432053
1346.157104 151.335785
1074.145630 179.914673
2449.189941 91.984268
4316.327148 39.205574
493.119904 63.839115
10797.402344 1111.145264
8437.863281 753.364441
1399.164795 480.337097
1002.509216 299.404083
4221.038086 86.634331
982.220764 117.275208
905.880249 165.751785
1050.319580 224.036102
3154.802734 84.525513
1754.398560 75.860924
164.999603 71.725899
924.761597 73.397781
688.696167 76.302246
1832.069092 56.853352
3960.521729 42.136059
1523.631714 57.780804
5770.025879 320.274231
813.283081 197.445892
342.540161 126.250938
5375.970215 94.138306
78.194748 66.460754
479.600952 84.915070
5775.670410 148.259674
25501.257812 233.168854
18122.779297 427.315948
23442.017578 313.276917
620.398926 195.394455
6065.734863 105.297501
2439.289307 191.167465
1021.748901 182.158096
7101.873535 170.783875
4083.811523 162.796417
53772.882812 131.893326
4128.452148 156.715942
7144.750488 178.961685
1633.396729 191.223999
4132.924805 91.195671
354.309540 80.655655
1497.741211 62.732620
415.221863 39.780815
17530.255859 231.744263
5561.924316 174.040894
1107.917969 128.727814
2331.293701 103.077927
5598.104004 34.799423
5168.382812 97.282944
3456.137695 253.517532
21617.935547 522.592468
149.228088 221.625061
1359.961548 97.830551
5267.647949 44.120686
897.995117 25.797752
131.004807 148.035919
643.421570 82.716690
3184.511230 23.491871
364.437836 3.157806
21647.919922 616.043396
29445.476562 433.814728
7242.729980 301.011688
3053.022217 214.072525
2818.296631 44.766769
557.192078 79.723495
1299.156860 142.567322
6366.968750 220.702301
760.279663 44.720154
13021.818359 43.438164
10536.841797 39.088959
2584.913574 35.363182
351.171570 8.066425
151.117584 9.052979
2306.119629 37.960617
163.683792 124.189545
4462.930664 143.526199
966.895752 53.416451
935.400085 18.901062
474.970886 11.433551
662.405457 27.049498
1271.681152 3.022749
725.899231 29.261848
6332.451660 158.732315
2454.296143 652.128052
3951.663330 351.680450
824.442322 169.431961
154.206436 76.167946
1794.485229 64.449333
287.818451 32.935287
6103.439453 34.008247
2594.501465 97.371117
25853.708984 891.001160
9856.577148 537.564880
13076.631836 282.846069
6367.081543 135.757172
4343.611328 79.570251
15286.320312 42.380653
826.563965 23.329517
17814.400391 13.260972
7930.829590 662.799194
3489.910889 473.558472
5369.609863 291.857483
854.448120 157.414963
2447.139648 0.309061
353.600983 0.803483
14657.375000 2.165885
19934.056641 2.700363
67092.859375 94.406380
1657.104858 56.236412
11678.075195 24.825281
4049.920166 6.443555
6116.438477 15.365664
345.579651 13.918134
2633.675293 20.085495
1263.143799 38.766766
47502.054688 0.058897
28148.113281 4.825889
20248.806641 12.699817
2306.312500 16.644024
33.278843 12.595505
1312.836548 11.274205
2484.911377 31.110842
10078.712891 83.694664
574.574951 214.192596
5022.316406 121.928764
14.337410 61.824471
3788.052246 28.420805
852.181519 33.784039
579.164307 81.278389
2410.036133 171.115448
1918.269287 305.499969
20335.802734 140.698364
5298.721191 64.821503
2547.765137 27.345081
117.138329 18.093033
122.823380 42.734833
3583.995850 38.596657
646.313110 81.407806
18773.250000 190.369995
1971.058350 487.362610
12157.972656 295.279144
413.704926 162.115295
93.471245 82.424713
788.627625 136.472763
576.187256 99.937759
5799.251953 69.055634
1838.103760 46.602509
38440.257812 471.219177
6341.056152 363.303833
9317.000977 262.936462
28.563391 187.322693
3947.963135 53.844200
66.269272 58.104370
5511.304199 74.084679
14598.617188 89.883698
13366.821289 100.436874
3250.829346 100.998367
1739.156006 85.275932
1903.531128 65.131790
966.010925 8.780400
2515.885010 9.475939
3061.711914 8.912589
6482.187500 10.476871
21739.753906 11.815948
7565.109863 3.756126
7437.765625 2.812926
2086.913574 5.829184
265.073364 14.253044
5271.586914 46.273853
428.015137 110.930252
2181.545654 212.192719
421.730591 196.173950
6799.501953 95.806107
1493.942383 35.378567
4014.210205 10.277065
1511.176270 46.213978
447.776672 46.402939
3119.556396 84.586914
1826.955566 156.791077
34301.082031 500.758942
4955.591797 331.097168
3247.134033 188.055878
2877.471680 91.573502
106034.664062 106034.664062
106034.664062 106034.664062
0.000000 0.000000
0.000000 0.000000
0.000000 0.000000
0.000000 0.000000
0.000000 0.000000
0.000000 0.000000
