453.675934 40.726528
3106.599609 60.142227
13497.446289 75.645935
1482.820068 82.675095
3654.315186 0.935449
1261.589111 2.736409
3573.047607 9.577409
1603.047119 22.619293
2431.798096 45.521351
332.143036 90.040123
2098.562988 158.453735
12351.968750 241.244019
3386.409180 29.299812
9670.539062 17.917877
1587.421997 16.154291
222.897903 23.380211
180.962234 34.186474
197.101059 50.976738
229.286926 75.455650
5433.538086 105.420326
9775.721680 33.274708
227.743195 23.807980
2343.377686 21.332563
1222.965820 24.701519
473.027924 28.324327
3121.138672 54.212353
820.096252 99.937180
12362.671875 162.227097
4852.628418 32.821144
4217.157227 19.961285
1143.324341 15.977679
723.568726 17.787422
105.592415 12.424728
3585.920410 25.581034
1824.214478 55.596024
645.734253 107.088501
3558.060059 65.092361
4509.911621 30.687326
2895.043945 14.406453
357.157166 9.540059
1761.933594 5.136930
1070.126587 10.534734
115.133232 17.208647
110.051758 24.029295
4025.065430 34.000042
21743.841797 18.303137
77.603729 7.503003
6055.269043 3.357187
5369.979004 33.438999
1125.664917 49.118748
6711.734375 62.413586
827.473511 70.369385
12264.811523 2.877576
474.888153 2.941245
12256.923828 8.227109
516.465027 18.860559
47.884163 5.670039
2909.571045 19.346489
2244.034912 43.860554
9687.727539 75.929214
1754.174561 1.262181
9663.663086 0.045881
101.340714 0.035115
577.001221 0.782494
577.798401 9.469834
2949.905273 21.516663
2448.976562 43.799408
3977.756348 76.312515
11380.628906 18.659254
40016.164062 7.787372
6886.533691 4.032875
5531.633789 4.580581
1073.494629 5.398038
846.938782 12.947085
3114.504883 27.537275
687.936707 49.471340
117.090111 32.350792
6465.283691 16.222319
2538.401367 7.022726
356.766510 3.628598
58.938469 51.069847
1171.692383 86.923126
6121.826660 122.623535
998.660522 148.614182
11912.718750 12.029677
12002.921875 6.175319
1667.156494 8.778692
2247.871338 23.565283
1414.945801 15.409765
726.444275 32.000496
2740.539551 60.856190
7.324271 100.688660
13163.393555 13.636345
454.783325 5.894669
6355.996582 4.910090
2919.352539 7.727700
1732.119507 48.638580
983.115540 81.457420
467.373932 118.389809
5552.126953 152.598419
13367.507812 19.164413
18875.349609 10.490670
2374.760742 12.031436
2521.688477 24.766813
58.182724 13.444528
569.626892 33.426594
4790.318848 73.586731
6713.514648 132.362946
5844.433105 15.932130
3987.846191 7.661337
2893.913086 6.140335
5018.411133 7.048690
2010.584351 9.003229
1541.097900 21.610262
10898.097656 52.607155
20927.451172 108.094635
6522.187988 59.371246
3332.221191 25.080214
921.894226 10.263850
3839.121826 6.358028
1632.693481 33.578362
1351.616699 44.635002
19961.750000 63.594227
5030.019531 88.803810
30966.792969 67.825897
20812.296875 48.396889
3525.133545 35.803432
2928.155273 30.728533
2080.152588 18.780396
2383.981689 35.989342
2191.237305 63.442558
3181.535400 99.280334
27785.650391 25.988754
10393.427734 13.461946
12199.888672 8.808434
986.171997 10.416858
1717.523071 14.767586
3494.822266 19.297527
998.625000 23.277130
692.942200 26.557766
4346.249023 8.719131
4835.352539 6.505821
7850.276367 7.248279
6796.136719 10.376240
792.839661 11.283207
1988.147949 18.194960
3129.533936 30.725250
320.602509 48.978558
5694.115723 23.120087
733.330688 13.724779
1592.702271 9.352351
1602.443237 8.656389
1994.251099 3.666809
1079.559326 5.601103
4346.858398 7.546854
104.783867 9.225157
1135.505371 3.671053
763.698364 2.080534
2272.603271 1.561097
440.361267 2.174500
154.479874 16.812317
474.853577 23.048138
2516.112549 28.804245
4760.404785 32.723309
2817.883789 4.011597
10728.964844 4.866741
317.272217 7.259764
2311.013672 11.307352
139.326050 7.201027
1228.226318 12.268061
2768.149658 14.652758
5212.266113 12.894198
1813.599365 8.373562
24497.046875 3.321568
336.352081 0.861911
8359.604492 2.466926
353.165680 3.595108
1689.542969 2.831178
993.151184 2.057204
13980.580078 3.017430
7154.872070 1.117105
5010.626953 0.256029
4827.633789 1.530424
2487.201904 3.119864
415.951569 2.125742
7101.405273 2.830215
9894.045898 5.176564
1308.503418 10.127548
10348.036133 13.695896
2939.543945 7.355253
2502.329102 3.853116
2031.595215 2.402675
2463.463135 14.181621
988.548889 29.869804
632.034241 54.079239
3043.386719 81.808220
5801.469727 9.609495
21580.257812 7.740060
2573.814697 6.510457
1321.019409 7.423897
3226.002441 6.695517
4364.476562 12.034531
2461.622070 21.681643
14220.800781 35.710957
836.730835 19.608452
15529.203125 10.709047
3029.961182 6.072649
7663.904297 4.862294
201.977631 3.591736
2065.831543 5.758818
3183.897949 9.905185
16211.911133 15.600590
21755.738281 15.600590
16211.911133 9.905185
3183.897949 5.758818
2065.831543 3.591736
1842.758179 7.345071
213.816177 11.347063
3885.956787 14.277791
3768.747559 15.124601
96775.734375 0.825424
7231.702148 0.431390
8616.166016 1.213465
2717.679199 3.619058
3188.328369 4.476937
1472.551514 10.169397
6372.803711 17.769693
9955.598633 25.489916
7112.845215 2.806709
9992.543945 1.424848
8781.501953 0.723540
896.054749 1.440386
162.581604 14.795016
319.312927 29.302237
9629.296875 51.776985
12934.416016 79.499924
5763.260254 9.555268
3247.944580 5.329233
245.467926 4.837554
253.867767 7.452883
364.470581 7.992596
3333.255127 13.993043
3646.719727 25.502764
9248.226562 44.193913
261.841705 29.354322
527.594177 14.269701
1633.764771 7.176378
1883.196533 5.729849
107.048462 44.211418
102.768471 76.284431
621.264648 113.759064
4601.673828 147.370209
38919.269531 13.591476
1230.266724 10.725654
6629.154785 12.747421
1680.261841 22.908873
2796.134766 4.091122
1220.860840 11.786741
5215.210938 29.596647
7568.646973 60.096703
2459.210938 24.147747
4847.443359 9.023286
7517.264160 3.104325
918.745239 2.004687
1000.915222 19.218458
844.157349 34.642151
146.108032 55.470528
2166.285645 79.286049
22804.968750 15.604877
177.851532 7.796356
6563.102539 6.015318
59.440384 9.779515
1843.419189 9.028025
4692.555176 19.309614
9863.871094 33.677624
9024.343750 50.615562
19370.542969 20.522320
3275.829590 9.412570
10670.563477 3.733829
1072.563843 3.679707
1961.458862 18.305656
1347.189941 39.433235
2312.263916 68.579483
276.090485 99.717354
11140.245117 4.774441
1306.105469 2.398381
7410.397461 2.529385
249.591629 6.737280
1916.440918 16.385246
1126.843994 30.570059
4614.983887 54.078255
7238.760742 86.719414
19463.425781 24.951715
11126.489258 11.880016
3669.553467 7.572967
4433.391602 9.297742
449.804840 3.582802
2844.479736 8.571517
3992.971436 16.986166
1360.185059 28.699867
12629.135742 12.879318
6877.073730 5.734333
8437.381836 2.158003
734.137695 1.540619
605.240234 1.954016
120.708946 5.922659
6833.210938 13.898104
7828.577148 25.654369
7019.391602 6.916344
1424.728027 3.204099
159.412933 1.432001
1678.812378 0.881643
1597.548462 9.473864
32.576534 16.921379
5185.497070 28.714752
7730.767090 43.875072
14904.759766 19.866589
28867.339844 11.515544
10821.562500 7.042307
4587.125977 6.311346
848.241394 3.735843
517.851318 7.082615
1569.166138 13.101994
4857.010254 22.774439
7804.518555 5.702156
236.275345 1.301608
2331.573975 0.564726
3558.649658 1.706829
3105.939697 5.311772
1876.573364 9.867406
2981.606934 14.535527
593.347290 17.917881
11054.880859 1.718875
4296.932617 0.744374
490.376526 0.622639
1213.896240 2.059776
1848.741943 2.710787
1715.634521 2.759701
6437.354004 4.351755
14708.625000 8.056971
1550.927124 0.759371
4995.472168 1.529286
1518.109375 2.594213
161.186890 2.979630
371.870514 22.172731
562.333008 32.823368
3663.545410 47.855080
1195.164795 65.319855
13474.496094 21.944765
43438.480469 16.371267
1999.317871 14.490749
7415.827148 16.249092
1102.369751 37.298805
3238.936768 57.693531
8407.205078 86.088898
2584.981934 118.882660
4841.988770 29.402962
9377.760742 21.545197
6353.869629 20.352564
5556.576660 25.285946
756.208191 4.199198
2471.507812 5.995169
4472.488770 10.621864
4794.651855 19.154390
9664.296875 22.171673
1895.179321 12.401574
2396.648682 6.786350
124.623016 4.401391
1179.276001 4.727434
355.564911 5.497341
770.719727 5.966767
14921.130859 6.661280
7511.389160 0.730748
6126.833008 0.662368
1464.625366 1.811531
1018.258057 3.406254
491.240997 13.881503
546.065491 16.151991
1477.902222 17.127047
3681.060303 16.519524
14262.888672 3.610262
6728.798828 5.399065
223.159821 7.914655
1453.488525 10.912735
2827.205078 23.701988
233.501251 41.169048
1643.256348 66.517097
7074.169434 96.048363
11045.982422 21.199371
12308.084961 14.161107
2598.653076 11.861416
3802.363281 14.489100
752.840393 10.436589
412.432098 14.897508
2292.857178 22.251026
5535.959961 31.962090
13344.945312 18.035587
2645.558105 12.520384
4457.928711 9.457197
1057.196899 8.727942
461.788147 15.452036
182.095764 23.496481
2007.582764 29.204473
5468.174805 30.541271
1672.406982 0.161620
5369.666504 0.212697
2747.071045 2.469312
571.893555 7.753663
467.769989 5.244542
134.462952 7.971820
2989.348145 13.278625
16293.662109 22.585949
3618.194824 18.006538
6594.438477 8.833906
348.114502 4.714304
5109.329590 4.045985
45.522423 33.235207
453.087616 47.321060
2306.444580 58.447353
22583.396484 63.148582
32946.859375 2.105976
2766.319580 4.568075
9592.514648 10.230844
303.804535 20.003862
164.697449 15.570163
2649.456543 21.756998
2837.450684 28.006121
5615.958496 34.934471
23723.693359 2.794913
5637.463867 0.902839
3007.905029 3.720458
2955.712158 9.250504
1604.896973 11.366749
340.727356 23.342411
4487.198242 47.285416
11436.445312 84.600891
7460.330566 35.190228
8655.722656 16.812908
12513.812500 8.819407
1182.551514 7.376431
473.709167 32.455704
2046.222900 52.847626
9607.569336 65.932419
10871.878906 65.904343
22760.496094 8.856186
20325.484375 2.648957
2775.627930 2.932664
3159.811768 13.477811
317.943970 53.600136
401.397461 94.369713
1255.792114 147.123840
1195.782593 201.546921
21007.863281 20.855368
287.354553 15.124043
2615.395996 17.003361
516.701721 28.491423
2909.503174 18.691584
1083.102417 40.246372
2252.524902 77.938690
7430.848145 129.531464
2683.604004 23.874895
1486.549072 11.567428
13096.445312 7.763053
1145.853394 9.539732
235.389313 2.650798
3138.615234 3.885037
1374.701050 8.690915
10560.521484 21.724762
2331.898438 25.022783
3142.449219 8.742434
82.492111 2.515962
104.552498 1.903319
22.286749 7.363954
2924.385742 9.625459
8459.458008 9.437199
8440.005859 6.503352
22739.820312 29.764112
1028.031494 16.762009
2458.549072 8.181062
1088.355225 5.652129
517.245361 27.109266
672.112915 49.519043
954.794556 72.766510
8550.986328 89.363914
3535.379395 0.322501
25833.523438 0.594401
4396.534180 2.989750
2533.750977 11.092388
1944.865479 13.853351
671.890869 36.278797
5348.338379 76.662109
12141.894531 132.217575
9602.167969 15.987792
57.369919 5.970996
5878.375000 3.283854
3652.590576 4.973146
2656.800781 0.916139
7965.944336 0.201758
1700.951416 1.111055
5214.944336 9.977522
25563.419922 28.956360
2886.305420 8.542490
1250.844727 0.739542
1336.442505 0.263523
2139.927490 32.617813
1816.494263 65.317627
66.075203 104.139893
8153.230957 136.513779
8715.267578 32.577267
13690.008789 21.379436
3723.503906 12.756193
791.805908 14.680914
3151.541748 9.036201
2970.253174 25.570704
57.378597 62.003895
15280.712891 121.858353
26829.234375 25.680599
33021.964844 6.771894
4970.812012 2.117563
1311.515137 3.356947
540.757568 0.286026
600.409912 0.147225
988.852722 0.209732
5064.614258 2.267491
33159.230469 17.110750
6171.773438 7.265408
3094.590820 2.034732
2578.235107 0.411590
3391.077637 11.567959
4233.168457 18.822502
3735.479004 33.340225
2058.086670 51.380947
4976.234375 29.996204
840.988464 24.330849
7718.221191 17.466471
59.165989 11.978119
934.187744 46.554794
1082.525635 72.819550
1305.538330 113.130264
14048.423828 164.543060
3347.059326 48.809864
13556.331055 32.754494
64.844185 28.185465
122.841919 32.605335
1025.672729 54.875389
3698.827637 81.213394
101.451401 116.564384
9598.353516 156.668823
1586.189209 75.763382
2475.172607 50.782032
3871.182129 38.694027
1248.016235 40.217285
82.170593 9.737572
528.793152 15.521496
141.093994 25.400778
4069.016602 39.828976
1831.294678 21.015686
10206.278320 11.643584
1896.051392 7.450201
1262.779663 7.116340
208.954590 13.526731
5124.401855 21.588999
2858.604492 30.032049
4769.811523 36.676414
14207.242188 1.882239
2200.061523 2.089383
3776.644043 3.713233
1122.713989 7.400665
520.267273 41.782459
2390.067383 64.528427
1671.370850 90.619789
15370.985352 114.678642
1205.689453 12.709045
2096.837402 11.725007
1166.142822 15.674156
997.914307 25.360971
206.901138 9.007395
1883.694946 17.848845
10820.639648 30.088337
13272.876953 44.066238
6328.998047 2.167604
8171.176758 0.356386
9242.687500 0.942582
805.615601 3.633230
66.072067 43.298779
121.253189 79.952240
199.108948 138.667053
5699.450684 214.553070
9806.057617 43.851936
8140.557617 25.179173
3177.235596 20.090862
425.120422 25.313011
844.225403 26.481321
1612.734741 36.735031
810.094788 54.088486
5254.444336 80.076103
15096.297852 61.903519
4459.657227 37.365456
2741.804443 24.887516
2462.942383 22.193024
749.880066 50.614532
969.970398 83.161789
6439.632324 117.973709
34945.210938 145.556213
5650.106934 11.186602
1546.733887 10.235148
1876.471436 14.330820
99.803314 27.044394
384.413818 6.882004
642.025757 19.049559
2512.851562 40.277103
978.190918 68.634102
27970.601562 8.726288
13697.833984 3.265788
1289.698486 1.364506
1183.937500 2.010713
2336.213867 21.721128
210.371506 38.765358
8443.550781 65.776237
13896.238281 101.211342
5141.403320 24.798035
2370.063721 13.582340
6391.040039 10.327085
303.063843 12.958168
781.381714 4.136011
156.942108 9.474853
4466.649414 19.654367
11276.259766 35.855694
26358.685547 23.092054
9486.058594 10.138401
9885.673828 3.783626
725.661987 2.264304
1583.667847 29.764719
1743.212646 57.333641
811.600586 93.130150
15510.128906 130.008667
31835.509766 12.393646
1215.678589 6.785215
2859.933594 6.474334
2627.758301 13.204160
814.610779 3.494606
5000.979980 13.351723
5516.087891 37.106617
4264.248535 77.263611
10416.456055 21.849333
862.224304 7.432710
1799.985596 2.373586
1403.544067 1.321344
2456.013916 12.586619
1160.619263 19.834488
811.335815 32.381607
17832.857422 52.018509
11109.255859 25.352125
13064.704102 12.380353
395.004272 7.802482
1348.667847 8.614759
3200.493408 12.039543
3162.065918 21.606136
2071.457275 33.246422
5597.241211 42.596226
88014.453125 45.303295
14743.892578 28.835014
17590.466797 15.228895
2189.737305 9.148375
1137.160400 53.072502
337.058990 101.226097
6268.483398 167.311829
13612.480469 240.770813
8609.235352 21.399611
16456.701172 11.173875
2604.045654 12.156224
774.309387 24.695023
948.974487 6.143325
1008.283447 16.027454
927.436096 36.185497
8257.181641 68.830223
7757.807617 26.724566
9056.307617 9.732245
1797.092529 3.078430
2343.906982 2.494470
734.568787 12.957077
1253.564941 24.698313
1175.789307 47.527985
4647.874023 80.293503
32177.089844 24.045506
4479.006836 14.947769
4834.456055 10.653393
2147.142334 9.493141
1286.939331 23.111488
183.086121 29.142212
1502.816772 43.806625
13644.861328 68.823715
3499.629883 66.256264
768.609985 43.380379
1822.955078 29.752522
148.523972 23.495916
593.279114 21.178320
1661.757324 32.085377
29.723988 49.381630
5904.116211 70.352570
9833.643555 44.383537
5295.662109 30.711687
3101.772949 21.321445
708.549072 17.723671
1152.320801 47.055786
2321.144287 77.683319
1750.198242 111.555595
8775.008789 142.137634
76.249924 27.759979
3540.261719 16.012957
1599.381592 14.571053
417.239838 25.031914
2548.368164 95.863159
478.995056 168.682114
2586.995605 269.757721
15509.094727 381.850830
5813.173340 43.456017
10235.107422 32.581081
1665.796875 35.622757
894.131836 53.969238
711.136719 50.010666
1798.809448 87.204216
231.481995 154.818176
1638.813721 254.233536
8503.052734 85.183228
7806.159180 45.813217
1183.548950 31.915142
1598.394409 33.930134
1201.657471 20.360828
1692.122803 39.658958
1258.085327 60.098305
4097.534180 77.285072
9595.122070 26.314381
13343.256836 10.984962
9578.295898 3.823934
1935.926514 7.203591
1527.912720 13.141224
1466.203613 12.827766
97.876175 10.359231
10636.402344 6.882006
26261.156250 0.851277
964.569580 3.500581
1712.145020 7.352034
749.033569 11.048708
2084.486328 43.454983
1441.028931 71.156319
2252.103516 93.867462
11925.972656 103.173462
2335.231445 9.846437
18249.095703 5.690553
1935.000488 7.606088
2774.615234 20.258760
1626.330933 4.016138
7826.727051 15.848743
7292.809570 46.745529
4207.316406 101.735901
28459.541016 25.606153
12299.371094 6.662847
2098.250488 1.573713
5174.642090 1.380344
2699.469482 10.806059
944.711304 17.303244
4863.708008 28.738575
8981.866211 43.940361
17819.494141 31.028320
47636.148438 20.049328
256.871246 12.651527
2668.656738 9.391951
1921.868896 1.557644
373.818634 4.490374
2972.682861 6.826722
13373.984375 6.986857
27312.400391 12.550910
49750.828125 6.843157
17790.371094 2.097490
7533.438965 0.260539
4061.984863 28.424082
1979.701294 44.815769
1667.020264 64.453270
10362.431641 83.410866
36055.570312 15.170410
914.337891 11.672309
8767.325195 12.141720
2361.910156 17.443279
44.344719 48.898949
630.719360 89.115723
1331.092529 146.192123
1254.191406 211.365875
3139.318604 30.969437
5439.293945 19.705416
5369.478027 18.124538
2020.524048 26.540396
2176.176270 34.220798
2414.427002 59.651451
260.590973 99.089531
1627.264404 150.758194
7177.741699 27.585955
28529.121094 14.411237
2370.201904 13.167360
5534.713379 19.816463
476.730133 30.199717
2310.337646 53.378761
1474.789185 81.400955
1781.037842 108.989151
6704.928711 17.584145
1614.340088 9.694726
2837.521484 8.423745
394.175598 14.975669
673.288208 18.621920
1924.737549 38.478203
5335.937988 71.152596
1972.081421 112.821243
7983.747559 14.165915
10976.853516 8.439911
410.137634 7.275122
1078.667358 9.698352
4172.465332 2.093079
4876.324219 6.160962
351.548340 18.354097
4483.157227 44.947857
20097.337891 43.095867
14753.490234 15.787183
6402.019531 3.935998
2513.222900 1.214891
617.786865 42.661568
1495.247314 74.613907
10299.841797 103.458633
14661.154297 118.875153
1170.718018 10.394932
1931.541504 5.235958
7346.758301 5.783464
568.104736 17.883373
1558.515747 16.505713
3476.936035 39.322994
4333.070801 77.769646
2355.069580 127.289215
16471.296875 8.992186
26674.117188 4.210289
6493.203125 3.840985
549.190857 6.643730
96.599304 5.646004
960.499939 12.582286
5173.637207 25.420052
6156.623535 45.286957
9968.943359 10.777698
2049.179688 2.820005
1294.092529 0.885048
471.947754 2.185317
1178.544434 3.808817
1026.537354 3.900707
6264.644043 6.532285
5358.086914 13.094513
3607.045410 40.660305
1233.001221 23.836937
4370.160156 12.361916
613.333130 6.190600
758.840332 4.675167
1307.839111 8.927044
3024.305420 15.157210
9855.531250 21.866371
8639.964844 8.125551
1057.895264 5.624540
91.450745 3.639769
169.533295 3.024195
1754.927979 19.549171
6337.020508 31.679077
3461.392090 45.449520
5061.091797 57.984009
29170.365234 4.681727
16352.535156 3.813618
2173.117188 5.675153
1841.496948 10.762983
2348.535645 13.325090
1589.966675 20.483631
1352.126343 31.628801
9493.994141 47.007965
32129.277344 21.665848
11666.126953 12.385007
5444.840332 8.770988
4355.276367 9.429881
1158.339600 15.302282
1912.843750 22.689671
623.194702 30.978539
2998.329590 38.412460
2942.083252 5.080378
12888.224609 5.010014
2524.971924 6.508682
912.733521 9.842744
1134.890869 3.593477
333.829376 10.450321
5392.616211 24.424883
1515.169434 46.450996
21542.791016 9.459164
1254.678467 2.254577
4210.567871 0.336306
523.504150 0.935053
630.465942 0.707296
846.243896 0.709828
2347.806641 0.898638
11714.488281 1.691775
4858.284668 4.156679
6232.743164 2.108503
9841.239258 1.068313
227.495468 0.747675
269.173584 6.659517
380.865967 10.397367
25.587879 17.908236
2800.667969 27.709238
10306.968750 10.197971
7948.558594 9.182829
9252.951172 7.696976
2210.353271 6.306050
551.698425 9.423827
1751.039185 12.881107
321.227631 19.710474
4912.423340 30.103868
22577.439453 16.114117
1020.289062 11.178152
621.576782 8.881738
1361.243896 8.342842
1013.885254 40.853886
1606.076172 71.815292
1311.938110 103.130371
3755.842773 125.676086
23774.285156 3.154511
478.686951 1.463306
5102.931152 5.009474
986.868042 17.608780
1392.165161 12.820837
2568.760010 17.717331
3407.163574 25.759348
2435.263916 37.468987
24206.058594 23.161327
3474.863037 14.486243
3083.451172 10.622824
1361.793945 10.412803
4220.116211 18.804567
618.895203 27.146421
10569.277344 34.904812
4577.373535 40.005226
6463.440430 2.618254
1091.649048 3.793875
3100.872070 6.657522
436.162140 11.666599
2075.300781 9.838587
960.756226 12.410162
343.548767 15.434051
3826.298096 18.030502
8595.379883 12.566703
17773.312500 10.315010
1184.155640 8.740649
3884.627441 8.502689
3810.752930 2.843275
585.264160 6.665536
2238.303955 12.732411
3845.373047 20.157383
12489.544922 0.359483
20401.773438 0.072506
406.655914 0.315449
9275.944336 1.014220
45.523239 4.906703
264.583008 10.837038
2238.268555 20.586248
7733.449219 33.086575
4452.810547 3.491068
2378.648193 1.696010
258.569702 1.385484
280.155212 2.190289
1245.276611 6.824503
4004.650879 7.894943
7483.552246 12.523420
19899.003906 22.076262
20688.476562 24.818810
24253.742188 15.754449
1533.882812 10.517179
4165.285156 7.833363
1710.030518 20.244568
560.696533 29.242924
2166.320801 41.034187
5915.283691 53.917896
8149.801758 15.792430
14091.739258 12.504726
228.448929 12.119255
170.537109 14.600047
2148.658936 24.006310
366.708649 37.981094
7592.482422 49.565514
16557.601562 54.259304
4792.199707 14.081800
16898.513672 9.408343
4958.598145 8.031268
4184.836426 12.896837
1740.768921 39.735466
877.449707 65.123856
1023.806274 100.806290
530.094299 143.395233
17087.318359 36.169960
19780.546875 22.142759
2924.187500 18.820930
2960.149170 24.665401
1814.181763 7.555696
1572.061035 16.553223
1424.338989 32.594463
1017.596802 54.965401
1129.621582 13.532626
3104.861084 6.570602
9835.732422 3.818985
375.137177 3.968550
782.674683 21.022020
4204.827637 30.769367
3957.062500 42.204552
2645.403809 53.719711
2337.276123 15.139956
5276.812988 10.918679
4588.801270 10.591225
591.171082 14.074458
276.739044 63.053421
5089.304688 111.915588
5652.247559 172.872711
15134.406250 234.327637
1595.771484 20.799007
573.643311 12.758758
198.096588 15.622684
134.501801 31.271738
3458.622070 20.635777
4324.633301 33.474075
6146.445801 51.078819
12260.015625 73.280281
357.341461 26.352413
34475.339844 13.334703
2310.787598 9.297210
9252.460938 12.344196
1621.393311 5.303341
7254.627930 5.211212
29094.767578 4.315898
70954.601562 3.156156
3589.511475 1.321514
1726.312256 1.848790
2230.707031 3.096460
3588.912598 4.472126
1593.379883 5.170738
789.368408 8.540015
7117.839355 10.919813
11083.089844 11.298758
124723.093750 2.828536
40551.750000 1.332072
13457.818359 0.902732
8188.290039 2.254945
7721.149414 11.820700
3569.355469 20.453495
2738.057373 30.755739
3145.923340 40.603790
21391.783203 0.105446
3710.854492 0.381468
4911.954590 2.182478
8452.461914 5.789497
918.827087 23.997456
2026.483398 42.269981
767.712524 63.299000
3446.040527 82.677582
30195.191406 6.825492
13688.402344 3.528834
1580.940918 4.651590
3971.171631 11.228301
54.543411 28.088037
2130.367188 59.365387
1149.154419 103.267761
5896.125977 151.528351
8340.803711 5.488353
9059.613281 2.481426
4054.351562 3.794799
1556.211182 10.811556
778.484863 5.113751
17.517849 11.826618
352.704132 26.581863
715.497498 53.339123
29877.769531 23.990112
2809.733154 7.076455
7408.655762 1.542558
353.463379 2.024900
2261.873047 14.387333
810.735657 21.097126
1027.577881 34.459007
6012.329590 54.216873
2525.140625 24.648350
3751.385742 17.294636
7806.888184 13.669677
22.983515 12.547199
730.348450 2.837957
2228.662842 2.939873
307.728729 6.379501
5705.601562 17.616968
17553.425781 34.733253
519.675171 15.689378
2885.259521 6.500926
529.380371 3.582994
723.500488 0.850369
453.071838 4.524317
5061.676758 9.330029
7763.792480 12.793653
209.233002 12.003844
2759.407959 7.820677
19.219021 3.086333
832.068542 0.263799
376.617615 1.505750
1353.025146 4.452603
4781.924805 10.312314
1646.453369 19.040823
2821.084473 2.061697
15042.851562 0.432762
3816.812744 0.160103
734.744873 0.437196
206.642365 31.136185
849.863464 41.160492
3871.190918 56.158215
1437.981812 74.910202
4239.399902 19.041222
10255.555664 18.462019
954.353027 20.916555
233.189301 24.967001
455.549988 35.578667
4526.364258 57.315899
4398.161133 92.702507
4203.968750 139.748337
8188.843750 53.440353
2544.094238 33.657997
6178.617188 25.086573
1526.307861 25.633907
69.736732 59.582409
23.133854 85.396118
6374.655273 112.299316
8098.892090 133.620544
6372.061035 40.794823
10105.245117 32.886005
816.271179 31.965874
766.129028 40.750290
945.243835 4.363243
1185.039062 5.793402
1905.986328 9.996353
8227.305664 18.333023
13208.802734 19.613800
9564.562500 10.927758
7653.418457 6.336794
3458.620117 4.539053
2801.341309 15.811481
6223.912598 17.764666
3481.426270 17.184158
9821.081055 14.621304
26106.246094 0.788419
2621.888916 2.960626
6804.424805 6.984046
452.030640 11.783194
1129.766724 32.836277
613.498596 38.867737
7711.027344 42.308479
3221.374512 43.218716
5900.735352 9.340782
6977.631348 11.639095
3549.034424 17.378365
913.298523 25.100788
687.662354 1.534378
925.748535 2.702027
8762.167969 5.819442
3187.548828 12.559135
1327.876099 8.103248
33615.789062 2.505747
1342.193115 0.725088
8678.696289 0.885247
313.809174 4.841498
1372.351685 11.274345
965.562561 20.832151
2999.786621 31.801157
17885.208984 1.663974
2335.097168 0.726413
2917.044922 0.623850
792.794128 1.630568
824.446045 0.827669
99.256104 1.371996
692.970154 1.905203
3959.676270 2.197464
1485.865112 6.666960
286.274811 3.917295
1445.823242 1.807690
455.095398 0.807965
462.346436 10.767620
2429.138184 14.880728
712.030762 18.434292
89.776520 20.534477
7868.169922 2.290357
79.456009 2.730105
4776.740234 4.266030
1235.650269 7.017146
1622.388062 8.041740
1810.574463 10.638024
2149.578613 14.758423
2282.125244 20.685301
246.265518 3.089415
8740.400391 2.924217
465.383575 4.307241
426.828827 6.118285
405.982178 0.556264
1129.336182 1.440653
4867.908203 3.516625
5001.303711 6.372776
26444.650391 0.500443
13969.545898 0.910422
4687.272949 0.912349
5892.342285 0.601290
1246.800293 4.068769
203.482452 15.231949
4540.560547 33.819946
3336.407715 55.456196
7754.754883 1.070570
424.611572 1.676237
10438.242188 0.894510
2248.993896 0.391091
54.030987 5.084180
2700.566406 9.638687
2218.132080 13.594295
1724.456543 15.008933
11772.555664 10.943500
22175.076172 6.323844
484.277771 2.825157
4379.412598 2.319944
475.434723 5.992657
4599.879883 16.415619
15179.908203 31.229086
14276.955078 46.146179
5564.355469 2.429847
310.773895 2.210309
5803.062988 1.138660
1708.327393 1.409704
2071.642822 18.035301
2480.460449 28.835047
1580.310669 45.982174
45116.382812 68.408066
23737.468750 26.022957
13041.654297 16.459656
4639.027832 12.386744
3553.408936 12.882392
390.093842 21.623259
69.883003 33.469341
325.381042 42.354843
13271.462891 47.056557
20098.505859 10.764743
30597.349609 3.278335
9491.625000 3.109615
8244.536133 10.154731
3472.522217 8.439519
4487.011719 11.935386
1963.736450 17.328823
11426.270508 24.055214
15544.120117 5.626270
33251.601562 5.125539
990.126282 5.530411
8482.383789 6.522776
865.557556 7.140429
5193.465820 7.828044
1089.306641 7.238662
2653.416260 5.573917
33760.574219 1.648676
13388.872070 2.272950
2631.831055 3.672359
2902.943359 5.521949
4083.253174 0.464388
4302.956055 0.103181
8585.423828 0.624247
12310.782227 2.028447
37350.328125 6.315233
5065.998047 4.653103
14491.995117 2.997025
284.636292 1.518931
948.131714 2.768726
2729.200195 4.146536
6817.060547 9.087691
357.395264 18.408815
33780.574219 9.883844
3176.941406 6.077247
8056.450684 4.291443
865.261230 3.229422
3045.935303 5.253376
716.797363 12.205663
147.218842 20.238186
4135.143066 26.864845
4270.675781 13.880836
13599.378906 7.339068
7211.201172 2.619273
1514.378418 1.703223
172.560654 5.440872
2646.550049 14.804076
4334.204590 31.840824
5709.008301 55.387070
8661.673828 7.646041
1509.739502 2.994475
4432.377441 1.475386
1169.917969 1.890425
16.799992 9.260131
1591.691772 19.893423
6191.938477 35.079670
3816.095703 53.636406
362.473419 19.980797
2603.326416 8.576269
682.337524 3.221766
11.012149 3.602967
756.628784 24.056763
2402.091553 46.498795
16236.173828 76.775719
13849.176758 109.861572
9518.735352 13.900321
1317.344849 7.008783
3862.539551 5.806657
1781.320801 10.893518
1544.752197 43.674385
60.298985 86.962372
218.187485 147.118286
12550.287109 214.443939
5710.135742 25.069365
8682.253906 12.342482
2498.040039 10.085986
1809.666992 19.183350
293.043152 13.515776
1642.678833 32.153149
5845.828125 67.145607
6411.612305 118.750412
31517.324219 29.519594
25821.357422 11.800879
6705.478516 5.555202
11068.930664 6.148891
1053.107666 24.798338
470.912598 47.918133
8330.766602 83.627357
14030.354492 128.540710
1303.155029 45.838764
3421.421875 24.814863
2375.426514 14.399129
792.133850 14.126140
14.211368 16.472651
1227.007080 37.094845
2009.228271 75.633865
2777.278076 130.878082
13496.586914 34.395622
12169.151367 16.939478
8523.354492 9.689603
78.858780 9.094205
843.688660 7.393746
4628.886719 7.216401
902.776428 8.280375
2630.461426 14.774669
1652.316040 33.650265
10952.329102 16.589693
2838.778564 8.834474
6931.878906 7.214305
419.337158 6.221125
2807.246582 6.677197
353.001984 7.176727
14044.704102 8.349828
15708.755859 20.844204
7612.250000 13.062730
1597.851074 8.203329
371.903900 6.299642
907.684814 11.877111
676.687744 28.080187
2422.074951 53.439621
7679.173340 84.048515
12562.722656 7.768725
5010.614258 3.799753
4320.159180 2.596723
442.959900 4.388960
1137.750244 5.393826
1895.927734 6.427830
3360.331055 8.325244
4079.885742 10.610057
31474.199219 19.616871
10344.771484 13.595702
4472.831543 8.739899
2137.636475 5.975851
394.253235 25.060478
4733.923828 38.814590
3515.046143 52.675156
3647.452148 63.081192
899.661072 2.561165
1380.868896 3.504718
1818.734009 7.052296
1073.058716 14.114637
335.099060 38.172382
610.046082 59.785797
2264.012939 86.994362
4732.074219 115.086609
1669.973633 19.344202
6312.728516 15.329951
1848.595459 16.760559
406.841034 23.987417
1273.279297 15.785602
1059.286621 16.644773
1079.454590 15.234867
612.484192 13.013005
24118.599609 8.644232
5701.315918 7.278635
13644.136719 9.153823
287.523834 12.741831
1456.171509 6.984356
511.287323 10.071329
3391.129150 14.557656
5196.995117 19.901260
3260.099854 9.712624
8359.911133 6.923296
613.216370 5.483229
4077.477051 5.470723
315.234497 27.926208
3846.532227 40.097397
2011.140625 53.456104
1347.501099 64.456932
4569.644531 11.927062
7617.216309 12.299183
230.213455 14.323589
575.674988 19.203733
907.110962 34.344471
2052.698242 54.385460
7122.367188 83.472023
5889.062012 118.281265
5484.476562 30.752747
7776.910645 21.550756
420.149414 19.291958
3411.419922 23.214912
836.653809 9.543637
611.241455 17.242346
190.330292 28.599365
1969.199829 42.128922
105.367630 7.283100
1486.192139 4.561105
4073.515625 3.994540
1305.505859 5.426414
3395.905762 26.308464
5633.936523 52.138599
6356.154785 90.369225
13061.704102 135.484573
19489.044922 11.903643
7902.401855 6.630567
3054.709961 6.940087
4807.344727 12.480545
218.132141 30.388802
2459.003174 48.029213
994.655273 78.476089
9720.900391 121.235054
23483.736328 62.766857
6064.393555 38.177406
4972.237305 25.842295
2501.713867 23.498554
3118.439941 27.739103
4605.724609 47.393017
98.685997 75.753494
20666.291016 109.208328
7928.454102 30.623158
17622.179688 19.282793
7608.340820 14.851532
8819.736328 17.298574
202.062042 1.259526
1683.509277 3.868982
478.167175 10.909884
2050.804199 24.647041
29363.462891 14.595494
4331.259277 5.017905
5826.237305 1.276728
285.278198 0.604786
408.154938 17.645123
331.225616 25.692709
598.420593 29.956291
10383.549805 28.644604
8745.890625 2.206429
10866.674805 1.122719
3608.237793 3.143342
2073.475586 9.102858
982.846313 15.665273
511.824707 25.464096
3458.992188 39.837597
215.185257 57.219830
7522.050781 4.488118
3630.117188 4.066899
1409.147095 6.131262
477.413055 9.744678
340.996490 34.966587
4961.825684 47.394447
6337.476562 55.970242
4367.125488 57.976929
3912.140625 3.267337
14156.363281 6.043596
1477.183838 12.221064
7019.421387 22.270699
429.969727 3.856165
2490.763916 7.403150
4981.037109 13.991405
5386.814453 22.196253
3858.186035 1.983943
13403.942383 3.012214
1376.940796 3.215266
1716.551025 2.983865
466.253448 9.672684
1731.716064 17.431465
54.243973 30.459982
98.174637 50.001736
2309.365723 19.846596
6379.759277 8.301940
3289.994873 4.367892
2341.905273 5.416413
273.176697 10.474978
707.255188 15.493471
2142.762207 17.912104
8172.443359 16.979057
2665.403076 12.383956
2877.760498 5.999294
2181.669678 3.433540
535.832764 5.460910
867.855591 60.272522
1982.667725 83.789703
5966.563965 108.134468
2733.972656 128.650330
2296.901611 15.690765
19576.898438 18.073551
6228.166016 26.528725
1883.590332 40.719265
270.714386 6.709805
2145.347900 7.280044
12159.063477 6.145536
10726.662109 4.145277
9136.786133 7.908401
2716.541016 4.516357
4431.333984 3.726810
3154.858154 4.993686
2176.177734 4.525352
2603.285889 4.532112
1900.349609 8.266870
16855.781250 19.118101
31577.050781 25.116982
820.021240 12.971991
18985.462891 7.481387
1039.479492 5.524021
843.962891 4.100711
841.412354 9.994279
3940.833008 16.063959
4977.864258 19.802906
41671.179688 10.178339
19310.855469 5.378053
1225.923218 1.562082
8476.127930 0.894163
2896.739990 14.252956
1793.471436 33.936829
3558.051758 64.898819
3878.205566 102.192566
1718.073242 3.809376
8159.509766 1.752398
5189.279297 2.104121
18.619518 5.043718
162.746765 26.406898
1524.602295 40.321198
423.571228 63.913322
1819.078979 96.416779
17087.265625 44.815216
15120.591797 28.862667
537.897461 21.347765
4357.096191 20.589371
2765.496338 3.026126
1238.964844 4.974324
4649.137695 13.468483
5531.220215 32.954544
6532.633301 32.700378
900.948364 14.507078
4464.840332 6.309624
1029.371704 3.616901
431.323364 31.182066
521.170044 44.019745
6811.273438 52.340881
8673.253906 52.388481
31815.572266 16.805586
5532.092285 12.896361
4564.564453 12.918566
1968.670410 19.358994
249.083572 69.503716
2543.789062 140.697388
4093.699219 239.285004
39901.480469 346.314056
629.082153 16.247149
1038.251221 9.646368
4517.327637 12.919183
239.527405 29.510731
949.306396 2.442437
1083.273071 6.645401
1756.504395 18.337408
8460.511719 40.495205
19097.050781 43.024200
5085.628418 20.565342
11518.200195 8.176992
3075.303467 2.988420
523.616699 25.134623
2934.847656 35.031315
4323.593750 51.070324
4167.799316 72.428673
14927.097656 38.744320
374.591034 27.192112
1170.521973 21.468748
2211.651367 20.826729
563.210693 5.049835
2705.974609 6.171749
1362.305420 11.332438
1705.992676 21.657562
10734.524414 37.059616
2456.836670 22.512281
4241.567383 12.681786
111.753441 7.153396
48.301273 5.041091
936.194946 8.928829
2884.106445 14.619896
3696.891602 21.588369
1316.270630 3.465086
9586.936523 1.902608
2605.380859 1.785037
2716.670410 2.789771
118.618942 13.193762
968.605652 19.191877
2517.735840 24.094643
319.294586 26.332554
8125.136230 2.515867
31255.039062 2.686436
4171.567383 4.264788
3885.455078 7.833752
1992.684692 6.314582
1163.689331 8.281898
1104.588135 10.289680
5439.393555 12.166098
794.892456 7.863468
2446.429688 5.417196
1799.445923 4.399796
3663.462646 4.832325
740.138550 39.715111
2586.902344 59.507542
4384.422852 80.610786
2870.070312 98.074135
29211.062500 9.316724
1183.116943 10.196075
9172.332031 14.928101
1081.267090 24.530327
635.324646 3.879103
2466.431885 9.763975
2668.211670 20.891678
16405.763672 37.907845
24205.187500 9.985003
3128.468018 3.093968
5029.263672 0.875968
2306.196289 1.328947
2649.389404 38.914318
25.997557 58.898731
1762.024780 86.710419
3435.895508 118.868866
18438.398438 22.186960
16495.230469 18.300882
912.240845 20.120178
2361.318604 26.614336
495.085388 17.923840
5990.953125 28.990862
7984.284180 42.479591
7789.842773 56.141991
13462.501953 21.456854
152.577606 13.182913
2409.546143 9.470664
4600.728027 11.079746
3911.675781 15.332991
451.742065 15.918694
589.984985 15.089579
3881.471924 13.022562
13636.954102 6.549307
17819.851562 8.669024
221.974594 11.151587
2520.086670 13.568351
2426.234863 36.715988
850.082825 56.291782
3102.135498 81.558731
2272.304932 108.840637
6760.416016 21.141720
7166.154297 16.289732
8287.550781 17.323206
1748.946533 23.914375
2928.074707 21.468735
165.958710 26.077995
601.415405 33.596836
12838.530273 43.597244
10165.585938 32.042721
11011.541016 24.923748
2154.413086 20.856802
5337.642090 19.744373
412.830505 33.020805
208.039536 48.671169
1533.983521 64.780838
8738.690430 77.508995
18682.597656 7.576169
14629.263672 8.441503
188.637451 12.533445
3482.227295 20.617323
184.604645 61.637234
122.330193 97.490105
3593.165527 136.859283
10420.391602 170.170227
12960.873047 11.917060
478.123474 12.785358
228.117676 19.744883
145.735596 35.317047
1609.631592 6.120945
1345.260010 20.344694
537.351624 51.263069
8091.914551 98.782158
4105.613281 10.271715
2437.560547 3.069508
239.570633 1.869824
525.187378 2.242157
631.669006 38.206745
113.853752 71.144257
4648.026855 121.351418
2657.519287 183.612717
38277.539062 27.413313
2519.127197 15.377165
5143.696777 13.858672
465.213074 20.660889
3714.346924 54.840836
276.769135 69.905708
1309.462158 102.070251
3596.831787 153.678864
18982.048828 136.553146
3789.649902 91.249161
5401.800293 64.566147
320.292450 53.325165
19.352726 31.145161
168.834732 51.882561
706.364990 83.332802
1467.247559 123.621674
3901.863770 54.684044
2569.259277 31.656736
1732.657104 20.814114
324.858368 20.892986
531.443420 17.587543
70.270805 29.659149
1742.333618 43.189365
2037.985107 55.886936
8839.710938 13.659973
3982.065674 7.091123
3105.772461 5.385672
448.423492 9.034680
691.450806 2.477922
2555.702637 5.717072
5517.975098 11.222078
6834.708008 18.484314
4678.803711 2.076508
3080.532715 0.919287
671.327942 0.677632
2601.396729 1.058871
628.978149 1.045953
612.107117 3.424491
1101.273560 8.428105
10031.595703 15.941874
2591.223877 1.480521
8007.859375 0.450329
463.151062 0.283718
339.456696 0.359217
3191.110107 22.215548
1734.186523 26.685467
2873.948975 32.253422
9107.097656 38.145573
11155.233398 19.749716
21941.505859 17.952957
4709.754395 17.792368
4171.835449 19.218546
921.515869 7.714824
535.097168 12.640371
1055.011963 20.634302
725.308838 32.608646
11341.353516 8.654076
4498.105957 3.370135
489.083008 2.661295
2136.870605 4.506433
28.664907 3.739643
2688.593750 8.348557
857.812012 15.307188
1386.380371 23.148720
11776.456055 0.889675
5058.812988 0.903204
11463.277344 1.008205
270.748566 1.596127
280.354645 13.258122
669.029907 21.109007
1001.001709 27.970257
15385.732422 31.138161
6702.378418 3.372048
688.196106 3.089092
6230.476562 3.797545
455.163269 7.048702
275.339203 5.992054
75.546532 5.011852
7999.580078 3.880677
4526.792969 4.530765
18593.656250 9.282804
5438.380371 5.774125
3962.960938 5.185103
764.468323 5.845380
637.218201 43.606972
177.907425 68.028343
233.650208 94.592857
7871.257812 116.906960
6654.622070 8.642277
7680.721191 9.366816
2957.117920 14.435066
2973.977295 25.424706
3169.972168 7.176478
469.780212 11.081306
95.022392 15.608326
5597.303711 19.937586
20252.707031 19.347475
7503.360352 11.603157
1426.607056 6.612731
2185.587158 5.266685
2893.176514 33.560181
1056.694946 59.077976
12790.068359 92.503525
16258.856445 127.470856
17543.550781 7.958210
1910.242065 6.671849
1293.045776 9.646795
427.226959 17.707333
1406.995117 56.793285
3203.805176 107.151115
649.505554 185.191956
1655.797363 282.929871
4102.640625 49.863167
59001.476562 28.050468
1715.673828 22.835079
3509.293945 31.116024
2694.008301 4.320624
5827.336914 9.591311
3783.787109 20.416191
1622.159058 40.208389
13848.366211 54.053043
14680.412109 24.733170
1518.245239 8.681240
6631.373535 3.279916
4055.146484 5.036830
3457.892822 3.075898
3745.083740 2.877451
9407.020508 3.953741
3663.383789 38.660187
17729.052734 27.898544
6652.836914 17.543468
1850.028687 9.689382
1070.942139 0.297533
1937.695190 0.151744
1015.698120 0.741579
450.531128 2.324295
29033.683594 0.303450
14876.675781 0.464931
6125.670898 0.701543
2525.131348 0.630212
1992.996460 43.072277
88.501678 78.878983
3381.498291 120.454712
10175.483398 156.527512
18717.494141 3.527261
2223.388428 3.959062
9493.392578 7.795556
3285.848633 19.395128
112.212006 10.192272
908.752747 17.726307
60.519878 34.856876
8003.031250 64.480095
18397.240234 41.137920
1131.604736 20.669415
4720.896973 11.110946
18.433348 8.413625
1473.659668 11.376250
3911.932617 20.864937
8195.444336 30.487474
1849.700317 37.924156
2274.868164 7.052811
6651.882324 2.668205
1999.119873 1.434006
1888.491211 4.392868
2135.784912 6.599047
2574.095459 7.683913
733.689636 10.702780
12394.939453 16.540188
1304.613525 1.710644
2155.368652 2.392804
576.662720 4.310912
114.767609 5.828814
2006.449585 9.254376
1968.284668 14.523676
175.456268 24.284367
458.416809 38.536407
11144.233398 24.591171
1777.721069 14.933461
1059.790894 9.539420
1420.103638 7.744320
2154.522461 19.964344
455.814301 38.526344
585.127258 58.943230
71.612717 74.500237
17573.955078 6.373808
21140.626953 4.328140
11384.214844 3.639364
2599.778809 8.018804
2577.046875 42.923080
6219.746094 62.326172
1635.915405 81.217781
7764.706055 98.016586
24157.275391 24.308022
3851.775635 14.184403
4099.794434 15.210955
238.962662 25.936562
668.012207 27.308571
1724.503784 48.818428
13164.243164 77.563988
6180.643555 108.325806
14401.950195 10.236426
10753.957031 7.288476
29.067400 8.449001
552.416199 14.384563
3945.084229 5.767564
1720.485718 5.706230
19.995716 8.576710
5468.180176 17.450575
13242.840820 3.305697
57019.367188 1.275454
8234.730469 3.226261
5181.871094 5.352548
221.698807 0.147661
503.507080 1.782616
681.650452 4.592329
4598.214355 7.833046
8515.008789 13.221145
6254.906250 7.661636
4669.325195 3.067125
6120.028320 0.453084
625.484314 24.808727
832.985474 53.012337
269.590302 92.752098
315.532318 136.703064
7343.872559 15.132198
4166.483398 7.663502
169.757843 5.350013
797.091248 9.818821
1823.782593 19.471098
495.628662 42.545692
1197.298340 84.460968
3059.859863 143.774780
5308.028809 45.992287
2499.341309 23.112911
361.045654 12.573875
358.685303 11.040592
1754.658447 17.556808
740.797058 35.922104
2392.439209 68.759789
1338.168701 114.886169
14541.676758 29.135508
20462.925781 14.819055
1433.299805 9.471483
2995.547607 10.091369
1406.710938 8.157410
4085.999512 11.115227
20880.369141 19.379202
4756.423828 34.537231
20094.103516 47.898819
2581.555420 28.059793
2347.775391 15.561831
208.088699 9.461613
678.018921 0.495418
1016.072021 2.358180
2640.636475 6.294109
4090.615479 12.203553
4159.088379 10.859047
11181.802734 5.731555
4264.734375 2.277510
355.615479 0.523194
2166.348389 9.997110
4808.290527 16.312590
291.157684 24.060009
4.176000 31.167707
22568.718750 5.709979
23308.679688 4.984898
4347.893066 4.849049
13506.574219 6.215292
63.550381 30.619425
604.099243 49.535179
2710.228516 74.235481
2367.537109 101.065651
1008.142151 14.493917
147.392120 10.593012
1934.401001 11.996566
14.461485 18.385149
510.419159 34.777866
1044.855957 54.879997
2057.153809 79.523926
2286.098633 104.313393
3703.900879 19.426119
838.221863 14.405998
3024.895020 14.870649
123.095924 21.393810
237.594116 1.324223
725.787292 3.959769
10512.792969 8.271591
15999.540039 13.843974
6941.000977 2.500469
585.053589 0.816110
445.853424 0.083355
416.714691 0.173038
2239.320801 2.023360
959.376343 3.232543
4090.717529 6.064178
6567.214844 12.600916
12.795774 9.970085
12619.261719 2.904972
203.115936 0.646590
1785.132202 1.025015
384.459290 2.524961
2893.154785 1.620269
3509.184082 1.302824
3312.781738 1.558525
29153.142578 15.069732
1352.290405 10.933877
8073.443848 7.123147
10381.247070 4.280122
6.922184 14.797595
801.711670 23.679493
164.979752 34.961777
5256.984863 46.331444
12678.664062 8.681615
5243.662109 6.976256
1687.439209 6.991240
1827.962769 9.319647
1130.225586 29.643423
1833.887451 48.041809
6493.472168 73.728104
6627.194336 103.077148
11543.334961 21.714729
2257.502930 15.603259
3696.833496 14.753195
3198.339844 19.008593
750.091003 1.195854
2512.177734 2.018536
2384.684570 3.343759
2527.647461 5.914653
2559.136963 13.154512
2094.731445 6.224307
1095.814331 2.277565
952.499390 0.970261
443.822510 165.973923
426.289032 174.399765
8859.643555 175.745102
8153.457031 176.913391
2580.335938 103.496513
1437.111084 106.934128
885.859741 125.061279
1625.617554 148.009872
3013.710938 225.916504
545.640991 239.389648
9722.181641 262.520935
4567.732422 283.829041
23813.099609 517.666138
6097.960449 400.444397
1372.950684 300.702454
3331.598877 241.584900
763.650085 42.706726
2170.258301 57.302094
38.229733 64.264030
7630.410156 56.415901
5480.987305 126.055466
15100.194336 81.534531
2032.717896 47.482121
1250.963135 35.199139
126.922455 151.849030
3849.143066 215.333160
1543.591064 262.488617
8471.217773 272.505737
2205.827148 260.243927
1680.187012 169.969391
2416.486572 111.515358
497.624451 107.411552
2336.515381 116.156036
1985.046509 126.998322
10828.665039 181.520950
4306.243164 243.071777
2990.263916 470.868530
4381.762695 387.683350
1229.249023 271.423157
156.033554 168.139130
366.676453 44.536434
852.508606 25.820732
1786.992310 11.833911
726.351929 6.365451
11192.239258 43.177868
5401.735352 60.152508
3064.158447 66.856537
4737.753418 60.609245
149.225708 10.504183
7817.874023 8.740113
3301.083008 7.200461
12933.011719 7.740698
7509.544922 5.225453
2195.977539 6.586960
372.369507 9.106912
980.082031 10.780596
648.268799 142.348877
2539.199951 145.682739
339.778748 134.970230
10417.941406 115.655426
5099.370117 185.597870
691.747070 146.914673
2821.217773 129.448944
627.501282 132.046463
2599.760498 29.416574
5941.729004 60.051414
3214.895996 100.856125
7141.937500 128.242569
4880.812500 170.125549
8518.694336 119.610847
1424.280151 64.015968
1737.292480 29.180649
1771.003052 1.351530
363.197174 3.669266
5798.429688 15.397918
5083.886230 26.738123
2439.278320 95.325745
2847.127686 72.793732
2478.260986 41.636410
77.114708 14.610930
695.322327 52.260483
3817.834717 55.295677
5664.313477 48.812599
1456.283569 41.273769
5798.547363 2.361843
1782.223511 2.195409
934.791626 17.177048
847.249695 37.550400
750.294678 98.984245
551.628906 111.926743
2946.789307 115.244606
8105.348145 102.396736
20345.794922 228.710602
418.777100 163.703339
1938.489258 114.324913
2176.552246 94.128685
291.739746 19.974136
127.908356 24.669943
554.874634 20.071583
9373.334961 10.426232
3576.614746 22.062023
4175.530762 4.341856
800.105774 1.070817
1670.335693 9.199787
305.739746 241.314972
5975.494629 298.839661
3279.133789 323.248840
4824.141602 301.703064
6136.604004 313.033997
2029.755981 222.991043
1021.080444 175.665039
1123.863647 187.384338
359.852295 121.460045
902.382019 157.769287
7640.003418 238.797852
4398.519043 318.005859
5257.162109 466.825378
1268.321655 377.012451
6219.304688 256.284576
5632.338867 157.225266
488.942688 8.834918
495.552216 3.743220
20296.636719 7.468105
37166.402344 14.138742
2761.721436 81.756241
1846.545898 69.647133
4278.934570 47.773113
724.048340 24.768074
2947.511475 14.510589
693.119690 15.295193
2451.561035 26.453827
2433.209717 39.172485
14315.817383 143.148560
18647.699219 106.197189
6447.603027 64.280525
1510.873901 30.895248
453.776184 74.917290
3102.448486 84.683281
4396.188477 89.513832
5088.080078 87.313370
11416.964844 87.147301
5104.094727 72.091476
1489.527466 64.204247
1003.941223 66.046432
572.569702 38.297756
3319.312988 28.423977
1189.407837 32.587898
1938.795166 45.625580
2069.396973 149.610214
106.551277 127.710602
3075.622559 95.546783
1128.842285 62.545433
2022.586304 5.755141
1970.896484 4.754907
270.616058 3.888476
5618.734375 3.241985
4378.900879 9.057156
269.526855 8.616700
1143.847168 7.811084
1723.721191 6.808730
1555.072754 6.810246
468.357635 17.734114
1656.069824 32.396759
12506.905273 46.299255
336.364594 18.736134
1802.634399 11.240892
845.035461 4.728930
413.268555 2.458318
25.984680 94.677177
419.074829 79.660210
513.328491 61.676235
9020.352539 49.642929
1172.982178 71.902283
3.245488 81.913353
3347.137695 93.881088
2523.320312 99.803696
841.143127 84.252106
1640.740234 87.798363
1459.325806 85.315353
17525.734375 77.053925
2696.933594 72.277565
51.433800 69.958641
585.148254 71.754646
841.948853 77.519325
235.087326 30.611183
9754.580078 14.522929
5324.335938 14.288690
11185.017578 27.592064
434.780792 100.978996
776.446289 99.920502
3950.029785 83.715950
1375.425659 57.184444
1028.762085 56.495232
1164.431641 83.331436
3516.222900 102.124817
207.976974 108.144974
17161.572266 54.129471
712.840698 29.848289
4435.753906 21.493629
3880.322510 32.206711
9221.085938 77.239433
2717.379883 83.208954
3079.138428 98.718887
3991.152832 112.927887
4592.948730 194.020447
11614.262695 159.469437
1331.751587 119.711792
1760.738770 89.280365
1842.758179 3.619058
2717.679199 1.213465
8616.166016 0.431390
7231.702148 0.825424
11597.804688 15.124601
3768.747559 14.277791
3885.956787 11.347063
213.816177 7.345071
77.425285 40.297245
983.892090 41.380882
2660.220703 43.377701
4088.102295 45.975937
7909.929688 45.975937
4088.102295 43.377701
2660.220703 41.380882
983.892090 40.297245
409.460541 76.805710
120.637405 75.394249
6876.562500 67.376579
12624.297852 57.062889
37403.867188 68.312782
4354.337402 63.009136
755.351440 65.365189
2880.887695 71.932587
5148.668457 58.088737
805.224731 87.596878
1446.569214 114.193954
6172.172852 126.610382
2167.095703 120.160530
2818.645508 78.266243
747.991699 48.013584
1397.031128 41.228603
645.599304 30.470699
3044.746582 24.058458
3439.065186 34.886627
7694.603027 51.218525
15490.937500 164.336655
6602.563477 141.120392
193.358871 100.327888
913.145569 58.257584
818.953003 63.517521
855.846375 84.751129
7665.400391 90.657349
2725.405029 85.037460
918.918152 39.058052
6474.783691 12.778153
7730.238281 12.820536
1270.606079 34.478249
1020.252441 97.748390
96.677948 105.820023
11118.338867 118.028152
555.405457 122.364754
14420.765625 240.651154
7888.555176 191.354126
1514.831177 141.031372
970.104980 107.493530
307.526123 1.132925
0.230077 10.600196
5471.731445 22.340490
5065.251465 28.052582
243.454193 65.840080
2397.109375 42.123344
531.398682 17.553070
700.668701 2.383715
2475.404297 0.302727
10303.306641 0.243884
4622.041016 1.178517
4952.082031 1.334942
10863.957031 30.119370
1335.872070 20.588509
525.393677 10.660172
269.524109 3.475251
11.482933 70.812134
218.546417 97.046356
6747.873047 105.457275
2456.218018 94.065536
25087.566406 82.223679
1854.716431 42.789776
2775.390381 28.258974
1116.467773 41.542351
3788.100830 26.904964
2412.465088 34.474899
3617.752197 48.017708
7952.705078 55.427330
5770.261230 159.681229
3476.141357 116.488358
2398.311279 70.042709
7094.551758 37.459553
552.441650 3.914120
2160.854492 8.830690
5493.390137 12.873595
10534.446289 12.732410
14754.062500 31.179625
2329.337402 18.887924
746.709229 7.927374
208.443680 2.661533
209.660004 13.743770
238.427643 27.173370
6461.914551 37.299690
23925.710938 38.555210
580.528381 33.719990
943.038940 17.814182
829.903320 6.284935
531.536621 4.913348
434.459808 0.627958
1966.440918 4.410995
2683.573730 9.675235
3613.345215 12.700425
13822.178711 32.460751
3856.153320 21.346598
2067.602539 9.611304
714.464417 1.960286
1809.295654 11.725809
217.675552 12.880168
4984.261719 17.693411
3051.806152 20.963066
7341.460938 62.017174
7759.010742 49.208874
724.196594 32.256367
233.628143 18.210217
2665.470215 12.143850
4567.771484 9.256458
345.790894 6.435339
10192.197266 6.912857
2162.423096 5.491940
4239.841797 6.383031
3939.962891 9.810787
407.812073 12.450496
287.224182 42.361645
1366.110474 56.109634
6623.625488 63.142391
27940.609375 60.210907
5661.734375 26.415215
1232.869507 20.197582
596.131470 20.104750
180.637405 28.329185
5501.211914 1.622839
495.094818 10.930811
338.501373 23.833061
2518.791748 34.413830
1867.828613 43.136925
1235.450073 26.649446
3254.813477 10.471104
503.781219 1.016415
57.193115 42.579895
959.840210 58.148430
6089.662598 85.548759
9271.941406 113.836861
8857.691406 188.416412
2146.105713 132.634628
1533.195312 81.356361
55.108902 49.160851
197.057770 63.618073
428.558075 51.053806
1272.861084 43.003048
7486.610352 38.201912
15175.855469 130.194672
7215.451660 119.048813
30.018873 100.872864
3109.800293 80.923454
1271.955566 2.567563
4720.259277 2.788350
6811.667969 3.696374
12233.234375 4.419224
2095.469238 7.988618
624.144470 7.159635
360.522247 5.326052
89.549583 3.501183
106.664375 10.474010
3183.405762 11.691243
2748.385498 12.083262
1460.330811 11.372357
2080.151123 5.181762
4525.200684 6.168201
1515.241577 7.397861
297.656586 8.901554
432.545410 3.960297
523.153076 18.563103
166.446838 41.269836
155.589340 63.624008
5897.335449 73.651573
1032.972412 45.902855
3027.866211 19.680693
108.179024 3.976824
1828.414429 49.349815
1951.423584 37.929962
5258.558594 32.070324
12849.880859 31.530701
2802.254639 129.348404
2381.737061 110.166672
43.592888 87.642456
356.328522 66.337151
2769.697266 81.280029
1655.170532 96.951691
7807.641113 104.323540
1482.999756 102.498657
6962.653809 39.150219
4260.838867 37.687618
3314.373779 45.813675
304.178162 62.065945
79.940475 41.775131
1051.253296 26.206684
1727.315430 18.997946
2592.166260 19.529421
1113.813721 104.943428
360.621246 99.585663
133.351273 84.235527
1682.086426 62.946884
363.476105 38.008965
3148.498047 40.698994
6700.904785 42.333687
19401.132812 47.235386
252.024796 24.097719
1365.668457 19.938475
197.345383 24.313269
1337.281128 31.984871
40.427582 225.200211
676.892029 232.678192
137.198471 224.809891
10576.833984 206.463196
3431.455078 198.987976
6755.026367 186.237396
6165.706543 190.419647
1055.179932 207.228134
1361.180664 90.250473
96.851631 83.226791
6562.307617 113.906898
22378.388672 163.348541
765.208740 344.257446
910.221008 292.396973
845.536499 215.337936
79.852257 139.083389
346.816132 175.489685
1378.144775 167.877884
18769.757812 153.179016
2414.737305 141.893646
12101.712891 70.385986
2876.637207 103.513519
3761.768799 140.295273
332.813416 166.868713
1891.637573 198.917023
154.883270 203.045380
1684.370361 205.952957
3987.957275 214.606064
7038.448242 336.917725
11002.018555 261.152008
1232.445557 215.129425
344.951843 198.447571
336.646057 186.424713
1914.133057 202.846268
4662.148926 214.637482
78.428795 209.620148
8043.696777 369.012360
2340.280273 289.072815
1475.304077 221.544891
650.472229 187.092346
752.521729 103.684082
3295.911377 123.044891
8844.763672 161.886932
313.667053 197.087875
9592.618164 236.789185
2952.567627 205.923706
2055.415527 157.777435
609.790955 116.889328
187.196045 72.371246
3184.229492 43.189079
6727.700195 34.385986
13954.897461 50.882179
955.807495 115.574318
1255.906494 131.258514
3412.581055 129.411026
1215.864624 106.733124
834.452148 112.899498
139.627899 114.431915
2722.660400 96.921616
2796.037598 73.590858
27091.539062 45.643494
5094.097168 41.766567
2249.187988 61.488548
229.955124 91.250481
32.958839 125.463966
4052.043457 154.481628
3870.589111 175.013184
3531.462891 176.041824
2841.273926 253.428070
1501.106323 179.949081
380.435516 126.753464
3336.971436 109.830803
7963.941895 106.127495
9784.845703 120.351524
6714.756836 170.456955
5005.298828 226.569733
16892.601562 292.454437
562.274658 263.714294
5871.529297 201.792068
135.861649 138.360748
6656.330566 206.394119
940.902527 210.410828
1380.367065 176.086243
9827.125977 126.222511
17254.541016 21.577824
7669.489258 40.194660
6678.715332 95.484032
1278.858154 161.452057
1145.392212 112.237457
592.013794 131.089996
11144.851562 162.119324
4438.011230 180.108215
16984.697266 365.060150
1302.565552 281.997498
2413.554932 192.310867
4303.974121 130.147522
223.619598 20.942883
1280.675781 27.365517
622.224182 51.283447
5422.690430 80.018616
2807.259277 89.382126
4061.640137 82.666130
219.189484 60.324394
887.766846 34.795052
618.029297 74.388771
3961.384521 87.110062
4130.963379 82.034958
4334.331055 62.410675
9866.632812 1.720572
865.411194 4.762589
830.752869 22.273012
145.682846 49.111454
151.683655 68.353645
372.547546 120.118706
162.313354 197.990814
2211.281006 267.209503
6502.785645 340.411621
738.409546 237.220901
30.123322 134.657303
3847.487305 71.240349
2221.107910 33.656563
3794.724854 11.719657
692.102234 4.026667
25352.113281 6.579537
9621.531250 151.890854
9165.429688 137.952484
1025.164307 106.696877
477.355621 68.051605
1870.232056 54.497467
2027.609375 31.857002
254.859375 18.105551
3657.767578 13.515244
1548.277588 157.264954
8034.104980 141.069519
3118.001221 114.580856
576.730103 83.653015
431.231689 11.106247
1045.362183 17.707964
2264.928711 22.929352
2955.340332 25.807819
1955.390137 3.529480
2234.832520 0.610395
1090.163330 1.039636
1453.196655 4.919528
1191.857666 7.814325
4396.968262 13.325535
2127.142090 20.647467
11424.945312 29.844275
4868.956543 46.878986
77.066231 25.071297
320.223572 11.158473
1868.644897 6.079771
678.314941 190.601227
3486.314209 198.657684
10927.155273 182.548141
15667.119141 149.846954
11210.228516 145.125916
14598.055664 130.917038
2467.561035 139.801468
462.689209 165.304642
58.508183 126.438431
1187.210938 187.126266
117.117058 273.385437
2751.518555 347.257629
18035.816406 428.337891
9078.171875 307.543579
1196.627808 192.266586
4642.114258 124.882843
3183.819580 74.946899
3847.367432 40.295128
370.368835 30.578163
1191.508179 36.896099
109.449844 270.802063
4524.345215 250.262024
2259.885254 198.021042
808.027710 132.411514
688.242249 47.112358
3022.721680 62.207474
12330.865234 74.569435
3641.114990 88.052696
220.478043 38.372971
3238.260254 18.728760
295.132446 17.877321
3234.296875 30.211853
472.703796 237.238800
128.157181 244.700668
3035.202637 236.338074
3016.439697 212.462646
9266.521484 313.064880
8311.265625 262.961243
2521.229248 232.489197
3783.442383 227.249374
148.024323 24.240368
534.859253 41.821507
4756.404297 63.622143
25947.027344 75.538689
1648.213501 142.534683
812.537292 97.245979
2656.492920 52.437717
252.054535 25.716175
150.900055 12.263626
231.789169 18.351746
2700.295654 25.737951
9051.609375 27.811428
13568.493164 64.084732
4227.686035 46.308128
477.610687 26.889788
484.322754 14.272329
5118.942871 52.680450
3964.489014 76.924026
311.143158 82.839149
863.890015 69.755959
5152.236328 41.135021
7527.974121 11.409777
1123.871460 5.075806
490.790802 22.866755
984.489014 91.718391
3033.166992 111.975388
9110.826172 130.460495
7176.770020 133.670609
1482.204834 212.417999
4988.052246 158.964050
2168.792480 111.457047
1552.078003 87.818405
3435.576660 75.184875
2869.978271 107.773476
3232.697266 173.969040
450.992340 242.287277
3189.710449 270.804565
4393.913574 219.986176
6711.020508 149.690796
1881.272949 92.027023
2867.906982 141.777252
4072.419434 110.161469
892.258057 68.699577
11393.704102 34.081520
20192.458984 49.499287
1742.493164 91.035393
1101.408203 129.824081
4918.904785 149.582336
2948.490723 24.937256
75.529015 58.115166
7.933354 88.008240
16004.851562 101.201996
10478.328125 165.775345
248.990295 89.026810
1826.408813 31.321180
1400.268799 10.307112
597.264771 58.642120
1167.815186 67.590660
1877.598999 73.700592
18433.121094 67.608734
1308.404907 163.532791
1406.423340 121.727234
1822.853271 82.654503
525.071899 60.696068
997.429138 35.905949
488.952637 83.412315
2043.080933 129.470459
806.763062 151.780411
4435.660645 104.146019
9977.303711 58.771797
5585.343750 20.669220
500.407379 10.927130
334.730225 23.754269
1055.182007 23.523703
1926.613525 56.032753
2078.223877 101.748825
10360.310547 241.246826
1402.475586 196.212677
786.945801 128.398438
1443.989136 62.711678
313.828674 20.979210
2479.059082 16.556669
1045.548828 18.588184
6141.733398 23.187639
1949.349121 68.476761
1702.825562 62.248901
55.814980 48.423111
347.388794 32.681042
1225.563232 43.404335
6792.423340 30.503441
272.844879 18.932959
11736.539062 10.329664
933.122314 58.257591
2477.963135 63.555267
1784.652588 62.360092
597.059082 54.978779
311.882141 222.747040
1713.757446 301.042328
13540.789062 364.742615
236.294464 401.084076
10218.680664 409.852051
861.829468 258.264984
2018.934692 171.642258
2569.920410 166.236938
4826.230469 225.225449
991.519775 214.712799
1143.139648 255.050888
2335.616699 300.164703
5379.246094 848.223511
10947.281250 689.953064
111.083954 490.106445
2798.661133 319.042419
965.779663 15.272393
777.497620 11.611361
2766.510742 10.161502
791.341370 11.860811
10919.822266 21.931709
879.644043 22.665274
2552.354248 21.994370
4202.459473 19.303875
1870.584961 31.009024
2845.237305 45.533600
1029.943848 55.314667
16226.113281 55.076653
2884.557373 18.071793
1810.336670 14.017626
203.939423 12.863699
555.330750 18.572206
3303.439209 202.711899
10507.220703 195.012878
42.787327 159.721344
3353.370361 118.955002
6833.574219 46.606113
1323.668945 72.202858
2409.165527 123.144318
514.711182 174.930206
2519.406006 264.532654
10226.157227 268.209137
4719.214355 294.287994
25647.648438 322.722382
8492.572266 558.697571
659.069641 471.308228
5161.213867 374.712769
3060.274658 299.693481
2504.498779 85.584236
193.881927 83.888336
633.449219 106.201378
26996.542969 138.722031
18804.738281 227.831696
4156.990723 203.069412
259.440002 159.518875
969.804321 114.214661
2534.461182 49.427628
2371.879395 48.916817
1018.413269 41.263412
8622.163086 30.066462
15253.597656 11.370162
8706.363281 18.750166
1572.744141 30.466333
871.890869 42.301090
1550.431763 12.635849
11870.183594 22.252277
6957.801758 29.031260
2828.948730 31.030159
13632.008789 18.543829
3126.476562 7.326904
890.986145 2.063636
827.508667 4.465906
1923.819336 49.770134
2186.132812 80.424828
555.170776 109.609344
1279.071289 126.883575
7576.165527 197.084793
6142.593750 116.540779
6517.054199 58.165581
920.523010 36.843346
2003.751221 59.651844
1593.008789 72.234398
2046.238892 92.462982
997.604553 100.155510
11572.874023 298.272400
4265.817383 217.517365
233.906815 133.853394
1431.517090 77.120064
1208.280518 10.884448
1506.339355 14.417233
3868.631592 11.924622
8550.677734 6.790444
1393.601929 28.376268
3853.455078 8.390980
2367.458496 0.890577
51.321224 4.012589
339.214508 133.115738
638.874146 182.043503
11170.946289 209.616119
4634.636719 203.388763
7270.007812 187.809616
422.609070 120.177856
398.363464 83.298126
98.240456 91.032288
1431.985107 89.710365
866.496460 77.221237
896.580627 101.991783
1863.874756 140.463074
5648.989746 338.187805
9889.046875 301.448090
1133.999023 226.773361
713.417419 145.319901
2093.708984 132.446457
6110.921875 129.575699
12577.853516 116.615250
11897.871094 110.135376
4913.874023 31.051441
12460.799805 46.393517
4733.661133 81.030014
143.342010 115.090683
816.127563 189.005386
41.623878 191.053009
6855.358887 182.863708
8163.383301 165.681198
38676.476562 329.459839
6593.206055 258.707214
3183.035156 209.511139
2270.976562 189.363998
1049.053955 154.751190
2949.894043 199.267242
3144.534912 245.494995
1213.636719 269.676605
3340.411865 236.615570
1488.583496 192.537399
4377.654785 151.132919
1883.694702 135.425735
1706.388550 49.414085
361.009888 29.072882
3879.007812 26.396118
10830.265625 39.227612
16631.126953 130.879776
6256.818359 130.245178
159.227493 111.835854
1523.438110 81.018044
510.158661 13.417803
3079.586914 15.048875
5316.049805 13.804859
7378.753418 10.710630
5401.313965 0.069998
1315.683594 0.920434
203.064987 4.463858
166.985336 9.325330
3918.949707 72.365570
2980.906738 92.055107
5416.590332 107.240273
540.041626 113.679893
186.858780 97.156830
1288.034546 69.834030
278.165039 55.094913
2846.784180 57.112812
2072.043457 23.743067
3031.585449 14.299929
12047.859375 11.521471
10493.996094 12.656248
10015.971680 91.632736
1127.868408 80.179268
1318.306152 61.047424
3422.858398 40.324280
160.284439 34.743526
391.062653 42.462036
5638.525391 42.394787
11859.833984 35.972015
22006.384766 33.056015
2680.881592 19.058418
2302.216553 16.199144
3316.318359 23.493454
949.960693 31.980560
955.792542 34.907734
9997.995117 43.578072
13517.846680 50.279255
1751.947998 121.344582
1120.460083 94.838379
2342.447021 64.563316
1112.429321 41.520897
2354.075439 3.701577
709.300293 5.730113
2022.423706 12.743485
10476.923828 20.846743
7508.653320 23.050310
5030.977539 21.436531
819.250122 15.028912
309.827087 7.630185
1031.796631 33.884773
50.753761 47.412254
1134.447998 54.559952
3194.953857 53.410103
2437.656738 19.236217
10810.485352 10.790894
2317.151367 10.599073
384.810303 19.519522
1243.639526 29.858253
4760.330566 19.908712
4543.960449 23.602818
1729.511353 34.468258
941.188904 133.333481
861.506470 116.738998
1048.802368 86.907776
147.118118 54.291199
193.626678 42.820541
224.056549 66.606941
5469.676270 83.349808
4138.602539 91.099731
8611.195312 21.632959
368.250854 4.921665
1479.921875 4.211639
1088.934448 19.011450
657.587646 58.490173
3078.908203 35.668709
3570.607910 17.205732
3670.680908 6.777411
5500.465332 124.638687
594.676575 116.628235
527.637695 101.847313
400.588745 81.680862
1732.203735 13.568888
6222.955078 26.325813
2381.046143 42.509418
18757.253906 58.252823
4756.646973 14.731413
1012.940674 8.811251
28.500019 5.444618
141.512955 6.547145
702.281128 39.636158
2004.112061 29.856394
541.222168 19.695137
2026.331787 14.115179
8723.731445 58.222572
835.184082 52.449734
5908.596680 49.370506
2076.921631 46.037861
2775.409668 24.054565
3722.923828 24.573643
1607.344116 21.193727
1287.321411 15.346072
6493.125977 27.750771
1593.695801 21.167381
1796.222656 19.164566
841.632446 21.130535
1279.599854 30.002342
351.253387 48.937443
2613.766602 62.961834
5899.064453 65.465797
291.730774 44.784721
1143.239258 26.075232
1214.992554 14.392917
1254.449219 15.990929
486.110443 10.574837
8043.437988 14.177052
11371.985352 25.967644
21916.828125 39.680962
14120.832031 67.984283
2074.502441 53.732224
2434.945312 34.656822
1614.379395 18.132795
977.476318 11.615756
3561.044434 16.605209
5247.041016 35.156918
45.150284 58.460567
10368.676758 110.952362
2645.676514 84.075073
190.654144 51.550556
2172.648438 24.316286
506.574585 126.168579
567.524048 130.626297
15666.673828 116.459969
7602.181152 91.033630
9629.660156 14.285993
14861.062500 36.095802
997.004517 69.103889
346.152466 103.077744
1047.523926 8.568721
2770.970703 2.066148
7371.208984 10.890014
167.684906 26.432297
8395.494141 159.065536
1325.588867 122.756271
1555.734253 76.518837
1666.753662 34.657158
295.964020 33.834259
756.323853 37.242882
69.626183 40.908340
2572.036865 41.223202
10211.844727 117.262062
3595.951416 83.306824
1276.868530 54.289001
84.094582 37.675678
894.755981 0.774503
5051.822266 4.206833
398.896454 8.936500
7900.451172 10.868071
2572.890137 41.342861
1194.510132 27.294115
2200.151367 12.648909
1183.881104 3.012224
1.150330 17.509489
5752.935547 45.353973
5556.548828 73.602341
37941.863281 91.844940
1757.913086 154.529510
295.914124 82.407532
1892.569824 28.563768
1545.412964 7.304593
4930.149414 44.719093
9991.144531 31.442200
3255.653809 20.571968
837.014709 10.832714
12558.588867 136.216125
6388.625488 113.847870
1339.775879 87.109207
3670.389648 63.001461
7622.580078 5.953327
7880.091797 10.454069
7859.212891 13.779686
41598.003906 14.577446
8393.628906 4.905206
13702.363281 2.089351
8173.742188 0.857738
10555.575195 2.244297
2934.554199 14.813542
12243.244141 9.201394
9117.768555 3.498688
9512.518555 1.749420
20267.791016 4.782538
5629.519043 8.641404
2477.455322 13.952650
2833.055420 16.731871
4052.748291 13.860840
3180.750244 19.006433
894.419006 18.460943
2774.815430 12.982943
23613.658203 20.530466
20553.859375 7.843256
11087.005859 3.209815
7281.494629 6.660034
1880.890747 13.823636
383.422424 15.651323
1644.969971 12.647762
1322.340332 8.780379
346.330688 18.569761
2647.315430 5.659237
541.185059 3.163648
50.552330 7.952784
121.490479 117.501541
104.787811 151.027466
3028.327637 158.705078
5305.181641 138.819733
2509.915527 160.647522
3470.272705 94.865860
429.332458 66.260612
1174.595215 79.732544
303.705780 50.445065
822.055725 63.888824
719.755554 79.517372
12750.318359 83.191414
1252.397217 149.673157
3653.410645 115.908272
847.246216 77.991913
153.952271 53.456593
19.900740 24.285210
987.204529 55.653728
997.820557 83.760963
422.253845 95.254204
6646.910156 50.752678
4530.421387 25.406103
899.431519 6.112941
939.499512 4.883967
1259.136719 59.648422
301.014099 46.658436
96.727180 64.837219
4665.193848 101.880440
975.286011 213.377411
469.669312 197.185120
561.677185 154.434418
68.006271 101.170509
494.296997 66.037201
2450.046387 53.980659
11237.012695 37.503990
11046.851562 25.131660
150.859772 27.970076
1830.349121 41.299606
5221.773926 57.227299
664.055481 67.312302
95.131004 10.385818
176.556763 18.371727
7276.245117 23.944502
11997.730469 23.884966
13316.125977 20.883814
5438.883789 11.628159
785.699707 5.144747
1472.890015 4.791389
272.944275 68.853096
1235.667603 107.009323
2143.233154 138.305573
1350.150391 152.050598
4416.746094 75.470856
5128.520020 45.405956
2150.175781 30.627550
22.690718 39.312210
1874.956421 85.199974
3320.062744 81.954369
2971.329346 123.017609
13817.759766 183.826080
2443.825684 436.726593
5350.995605 351.139618
319.266418 241.398697
282.384125 142.523087
122.163750 45.985790
975.689636 53.800922
10014.630859 57.375477
5523.106934 57.008991
586.600403 18.549980
6292.634766 19.379757
6779.583496 25.655642
1058.237793 35.578476
578.539551 116.867111
671.675049 84.244766
10122.865234 56.952164
2143.309814 41.158051
12471.535156 197.725540
7551.324707 190.275543
296.755920 173.631256
184.988403 148.313019
2336.261475 27.060331
9311.197266 33.647331
333.198761 42.413452
9538.744141 52.896542
2624.670654 19.141287
8225.953125 17.604740
6317.621094 19.017902
730.330872 22.293211
211.967682 39.829762
4387.025391 29.223164
682.747192 18.275299
12767.193359 9.358861
1826.072876 36.663830
3173.666504 45.270084
1143.784790 49.227753
658.910950 47.228306
135.132095 47.369858
2329.438721 25.459658
3562.218994 12.158725
5332.184570 11.076135
9251.096680 91.190994
2285.489502 94.399765
8599.319336 87.736153
6328.842773 70.630478
1006.671021 9.300100
181.758453 18.889927
13236.888672 31.662407
2735.906738 43.199989
492.994141 33.081635
1686.844482 21.407421
3329.989746 11.180124
121.896225 6.429786
67.339981 20.181114
630.550049 16.978384
58.478680 12.709122
2958.434570 8.444926
8816.727539 14.434499
3068.066895 18.011744
1155.615112 20.636505
1109.207642 21.487528
708.812744 15.472338
122.714569 18.270386
794.653503 20.984922
15190.656250 24.312923
5082.689453 18.274939
172.984924 12.981754
927.841858 11.447745
664.749268 12.796219
471.586090 21.683727
2083.085693 14.721179
9492.189453 10.869823
10466.871094 9.431342
5179.948730 59.340134
2787.583740 53.172939
1986.709473 42.983364
90.967361 31.607361
835.375488 7.666152
5187.583008 5.907690
918.760010 10.012669
10400.650391 19.067389
13419.530273 24.782570
1475.339600 23.939213
2952.774414 19.857374
1719.829834 13.447239
2244.790771 59.098579
374.008728 82.657372
7255.188477 100.840607
17203.882812 105.929916
10501.817383 92.054832
228.218109 62.083965
6272.565918 42.956291
3776.801758 42.533924
1091.197754 31.669548
1632.095337 34.763550
1403.679199 41.325497
10007.017578 49.421474
5060.554199 25.406595
5131.508301 29.852055
4386.662598 31.641243
339.130402 31.436695
1886.456055 90.819412
6292.305664 113.605980
7048.623047 118.672806
32019.867188 105.270111
5325.304199 50.747379
9941.138672 35.387913
3473.117432 39.002838
1199.238281 61.020210
1633.367554 8.925481
6007.166992 15.380473
1100.652100 28.587761
13253.671875 40.043022
11986.641602 108.262421
4384.298828 75.534729
2206.389404 41.181999
1316.593262 16.927717
503.575470 35.912323
5869.932617 27.862072
4360.634277 21.286440
36364.121094 18.040749
4106.951660 23.956438
2295.465820 35.520130
1575.842773 42.087132
3104.314697 41.803440
6143.504395 35.132557
5358.624023 28.128780
5289.799805 18.202269
1030.022217 9.121257
3244.153320 63.262329
10168.330078 50.877243
15682.846680 43.198925
1282.517700 39.139313
234.312027 1.007576
4461.439941 1.762200
299.960571 4.046489
4967.781250 7.752309
702.350647 0.956489
1509.333130 1.215885
2584.726807 1.369572
1715.557617 1.154525
1587.379883 13.155176
4223.971680 11.056254
10762.172852 8.129399
9951.935547 5.798675
15015.611328 3.226280
6935.423828 7.039344
7912.484375 10.885695
5285.421875 13.201289
429.432800 4.450822
699.161987 17.651299
7786.111816 36.289352
9129.300781 51.412518
13544.391602 47.469543
3645.449707 32.034489
2924.899658 14.341811
848.209473 3.200032
1740.937866 43.226627
658.480591 32.684170
4627.345215 19.302021
1541.826050 9.391734
22306.019531 10.548668
3091.897949 24.306679
483.171570 38.085983
2792.590576 45.514565
2683.543945 27.793976
1988.213867 49.942604
586.763611 69.114792
2252.465088 75.552010
2409.700439 86.111069
3225.149414 51.172119
838.640015 24.199951
2081.178711 16.140554
80.790604 2.772045
5808.600098 0.714365
6954.309570 3.557587
4117.600586 7.195101
1584.271362 46.049034
1663.405518 38.638222
311.429413 25.249855
860.307251 11.595930
1872.812744 17.178600
3377.376953 34.112358
3826.805420 42.489708
22658.412109 38.469772
14585.449219 54.149624
5328.500488 21.534496
1982.334351 2.596070
2036.364014 2.783058
2639.619629 38.050247
1645.480713 66.857513
1778.353882 83.274612
8999.228516 81.017433
298.747559 129.361267
1886.337036 62.384266
722.230225 21.256393
1654.511719 16.023811
1022.926453 82.251976
220.251068 117.895523
1777.836792 149.255875
1356.432983 153.970398
5085.509766 259.731934
9460.941406 177.962479
5503.111328 105.904854
1576.617432 72.117447
932.855774 5.547120
1827.009644 23.520660
7384.233887 40.690392
34249.968750 45.782104
547.009827 86.699799
65.707764 49.843193
798.212585 16.577442
958.600098 0.627231
2808.026611 62.168552
753.422058 99.306023
636.916504 138.955994
1019.280273 158.412262
9086.140625 243.774994
10626.042969 163.008560
1955.604858 90.669334
1.322551 54.440155
364.417267 82.650063
3629.333496 90.815269
3710.056152 119.495918
2521.224609 151.915619
2291.758789 206.677048
355.054321 182.149612
1501.532837 140.978775
962.075562 101.842438
2877.171875 70.295654
652.785400 40.594597
478.343689 18.233597
8052.462891 9.884253
3226.733887 79.729210
5.656369 100.519676
21.230331 107.376663
1878.709106 95.988960
716.843323 18.464205
1452.773315 39.399487
681.110596 68.155853
16751.308594 93.374893
3116.020752 105.019707
1347.415771 67.693771
1003.516846 33.805855
800.909973 15.495636
921.569641 27.905636
30.890699 19.479603
4656.953613 12.651107
5571.344727 8.050702
9355.737305 37.109978
1773.657227 41.882210
3757.199219 41.361523
3599.838135 36.036205
1659.929932 8.546299
1309.433838 16.489252
12154.702148 22.369879
3158.168945 25.395416
939.931458 25.012287
3400.219238 9.610888
1488.038086 1.605097
142.677521 2.111219
946.148132 13.921499
121.412170 17.304550
3226.729004 28.813890
10352.971680 45.428108
9265.322266 117.253815
354.288452 78.205437
2135.181641 44.426151
472.766602 22.327740
121.272354 75.009720
4789.483887 69.654755
1708.916504 60.432724
4122.333008 47.440605
23845.455078 64.212341
1921.806396 72.191360
320.671326 76.253700
3585.057373 77.087898
746.059875 20.029278
1924.620605 6.978762
397.773499 6.400091
4605.093262 19.408295
3838.368164 77.404190
904.379333 71.509460
1263.674316 58.636635
1662.233643 39.718563
161.459106 58.485466
527.082214 77.711296
6437.072754 86.688782
7238.765137 84.426018
754.142578 5.009583
4426.307617 3.784805
915.889954 14.350014
1216.454834 34.721954
764.531128 41.076855
8608.617188 37.281105
3517.995605 45.438812
7033.323730 60.587692
4114.454590 188.679245
1769.778809 143.172714
2384.117676 97.032578
2772.558105 61.003632
1183.941528 67.283035
1438.006348 62.468948
984.487122 51.642017
2954.821777 39.025745
11763.158203 92.265533
3389.558838 76.492950
738.470703 68.700752
1351.947632 67.500046
6571.084961 134.907791
1035.104980 193.161102
1577.476074 241.462524
6470.340820 260.243164
3859.989258 212.372513
13802.808594 142.646652
1058.312744 97.353958
4260.356934 95.605225
3314.068848 25.345642
9231.723633 27.425575
4119.087402 48.455711
12618.678711 71.686264
4017.247314 228.392517
1634.944580 175.076767
1763.062256 108.846008
1031.103516 53.331398
514.526123 6.213951
128.953476 17.363605
3223.173584 29.858597
4530.395508 36.621651
15749.571289 98.537552
10103.496094 58.641270
10764.905273 24.471727
4837.702637 6.405940
488.989990 59.576145
3924.055176 59.084126
5796.817383 65.822098
12594.045898 70.636429
1327.480713 164.779221
4563.714844 138.092102
2380.262695 103.517242
2959.231201 74.446136
71.535103 46.368103
1263.161255 42.749397
1929.084473 39.410835
17446.648438 41.404709
4910.506348 12.923115
2796.954590 23.467947
3689.560059 36.291546
1073.692261 44.897602
197.221130 35.548130
2179.364990 31.330307
2664.013672 29.861542
4757.201660 29.504454
1379.130981 120.820312
352.672852 92.393326
271.474396 65.502007
283.854034 46.101269
1496.106934 12.986518
874.443970 17.660664
9747.129883 28.703838
4318.323242 47.063133
2127.066406 12.570220
2107.808105 9.940106
2992.653809 10.481588
1288.712158 11.483892
269.933258 215.540756
793.081543 216.063858
5041.812012 194.353958
3169.110352 158.576202
17109.412109 166.801437
1466.059326 162.083694
1301.251831 174.432480
1158.841797 197.107803
1319.416016 102.223038
1966.591431 112.977921
6851.585938 145.724930
4999.834473 185.435928
7892.552734 237.919556
3402.645752 203.704742
2904.385742 158.615707
1452.638672 119.559631
3188.662842 107.260269
4083.387939 97.687775
575.805237 91.082611
7079.941406 92.823318
7053.782715 107.796692
270.227814 110.864571
1015.082275 114.530540
384.900299 113.863556
61.021889 2.023200
382.811279 2.025908
23280.818359 8.902862
2916.290039 20.166313
11949.085938 79.784401
3125.697754 53.833000
4451.414551 29.177469
661.436462 11.012177
3144.131104 127.070526
8891.799805 115.313660
4775.995605 88.340225
4539.360352 54.333771
14250.679688 75.951378
59.700157 89.084496
2553.146729 106.819389
4158.248535 122.378929
1004.296936 18.634047
923.346069 11.928788
15756.146484 31.555025
6789.304199 68.564499
15555.601562 125.984940
5148.091309 115.318848
998.169495 85.840576
1136.864258 47.998280
1019.855042 69.934608
6349.878906 51.797234
1629.358032 32.998310
10610.914062 22.608778
10791.199219 35.818970
4798.845215 55.081837
8339.519531 72.119301
771.445312 78.128616
108.651909 117.805588
1657.478516 155.648468
6195.864258 178.825089
746.327332 179.229355
23139.587891 142.850372
2462.322510 96.684296
175.733368 74.528717
3202.975342 84.334366
1980.168335 24.530327
403.524353 40.881248
1728.965332 70.342598
77.682365 96.400063
6168.987305 171.889145
3852.322266 124.070396
680.556763 71.529556
180.026733 34.294575
194.262375 78.066650
372.909668 73.449234
3955.672363 99.160316
467.369843 136.822540
14089.361328 280.502533
5737.639160 243.438446
250.379211 181.345047
1013.759399 118.138672
1818.026489 147.138000
4781.346680 121.272713
11289.634766 92.631836
1394.628906 75.902634
11713.378906 58.664764
1769.837036 99.625153
5687.363281 136.995346
462.411011 154.758957
699.417969 266.834778
168.362610 320.825623
5825.566406 378.139374
32994.078125 423.523834
5390.522461 536.485046
2937.610352 388.622406
2358.000732 284.217468
630.366760 245.691437
149.519165 297.562897
538.486084 301.376068
5498.541992 302.713257
4724.468262 288.812958
394.488373 427.825378
18996.912109 385.941986
7216.924805 339.282806
862.279541 307.509277
1407.283447 8.544492
2629.049805 20.801769
3334.623535 46.063381
1027.255615 71.296394
1956.309082 108.789780
1798.134888 80.184288
3468.475342 44.795029
1990.638428 17.196795
49.436554 16.445721
4997.761719 7.720414
3943.389893 7.747342
6446.069336 13.618134
6727.076172 78.402420
2055.598145 70.187393
829.607727 53.286537
954.495728 33.177147
88.044319 4.532285
1207.042969 6.269814
2661.065918 10.980555
12294.374023 15.001478
1426.371216 45.186058
1329.512329 33.146217
3002.428467 19.329605
1952.396973 8.785541
2078.149658 11.365955
991.935059 18.641235
4150.469238 25.694292
379.469391 31.143822
11673.245117 1.870467
1634.677368 0.383103
425.049561 1.475984
206.617203 5.290265
1466.993286 27.590858
614.049133 17.078203
2341.320068 7.855373
1537.673950 2.103445
8551.419922 33.830853
721.835815 39.478378
384.254883 40.624809
1193.885620 36.318626
1147.740967 37.555550
2212.551025 53.586399
3235.167480 69.965851
2080.170898 85.392204
4500.813965 53.218506
4433.935547 31.822412
2056.243652 22.541906
41.321369 25.597933
2302.764648 183.000519
1384.764648 171.467545
14230.623047 159.687759
11649.774414 151.193802
1050.529297 247.645416
2625.095215 226.061966
345.395752 207.945099
703.706909 194.313660
380.320496 26.326538
2509.871582 33.952553
6104.548828 54.508381
22790.814453 74.763702
4731.269531 184.144165
11906.114258 135.710968
2677.784912 82.316116
1037.056763 42.189396
65.009743 6.341015
689.176819 4.744009
14102.997070 5.840328
8451.557617 9.265420
2528.562012 33.135231
4731.014160 25.282734
397.717834 17.329245
959.863525 10.683248
644.996460 44.709915
1840.182983 43.913933
1471.479370 37.807720
9831.697266 27.781116
13430.864258 19.391018
473.002777 26.039387
953.897522 33.669735
491.581177 40.660156
791.559570 33.143085
5332.900879 51.682182
711.251953 89.764572
9420.335938 135.129181
5465.102539 160.466217
6536.937500 115.992012
1440.348145 71.634766
999.331360 40.610931
588.733765 32.933075
2512.285889 18.828186
1930.297607 11.498394
1082.200928 10.368229
5682.583008 111.292130
403.171265 96.850525
5294.301270 75.752785
3184.544189 52.902222
291.634369 14.222357
121.889160 16.962488
994.202148 19.398430
12738.665039 23.433514
3035.739990 45.330875
624.409607 25.812729
160.387238 15.035173
58.851017 12.364799
1169.261230 132.498978
55.970154 136.478699
3477.200195 130.948639
5130.586426 127.212723
1732.662109 181.692474
1452.270142 133.126572
1482.809448 115.428314
1053.672363 120.830017
1125.536987 253.411758
290.380249 256.627045
4415.840332 240.685684
7970.158203 205.470825
1432.841064 347.370972
4001.443359 292.662933
747.380615 256.418243
1442.546387 246.698547
600.708496 140.286484
151.354080 238.847198
1764.504028 339.135315
4262.194336 397.011261
2610.953857 289.502075
25.825068 191.385178
147.956665 111.174164
1407.425293 89.952019
1816.423706 56.860603
638.512207 52.174541
1705.437012 96.256798
11028.144531 161.853302
15619.616211 419.510254
206.979584 337.337646
1133.158813 224.842773
891.146301 119.694946
39.304619 23.129988
464.926453 2.200930
1109.712402 4.959975
10010.073242 21.086203
1811.589355 204.516525
3414.613281 177.357925
2720.226807 126.032761
85.840332 68.255783
461.820709 17.096390
355.523682 12.281498
1426.091431 8.609285
1109.602905 6.253551
4220.084473 29.891821
1471.876221 29.773190
1870.849487 26.997755
238.024841 22.373327
74.947388 27.073259
8329.467773 21.353569
6377.557129 15.187127
13121.896484 11.343575
1698.386230 47.934826
1667.223511 40.309162
409.497620 35.123055
61.759315 31.335194
111.181168 20.415781
144.735107 32.841629
3195.399414 46.468510
3480.621582 54.682152
11192.320312 43.997417
890.431702 31.756824
1538.381592 20.120323
269.480713 15.399190
1306.250122 2.075705
1424.860352 8.866249
11411.388672 17.027977
2827.002930 23.289913
9039.235352 26.844667
3894.717773 14.867892
898.109253 4.777108
1414.388672 0.136971
993.528503 31.669592
94.453133 16.725590
11977.299805 11.554659
3512.816406 13.978823
7421.955078 107.910652
2171.052002 99.465744
1390.763550 79.700073
354.391571 54.587975
1698.940918 9.766525
396.026550 17.960564
1768.970459 32.247623
658.627197 48.325008
8851.427734 32.690422
2386.709961 24.311878
1864.175049 15.378009
165.109772 9.376559
1108.063354 86.909279
1535.469604 97.516716
3552.257080 100.779076
9268.041016 97.628860
9353.872070 40.944347
3138.223389 44.135967
2298.561523 55.276897
839.543823 71.241959
578.734131 80.872849
3782.168945 62.752655
4026.173340 45.847633
803.498962 33.946812
5170.989746 89.259239
1257.346436 99.407356
1732.111328 101.950165
2214.186035 95.285263
228.389984 20.119959
953.623230 38.704758
64.554886 65.161224
2153.922607 93.049736
210.025513 73.825981
2296.951416 45.534428
1677.079224 23.887741
363.070343 14.593311
1423.568359 147.138504
1565.439941 112.553169
1400.946167 77.450836
14946.668945 56.286987
1186.098022 173.161942
298.456543 175.277451
1816.618042 177.276901
2013.008057 169.744476
158.153244 159.464844
2024.210449 196.891083
2098.357666 216.225311
48062.933594 214.903381
5273.165527 129.321945
332.741089 96.911507
48.996578 93.254272
2618.570312 118.527809
457.550262 219.506546
4442.162598 267.411926
8795.925781 339.624817
15240.731445 402.686310
26118.453125 593.184326
957.322815 446.939880
3693.890381 311.409058
91.235588 229.690460
2251.613037 293.656494
486.167847 285.279022
132.825134 302.915192
4745.018066 326.912598
6972.212891 519.109009
12374.130859 475.585876
3125.413330 405.632141
22.827215 336.864990
3198.572998 61.193687
2839.725586 41.248028
5429.859863 28.433264
11356.408203 26.458502
9193.832031 86.815201
4172.117676 94.862160
5131.347656 93.438866
1694.072510 81.003853
935.441040 7.427271
4541.145508 5.500715
2442.484375 8.836780
2385.348145 15.335545
11168.669922 34.770599
755.175720 31.190128
885.561646 23.442307
2540.508057 14.298705
265.472473 138.786041
1782.964111 185.036865
2853.865967 213.531448
10302.984375 219.912064
18295.574219 105.341492
942.137451 68.090698
4731.490234 63.149292
4681.553711 91.289429
1194.714111 127.125572
371.944000 115.257065
422.821442 116.455124
4094.374512 119.129715
1416.132324 328.323364
3101.726074 279.069611
533.949951 216.379013
100.877037 161.203140
533.667419 9.795085
4620.429199 7.196231
5324.072266 3.797049
1624.714844 2.746065
5322.781250 0.337219
3241.594727 1.785492
6468.983887 5.867780
216.125900 9.331566
569.541809 84.112198
5245.086914 105.225281
15520.113281 116.692459
4106.938965 112.907730
11143.417969 76.122078
355.573334 60.761139
2875.951660 55.198059
969.633362 64.139954
2800.878174 50.801487
2208.611328 34.674404
7389.335449 42.354794
356.419037 67.464577
5152.117676 188.865814
3498.395996 169.335709
1729.221558 131.825638
1413.160889 87.254982
2447.225098 93.238319
1281.029175 122.223495
630.029297 133.278473
1454.132935 125.886826
31258.761719 21.379017
121.760918 12.805193
2330.273682 25.424459
2312.922852 56.149071
3601.655762 43.200699
8443.139648 25.490513
2008.173340 12.845703
4679.050781 5.838463
10667.976562 76.088051
45.086300 82.388275
195.627335 77.065147
2889.241943 62.282005
2384.497070 79.143837
196.406158 74.676071
9696.099609 69.059967
44423.585938 69.455132
1177.370605 158.564316
125.239883 116.963989
2136.755859 92.549835
347.377075 82.734047
1085.172485 59.008469
1045.786011 72.865265
3430.120605 86.103386
1014.118469 87.699074
28998.132812 109.029076
7119.232422 89.706139
2145.000488 67.867485
4527.190430 55.846180
2337.733154 19.381907
698.057617 10.366302
152.784729 2.765478
703.172058 0.790791
591.513916 7.339471
7637.423340 16.230522
576.202393 23.410254
390.934906 24.731419
914.107727 52.766594
2687.281250 88.712883
128.440247 106.207954
13970.529297 98.503754
4256.913574 51.626286
628.413391 14.548104
424.820740 0.916237
44.571754 16.890581
3938.088867 35.441586
4793.553711 58.902481
3452.079590 84.269394
7749.138672 96.420677
995.343323 187.486633
1069.009521 121.681747
427.466492 63.552132
907.789673 33.207230
198.922318 65.692848
930.991211 105.681808
2284.252441 154.130157
696.845093 184.112457
6037.588379 250.947174
612.125549 175.558777
2916.410156 101.982674
345.394653 60.969837
1698.020142 32.686558
7584.121094 19.824308
5185.861328 26.103745
38469.144531 42.429428
7647.080078 158.242233
1504.262573 142.336945
1793.759033 106.720627
2641.879395 64.954910
226.874481 1.882588
633.559814 0.006497
1489.773926 1.722416
448.989868 4.776995
4001.197754 27.680378
3303.750000 24.017401
3296.310791 16.375561
469.343445 7.910389
1276.408936 21.248671
1028.941284 26.461868
1432.324829 26.635242
271.335754 23.335949
7885.931641 4.090479
3744.480225 0.762458
2681.520020 4.286626
3088.825928 12.532910
181.559067 8.097402
946.669983 16.078135
937.086304 29.756506
1565.182007 41.212425
933.697876 115.517868
250.452835 76.174316
21.715406 38.616882
9.965311 14.401031
749.855957 2.561822
2737.241699 4.098255
2331.631592 9.719939
2642.846924 18.628195
1750.364502 65.285316
9.722138 40.027290
1427.179688 19.620228
680.812256 7.113752
1016.494446 117.422012
1092.916016 118.004036
1548.136963 107.238739
19572.572266 87.370117
1930.515381 119.171410
1732.539307 107.902321
121.543968 104.999481
114.034599 110.299736
4454.026855 57.712341
3877.708496 63.875832
3036.593750 80.741821
11374.094727 99.905075
1918.285156 115.603943
3289.925781 103.218216
457.803192 83.582382
897.542480 65.523331
679.399414 16.849159
1498.042603 7.675771
5994.979492 3.924300
4199.215332 6.696125
13275.958984 36.101868
6795.836914 38.716919
8057.858887 35.967728
2134.000000 27.742603
1376.619385 11.482535
6.062893 22.986721
591.420593 32.201450
5104.654297 35.805107
480.693848 16.101950
114.125343 5.928975
623.260010 0.538439
2751.595459 2.669759
722.001221 18.716223
2512.022705 29.461746
2741.666260 49.226025
9427.241211 70.520630
189.064850 126.274323
2510.370117 85.158974
724.989624 47.675797
287.446838 24.010746
159.718246 88.776276
423.194855 74.681808
4552.860840 64.808617
1427.416626 60.041847
6676.905762 136.524200
955.243469 131.618134
2225.121338 120.330460
515.410645 104.997520
124723.093750 124723.093750
124723.093750 124723.093750
0.000000 0.000000
0.000000 0.000000
0.000000 0.000000
0.000000 0.000000
0.000000 0.000000
0.000000 0.000000
