628.896240 564.282837
4935.160156 700.310425
2156.301514 805.541443
17944.093750 853.055969
10882.539062 289.922546
466.002747 290.813599
261.326385 337.291473
1388.202637 433.179840
4237.547363 304.580475
2175.050293 317.196045
1317.706787 524.291992
25114.251953 1044.226196
19056.361328 1058.153442
5648.116699 642.205322
5683.920410 450.246399
2106.593262 361.613770
1038.314697 3.263916
2505.286377 12.721365
1947.472656 55.331341
935.355591 110.731400
5603.757812 806.581421
1418.908691 498.920319
10036.070312 234.287659
91.191162 66.846642
1471.496338 395.199402
1345.664673 589.375671
10093.331055 750.295288
19463.226562 884.770874
2706.856445 542.431396
2002.601440 245.232025
395.201782 142.032700
800.220215 217.233353
592.525757 166.192719
2640.501953 219.661163
5047.478516 383.900940
12014.189453 651.346741
4653.999512 1246.384399
3427.471191 796.074341
478.526886 447.876831
585.464417 237.363388
1248.672974 165.760406
1264.486938 121.575333
3418.561768 86.790215
5347.934082 56.717953
4326.888672 397.736267
9798.693359 356.211975
674.440735 291.533020
1792.531006 223.529022
8700.751953 84.479347
7544.126953 120.442635
16858.876953 174.446915
18384.457031 232.805573
1108.204834 102.859322
2069.968506 88.700104
1045.348999 75.635002
638.176208 71.117966
1781.781250 271.101196
344.683594 263.135681
7696.936523 223.654755
33852.054688 252.932022
7374.527832 447.747070
2773.126465 204.726135
2038.382568 156.346741
468.033783 215.711044
928.105469 51.238068
1308.746704 73.169304
570.341919 172.843857
2441.660889 327.255524
683.845276 378.276215
24645.716797 293.228546
697.762573 193.052917
8292.130859 100.831833
448.336914 10.082740
2543.326660 27.798433
4396.480957 62.554214
2041.518066 111.284477
4312.586914 320.214417
1321.940918 181.536636
1084.417114 77.567139
3095.397461 21.908678
25.585146 238.979752
283.301422 339.777405
3027.000000 486.501160
7458.782227 647.997742
198.070511 77.928650
8498.538086 116.500732
322.361725 150.483063
52.303295 183.518021
402.314575 99.169907
410.050171 124.822174
6001.282227 133.438156
9667.439453 177.995667
11308.479492 859.991394
1169.010620 410.620544
2780.543701 156.104858
406.875610 80.902657
1183.709717 86.470886
11.607445 143.578125
4961.530273 228.042191
2183.248047 338.516357
2675.669678 104.335678
5482.484375 54.099213
346.958649 39.926346
1667.359741 52.462669
101.270218 524.077332
432.718628 692.263062
9671.758789 751.452332
17935.728516 741.519592
3898.546143 933.959229
4138.817871 455.790039
1073.988281 260.074585
187.079895 327.722534
1634.953613 293.319275
5266.170410 385.752747
4661.270020 564.389832
3639.760742 801.182373
4501.600586 1088.130371
7835.220215 738.876892
20.944508 467.169312
1457.186035 315.224731
58.219078 124.956818
8621.277344 127.499115
2133.276855 161.060806
11873.099609 218.424988
14814.529297 354.205841
24.409731 280.901947
711.016724 209.994202
2523.484863 154.385101
3987.598633 2.049103
362.077393 9.748712
8783.130859 61.632645
4887.973145 202.082367
2867.815918 354.636475
270.386902 149.022125
5488.569336 46.692474
830.700867 10.945997
653.138855 111.896851
1001.364014 234.765656
2680.281982 347.297394
8812.221680 390.695984
6032.684082 449.512909
1955.383667 260.350739
2786.343018 106.705292
440.722687 53.631783
765.012451 36.782284
2802.530273 16.223579
2362.962402 49.714722
5359.902344 177.409775
3861.110352 352.349823
2381.421387 204.643677
463.969330 123.130257
274.003845 74.966499
261.201752 32.547417
649.307312 37.125374
6371.674316 51.579678
4677.684082 76.221436
1984.120361 151.213562
750.124695 100.026443
3040.403564 61.759727
1598.900513 39.727551
2515.598877 60.545708
3484.916260 133.092026
8842.399414 248.261826
6430.839844 378.676300
111.722069 11.440166
3242.972412 23.386318
1.124066 27.046890
1115.257324 31.709740
325.532440 118.316528
208.404480 197.012604
9580.568359 279.788544
17603.306641 316.478912
9857.335938 448.053650
4067.090576 303.302887
498.893585 167.706116
87.247772 99.470047
1070.653442 260.565247
5109.106934 308.472198
19519.296875 287.704132
20363.578125 201.596405
1511.658447 315.366364
1878.569336 197.418839
2420.452637 152.648941
228.472382 187.698944
1893.890015 57.614227
2109.855957 24.339823
6900.682617 26.478249
3779.347168 88.987106
9041.848633 176.085968
6753.166016 140.507187
951.043579 121.084770
545.476807 95.492569
882.812317 243.232910
1110.428955 283.425049
405.526794 364.415741
6688.531250 496.062744
6856.885254 19.414202
1293.010254 81.739059
4068.419189 156.633972
4345.556152 210.509048
1585.448730 76.206497
2697.702393 123.061020
3549.725586 244.111877
22058.505859 392.061279
2046.638916 687.948853
6913.436523 489.342834
1108.290649 284.049744
994.006226 132.192963
1754.658447 10.091369
2995.547607 9.471483
1433.299805 14.819055
20462.925781 29.135508
9739.474609 114.886169
1338.168701 68.759789
2392.439209 35.922104
740.797058 17.556808
198.922318 60.969837
345.394653 101.982674
2916.410156 175.558777
612.125549 250.947174
17888.666016 184.112457
696.845093 154.130157
2284.252441 105.681808
930.991211 65.692848
318.127197 127.134293
1469.989502 137.549591
686.782043 145.177109
1636.854126 157.254791
5988.434082 267.683350
3140.100098 182.901138
1153.804199 134.172348
595.736694 120.516266
3063.748047 138.613739
2410.362061 232.272186
14211.465820 354.239471
2492.740967 485.476959
1721.454834 207.383499
2677.405762 124.929161
416.970154 82.348351
164.892792 86.593948
142.473969 36.786789
4156.561523 24.173637
778.339722 41.789928
4768.994141 86.167984
3766.307373 568.750183
3344.810059 373.809479
1085.423340 206.596039
611.779175 93.352379
721.473633 278.975067
1280.920044 421.611420
2229.585205 587.080322
1970.215820 758.548950
7738.429199 4.078783
4212.501953 12.631179
120.552956 71.099510
5642.826660 162.224426
92.677193 161.703003
3900.418213 215.953247
3835.446289 219.082779
22973.621094 196.179855
275.093964 892.501831
3357.280518 450.616119
2504.420166 187.178146
2563.796387 116.729393
295.484070 19.158648
5564.348145 38.816414
15646.085938 101.327805
11491.087891 200.613846
7314.924805 122.124588
53.713047 90.465698
166.904755 60.032360
1216.867065 32.019936
63.458672 12.451326
6127.944336 3.695446
16805.265625 4.046881
39890.363281 19.700209
2441.346191 297.336639
2985.218750 178.444473
1701.608765 89.043365
564.032654 36.495850
346.051636 108.995461
1499.190674 201.130035
903.524780 318.902740
8913.531250 447.418945
10404.403320 174.510712
80.158272 87.073761
2195.075928 45.987267
382.444061 54.471016
1034.543091 14.427277
940.567322 11.497581
13971.130859 37.096149
8200.796875 111.850616
25339.271484 550.304260
3114.345703 304.792908
3681.017090 137.177887
37.113579 48.452133
772.335754 0.150065
1381.652832 3.081254
870.226746 3.853300
1479.054810 5.187821
1783.634033 199.302872
730.515869 104.403732
2061.136963 37.530876
156.731720 6.025919
236.898315 24.408100
406.054169 48.821705
3867.660889 72.127319
1739.870361 87.441116
1495.924805 88.734612
1678.941650 45.359161
726.484985 16.685696
374.355042 10.415304
542.263733 17.402359
34.934719 30.575804
7429.720215 53.324314
9826.006836 85.885483
131.750702 91.177185
5170.565430 50.368324
1438.502197 24.794779
892.405090 14.649051
1309.699219 23.452509
1183.656250 13.216569
1427.582886 3.658180
13233.971680 6.897414
132.155090 216.836945
2991.738770 125.144699
55.547276 65.501343
1194.882080 36.322166
833.569702 49.227760
3816.452148 52.514717
6428.999512 70.993652
5318.991211 114.245667
254.653961 2.774960
28.685493 13.000137
1714.865356 32.434334
1310.096313 45.724510
3140.982666 155.017944
1062.889404 186.738358
6635.990234 189.502670
5334.275391 155.928070
5809.031250 134.116745
1014.898071 105.129082
389.929443 96.669159
317.986084 116.986786
3915.494141 25.922745
4932.237305 70.357666
4311.314941 142.104126
5473.766602 234.463806
14772.961914 42.249866
4545.349609 14.350011
805.681885 2.994907
1665.586792 5.688825
545.908325 79.311378
428.398560 227.281036
819.722839 464.032410
14805.667969 777.690186
2274.656250 326.640839
9899.793945 132.518646
226.299149 31.784431
446.275604 15.605813
402.706604 62.365311
484.548401 43.273132
3511.884521 32.108418
3181.973633 34.353683
26267.601562 714.067017
87.498444 447.453247
8272.296875 238.519104
1006.461243 115.290138
3588.641113 55.476608
1885.388550 48.313068
20227.191406 40.588326
55459.062500 35.787251
4845.190918 61.782028
490.859711 60.799061
339.426147 60.883358
711.641357 59.713181
1494.945068 67.565117
2705.005615 113.713997
1141.466309 161.859665
772.482239 204.199921
4901.851562 14.334878
6680.859863 2.277585
2766.999023 7.789243
34.010544 30.503178
2785.174072 61.253513
1890.795166 112.646194
6159.953613 235.910858
26848.917969 452.324188
2246.354248 48.715405
2366.251709 7.269609
776.032776 17.928148
558.407654 39.025932
1501.328247 8.121789
4429.167969 11.912054
1617.702881 67.400230
15378.916992 175.465286
5862.933594 543.769348
2544.626953 335.268890
321.219177 168.208099
1915.131104 58.693954
2389.938477 257.375854
3472.670654 385.519897
1877.236084 510.208893
10400.941406 564.119141
808.022461 278.253143
4289.710938 238.099457
419.050720 188.480957
528.680237 185.292221
1221.775635 54.658638
789.549194 48.308140
2908.331787 25.797157
35047.531250 10.494143
17797.148438 413.024811
997.570129 218.630493
750.277527 101.255203
192.032242 58.826908
3648.779785 189.028931
7305.276855 305.840271
7396.000977 431.532074
1827.627808 540.093689
2274.101562 9.429960
4478.512207 10.322721
1958.240356 39.056885
2826.364258 98.133080
1618.927124 589.554321
278.174591 761.720825
5147.802734 803.466064
30191.652344 701.271240
5574.976074 761.066772
2977.554688 453.645966
254.230499 323.155579
1317.262695 396.625641
2376.316162 158.019058
731.558289 147.602600
1327.652344 259.042053
1788.781006 563.072998
149.316772 594.262573
4346.937012 373.827209
3233.664062 269.478790
341.445862 209.402237
645.138000 537.747498
6690.711426 606.986023
5773.124023 703.413208
10157.988281 746.309570
1645.202759 681.122925
6555.948730 687.966553
667.922729 617.026978
815.775635 545.142944
2172.525391 318.206360
713.734619 465.602173
277.822815 705.446228
789.880920 1105.175659
9525.493164 663.666016
2681.299316 305.425751
1389.813965 185.160568
686.127197 217.227844
1448.786621 219.542999
29.795290 218.323120
7993.713379 287.433624
11129.951172 472.681122
1506.719727 1250.916992
1383.234131 772.865234
5625.205566 453.528015
577.659424 285.193604
463.608826 243.239410
3416.873047 292.961487
6662.361328 387.573395
26948.988281 464.937988
3618.583008 882.007202
9182.708008 675.429016
181.482452 451.691895
973.438660 292.591064
295.354370 87.339508
41.812935 81.823402
3950.375000 153.810135
4330.391602 285.564392
1167.979370 344.064819
257.316956 309.942841
3510.172363 240.631943
778.938354 153.459946
271.937805 176.931259
551.094116 258.023499
4617.385254 361.527161
25398.531250 461.296082
860.449951 200.633896
1710.529541 158.734375
2990.724121 131.822067
2249.039551 134.382675
2282.537598 232.722061
5303.199707 277.015717
25069.917969 327.304108
29889.011719 458.912354
4398.302734 555.814087
765.498169 254.587173
3468.505371 149.228943
314.422363 172.798065
350.693268 300.729095
1976.682983 358.717346
3240.229980 503.382751
36077.984375 638.519043
8196.143555 1031.768311
1137.826782 853.380127
6109.287109 601.075867
275.426849 387.449127
2371.981445 624.763428
3105.780029 718.555908
8639.962891 782.957031
531.380737 795.033936
8562.063477 218.352646
18324.804688 315.407227
3571.055176 417.060944
2539.904297 520.966248
351.950287 215.972809
4178.418945 201.177887
16422.093750 169.401245
21597.753906 210.107071
19873.619141 978.182495
12273.335938 513.576538
1491.506470 274.164551
24.601255 211.768600
92.257912 64.420929
1849.881836 77.654007
4639.581055 172.080582
4461.310059 289.121979
8527.422852 388.154388
2812.146729 371.340698
4543.141602 269.762238
706.624329 143.086609
903.340393 243.762848
81.608788 243.892944
572.044556 224.079437
1847.997070 188.257843
900.886902 93.425056
7823.689453 141.081131
624.409058 187.104141
650.882324 223.568268
938.081482 190.856018
2366.981445 519.934143
9002.718750 1001.162292
3723.086670 1539.819336
1978.379150 507.907562
1414.688965 258.726868
915.675415 91.552574
2881.061523 53.293941
5.835304 186.897797
4726.992188 197.926041
4346.274414 275.418243
5828.135742 445.100128
1122.724731 830.680969
5351.127930 537.081177
4690.618652 339.411682
1372.954712 230.242584
632.527344 24.999495
398.984375 4.437705
689.753113 3.672375
4315.084473 60.114258
1453.066772 798.446289
5096.392090 437.257843
966.685425 195.786133
1722.983643 73.498734
625.277710 76.898384
4755.768555 114.837860
9340.456055 171.967499
6091.465332 234.002167
5959.013184 54.798679
640.241699 57.697445
1822.599976 57.739983
238.505768 60.507542
46.794731 46.210728
5147.609375 115.851997
10457.907227 257.502167
5141.059082 478.566437
3553.463623 63.483955
165.408905 11.749080
386.589783 5.923566
513.392761 17.924255
555.260498 361.637878
2230.969971 457.313171
3045.040527 462.134460
19484.613281 376.090271
288.358765 703.428162
246.334427 403.640350
1548.864014 246.398865
324.077332 254.919556
15.087105 326.294281
550.082825 547.172485
348.565369 933.002014
4714.246094 1477.181885
782.970581 581.569763
437.251190 342.003906
250.058823 238.331207
2866.915283 234.197052
1358.486816 138.216263
1715.027100 35.772232
876.299561 3.358799
10563.953125 68.295670
11031.914062 1243.297974
5357.248535 868.418884
763.858582 546.763123
3247.049805 304.915009
101.948990 302.339233
7.129303 418.503418
8302.328125 617.986267
24595.707031 899.833069
7596.705078 27.823849
920.666321 73.178658
1280.135132 153.914505
1212.504639 228.325867
602.844910 358.737274
4564.432617 414.948792
1796.179199 462.422485
3978.924561 517.112915
25080.019531 1206.489380
4790.454590 749.990967
824.378113 455.282776
4040.787109 344.049652
1766.613647 12.846779
690.988770 20.708546
9864.623047 93.936180
6515.717773 237.579086
2581.601318 363.251709
445.792480 231.942169
1608.881592 129.012909
423.996796 53.936337
253.412796 6.351115
2320.219482 19.119835
3353.202881 21.599911
11536.593750 7.822119
4074.360352 422.598724
3116.206543 232.284729
2395.972168 87.814987
15.808031 16.775375
1092.954102 92.717316
4919.979492 194.607758
2770.171387 324.574463
28371.406250 455.950378
947.941833 54.361778
4471.039551 21.521938
1617.043701 11.239838
2756.172363 31.961720
11.580556 186.169449
2730.244141 220.010529
10257.240234 194.686935
6998.210449 167.381744
11034.724609 646.999512
436.131104 288.796967
4832.580566 123.084717
1547.309082 121.763290
143.446060 188.640701
47.789043 330.380035
4039.970703 634.287598
53052.851562 1007.477966
2394.362305 550.020874
511.516968 481.184418
458.587158 348.111023
282.315002 217.678055
184.630859 380.566895
554.926697 314.614594
7013.899414 237.370773
4389.834961 149.409042
40709.343750 576.191406
9084.725586 553.412048
14930.436523 502.380981
45.334713 442.053589
2191.164307 48.799709
836.911987 154.342331
18667.962891 379.630646
25440.214844 744.823425
7099.731934 161.183136
1073.443115 37.377899
154.398254 3.662266
213.007538 10.712382
316.602264 52.917145
6271.568359 88.785797
1942.027466 72.723541
261.415680 23.134003
198.341019 925.521179
528.907104 451.481842
2253.374512 144.335861
220.692001 34.884922
1508.567871 100.316063
1072.876221 209.547134
3406.451904 356.100891
2793.117188 492.947662
900.368408 157.196686
1792.601318 112.455383
673.791931 67.710922
1539.655762 54.493576
101.519539 15.650909
1300.175903 139.938065
6170.977539 363.609680
10053.620117 638.301453
9164.554688 605.216858
1520.542725 350.722656
1366.401123 139.080475
425.179993 16.823206
197.489655 130.846649
239.833679 171.572906
118.604309 251.339401
6744.920898 371.666534
1396.036987 296.994324
236.592300 201.761322
1230.749512 145.465240
472.396545 123.012909
506.650360 184.912872
5020.858398 197.551147
7973.304199 226.732773
4267.063477 267.650482
4027.337158 405.881805
1837.778687 313.642273
61.673004 240.138474
2306.597412 196.924896
1108.694458 787.334900
2560.216309 1190.440552
8132.513184 1622.917725
35244.511719 2150.878174
5009.915527 444.366852
870.553467 82.555252
1716.758667 113.309227
451.629547 399.994812
506.571472 245.384369
1919.021118 108.664551
6694.467285 222.935181
6207.845703 692.432678
23323.140625 2647.973877
8061.092773 1727.896606
1392.940308 1036.071777
377.981018 556.189758
3763.534668 151.453094
1366.261719 159.519897
865.517578 221.869385
9867.392578 320.706879
5967.251953 566.547363
3778.291504 436.525757
395.717651 306.141083
2954.952881 203.546417
541.004333 97.533127
4279.270020 172.314362
5542.399414 241.520981
2928.504883 260.254761
765.593262 343.836609
983.067627 225.688385
1119.736816 117.401993
196.916595 69.825218
181.931366 508.968628
3339.252930 707.955200
1071.550537 850.703003
24398.650391 863.482056
8265.822266 352.267670
9905.063477 295.019135
1165.718262 274.116272
561.503418 344.738739
1268.505371 603.869629
370.826691 639.524048
7378.125000 622.099304
1746.155029 697.232300
27036.671875 1337.698608
3046.002441 724.099304
6368.117676 482.169861
176.630829 505.757843
16.268633 143.161179
727.341675 70.163742
9498.527344 191.470795
13407.771484 478.230560
1868.595459 699.494019
7763.751465 689.496155
607.446655 561.696899
1676.184082 345.936554
28.980925 70.350830
3684.091309 101.268883
21052.679688 143.873962
42323.109375 161.271103
1413.725586 311.687164
9222.758789 238.946487
7625.934570 148.202332
329.292816 83.678482
1303.411011 95.140518
8629.679688 144.712891
39069.328125 212.940445
43776.265625 291.775299
17587.966797 39.424461
1653.836670 34.605682
5038.168457 43.758232
2512.555420 63.149673
2065.073486 139.411682
4832.625000 269.931946
6221.479980 464.100403
1083.986328 763.275513
6611.650391 311.249542
1847.034912 70.659645
895.921448 1.810606
563.958374 44.265541
782.546021 43.194714
979.542114 12.671381
3295.692627 61.630428
7824.317383 226.344147
1403.669434 1032.025024
10815.226562 623.285889
1432.178833 325.889954
2455.538818 141.386932
35.692234 58.650726
348.815308 71.894859
212.086288 107.527435
407.540924 193.070709
2650.567871 219.709351
493.666595 105.453751
329.533478 57.899632
1096.428467 51.339912
963.248291 262.641357
7412.950195 430.720276
5637.749512 588.475037
17651.570312 706.896545
1065.911743 518.852417
4692.147461 270.836426
63.913311 137.565689
542.995056 144.321747
1942.384155 172.608765
1531.991577 137.354324
1618.821411 142.896057
1405.967285 211.022766
6251.659180 1022.518494
6157.164062 679.900452
28.589123 418.973938
1070.574585 256.830078
418.921783 534.045776
582.802917 624.171509
5350.408691 758.161499
18640.011719 912.533081
256.499603 137.555023
2134.100098 276.237183
9034.267578 391.691162
141.498886 469.424469
1827.947021 238.227295
4074.170410 222.994598
0.839143 259.930969
3197.717773 461.423340
941.106689 907.034973
3834.408203 486.381592
342.492706 296.918152
2028.519897 249.479309
168.486588 378.128998
1022.848450 463.344696
5463.775391 611.439209
1502.089600 737.130859
10863.378906 929.354858
3027.425537 769.819092
694.856445 566.828674
1504.527588 414.022644
1805.290283 52.747356
3637.230957 31.343641
2954.551514 55.229153
200.227905 114.003822
6932.567383 464.291382
3105.945557 350.124634
2736.994141 227.330963
311.514099 121.368362
479.369080 49.630898
2792.545410 50.455372
1807.596802 58.759460
14628.166016 72.101578
1772.186523 35.788799
484.210754 48.956684
55.972363 54.635433
49.149117 53.137928
2375.622314 157.754883
5661.090332 302.625854
1650.918701 473.888428
8672.658203 617.433350
12309.981445 242.596008
3143.635254 153.231827
3084.337646 86.894669
1251.298828 81.719765
1702.345215 36.936104
2538.328125 17.535603
8195.168945 2.089305
43998.882812 17.025124
6418.816895 392.766327
5843.739746 219.704788
1088.610596 111.329681
602.340820 60.063705
529.369507 76.509834
5167.109375 156.766052
13567.433594 219.567459
14689.929688 244.692200
710.607361 146.409698
5900.280762 53.650837
3419.574219 3.663964
4096.351074 14.720081
139.491272 78.852272
79.792953 54.557457
2785.026855 26.259611
6310.468262 50.930237
15536.430664 273.652130
9005.900391 123.224434
202.012863 72.375168
633.416321 76.182304
3199.355469 31.567719
1646.593750 10.520483
1824.036011 17.353792
8923.021484 42.866234
2793.179932 122.802223
3226.335938 135.457809
1555.240723 115.177773
1070.352417 73.210686
292.736572 158.052246
330.430084 172.430756
523.623535 181.813080
6333.249512 194.087326
4204.380859 16.156532
990.235901 47.402847
718.891235 91.024147
56.844936 131.063095
1498.234253 48.135479
2749.021484 1.025711
10269.492188 37.495861
26740.322266 171.496521
7316.607422 352.796753
1526.805664 295.371704
514.669250 226.609070
142.334869 137.474594
651.925781 149.303085
7015.494141 329.298737
7111.856445 639.931702
7213.375000 1002.304199
4480.567383 92.693146
1668.720459 125.235291
1340.540283 116.530716
121.623123 99.511307
88.230705 36.200062
698.705627 18.300402
1766.043457 4.982605
408.758484 39.951279
1830.986938 742.196960
2758.261719 389.035706
1226.121094 166.866394
147.923019 67.835381
1602.103638 122.301811
1908.163086 183.096649
34734.792969 290.902771
41450.140625 423.127747
315.719543 45.724293
17.818975 76.896935
1641.640869 94.281158
46.355404 101.410202
922.522278 8.283075
90.123672 23.254539
320.296387 53.873245
934.283386 100.512611
6876.071289 292.444336
13450.246094 161.738037
2180.124756 67.278610
1430.563354 18.411783
860.811768 33.720867
888.140137 18.796978
5289.009766 7.654598
12311.633789 22.451843
9514.982422 87.448692
2806.248779 47.250824
762.345093 37.324825
4024.012451 38.720028
1438.899170 56.277878
3601.096680 102.118011
644.120056 162.066498
10252.853516 212.099579
790.485291 133.369705
2378.354980 97.360649
1045.668457 59.925262
299.376953 41.659840
2458.423584 32.508217
477.449188 79.988861
8928.011719 122.796059
2099.155273 151.732254
4842.969238 187.723007
2397.958496 82.329475
367.732788 16.651634
1435.565430 3.368912
34.714924 6.498031
7792.797363 89.750549
4133.251953 285.341858
7646.992188 568.370361
703.000366 147.532318
3051.129639 101.139526
909.883606 54.921532
739.370483 11.039186
467.865448 395.793610
2235.421143 498.592896
510.743622 581.091492
12404.534180 580.601562
6624.153809 508.674927
11776.032227 438.519318
2350.197998 361.601074
1386.512695 339.758362
3753.200684 5.922747
3958.640869 20.351746
1386.237793 98.389748
1069.286011 289.078430
31078.738281 407.611542
117.266075 177.268631
5896.333008 62.006271
1507.666870 18.449759
950.409302 34.693680
509.736237 73.594978
120.556938 95.192429
2034.375977 123.928261
2060.600586 456.074432
5526.726562 184.497437
1959.796509 34.936916
139.429962 2.431935
5259.069336 41.135075
293.975861 54.765282
2406.029541 88.395981
12493.311523 131.177185
990.225891 147.346283
4028.095703 115.228546
1618.332275 79.406425
2713.990234 51.063499
1079.396851 69.481918
3382.702148 233.976410
13722.510742 571.406555
10756.072266 1087.007568
2263.038086 136.465393
795.310974 23.714964
1100.142578 0.033509
1574.999268 12.420204
122.143623 34.663185
6896.320312 23.023525
10739.882812 18.887501
24316.103516 58.014538
1273.604736 1042.375244
599.666016 565.920044
3603.336426 241.527237
1556.489258 83.452995
1773.790894 21.748983
12828.599609 16.932934
27741.253906 17.671831
31576.460938 20.175163
835.281616 146.041443
4004.768066 106.277313
868.564697 66.881454
3076.608398 37.529579
1757.144043 13.126611
9278.395508 12.352057
29239.494141 22.963564
9028.531250 49.565155
19347.199219 4.466579
443.883240 8.228690
3252.211426 14.523376
2759.849365 16.172783
444.480988 3.642357
2121.814453 19.203354
355.366119 53.938988
4728.644531 107.602966
10419.691406 50.988655
5204.408203 25.288441
586.702942 9.952603
1033.984741 2.274003
682.564453 33.715164
3231.589844 46.161926
1870.973145 86.073608
7483.914062 177.779129
5164.018555 74.724274
7105.821777 21.211365
2591.274414 14.330634
4141.446289 24.724564
162.335205 126.922874
4034.196777 239.190536
19114.199219 411.342346
17226.525391 635.425171
13848.562500 434.667419
766.566223 229.456909
238.670151 111.679626
6.161768 81.010773
287.879547 102.768814
851.231689 112.219383
772.273376 83.448868
12001.523438 27.954720
2823.851318 737.132751
5447.562012 412.665558
6733.130859 193.095993
39.653679 104.734177
2370.037354 70.052132
2837.776367 165.123611
802.143433 270.404694
8287.300781 343.661346
3437.461426 96.764008
2834.127930 57.210915
361.802277 20.685610
1989.753052 18.954752
2118.859375 96.654175
2431.804688 148.583771
1044.297119 231.199554
4001.531738 330.887451
955.912292 529.228394
1336.704590 325.724976
1750.309570 174.094299
229.411255 98.457306
176.693344 149.676163
45.588135 113.714294
35.471283 98.233414
9868.499023 106.771408
598.666931 189.122513
5015.160645 215.780319
2044.876465 216.667297
698.895752 190.467529
1066.427734 19.387531
1808.191162 26.501677
2154.523926 27.306108
15474.029297 21.020029
2107.021973 70.690453
1277.656616 38.647942
975.649414 18.345892
1142.874268 13.533434
804.018799 331.033661
174.451935 490.624390
1086.127686 613.691223
2283.605713 669.901855
4198.184082 79.606949
342.081329 47.924438
3378.511475 79.176689
477.301025 180.202240
4115.448242 51.115376
653.665466 149.028351
1449.770874 478.703308
8303.800781 1046.291504
1114.434937 864.569458
979.683777 529.797119
2238.858398 288.082397
1381.765503 119.882805
133.051758 400.110046
837.089722 497.476837
1545.501099 645.695923
1357.802734 812.492004
8135.696289 515.911621
821.262146 442.588623
4194.737793 386.476440
2476.670898 365.828156
38.050468 114.602417
6555.535156 93.983681
7636.609375 55.931717
11556.835938 42.944386
2187.878418 950.759644
2100.384277 533.528625
1956.105713 263.768555
426.901306 145.842804
458.903839 272.686279
2326.124512 348.482574
7504.650391 387.090332
3133.017822 381.475586
7480.439453 4.488635
50.382591 31.234776
2979.753418 92.163353
1408.283447 179.154755
909.567688 220.701874
3020.759277 246.716110
5819.868164 239.477432
15417.472656 217.472488
4810.116211 207.997726
288.215973 138.510040
4144.837891 131.724747
185.910782 171.290070
28.064083 81.770317
8353.269531 65.905785
389.040680 19.574902
1336.247314 3.031060
11001.197266 268.356750
9862.265625 92.604332
116.223541 37.019100
1338.229126 56.863541
1316.039551 54.633232
4014.664307 57.006119
7835.499023 113.297684
13800.355469 232.236542
1962.053711 7.041733
4824.242188 41.844357
1228.417236 70.353333
1499.092529 70.930016
2021.024658 31.622437
1074.242310 24.796251
438.755951 23.864668
804.125854 19.212187
4843.419434 204.069565
1191.890869 154.855499
1775.224243 99.166412
12.745505 55.237717
1809.887939 72.473999
1174.261719 121.024261
195.894730 167.603058
13386.573242 203.701340
2802.808105 20.259811
1483.321045 4.114040
3102.279053 7.706076
704.591858 31.906898
2953.433838 61.238598
3128.753906 30.515167
1629.452393 6.802835
478.442047 24.835577
35.508049 165.941483
1453.431274 102.358841
1270.762939 82.055328
59.433788 76.997986
1062.864990 53.430626
1070.531616 22.248602
11848.957031 24.592497
2965.376953 86.161057
1733.106567 5.349395
7676.533203 37.558197
1042.187134 72.578194
2392.129639 79.022392
635.144043 116.545685
7145.594238 104.299232
21964.832031 210.220032
31543.730469 424.677948
4107.267578 184.025848
12980.405273 249.202499
325.388062 254.615814
929.986938 192.946350
479.737610 103.313889
2259.955566 96.406265
1075.748535 172.596024
6499.030273 290.246857
4203.931641 303.296387
120.002876 335.824127
2956.457764 283.289307
2292.852783 183.727158
1376.262939 185.366669
1218.218872 239.755386
11770.761719 321.977722
4709.592773 395.669708
7819.539062 244.192291
3685.333496 234.174377
1490.903076 201.856628
3193.697021 176.005524
2875.592041 8.664015
2752.299316 56.826828
22715.425781 146.779297
34926.261719 272.554596
514.591003 294.203033
206.429657 152.671097
6617.726074 54.391098
67.385986 6.597648
281.787292 152.799271
2976.435791 202.311646
3955.854980 249.788574
16234.148438 266.989227
30171.781250 332.886932
7932.140137 245.889709
3100.652100 169.143036
136.539886 135.343597
5826.008789 9.236570
1313.421387 7.511126
1444.680176 8.436714
17984.564453 39.519218
8144.161133 335.711914
2127.010498 154.387436
773.454590 51.258701
629.884277 14.379388
1041.529907 19.292948
9299.846680 43.578506
6334.497070 80.688171
5660.751953 125.770088
9494.385742 18.536943
3124.099121 8.167374
2518.550537 4.524859
200.656509 7.366130
2538.458008 9.435414
1844.615356 9.883717
4154.875000 10.970185
10569.294922 15.494775
13899.472656 35.684517
229.854034 19.806429
445.876678 11.553601
3312.297607 9.217103
26.918011 47.769066
3253.755859 95.764847
5947.702148 155.505341
18792.601562 215.119476
1778.468750 26.991385
610.134033 10.782275
5410.162109 6.614445
335.802155 17.898521
116.901352 104.122688
354.414917 83.384560
2853.676025 71.449226
12443.405273 65.038506
13799.484375 136.478088
3923.959961 154.323944
3764.715820 150.169647
189.027618 129.742889
1856.111816 72.672592
8426.242188 129.742828
12709.254883 188.153778
13504.911133 244.442841
6930.448242 149.539185
711.531433 62.438919
2877.027832 22.597147
407.851776 30.649368
382.771729 15.225572
387.787811 8.261858
15455.646484 8.977372
9246.389648 17.987284
2350.747559 180.675812
1388.112427 119.617889
54.577526 68.238350
323.756348 33.635208
149.687912 61.142258
2366.766846 114.109787
12653.466797 174.336578
4964.726074 241.928741
1957.634888 117.625710
356.921875 41.412148
1379.395752 11.205769
149.634537 22.330072
1398.665527 72.836212
403.051758 145.762192
242.336929 275.677673
11701.920898 504.027283
1589.021240 225.417038
11731.895508 49.798096
465.669830 0.109300
629.208862 22.692219
787.822449 80.502129
3761.377686 146.951752
4847.379395 210.285828
64.340622 265.386292
12606.146484 982.388855
1933.703857 527.838623
301.868866 210.677490
2719.468750 74.666634
1344.719360 24.673744
991.713013 59.256355
10067.792969 112.589539
28.679281 183.302048
5635.265137 241.051941
3750.814453 123.609756
261.416443 47.218365
26.092163 16.759451
3871.523926 93.963882
3891.569580 194.624695
694.465576 326.271210
6079.658203 500.340698
415.694000 562.922546
1881.689331 253.378052
1172.307739 81.509323
756.625122 42.002422
516.696472 154.872086
1359.966064 284.325928
348.198914 438.481384
5670.044434 534.360168
11540.859375 782.885315
1301.266724 518.498352
139.846268 270.965515
2145.881592 137.480667
1153.735107 217.448532
344.757324 147.782639
5559.574219 63.289635
34441.117188 10.840826
4497.668945 287.926117
2753.509521 248.792496
2853.907471 246.469116
1257.225708 247.301620
335.324188 91.777534
1633.402588 127.948883
9727.308594 259.076080
16575.271484 514.658508
3921.972900 13.656625
1860.770264 16.740744
5282.422852 59.301968
97.409874 85.398430
1786.090698 88.473846
3342.648682 38.065460
252.841400 13.776677
6799.009277 4.086830
12951.509766 441.545776
1198.737427 374.169495
3453.634277 273.519531
1462.460571 170.137024
2830.001953 52.976357
5322.508789 126.731819
763.429810 235.320908
4118.002441 359.949615
1041.726685 13.427866
656.847107 2.130321
167.178955 1.897707
846.311829 15.027761
133.095490 35.509705
115.072357 118.175011
141.275375 294.315308
21008.369141 591.225220
8374.594727 218.664322
2814.718750 62.251343
70.393684 5.959002
1069.878296 4.246923
2501.285156 252.822235
596.594482 237.101013
644.242310 198.758911
5558.309082 132.986679
16110.386719 667.471802
4393.312012 499.024933
5222.221680 359.565247
2878.157227 280.970917
24.309139 9.247200
1178.077515 16.819633
8262.776367 75.614845
26350.791016 216.554443
795.897400 99.220123
1764.514893 32.638950
6.734610 16.995880
1001.651306 14.799777
225.872360 310.511688
3696.998535 393.030151
6071.897461 473.422852
6623.212891 520.842163
6166.539551 112.386223
4545.214844 158.720764
1840.400635 198.897949
2100.121582 245.409729
1321.214478 12.010199
4122.772949 44.248806
5399.637695 158.725861
3275.021484 399.944763
6087.562500 443.126160
2342.759766 198.906158
282.018372 72.923615
498.171539 22.426695
642.318420 41.668018
3125.020508 47.484264
6280.306641 56.242855
2580.599121 95.292686
496.645935 422.454224
105.678207 210.070801
2242.084717 87.097260
1285.258179 43.572964
2231.395020 315.398651
4217.026855 490.375793
835.153076 737.035461
34242.078125 995.545166
2857.621826 455.186829
8828.889648 344.820282
1019.746338 261.996216
318.059113 241.604965
2414.022217 0.733453
9029.876953 32.186176
695.988708 124.716278
14811.356445 281.108093
10155.720703 744.438904
1354.797363 418.968262
8150.936035 178.405029
2573.651123 42.501656
1824.695435 38.418953
1589.688232 96.273880
5501.116211 191.530502
24773.560547 333.244873
5638.168945 302.512146
1842.565674 134.094772
303.701263 41.847862
1473.823730 16.257118
678.799805 76.272240
153.355148 79.421455
2817.176514 84.431686
16438.818359 98.488304
23228.177734 667.982788
3264.613281 397.932678
2156.734619 202.319260
567.309326 102.974915
691.666565 257.793671
642.968628 297.130219
12724.165039 322.790497
15167.929688 326.149536
602.427185 67.249535
5326.643555 114.351578
1313.128906 163.504684
1671.881348 211.944153
886.555359 32.515732
4163.278809 7.814245
5951.944824 28.858929
5278.937500 150.593124
4723.170898 291.042572
6724.554688 144.579742
2321.854980 83.425041
198.029785 58.741493
270.952850 180.225800
3507.016357 260.532593
273.485748 393.008575
9023.375000 564.346252
1154.233154 47.042931
10518.348633 70.616180
2105.000488 104.519440
643.543762 136.730270
664.840820 456.050964
2769.860596 466.138367
1518.483765 430.521637
532.238342 362.243927
5841.862305 799.143799
5353.623535 593.655151
458.841400 469.151520
3154.978516 436.966431
2427.216553 252.345505
94.650368 320.325195
1991.292480 450.949799
2966.695312 633.991943
8010.190430 473.182831
8070.529785 357.292114
4891.492676 279.566406
312.854065 242.179947
2461.580078 224.348785
10559.091797 310.624390
7441.696777 400.406494
4301.141113 453.012512
1726.272949 432.221283
1826.802246 317.165985
131.542572 221.449310
149.847137 186.657700
135.631424 46.530441
10821.861328 139.102203
10892.977539 358.266144
1998.006104 707.895630
10748.883789 109.831917
5665.311523 50.294239
898.718933 35.112392
52.212021 29.358631
124.884087 187.151855
263.604187 236.945786
16430.373047 225.231094
56979.515625 140.641235
14825.704102 915.349426
2428.325928 530.532715
1158.860718 261.202484
12.035969 161.511475
1565.705322 77.554367
4756.914062 118.365433
2181.156494 176.205917
23535.042969 272.401398
6879.459961 126.794601
1477.099365 38.749111
3449.449951 19.351294
21.269997 41.422890
3138.135254 159.106583
5743.662109 107.673515
8284.474609 85.898834
2713.480957 99.604332
1500.618652 214.023193
860.282349 251.812225
1574.393677 253.775909
2893.979492 217.108521
580.892273 297.748779
3680.879395 375.578125
1252.339722 468.575256
10399.897461 579.209106
3381.899170 268.668427
1121.793823 204.181168
1255.416138 198.337585
1895.559082 235.400360
658.128906 17.269854
2223.702393 101.135040
10487.723633 244.475128
5234.004883 417.419952
11113.820312 436.478943
8863.054688 246.882370
298.869019 95.711678
4060.066406 14.029066
1491.765259 123.335205
7360.065430 188.020523
4700.603027 283.778931
13572.296875 403.315002
3369.620605 764.370789
2830.811035 447.409027
418.753967 224.501358
64.142891 122.300316
197.305527 611.171082
9752.895508 539.021851
19457.933594 430.925659
24733.103516 314.512329
19532.373047 377.052094
3567.708496 490.842651
3077.047607 582.584961
2253.476807 627.138855
556.282959 510.284729
1725.640869 722.031494
4719.152832 1248.872681
11841.262695 2159.516113
4293.363770 666.782410
757.741211 446.137390
2654.413330 422.308685
214.575531 450.009369
1554.182861 489.544373
5037.888672 485.619232
1075.650269 513.393005
10047.493164 498.823090
4922.333984 2293.082275
15361.755859 1649.109375
490.091461 1047.395020
3318.388672 649.359131
7.139338 4.568112
8141.444824 62.031448
5031.339844 195.934357
3732.024902 380.986694
5187.248047 188.971970
2199.924316 131.279663
35.242584 69.013153
3476.907959 16.556595
794.063293 0.003250
441.585541 9.475349
12550.286133 23.830177
6500.670898 40.004837
2131.646729 420.339844
4421.410645 235.699158
762.094116 94.499344
598.352844 19.114243
787.283142 4.023298
381.953094 7.098172
5895.633789 45.527901
2932.459229 119.817780
2083.512451 99.970490
492.226471 74.242203
551.716553 49.573715
140.917511 23.364681
776.557129 83.645973
2852.640869 133.223419
591.246277 212.086060
3025.126465 299.184906
609.219238 71.109795
3058.415771 73.911324
1610.097168 69.116127
2901.177734 66.497131
103.757645 51.678215
2617.903564 38.627953
14582.654297 24.425879
27593.244141 17.851345
9018.078125 223.803101
2699.106445 148.488266
644.229553 95.679993
366.183716 66.800827
150.073975 202.490356
1408.519043 326.475891
948.909668 488.668762
5383.323242 672.895020
9018.300781 8.761232
697.528992 9.334460
1353.825806 48.994682
1233.888062 113.185707
659.006897 373.214905
6119.373535 399.252502
32076.257812 367.686981
94991.921875 335.627930
701.848267 795.911255
818.788330 463.432556
2919.875488 312.638367
285.791016 314.181702
3469.424805 20.184160
6475.735840 14.335468
4415.334961 174.710617
12133.064453 512.909119
13258.033203 329.777496
9046.553711 277.047760
3930.315186 214.446259
2471.569336 115.488327
1253.632935 55.802238
5577.071289 83.767303
128.697357 164.278061
4935.036621 311.764526
6622.555664 372.077332
3587.862549 212.538391
6991.787109 114.545952
362.136292 66.331276
3234.696289 145.903976
615.833618 142.510620
5212.716797 132.097336
7005.870605 113.323433
2263.362549 344.028076
2398.215820 259.847656
1093.732788 193.181458
284.007202 157.104767
1794.485229 135.757172
6367.081543 282.846069
13076.631836 537.564880
9856.577148 891.001160
2487.897949 97.371117
2594.501465 34.008247
6103.439453 32.935287
287.818451 64.449333
242.352692 29.168133
1621.026367 3.259002
4199.381836 18.641880
26647.027344 80.746674
6626.253418 606.307434
13829.925781 398.034698
1916.108643 222.928986
435.579681 99.876381
213.349518 40.853577
274.170044 101.737434
1042.354004 202.415405
77.966408 346.531067
12791.333008 107.436081
1736.561523 31.291265
5566.343262 3.541237
3488.750000 9.439961
369.961609 193.508530
275.564087 384.464905
1014.192627 662.977356
3343.810547 1029.155151
3602.446777 407.529663
4493.137695 163.227158
287.431335 64.472343
624.817505 83.789345
1066.406860 447.166168
2746.643066 339.123535
5448.056641 205.474609
36217.832031 192.094849
9164.260742 1269.426514
5370.880859 783.526123
2223.704834 553.909607
303.806244 490.005066
621.028931 336.819031
897.427612 590.212952
4566.133789 1009.915710
14460.964844 1452.730835
6896.407227 640.481079
219.084137 560.513184
3385.222900 412.253723
2115.655762 297.574463
515.114868 30.022659
2487.093994 227.989197
838.872925 550.891235
2029.243042 932.849365
11805.929688 1265.327637
649.185364 695.286987
510.809998 254.171234
349.072815 25.856537
1152.138794 63.433311
951.390259 53.800049
10334.837891 122.843246
13965.865234 316.857788
2427.449219 652.682495
4856.515137 379.081665
1197.281494 210.458466
662.365417 115.678505
1096.500732 75.045532
2190.335205 78.728630
375.946136 108.574791
56.433090 157.647491
5720.530762 433.315765
983.921082 299.705353
1226.972290 184.667801
268.427795 108.109154
2290.602295 25.347546
2618.673096 22.932125
19515.357422 14.849957
1776.809814 32.977226
1696.541870 162.263626
367.444305 52.320988
531.190002 11.080688
334.974609 14.175439
587.548035 69.424431
2071.490234 71.660645
6520.205078 95.110252
24000.148438 134.704437
600.237732 99.423363
241.578796 103.943329
520.520752 97.375900
426.897308 82.219795
958.670349 79.626854
3625.653076 148.618118
3572.163574 228.649200
8197.869141 298.192322
3981.483887 62.226082
16514.089844 37.226765
676.528442 25.122105
1684.495239 37.098576
2284.521973 65.262032
2720.433105 31.134184
4056.084229 4.121506
15825.103516 38.992424
2556.073486 302.309204
1576.093262 153.601089
503.677032 93.297592
2184.653809 79.923325
1121.784180 81.982948
1118.702271 80.186180
329.513611 137.932922
8014.253418 265.644073
3186.734863 18.591417
6641.659668 65.138161
415.542511 101.427429
253.913345 102.722290
290.295380 286.581604
4193.674316 347.258392
10926.199219 433.632050
19667.839844 499.712708
10314.530273 279.868805
2249.003174 305.535583
1147.946899 291.470520
1209.775635 272.655518
300.272980 231.301285
5127.987305 191.669601
735.532471 110.917725
10500.410156 28.183100
21420.087891 415.422119
4534.682617 292.789276
3445.889893 238.315994
886.651123 233.451599
1678.077515 80.090790
852.697815 204.961868
4694.486328 471.856354
897.252563 853.110107
3665.051270 3.232392
2119.217529 28.613007
1814.182861 50.581367
1423.274414 52.824802
919.750244 110.869293
767.519348 123.630051
5778.046875 137.706512
25637.703125 175.417786
12355.266602 844.743652
203.179321 478.948547
733.181519 235.969299
1007.681396 128.335052
3159.443359 489.021515
7463.900879 606.034790
34587.796875 713.369385
11711.763672 806.721130
14202.742188 271.108887
109.133919 243.956345
4175.254395 284.536682
1685.412598 374.635132
254.989258 341.898712
702.929321 524.597778
12933.525391 935.271423
30837.300781 1608.106201
2803.835449 1101.857666
7525.304199 655.163208
362.979950 413.669159
289.024567 317.433685
144.759674 461.125153
648.115906 482.770172
3457.479248 638.842346
9589.463867 822.697632
3827.373779 2238.710205
23944.328125 1687.990356
11666.267578 1106.419189
4593.014648 665.418091
5261.583984 110.498154
3335.365479 40.925499
868.793091 20.901623
2356.245361 51.125530
665.928223 430.758728
736.165955 391.779968
5111.903320 313.818115
1247.972412 211.091492
25.326473 18.400883
1768.214722 9.066233
511.078186 26.114189
1990.306396 83.046417
5010.313965 18.976856
6582.744141 22.226749
2450.288086 32.257763
1952.251709 31.445686
914.481812 400.889832
986.713074 608.012939
10858.979492 926.285339
18251.892578 1274.346802
12215.646484 194.249207
3433.273438 256.232269
2211.807861 285.902710
2006.822998 311.650085
749.043457 127.019821
1671.324829 122.294540
3110.786133 134.699951
725.448364 175.710571
1925.656860 1388.701904
3969.772705 838.332825
2685.936768 426.399231
254.910812 202.251022
1519.087158 60.192104
323.927765 76.029869
4302.440918 105.442017
1635.108765 145.635635
2752.807373 38.474155
345.229614 43.264030
2078.195801 49.145321
653.008118 53.537804
166.801392 247.843201
624.779724 329.807800
13762.704102 366.713745
19745.259766 335.342407
4170.729980 311.704041
626.461548 208.932800
2128.550781 153.940781
728.998535 172.700104
393.150146 44.490273
37.873638 28.009497
4579.099609 121.339592
14261.534180 349.149200
2885.199951 362.960571
5107.192383 265.340759
801.966125 191.882629
578.103821 114.892151
4649.356445 310.471741
1382.396729 470.328766
816.380493 678.802734
19209.253906 852.030762
11556.571289 214.578171
17454.648438 246.939011
1094.384399 237.275543
3110.314941 239.183319
688.109741 149.662186
361.098480 167.522186
1896.239502 185.039429
3761.918945 202.143356
11135.558594 572.666077
5426.554688 370.429901
1808.385132 225.566696
17.425049 157.534286
733.455444 121.556465
4610.343750 188.983734
18811.789062 287.492645
17894.527344 487.972717
10032.327148 357.575775
1419.427856 90.859215
489.842743 13.571747
863.601013 51.593201
457.855560 200.813492
620.394043 168.796692
6708.544922 119.619827
4878.155273 60.136940
2908.247559 540.006958
12280.064453 406.194305
3052.590332 298.788849
1288.265381 234.774750
2866.922119 26.395733
473.308044 6.944303
579.502502 0.503379
4756.666016 19.157207
6165.310547 4.436217
253.481186 22.781160
4709.594727 39.604939
3309.474121 41.242664
8835.907227 128.711212
5377.326172 242.987808
66.453384 384.183594
13886.425781 520.028809
3173.076172 24.770237
1107.187256 15.477612
608.333069 22.786678
1316.979858 56.358433
1444.515869 79.147957
2038.780762 134.986572
1993.511963 168.014648
38336.261719 230.326553
23.407253 519.478271
729.950623 175.478439
1008.416016 18.430334
1092.990845 15.120367
383.217529 85.219017
2357.762939 184.602676
2860.583984 364.490234
14443.271484 592.193359
6061.338867 592.193359
14443.271484 364.490234
2860.583984 184.602676
2357.762939 85.219017
2135.777832 21.407425
3490.472656 6.065283
11227.459961 42.882019
23962.673828 114.854240
44628.449219 646.982605
418.348633 447.864655
1698.521729 253.072891
26.610565 103.661270
1386.482056 2.350749
2289.195312 2.389178
264.345673 7.063938
6001.826660 18.248812
5885.777832 108.748764
7002.141602 62.253269
7095.984375 28.253584
84.139740 9.340385
163.953125 130.430847
213.339691 151.782104
84.326256 158.196640
298.672394 153.709671
26702.820312 4.788013
3748.364746 22.105579
7443.135254 55.816071
1343.584473 95.775620
669.845764 3.376433
1409.664307 51.304520
3033.725098 179.155228
645.559204 393.837830
1267.643066 204.118073
497.863525 100.880280
1422.080444 41.225090
593.798645 7.861024
1194.225708 39.054310
642.134277 88.522789
1157.415771 204.613586
9565.629883 416.061066
45.605618 234.666458
4569.861816 90.363174
71.681625 32.398193
1053.989380 23.187662
371.238190 145.511612
3598.768555 170.359756
21909.632812 190.842789
17122.539062 187.351486
1099.969238 704.622620
868.670715 464.380035
692.234497 268.758423
4.237909 164.030136
603.797546 178.276657
1196.562256 211.144485
4442.520508 247.874542
9353.433594 277.509094
1416.103149 293.219879
16482.710938 228.196320
45.667713 181.121094
1253.237061 164.526886
43.636131 16.316845
5963.228516 1.497653
5045.771973 17.080063
28919.902344 59.895557
10305.771484 125.094002
168.393829 115.569481
1858.504028 89.407364
694.693176 51.386787
1327.488525 77.519653
917.291809 136.592651
193.152908 210.339157
1894.367676 282.623199
15686.072266 5.083413
2889.336426 7.962170
2442.623535 18.198875
40.708992 39.143726
441.295410 54.311386
360.111206 144.061676
11674.703125 303.938812
7066.122559 547.161560
897.839294 179.772537
307.601196 49.843185
1998.871460 3.615186
331.987061 10.568018
689.819702 89.799271
2570.188965 95.918510
1488.052002 120.701797
10552.441406 148.294647
2870.621338 686.350342
6913.350586 456.625824
986.311462 258.896179
227.258011 135.345703
954.986511 358.689514
6792.257324 437.348083
11679.542969 474.846985
3097.864502 466.102600
6033.217773 86.177940
13465.797852 106.498291
6217.467773 167.565826
4881.632812 259.458282
604.022827 193.748718
2463.187012 437.134888
6265.958008 835.198669
264.736481 1336.554565
47967.882812 169.772537
24773.521484 92.002449
2267.255615 66.328255
7537.238281 87.442581
7293.349121 77.633377
1443.594482 144.943665
1236.164062 226.171387
3087.350586 310.395813
31350.222656 229.806580
13558.035156 118.058746
14956.602539 52.355225
662.216553 41.253288
2676.442383 316.086731
5034.527344 495.213745
634.744446 685.574829
471.959717 868.057556
2246.758301 47.847466
1440.508057 12.224753
9592.593750 56.541557
812.752380 164.182724
104.816826 69.192268
1325.827148 198.389191
2903.773438 420.152222
2014.909302 714.266846
11353.057617 270.806854
58.752575 131.418701
5104.202637 50.064716
315.003662 25.583778
5220.142090 56.757576
490.114685 43.518997
3863.737061 31.202320
371.016083 25.278263
2210.486816 149.522446
4437.475098 115.161026
5921.073730 88.689552
1240.315430 70.542412
65.858467 89.657516
239.240021 118.330986
2789.379395 142.082474
12524.324219 153.629868
5623.491211 43.003407
8223.571289 41.745792
1070.522339 47.937462
12232.805664 64.301773
747.713562 146.473663
5505.192871 191.636322
655.469666 271.269104
2820.831543 404.209778
73354.445312 32.892471
2241.000244 24.575874
10390.900391 61.624756
1815.575195 107.437683
9354.344727 21.261707
1502.546997 102.450195
1820.963989 232.135651
2536.438721 374.859985
37429.113281 125.284760
34610.242188 77.724533
33434.804688 28.512087
6344.060547 0.854209
2126.562744 26.515781
471.326202 56.055023
1915.281128 103.210594
1687.894531 166.292694
2013.216675 62.768398
1701.783325 28.577864
8220.227539 12.902206
3177.535156 12.638698
1761.196777 260.369263
1238.528687 353.450867
3484.677002 429.710724
5005.291992 460.916443
3418.834229 73.129402
423.255127 91.283188
3784.712891 122.371689
2382.711426 178.284470
1139.417114 65.594620
289.996277 131.485855
1368.691162 232.598511
757.117493 382.966522
16821.281250 124.994720
4037.940918 27.854492
4854.200195 1.816356
6316.572266 21.416889
5091.358398 223.884247
458.295929 299.768738
1428.791016 370.640106
4706.584473 420.407684
13218.724609 64.947815
2367.517578 76.521248
12686.251953 106.939842
2761.875000 156.874023
9054.110352 345.413727
699.965942 492.495514
519.927368 630.747681
13682.640625 772.459045
4217.354004 96.018150
12227.933594 25.412792
4083.005371 71.722237
12105.193359 194.559769
1927.051636 88.177116
1014.330322 210.334534
1569.421143 421.354095
4755.540527 694.987976
23000.792969 299.256836
34245.636719 170.526810
2568.935303 86.030998
3673.768311 52.755241
2422.647705 110.296951
6215.539551 146.827393
13638.973633 198.337875
10867.401367 256.529816
13402.385742 129.402100
20941.138672 104.170601
21478.150391 90.865150
289.308075 91.968002
1376.421753 31.239029
1837.282104 94.165627
1610.018066 211.466415
5105.751953 378.762970
120099.046875 41.488243
10139.333008 8.389270
23295.208984 0.843750
4533.815430 6.520840
11364.541016 133.457565
318.114044 202.608994
160.616623 237.350494
10508.643555 233.010895
2874.114990 68.887695
13414.297852 12.194703
8181.457520 8.174525
9231.173828 56.821243
1414.165527 10.751092
708.759338 52.294132
622.858337 144.804260
1111.853760 285.267761
124.421700 55.649502
18356.789062 25.937729
69.616310 11.631461
1025.767212 3.838590
26.509727 11.045458
1240.433350 15.513552
150.712250 24.557732
6500.480957 38.282635
17450.185547 42.411663
9181.972656 26.529797
1705.775879 16.049643
2883.656494 11.085168
1105.822021 60.574886
949.912292 112.475304
1092.201050 170.329483
7906.604004 213.062378
26279.484375 18.457447
7124.100586 18.557894
9127.178711 17.818581
3635.167480 28.619389
7332.671387 124.657150
183.143997 167.964981
383.138123 174.612411
5509.598145 145.023987
23241.001953 80.815659
5553.133301 33.036804
30215.654297 28.802406
3140.323242 67.320534
119.503166 105.815399
1841.846191 103.623489
3282.189697 80.061386
22240.902344 56.013412
13562.736328 67.912453
960.211914 41.910439
2302.432617 53.462593
3044.974609 83.513008
688.034668 13.873280
6625.341797 6.304399
2804.228271 28.664404
4735.651855 83.824066
10734.073242 56.823669
29469.673828 58.495331
57.156700 53.198288
3362.332031 35.464050
825.541565 153.646942
1824.002441 227.497772
1216.928711 324.983215
2050.074463 417.549561
32482.937500 42.558105
35601.382812 71.164070
21107.785156 90.673462
8069.105957 111.828781
6933.597656 50.777466
4134.519531 128.534744
970.602539 225.530060
475.846375 318.330109
8201.047852 174.564590
861.482666 86.742508
1358.050781 27.152584
1999.682739 13.533430
1406.710938 9.461613
208.088699 15.561831
2347.775391 28.059793
2581.555420 47.898819
12939.242188 34.537231
4756.423828 19.379202
20880.369141 11.115227
4085.999512 8.157410
1698.020142 64.954910
2641.879395 106.720627
1793.759033 142.336945
1504.262573 158.242233
4349.515625 42.429428
38469.144531 26.103745
5185.861328 19.824308
7584.121094 32.686558
1294.755981 69.662949
2597.171875 100.552643
3556.571289 129.670517
2690.063477 157.594910
4480.956055 46.724556
2492.605957 22.316479
1174.512329 21.987276
5913.781250 40.775772
148.253006 112.562904
1417.758911 209.452209
786.907410 320.323730
5664.419434 419.748322
28986.685547 41.741985
4993.691895 18.362434
16412.966797 17.147530
4604.298340 46.832203
3681.861572 0.409836
1842.748413 14.668828
4037.493652 58.324120
13904.812500 133.778259
8325.978516 144.879410
4438.990234 80.041145
4138.937012 35.472950
2401.810303 8.911263
1815.486328 311.360962
2839.753174 433.041626
1776.363892 538.961792
1174.252319 599.735291
25786.511719 18.040071
68382.882812 54.545677
785.270508 113.825157
7585.146973 200.114639
969.475098 64.007431
2243.718750 100.705261
3889.682617 156.537949
101.871162 259.064758
2888.601074 146.687866
1634.410400 39.885571
632.177124 11.824909
8793.077148 30.718555
1169.087158 68.578011
237.852051 129.404953
2363.849609 209.834030
5251.806152 289.364563
5447.428223 33.859814
17671.564453 28.153666
2004.102661 25.871307
4798.476562 35.616241
5296.425781 19.856594
2590.357422 24.338127
723.148560 40.758202
3549.416748 72.627052
2483.704346 96.188469
221.801361 59.605335
2696.134766 36.354870
10005.404297 23.966749
22.667084 161.235092
1958.949585 273.371460
1431.730103 383.479309
5344.006348 463.608093
41937.160156 14.061746
3858.161865 2.709406
816.537842 19.121452
5563.177246 71.987152
14181.290039 21.061119
2981.192871 73.043945
1141.878662 165.552353
351.683075 295.366302
8649.625977 112.190140
21598.115234 45.916862
25201.539062 11.339458
1990.367920 2.858511
1643.804932 17.298706
2439.693848 26.140789
5055.531250 40.568081
172.539948 62.882942
6322.332520 55.686893
2650.069824 29.290827
2403.227051 15.958184
9650.826172 13.219932
769.655457 25.810070
2171.878662 52.261806
4231.460449 81.108818
8896.994141 106.017822
35933.980469 16.487652
3239.708496 4.009801
8183.048828 0.132710
1050.780273 7.388238
4717.996582 37.620007
524.558777 61.914345
1077.569336 94.541557
1900.791138 130.732391
44809.261719 28.056416
7469.871582 18.839960
17064.203125 17.132944
13384.224609 22.997269
1068.958862 0.020326
401.436188 5.595113
4339.086914 25.915199
3865.733398 65.044540
8565.409180 42.633789
3142.050781 20.232327
3809.202148 8.607790
255.541733 2.372402
2342.485107 55.072861
1833.854248 61.169891
830.139893 71.191116
1586.158447 83.041412
6755.726074 22.206074
8983.133789 35.539948
63.055126 45.491364
1527.314697 51.114773
583.778687 50.636463
5069.905762 60.953705
1765.072388 61.811459
7758.417480 54.770180
15335.770508 37.088467
1677.427979 24.357290
1325.811646 24.439339
43.210426 35.631058
1610.606567 49.505665
350.714294 99.604912
6988.126465 163.102173
451.188293 225.680405
65570.835938 7.682762
27602.304688 3.149742
61597.289062 5.440037
7615.712891 18.855183
9896.092773 177.451599
393.951141 329.678223
7359.961914 516.497620
1429.860840 705.087219
41074.246094 22.266491
4766.147461 0.507147
11313.836914 17.059776
14057.082031 73.785492
3792.712402 7.605165
1706.642700 21.682667
1339.125244 49.206421
1913.160889 102.128235
38142.449219 141.305389
8174.907227 57.394661
16236.560547 14.356256
4181.643555 2.600370
4285.914551 20.036541
4.325585 18.289257
3185.883789 19.066175
3986.571777 23.260365
10630.640625 23.881113
17064.962891 24.071064
12744.456055 23.923805
8919.497070 22.450403
2017.700073 41.828789
557.567444 60.387302
1814.284668 74.578453
5650.649414 81.158485
42002.285156 1.497363
20290.671875 2.110920
551.920471 9.442746
3904.964355 23.459911
4666.772461 69.969490
992.355652 149.821045
730.220154 278.306519
263.180664 430.842316
16279.681641 7.731317
3705.742920 16.699608
14189.712891 24.672588
966.006287 35.459129
1555.391357 32.947250
2416.447266 83.798523
2388.217285 154.506622
2924.721680 239.724167
6490.960938 84.923035
9564.329102 28.517239
780.701233 2.297227
3390.783691 4.837519
931.669250 155.160004
5112.185059 218.398026
5932.584961 246.753265
748.455322 224.004120
5139.442871 93.654129
330.749298 59.672100
15448.726562 54.233414
7162.024902 90.070816
1982.406128 12.302532
327.869446 4.062413
3156.710449 8.498096
1203.303101 46.451378
17342.302734 71.007309
4610.977051 28.696337
21111.800781 17.241747
1697.064941 16.870321
383.320679 219.753418
134.983917 282.014496
3338.618896 320.087402
11087.497070 323.395813
15508.865234 12.399356
31958.601562 39.848877
2503.541504 86.281822
7640.687500 149.409027
976.761963 340.906830
8391.088867 394.758453
2482.684814 386.414856
2293.780762 350.384186
6874.093750 115.694763
28311.958984 67.715073
7632.749023 120.575089
1280.923462 232.989166
16.681454 65.007965
3822.441406 158.270416
2521.806885 361.057526
5395.680664 657.951172
4116.009277 100.395416
10824.294922 72.850967
4243.305176 60.033371
2332.030518 48.439671
2110.218018 275.627502
238.052139 331.248810
12416.653320 341.901367
4237.242188 288.774048
23095.560547 257.170105
11057.264648 210.908157
11286.268555 190.433533
11126.435547 216.052673
614.491760 339.643677
3755.304688 550.580627
1364.157349 817.982300
1816.259521 1117.530029
17291.972656 54.214096
24042.199219 26.230366
10518.332031 77.641266
720.208130 184.229401
1330.949707 117.508781
7744.346191 268.007263
1088.072266 488.063965
6102.268555 760.428345
14151.476562 205.965515
9150.831055 75.670708
2432.198242 21.941071
4351.885254 36.705452
265.618713 68.105476
1441.311768 127.831490
1856.404297 207.555084
2556.541504 290.617126
3601.730469 259.336945
20606.080078 151.032837
569.946533 74.720345
4286.115234 46.539246
91.037628 51.746387
5809.227051 77.076744
3038.854248 117.420158
3919.071289 163.609436
4783.704102 109.342140
19346.183594 80.568382
218.896301 57.134422
4184.431152 45.633209
715.452759 191.467560
6207.765137 286.448517
2761.996582 354.752472
2439.618896 375.672668
30269.160156 29.956017
14742.683594 17.626883
11924.768555 38.665703
6584.432617 100.177521
6783.042969 161.555603
3432.039795 279.128662
406.857513 451.939941
196.486542 675.293701
6383.385742 51.590549
33252.812500 14.186167
5773.997070 33.166550
4621.056641 84.028976
1325.380981 81.012939
12609.123047 118.554970
4805.636719 184.363129
13298.367188 254.917068
8958.179688 389.546326
10032.630859 269.090820
4597.367188 160.130234
7346.375488 92.754364
2119.655518 441.524506
686.900635 530.615906
3718.841064 559.646545
886.045715 510.004791
30102.089844 126.580673
9962.999023 164.895050
42463.515625 231.206543
11657.950195 329.611938
7482.052246 43.882530
4052.491699 101.123627
37.333733 242.904449
4248.773438 489.842621
5603.533203 169.787216
4071.614258 70.335258
27937.470703 36.323006
10941.191406 30.725975
2383.909668 9.771935
1081.547607 26.699648
3328.728027 61.328796
8232.325195 90.163452
711.869019 198.831726
45291.898438 145.847092
5398.060547 79.283150
3214.110107 27.497566
990.760193 117.602341
547.696899 140.428970
3225.352295 151.767181
3381.404785 144.681793
11257.833008 44.467964
16431.984375 56.595306
2473.240234 71.613365
18384.650391 92.444763
2080.183594 272.171600
409.335388 536.956177
961.881042 844.514526
2749.252930 1121.195190
19621.482422 77.476669
15403.759766 23.162439
12445.314453 20.604679
1808.560913 97.021614
1920.573486 120.226974
3876.563965 190.543854
808.902344 309.674042
17363.140625 474.623077
574.886597 189.704102
208.418686 117.866508
158.723587 87.816910
3121.179199 88.987701
756.921021 5.478399
220.391479 21.400198
279.315613 67.330254
399.678711 163.285065
12914.500977 104.923172
15082.919922 30.611233
16298.984375 3.389698
8361.977539 0.393866
90.415131 42.901505
657.414185 73.266663
663.953125 104.753342
3822.526611 125.666702
4242.675781 17.929569
5510.512207 15.807423
1539.385010 15.056726
6295.938477 22.693102
118.117920 117.552879
1666.355469 210.075806
6087.203125 331.216064
6127.907715 455.940857
2289.883545 12.683809
1735.141479 16.264980
905.228149 30.737888
543.097412 60.489151
512.390320 211.104767
4983.904785 265.947998
9243.257812 278.715454
243.115356 272.547394
10029.911133 100.602676
4758.060547 30.976402
12367.261719 48.265709
6682.568359 124.754555
630.459656 260.186340
860.109436 527.315186
596.305298 898.597168
1121.192871 1300.972656
11242.077148 104.697517
10741.721680 64.528130
3656.587891 62.103291
4168.042969 114.327698
1527.966553 11.366625
6906.648438 27.353903
1397.449341 103.657120
805.393433 250.589600
8230.464844 294.461487
8858.995117 172.711044
1832.461304 89.788094
2348.519043 36.387115
1725.212524 304.814697
4059.052246 415.502167
3722.675049 542.597656
8876.921875 649.600098
1918.546875 78.333000
8258.901367 126.652695
4508.479980 172.531876
1446.835571 226.137894
205.804321 193.370941
2070.386230 299.210327
167.065704 412.643921
243.838120 538.856140
1901.614258 192.793594
68631.671875 78.008606
12995.788086 54.515022
3322.791992 103.435501
301.199188 41.262150
3750.776855 128.972321
3380.881104 263.008209
7671.557617 417.318604
2886.167480 87.023346
135.679962 41.914394
647.603638 11.372344
3671.933838 5.692566
529.377380 6.767915
358.880035 14.112854
3441.449463 28.035307
2664.675537 56.606743
41586.492188 124.249557
15149.399414 56.657001
7771.895996 18.548191
13271.968750 5.533850
78.556000 190.856018
1490.260620 310.916931
1420.281494 420.711609
2932.375977 487.286316
23333.791016 1.663939
23840.066406 3.405777
8012.629883 29.210558
2228.426514 91.388161
7707.730469 78.198639
8675.739258 123.089813
2192.227051 199.281952
9352.976562 331.366730
13870.743164 87.604103
7271.275879 15.455845
8293.806641 11.934337
1908.078369 41.384411
9178.782227 107.944984
730.993286 246.945358
520.446533 437.291534
347.889038 616.412109
54325.562500 209.484116
31411.363281 146.342804
7055.918945 80.169807
1247.814697 54.632111
12970.791016 145.479477
792.621948 131.105652
374.062622 95.739014
413.318237 49.643147
4509.002441 185.971512
36782.378906 155.627991
36298.800781 142.644989
20062.816406 144.119629
2584.404053 159.569794
3039.277344 352.093231
372.168579 614.617676
12880.397461 890.602539
6965.008789 9.701142
346.513336 0.378242
9062.050781 9.459303
2233.079102 52.135345
2626.764648 22.972738
1608.695068 40.493919
3706.641113 71.268066
8291.436523 146.639786
11935.800781 187.971924
21945.808594 56.387306
656.514893 5.021517
1255.392456 5.664808
1240.006470 85.882591
2860.498291 191.149567
636.970093 310.880035
5928.130859 407.652100
25845.478516 44.191765
22158.386719 18.439011
6686.557129 3.768439
7087.480469 21.607567
325.119019 77.392860
51.261539 187.601837
2846.083496 333.078522
2600.954834 490.294159
4647.190918 102.708649
10472.420898 32.655457
2741.375000 1.264613
8998.862305 14.696363
736.932251 77.287041
3783.079102 127.851730
86.659508 198.411255
8490.118164 279.435608
1550.961426 56.601818
11815.065430 38.628162
8093.520508 35.983360
2687.730469 47.857880
356.570007 123.932716
2534.915039 161.178421
2325.024414 198.666260
750.840698 232.807510
3195.632324 88.217682
2285.340332 70.332298
7224.062500 72.484467
5606.968262 92.228081
2424.605957 765.223999
1400.026367 1110.484619
3312.244141 1498.239624
2899.503418 1884.037598
10251.001953 3.869623
166.278732 64.788025
8792.113281 234.751480
338.403748 473.303955
3645.917969 40.742729
665.861145 250.739624
5549.187500 680.527344
1436.314209 1297.238770
1688.305542 533.676086
6404.298828 274.502289
10598.531250 102.839706
2638.275635 12.257926
705.952026 94.133011
1263.781250 113.740845
2792.511230 147.308075
3120.847168 185.814911
13332.787109 228.740219
5363.042969 171.766144
12155.763672 123.981064
2040.756714 96.569221
639.093689 35.334019
2466.850586 54.331810
1043.079956 58.764206
6457.292480 44.976624
3253.186523 95.222565
23463.808594 46.830734
451.549255 18.471428
4428.625977 17.441864
2252.333008 451.341431
202.020599 549.228638
1939.478882 549.127991
5841.076172 447.683868
4455.062012 90.088135
4323.405762 94.003128
21208.074219 167.406311
10329.646484 302.493652
315.002319 258.946655
7159.726562 335.727722
2713.307617 500.699554
4977.447266 801.449890
24027.753906 176.614334
5240.766602 106.722610
22355.609375 141.894867
4842.274414 204.073288
11445.608398 17.374557
160.839554 106.187653
2124.498047 274.696655
11587.293945 466.455170
21917.546875 262.421204
18201.484375 196.141144
18613.851562 101.983078
338.783813 25.074251
4422.063965 27.006903
2928.477051 47.962463
3145.172119 54.578342
4447.092285 40.640774
48232.027344 111.406250
24753.964844 54.467098
22131.937500 17.151171
24665.222656 10.346076
2177.243896 89.471268
3100.752441 140.650177
8310.129883 195.059219
7915.270508 238.132980
13465.787109 11.815701
20139.859375 16.352039
6713.093262 27.969509
2564.774902 51.181618
1278.837158 226.537460
1076.851074 394.966980
2352.548584 617.372253
8697.750977 864.503418
16302.003906 14.628831
1928.171265 5.749157
8146.767090 41.967552
6654.927246 113.161041
9706.072266 31.401739
1.477132 129.291809
2096.402344 304.645508
825.440186 541.546265
10016.262695 204.254715
16785.794922 94.993881
18048.878906 28.222208
5839.231445 3.325339
26.648989 134.335205
1690.693604 172.024872
1206.409790 224.457397
480.272980 288.415985
7698.228027 86.283928
2519.136475 80.856323
194.095551 90.269249
1914.605469 108.324226
1860.170532 250.009094
464.756805 404.233765
8104.625977 547.992188
245.919098 656.403748
6569.477539 57.132675
727.702759 11.824164
4396.693359 31.591646
3900.216064 116.420624
3558.972656 22.711826
792.793335 45.727669
3458.598633 132.697205
1348.679199 296.428040
20009.519531 227.325653
8624.066406 130.356110
3880.490723 72.925194
3052.318848 37.728294
6679.875000 390.256714
4730.511719 463.495911
7084.891602 511.206268
552.752747 507.484253
37997.890625 159.170654
1503.713501 208.631668
11862.794922 257.594696
2979.445068 317.245392
3194.302979 150.034088
3434.039062 273.612061
2422.339600 473.546814
1941.683594 748.193909
11070.886719 96.386795
6540.384766 35.359802
15916.707031 39.323235
9817.326172 78.879974
883.605896 126.754898
1351.500244 235.793762
3822.627686 360.134521
454.660767 458.078430
13560.865234 295.464966
793.460388 181.702438
4538.680664 95.819107
1749.272461 73.658920
3447.620361 6.845456
864.160828 14.887905
2609.364746 43.841862
2556.292725 93.548019
4250.121094 147.400238
7602.070312 90.029205
4695.520508 46.022205
7477.552734 17.830221
3011.443604 36.356495
1864.985962 47.536472
375.872559 58.838551
823.813049 65.358871
22283.781250 24.043833
6526.413086 25.387539
3944.903320 25.990261
1121.904053 28.943464
1216.300293 168.138107
254.447952 272.081573
1227.277832 358.739105
4209.011719 403.252960
3161.178711 46.338608
30984.832031 19.163343
33512.558594 26.263250
2238.801758 78.222412
4862.294434 2.499296
9949.657227 10.259876
2832.796875 43.232677
3515.635254 112.215149
2598.244873 83.333679
1098.326660 37.406521
10229.764648 15.908907
862.223022 6.296343
2428.911621 128.295288
58.315712 173.680878
1558.786865 195.149506
10429.876953 191.136459
19700.796875 12.569061
36697.257812 4.058392
6230.926758 25.690647
3915.671143 72.468788
0.097663 10.408497
525.362793 25.998140
5307.458984 82.846191
2505.536133 191.438477
4247.570801 28.423660
11280.885742 11.022852
1429.608276 11.951075
463.355896 11.926595
378.625793 4.835606
630.984985 0.141868
3153.586182 6.487232
4376.516602 16.656927
32736.867188 78.637840
3054.292480 69.084381
14668.943359 47.108688
9385.433594 22.305119
3350.423340 84.199638
565.847778 104.416931
1702.982910 127.414566
637.479248 146.740860
15366.994141 22.506630
10341.897461 39.685371
7452.386719 54.794437
6735.521484 68.484222
1600.642334 2.587382
2521.563232 37.765167
1329.526489 120.247276
11.014021 233.053650
7301.849121 92.514526
10771.388672 69.784599
422.728149 39.170467
5129.554688 9.755809
286.340851 178.758270
213.870438 339.149963
3626.872803 506.544189
11061.631836 615.676270
18277.810547 80.826935
3874.640625 60.964539
4492.306641 45.434402
3524.174072 76.381416
2884.635986 0.675382
2398.748779 6.265381
493.517883 38.134842
6151.458984 121.467987
3968.322998 110.804161
16025.599609 32.521023
2380.274414 4.266694
232.967255 0.306557
809.830261 77.817863
935.310486 123.892647
79.446960 179.688934
12233.042969 223.582657
6966.964844 44.906425
30098.021484 50.115204
125.887405 48.514294
8782.766602 53.476982
3926.137451 33.002308
3541.262695 58.404064
466.973450 84.581230
2117.633057 113.590973
93358.554688 43.146622
9581.516602 9.277426
26851.474609 0.118009
4448.228516 11.020393
12904.501953 11.876198
1891.281128 24.286549
58.512787 48.087906
1132.736084 83.735229
7626.801758 6.648745
7495.693359 1.573831
22622.429688 2.839949
307.083832 6.175854
967.954285 44.099979
3184.250977 92.616852
178.313934 141.864700
1234.815430 175.382706
16669.113281 36.443707
7661.543945 14.991521
478.800323 3.196131
1805.275635 11.816502
2362.655273 34.100464
7917.229492 56.776245
3840.187012 82.626526
710.810791 115.170105
6027.812012 30.036097
8582.491211 4.250861
18554.732422 1.235309
497.223602 13.994264
2361.997803 68.623596
1424.916626 173.985138
5472.194824 314.528503
352.004883 452.569855
23568.990234 17.915321
11995.022461 8.038919
16605.712891 0.898605
3196.052246 13.868644
3641.841553 190.570755
8978.428711 241.272186
2272.748047 246.005585
5820.006836 196.369507
23347.554688 163.618942
1598.217651 109.339355
6056.333008 94.262283
4224.608887 128.363800
3284.829102 31.133581
1195.840942 100.741943
5671.106934 235.884491
166.658615 430.179504
21362.347656 51.702877
44841.304688 16.527225
35284.421875 6.079263
8878.626953 7.757056
198.656219 62.901443
4906.550781 94.066010
601.721863 137.608337
1140.571655 208.109955
17644.156250 49.705627
3351.280762 6.810311
1883.839600 8.454700
10832.710938 33.178017
50.238682 65.087524
1365.094971 90.901421
1871.611206 120.631683
2644.757568 145.558243
14914.341797 53.651001
9036.813477 47.354191
5762.107910 44.310722
1877.104736 49.177773
859.280029 215.197815
4884.212891 442.686401
157.995972 741.491577
13892.235352 1040.845947
36701.406250 3.610086
3248.212158 7.340130
397.748047 26.384541
1205.144531 83.121315
5495.612793 6.833991
6922.980469 20.066360
447.472595 65.245201
4670.847656 167.553375
12123.904297 203.667267
1023.159912 82.955772
7864.394043 25.300404
187.836075 7.417706
7648.994629 3.185594
2538.369141 1.227267
1298.309082 0.657561
18353.292969 0.840186
17451.023438 36.038536
29247.601562 25.630526
4070.387451 15.424797
3893.400146 7.698113
9228.557617 23.009323
12123.534180 28.524977
7576.076172 34.614471
1708.290161 39.826866
44272.125000 5.082663
92961.031250 9.656107
14088.324219 14.147770
6303.856445 18.397711
10232.146484 35.611721
9216.187500 69.820656
2212.787109 108.178421
2165.408936 140.312103
5216.972656 6.054656
4031.506836 1.514884
12428.253906 2.209128
889.532410 12.565036
3819.235840 86.436256
1382.090332 124.928497
3241.575195 178.612579
1023.023926 240.364075
22730.046875 30.527592
25408.761719 34.036911
10308.726562 45.363541
5393.937988 61.734570
4238.156738 217.747559
1009.676758 394.826782
1476.213623 583.699097
5445.741699 742.350586
12754.480469 42.644604
6879.999512 4.982506
16591.216797 15.538444
840.211914 85.965065
1825.228149 3.085632
2200.510742 12.963879
7550.896973 42.866001
3944.069580 112.444550
15909.263672 185.880539
22082.371094 76.734100
4061.506592 21.076183
5906.041504 3.175328
100.507545 82.643295
74.302429 156.502365
1434.935913 225.690079
4611.560059 267.217590
27091.478516 23.261795
7472.542969 4.799084
11723.236328 1.709602
9958.015625 26.919365
3293.659668 56.394638
82.547760 86.914032
403.806549 140.782700
5319.239258 224.870468
696.844788 108.523964
21253.640625 56.237774
386.984589 37.627964
2029.774658 40.456947
1798.976562 61.388901
1719.939697 65.066978
7667.557617 67.776909
1820.872437 65.607315
12276.108398 75.461632
3192.954102 71.078888
7482.311035 64.689636
3416.203125 60.765404
500.858917 3.964407
1001.847290 12.011457
2358.089844 22.856453
813.067444 35.646786
29711.039062 26.253773
2114.635254 11.046503
17339.308594 2.152965
3755.488770 0.128689
1449.987183 231.199493
549.469116 315.432098
3985.202148 377.587524
2264.322998 405.624847
44745.406250 12.191651
4249.866699 25.094580
12485.119141 70.209473
561.110718 143.246414
4529.280273 100.533066
832.543762 299.391724
1021.450439 616.376709
2274.318848 995.375000
5561.960449 143.306381
8430.458984 70.215073
3677.604492 24.560715
1723.640259 21.148558
273.117340 243.894333
1230.045288 320.075073
5007.321289 398.871582
4459.189941 457.013702
41129.339844 211.414368
9482.639648 183.389740
7139.569824 172.375473
287.897858 191.322296
5808.091797 37.561142
1354.410400 36.363094
3549.998535 48.751465
1063.155151 110.178505
4856.289062 126.388412
6159.959473 41.245800
641.029175 20.481823
5622.928711 29.919334
712.355957 161.163849
6410.657227 165.151108
1556.973511 148.893021
208.913635 119.808601
11461.464844 27.618935
14523.166016 58.316334
4949.931641 98.277039
2312.103760 136.473526
3498.564453 98.071045
5238.813965 98.431313
188.041199 94.117737
13120.486328 99.295273
14783.354492 39.892006
10545.376953 39.918594
6030.822266 60.253082
5671.355957 84.291489
10437.400391 31.632231
1780.982178 8.732906
4236.980957 5.525364
6033.024414 53.853714
25803.931641 12.863327
18997.046875 6.253052
23295.054688 27.362476
5189.799316 41.622059
747.619873 23.256119
3992.907227 56.831757
4249.062012 120.477470
1749.904541 195.456558
35099.148438 26.405565
18458.625000 36.036167
6254.066895 30.517769
4128.603516 19.737659
1630.178589 4.832107
1507.845337 5.848081
47.703766 4.545666
3092.750000 1.283094
13749.777344 57.293060
8437.842773 31.616062
5145.151367 13.496916
378.468384 5.534160
3479.132324 71.696297
3689.188232 95.239296
3200.299072 110.686661
522.208557 115.732292
172.164780 0.764417
14645.822266 5.841900
931.881287 21.410295
12139.191406 45.053783
530.268127 3.087906
2845.513672 3.325406
2025.395874 26.809475
4280.693848 79.352371
50387.402344 24.152061
133.035263 18.744427
12123.242188 17.743877
1362.078613 11.915244
4479.876465 20.608978
2093.182373 14.700988
2341.573730 36.051792
13765.822266 80.574699
9342.813477 39.418533
5251.109375 59.207886
9375.613281 59.858528
11258.041016 42.107651
1619.478516 50.885624
2196.621582 138.721283
807.922424 274.649292
12008.082031 407.843445
39557.687500 103.788857
32090.283203 95.254005
4739.307617 58.931660
16380.446289 30.483854
2286.892090 46.458485
917.960022 66.644096
2831.050293 100.794388
3200.293945 122.358360
25875.015625 189.968735
2477.084717 155.992752
2436.971924 102.442810
2626.516602 58.823395
478.899719 112.254440
2161.145996 187.313568
1387.202026 253.606033
12260.441406 282.679230
32029.101562 79.936401
13805.525391 54.734238
8392.434570 40.626564
6777.395996 58.121239
748.864136 56.885078
1031.538452 123.393295
2610.598145 212.688736
6203.390625 311.106934
83198.203125 51.798218
22461.656250 18.360731
6082.829102 6.589909
9.781252 18.347809
20495.669922 90.163849
4575.013672 106.243980
443.489807 107.511963
19581.705078 96.729973
1191.221924 109.786461
26989.109375 71.726593
38715.871094 58.371643
7075.094727 68.799667
7170.143555 15.770380
1017.461670 27.819504
23.992931 51.445511
1910.299316 96.838425
10027.216797 39.613594
7077.951660 7.169651
22194.861328 0.402144
12527.296875 6.554462
1158.654175 10.918494
2764.832520 20.187557
5100.211426 31.298428
5147.002441 40.898018
11686.004883 8.591810
6206.853516 6.151917
10990.667969 4.531432
1863.465698 5.638629
3659.693848 2.657283
1411.303955 2.427421
2763.581787 1.884013
719.985229 2.395919
9460.145508 1.792251
28272.361328 0.088100
4242.469727 0.570714
7784.996094 1.880491
312.282867 30.531368
1396.662231 59.267960
1925.741211 96.879944
2163.969238 134.320755
23346.783203 6.942735
2749.316650 6.145727
877.231812 7.463797
6943.381836 14.016819
1643.426270 59.370476
4599.326172 61.335098
4053.747803 56.529667
1425.468872 43.627094
14064.242188 56.509377
6518.297363 53.955833
858.958496 52.714012
7940.557129 55.031605
4835.351562 58.169334
182.865097 111.227623
958.612305 175.364914
261.830292 240.109589
12421.863281 23.317909
22015.994141 5.325690
15849.287109 4.641696
8040.009766 22.077480
317.878143 23.697939
5502.888672 32.664307
4942.015137 51.036919
3891.894775 79.155022
8968.794922 54.887138
28.528311 36.706524
995.170410 26.281681
488.563477 22.063402
918.639404 111.051765
370.866241 176.033173
4549.563477 245.206253
3522.893311 305.159210
20510.978516 23.248848
1903.638916 16.418751
5408.343750 28.380844
1906.378296 60.194916
3333.904297 184.213287
3455.936279 330.466125
45.739647 522.910645
8448.154297 731.040771
84923.460938 22.772535
15876.230469 12.897526
23680.042969 35.931194
7096.517578 89.574928
9680.694336 71.761742
1832.008545 168.540985
1597.867432 295.358429
2686.111084 448.415741
182.247849 194.930603
21933.945312 62.712944
12854.712891 4.014230
1143.220825 12.262419
1.714224 105.268456
1216.759277 174.552795
3334.748779 262.431427
7674.030762 354.354950
13424.607422 75.461617
1240.200928 48.852238
7051.341309 43.531898
2145.409424 61.481270
1926.622070 137.728424
739.362183 274.536957
3827.067139 454.976074
936.343018 659.488770
48879.699219 65.517799
9741.062500 8.286652
26340.027344 5.144318
4044.813477 48.655907
2190.869385 94.972237
729.274231 164.117065
329.831024 224.132111
1910.092773 267.931641
13949.456055 182.625656
2106.746582 77.948914
19158.292969 28.666292
1017.632080 40.229500
5735.468750 57.891800
1631.550293 24.318762
3544.640625 4.762132
1397.344727 21.089643
1062.182373 76.784050
23485.156250 77.493317
9028.745117 85.964996
4260.078125 82.018906
1113.402466 69.123894
1993.901978 154.105591
228.391235 302.762177
9737.734375 480.919891
17698.310547 18.935688
17700.246094 40.775742
1447.179688 45.362648
9196.581055 43.540352
6232.238281 11.830648
191.710251 3.984339
1320.788452 1.573086
4886.805664 3.246421
6532.819336 138.218567
25388.318359 96.839584
119.042587 57.842285
6156.302734 28.881176
296.468262 86.199707
4589.412109 149.227631
229.670837 212.533691
1385.374390 256.560089
6468.248535 0.012761
1185.871948 1.959748
3925.552734 12.063660
3196.392578 38.706318
532.419678 120.262543
1581.857300 230.913177
1655.250732 389.867462
261.094269 573.012695
1293.843140 11.954731
11870.517578 7.617801
7181.259277 23.263212
3749.226807 56.422184
2200.974121 49.530827
343.649231 36.142471
1530.780518 17.214592
1935.316040 6.968702
31740.347656 173.636597
24590.804688 108.501816
2655.735596 71.565010
13732.978516 57.109478
6053.043457 17.656637
618.462341 37.390053
330.426636 90.357307
1478.806885 174.371567
753.735840 3.467801
2078.038086 11.012250
7081.253906 17.890728
1603.771484 17.179106
248.506775 173.462296
1131.467896 227.340302
6900.847168 263.185577
2358.780762 263.623322
28051.671875 59.184711
7156.046387 69.200790
4000.274658 87.153107
1497.144409 122.226196
6326.349121 64.632095
3739.137207 165.264572
16.509310 328.901794
644.603088 541.366943
4097.981934 51.020981
651.597046 8.860247
2905.700439 0.337133
3307.022461 16.013693
543.180908 61.457779
479.330414 101.483559
2433.441895 151.321304
246.086594 218.324448
14445.101562 46.908646
4754.513672 5.169884
206.650436 3.402801
2974.643799 26.935528
6402.297852 220.758179
1585.310303 412.378784
3346.597656 622.785583
888.041870 792.924316
1464.019531 115.710434
4687.915039 63.027603
5367.875977 45.702297
604.189941 93.393738
3695.683594 46.407066
865.640869 130.751938
1228.227173 266.306671
11820.119141 443.663239
64686.410156 160.000488
12039.010742 65.695107
14319.359375 17.095200
9191.093750 10.370642
7375.065918 117.976501
1310.095581 200.180847
1759.982666 306.388550
10887.757812 422.960266
16185.992188 50.640984
8184.160156 28.347090
11091.239258 33.625912
15956.767578 63.144054
2894.875732 22.445997
3826.039062 47.307522
2200.540527 90.826172
6999.664062 162.680252
5421.112305 114.242195
47136.613281 43.663139
7296.137207 12.675003
2639.504150 9.691895
4547.738770 158.848755
3645.759277 163.213409
1350.575439 149.036575
2101.354004 118.530212
5565.919922 65.582031
1375.027222 87.535896
9186.417969 113.623825
9873.235352 139.820633
253.458389 10.907152
322.195404 49.373878
3091.973389 135.326050
1116.452393 265.215576
38404.363281 27.181919
16334.509766 11.989766
638.275879 7.087245
9040.663086 3.683349
4366.145020 170.559677
7303.012207 214.093155
3686.807129 263.028259
6664.247070 300.680054
54337.406250 74.312241
700.718201 99.482674
25441.238281 119.318665
1303.003296 140.035553
3116.149170 203.435318
48.976532 241.070724
3404.616699 256.562073
6622.173340 261.682098
29089.099609 147.228195
33045.933594 101.160316
10817.265625 107.382774
1804.670898 150.817215
7843.934570 125.977066
9531.040039 208.063354
410.594421 330.524902
1118.675537 474.318298
13325.693359 132.373718
19091.212891 95.913872
19983.746094 79.569244
16807.496094 86.228088
3557.330322 137.619202
752.290161 182.269501
2520.550781 203.414093
1485.129517 200.846527
563.754089 108.536491
4186.262207 61.337967
3523.070068 54.699921
2422.304199 86.620186
2470.284424 111.407623
1220.356812 243.578217
10592.105469 423.881470
2259.640137 611.588074
8268.576172 8.953985
6849.191895 5.405483
19514.125000 11.221397
14128.083984 38.796154
4009.052490 62.267685
7.265710 64.570755
2900.961426 34.415428
7075.717773 2.900945
13213.174805 157.026703
5093.122559 46.547913
6024.142090 12.061471
13872.056641 32.309242
3306.921387 49.690128
1964.102417 59.990982
2819.914307 100.720749
6793.912109 181.029449
27282.578125 11.768822
2402.524658 20.174812
2818.138916 38.362728
6166.224121 48.212944
2257.725342 72.963692
7796.715820 72.081787
489.788239 71.518799
3121.312256 68.308334
2687.322998 79.391388
15070.813477 82.357300
7512.626465 80.061646
2203.894043 75.906067
768.711304 174.959412
2524.092773 285.788055
1222.472778 413.186615
1283.336792 529.788757
4469.850586 60.970451
15118.333984 46.152775
1971.137939 56.096207
3049.043457 97.257919
1747.040649 73.855385
1019.096924 176.279633
1857.552490 307.513062
4058.041992 443.491547
1332.971191 97.366005
25701.671875 33.478584
3447.893799 3.095059
1221.593384 14.926178
265.877106 76.392845
1291.489990 131.313568
1060.712158 218.507080
3046.603027 344.695862
2259.101074 120.763947
2936.069092 51.458599
614.119751 31.351114
3368.395020 43.505825
203.956848 288.294952
6846.658691 245.929108
7006.534180 181.429932
2887.368164 112.927345
3578.031006 193.677536
46210.199219 238.352158
333.726654 278.064575
22413.644531 298.458435
3635.985596 492.305695
2208.132568 909.868347
2014.430908 1487.252563
37902.125000 2102.535889
38522.519531 104.718033
1878.083252 115.001656
11188.583008 157.333008
1143.631592 259.288391
1160.927002 104.775162
1097.690796 187.840546
371.501984 282.847595
2285.090576 389.245117
25387.212891 590.506409
38271.296875 300.239716
8687.900391 121.100067
15899.767578 66.446922
132.678909 49.826134
1636.085815 137.576660
791.332764 257.570068
42.770458 379.453491
8397.393555 53.859634
39331.898438 25.614086
1411.848022 5.125678
6441.030762 7.598547
1598.502808 10.923145
6239.897461 22.403162
546.774719 42.424797
14377.386719 80.537025
22533.326172 89.684265
1543.662842 33.325375
294.794678 7.703901
5128.404297 4.123432
5196.057617 14.420996
3529.532471 45.330776
839.995422 92.548782
4792.563965 144.817139
16971.640625 14.952723
19382.798828 9.060966
6324.609375 3.152337
4634.090820 2.195676
2456.568359 57.771351
1128.995972 89.050598
306.596008 121.249466
77.427162 140.587799
24697.439453 48.317490
1288.542114 41.660198
19069.789062 35.172020
4593.970703 38.718925
5289.462402 11.815559
353.059113 7.826739
2496.012207 5.750507
488.739349 13.015720
6920.195801 33.332882
1636.043945 17.633533
9795.166016 13.035310
1926.176880 13.125483
2112.369873 206.168442
1108.876831 301.905396
4514.456543 398.909546
781.724426 472.893219
4481.840820 7.916719
11815.917969 32.052895
1203.802490 70.756935
4019.097168 127.656151
8257.271484 166.131561
947.766479 195.106079
8234.546875 234.415482
293.674896 317.569580
11203.707031 115.265488
19947.037109 60.202991
6542.219238 77.316467
10134.253906 124.506271
2665.556152 42.358562
210.484283 171.595840
4435.166016 384.303711
13373.630859 627.051880
69454.507812 88.945137
22480.050781 63.638847
8612.284180 26.639679
1103.005005 4.627685
7506.115234 49.243126
5842.593750 83.517937
6285.028320 147.412796
4769.175293 235.524597
34919.199219 117.063377
25266.855469 76.781982
6745.855469 51.561573
10610.973633 40.917320
8546.499023 29.345009
524.212708 29.135061
2399.188232 23.588303
1859.074707 17.138165
28137.714844 64.691010
32388.121094 39.640194
18259.697266 27.453226
896.705688 26.396503
4343.611328 157.414963
854.448120 291.857483
5369.609863 473.558472
3489.910889 662.799194
32706.734375 13.260972
17814.400391 23.329517
826.563965 42.380653
15286.320312 79.570251
11275.781250 12.110350
6804.106445 35.954052
1120.416748 82.175400
4383.360840 151.638367
68516.632812 128.786789
1828.155884 64.390411
23201.925781 24.882462
3349.666016 8.376816
3234.661621 113.889473
441.212158 179.717407
2154.717041 254.633972
4719.037109 325.148987
15085.402344 9.275146
30197.505859 11.721931
25181.363281 30.128819
531.689819 63.778309
647.144775 372.987366
366.367859 574.184021
171.739044 777.151672
5874.870117 948.794922
16266.519531 10.153587
8169.713379 8.937492
833.980591 74.957237
6479.567383 200.357635
9638.292969 106.250755
165.225250 175.582016
41.540039 319.723846
408.076477 565.546021
12750.243164 183.052048
3319.707520 76.920242
18129.750000 55.004204
1627.932495 71.826302
161.224335 215.475159
419.797760 494.979401
1213.686768 818.863037
4630.677246 1075.408569
16376.077148 241.808685
22298.302734 136.736069
815.091736 51.759430
3204.626953 62.224442
3926.793457 147.552795
1371.881714 329.274719
724.405090 563.770203
2855.262939 829.135559
5265.525879 239.905792
2768.867432 72.967194
152.031036 5.790921
3429.952393 34.808079
243.630875 45.745445
1187.261597 117.044250
3481.311035 258.804688
3801.320068 466.796173
11927.840820 102.156868
6578.954102 49.068756
2751.542236 27.731600
2302.359131 24.042595
435.225647 32.633331
329.888733 48.650230
623.409912 74.550148
3697.880371 109.324799
15406.441406 112.181305
1624.539551 68.007324
1656.418701 39.694019
3639.494141 28.617092
3453.389160 24.127119
6866.248047 28.949673
1097.092163 46.043285
4155.952148 86.277000
979.374939 8.776615
7757.933105 0.243542
1035.521851 8.525133
928.576294 18.889204
239.771973 16.026142
631.752991 37.654018
814.041748 73.355583
1396.266357 111.407608
20607.953125 41.571083
11603.745117 34.057674
6086.625977 21.576277
724.761963 12.315084
3784.905762 93.139771
3594.155273 136.463867
3215.775391 173.465698
4596.023438 194.240707
15799.418945 14.709918
27112.806641 15.158253
10396.687500 27.562271
14292.768555 54.304939
1034.673584 3.020732
2377.002686 3.688298
4390.888184 41.184280
2042.048340 130.271103
2999.821045 30.581234
25466.371094 15.526532
3857.884277 16.643017
2010.240234 13.289865
1565.885498 37.998405
5230.588867 60.406364
816.555603 116.050529
873.985352 187.062378
17888.796875 53.680008
391.960754 70.030579
7765.903320 63.949455
10406.777344 45.759644
696.704834 155.378448
39.181141 203.131607
699.189148 234.340683
1501.067627 228.732895
4897.495605 124.499947
5200.546387 110.170082
1158.529053 101.852150
4742.371582 116.333878
6016.932617 52.275272
1375.463379 24.036785
1448.488525 1.711730
232.440094 12.242138
6412.003906 90.145264
25105.792969 64.515396
5506.968262 64.344215
12573.042969 66.114532
2902.539551 130.527161
2490.495850 275.331970
1841.091797 462.315033
2441.664307 634.819336
21426.480469 20.259680
4310.990723 28.426514
6380.652344 29.965086
1580.044922 52.831848
2068.804688 102.914581
589.810730 141.561157
1621.392822 175.124542
1287.710449 227.527802
1450.585571 99.974197
11815.162109 20.316166
9931.681641 14.252475
3418.840820 53.673584
2332.523193 290.876984
3246.283936 417.662537
3410.309570 538.131165
10939.226562 627.938354
23687.992188 55.407482
11807.121094 58.884724
1685.351440 100.570915
415.292664 180.124207
6303.815430 325.588135
3447.290771 676.381226
1680.391357 1170.463379
12378.220703 1724.775513
108510.179688 165.441956
4884.567871 77.081734
36359.832031 62.691814
2392.540039 132.302109
27055.451172 144.445694
171.141357 271.404144
5250.022461 432.866333
5311.018555 600.755310
68425.976562 590.668030
32045.605469 327.232239
44847.828125 151.173370
1565.295898 92.791016
2805.939941 8.549866
1089.636108 5.009217
788.496948 22.732010
3007.033203 57.056778
63678.207031 167.748718
1514.262695 121.713341
16069.114258 73.775650
3433.762939 33.197094
7074.905762 11.265075
4123.119629 16.576359
256.634460 39.839737
4649.792480 77.255524
9688.986328 11.527850
6871.478516 21.886402
13326.106445 23.894890
10140.468750 17.505596
4064.741699 337.240601
125.085968 546.831787
1785.555786 752.636108
10252.200195 878.262939
356.409241 99.351639
32633.648438 99.840843
363.990356 114.500610
16036.727539 186.158264
2815.895996 29.817396
240.411774 76.111328
1304.639160 161.832260
5940.482910 305.950134
11314.877930 283.630432
21206.367188 117.424896
863.899109 33.405872
839.421082 12.344343
795.399048 78.771690
107.155304 92.168579
2293.280273 102.890854
2542.338379 106.826019
8120.565918 42.634792
5306.555664 49.165279
4661.008789 56.624771
895.351746 66.357712
2485.350586 122.881325
5373.569336 158.169373
54.991272 171.015503
1164.821045 163.535995
11446.744141 61.217789
7341.395508 34.940151
507.576782 42.017113
1220.626587 77.299393
6808.940430 20.155952
7017.613770 78.926910
1561.079102 201.070312
1365.420898 368.118866
13534.396484 75.868568
26651.130859 54.556908
569.219482 32.806355
2717.760742 13.800341
1831.116455 204.718170
532.655640 319.244598
4.757705 409.129578
3474.971680 429.356476
18921.392578 121.239349
1421.276978 93.772324
27134.949219 80.838142
12777.212891 115.738403
956.941711 85.439720
2706.606201 99.224876
1109.602905 116.766441
2520.182617 150.475250
3333.685303 137.291061
3559.885254 83.002075
10464.949219 65.113052
2732.535156 71.266037
1149.102417 190.364349
277.883148 277.340851
6869.397949 398.601349
10133.419922 558.497009
7267.024414 9.195840
7935.055664 8.843021
15370.914062 55.736599
909.146667 119.925507
4484.135742 15.399414
5192.615723 8.846810
6218.162109 19.275089
3290.371094 52.900131
68187.906250 159.957611
3646.739258 103.985390
16657.605469 62.355148
9201.483398 33.601173
6049.088867 22.425262
109.835602 12.070342
786.414856 6.061617
232.215897 6.009172
9567.654297 24.509939
21383.466797 34.407242
16605.507812 37.485355
4403.530273 32.580364
5.358102 164.526169
3702.378662 289.940125
15.998480 412.565979
1228.093628 493.205750
5563.352051 3.138280
2578.706543 1.191572
3870.163574 17.157354
512.246704 69.134590
7019.343750 94.828392
4901.508301 169.315277
1848.774292 287.180115
3769.504395 459.262238
9539.222656 74.036751
4870.277344 12.226692
3101.672607 11.998374
1157.055786 44.603363
2135.777832 103.661270
26.610565 253.072891
1698.521729 447.864655
418.348633 646.982605
48388.617188 114.854240
23962.673828 42.882019
11227.459961 6.065283
3490.472656 21.407425
4893.132324 4.364721
2076.382324 32.023643
10821.871094 86.924225
6495.015137 166.073212
6390.916016 166.073212
6495.015137 86.924225
10821.871094 32.023643
2076.382324 4.364721
1554.107056 3.184690
866.498596 8.156482
3055.584229 18.972080
7755.161133 37.052547
205582.625000 16.295883
3799.945068 6.450364
27814.250000 2.385075
3471.591797 1.651264
20353.492188 85.756561
548.206543 97.156837
1514.908325 101.118576
3073.352539 97.460968
20810.921875 12.300617
24080.914062 28.269098
39869.917969 48.145927
7689.153320 68.482651
834.920166 59.081287
2670.542725 151.215393
1240.733521 284.070496
572.396851 430.252716
167.084610 24.990238
5015.967773 8.802855
500.333527 2.214842
1707.607788 13.396930
102.789536 101.298851
1052.666260 175.518738
493.578003 288.894928
1604.681763 427.390076
20148.726562 47.833771
7119.429688 37.062668
1834.639282 43.017254
5152.033203 61.567871
884.742615 82.732071
650.917114 127.725777
90.714218 157.625549
6850.186523 174.400818
5149.312012 114.219986
5602.559570 41.725204
829.298096 17.103064
2953.419189 37.580833
309.188599 63.914654
92.465988 83.061874
1254.722900 112.498901
5238.784180 151.377228
43977.210938 99.414093
6030.394043 71.027267
16299.632812 56.671146
4897.034668 54.898266
6554.687012 1.362050
1111.944702 4.528236
3601.603760 16.386936
593.273193 32.882256
11666.864258 45.690903
11063.943359 34.390064
1819.315186 20.211246
18207.257812 7.563550
1878.278687 67.507980
508.147766 112.331604
115.527222 156.410614
8906.209961 185.555557
40009.128906 2.644041
12840.353516 5.485718
22412.173828 13.604019
167.320496 33.241821
2978.629395 118.635735
957.008179 224.208435
341.150238 368.900513
11954.949219 529.750427
1464.162354 5.780320
21530.625000 1.779484
1133.179565 18.324556
11190.917969 53.830151
535.115356 47.990452
182.685745 78.497871
2033.868530 107.773209
775.575562 140.974579
34064.871094 118.514778
26078.271484 47.117714
7684.331055 16.687164
6642.201660 22.240942
205582.625000 205582.625000
205582.625000 205582.625000
0.000000 0.000000
0.000000 0.000000
0.000000 0.000000
0.000000 0.000000
0.000000 0.000000
0.000000 0.000000
