927.808899 382.899536
9363.068359 330.453888
8198.224609 314.764282
2372.414062 352.413391
5626.622070 521.893127
342.452148 511.431274
668.027039 488.961182
1415.371948 443.709869
3493.596680 869.655090
357.989563 705.158264
8387.578125 480.128235
19700.673828 301.627350
2096.437500 2223.666260
7193.849609 1607.681763
4582.760254 1201.907227
1617.677368 995.314026
635.083191 275.296753
2366.094971 192.391678
421.700012 116.096977
5370.801758 43.752579
6980.907227 1123.220581
10917.474609 850.586548
2431.898438 590.782532
9425.558594 397.637024
409.610901 394.127106
5551.200684 402.983032
5814.181641 355.775757
858.885010 252.642426
1972.667236 1568.719238
1943.299805 1018.421021
2311.511230 614.047180
1568.209473 424.209839
960.430298 582.020691
1272.408813 515.098877
5789.270996 501.977661
4737.801758 449.312744
2423.944336 2266.850342
391.537994 1783.192139
6220.017578 1238.408569
1122.292480 810.781250
214.006256 175.464523
553.038940 103.163651
3925.792480 70.947639
1261.810791 70.694809
2843.708740 368.182251
1096.948853 395.857971
5996.121582 357.447144
8718.010742 271.823822
3492.064209 8.326756
9923.483398 9.776482
600.631775 33.235741
18268.210938 80.493553
5214.411133 53.648800
2301.296387 42.057034
4628.927246 31.820332
830.500000 19.136644
4578.713379 342.013062
598.968689 308.522827
6999.514648 213.834183
10184.447266 111.256989
729.325317 993.857178
7493.179199 628.497498
149.432983 415.004181
581.322937 346.985474
120.483063 270.433685
4012.187500 266.927795
940.698486 244.980438
3288.064209 181.338928
14495.464844 747.974609
14229.795898 570.671082
26484.060547 405.443756
8206.126953 304.041046
4959.898926 13.598446
1004.793823 14.791586
2841.456787 32.624210
3475.718994 34.084782
1756.021484 541.561035
4134.420898 372.484528
3091.915283 195.670044
151.641296 68.332848
306.103973 68.189026
4148.345215 49.520454
2182.954590 66.346947
9441.034180 159.204269
2901.558350 24.713039
2918.868896 19.645996
2344.738281 52.740974
846.421509 75.862152
3168.454102 322.250854
1492.890503 301.965637
3690.381348 229.283890
3739.305908 106.844460
5921.117188 1406.247314
7403.646973 923.983154
4125.696289 558.069153
2376.759766 372.638428
2392.220947 5.204214
458.780884 8.941723
2631.221436 34.250237
3917.093750 113.432556
909.779785 294.484222
5956.981445 126.677216
1602.622681 39.472565
4912.648438 9.990788
296.826782 553.906555
1462.098022 541.198486
9251.735352 447.640198
10080.475586 281.414185
4245.213379 2043.108154
2960.138672 1352.516968
458.230530 844.798828
4627.780273 603.310303
1720.840210 727.550049
3706.242920 722.981201
10750.995117 742.645386
7503.192383 673.587463
23013.833984 2127.848145
318.660339 1716.126465
6079.928223 1240.792847
5478.789062 884.172241
69.278175 63.333843
5408.410156 21.089119
7319.051758 6.492832
24130.875000 2.902898
6116.661621 454.226898
19544.150391 370.760010
559.251038 255.102112
569.282898 143.725174
2695.821533 77.452415
1334.497681 65.247879
1571.347656 46.218132
6378.292480 15.664527
12910.400391 760.000916
4079.492676 480.426208
6631.903809 254.727585
1037.219238 124.861221
1035.274414 168.535538
1784.870972 122.771744
5053.092773 118.524300
5058.045410 131.683746
4771.898438 672.619446
3972.216309 563.275635
2172.612305 412.871490
5024.451660 269.060699
1256.382080 166.096237
3207.492188 120.410629
580.975403 82.374390
1397.429932 54.031662
19699.949219 683.350647
1386.268311 508.192505
2647.661865 349.858978
1003.561523 236.201324
2025.786621 33.586632
2492.475098 24.860817
857.055237 23.737909
3308.607178 29.271809
4740.465820 151.875168
1186.299194 115.517822
1035.197754 79.968460
1683.585938 51.756233
341.384613 27.034252
103.542831 37.111710
3415.437744 61.850639
28522.574219 101.197166
200.950760 15.300557
994.611755 18.134174
1300.149658 22.784710
3481.130615 24.831762
276.040009 175.458511
614.473450 113.726669
5284.468750 119.192749
6141.145508 184.127594
14950.156250 423.887726
22897.542969 430.946106
289.974548 377.517944
4915.541016 278.634094
4682.514160 225.262985
2663.464355 229.241196
10303.179688 221.227646
4986.877441 181.948792
22035.523438 457.963043
3692.770020 376.342163
2630.779297 292.546570
644.640137 239.826782
4476.768555 112.753784
6482.643555 107.400414
3489.519043 120.759827
4361.496094 142.388428
24415.283203 258.296539
140.122437 227.708313
3943.978516 183.303345
1536.334961 140.251587
2535.343262 166.186920
221.358658 173.671417
3411.055664 148.089523
8870.949219 128.857117
1979.733887 137.622665
27434.109375 61.797493
10375.271484 68.082802
2997.506836 120.000427
2176.711182 332.824554
4418.008301 266.806549
5946.716797 237.888123
30318.687500 222.975739
1847.539795 916.465393
8389.397461 789.831970
1372.648804 617.209106
4118.122070 452.374023
1992.996460 19.395128
3285.848633 7.795556
9493.392578 3.959062
2223.388428 3.527261
5193.082520 156.527512
10175.483398 120.454712
3381.498291 78.878983
88.501678 43.072277
265.472473 91.289429
4681.553711 63.149292
4731.490234 68.090698
942.137451 105.341492
20496.917969 219.912064
10302.984375 213.531448
2853.865967 185.036865
1782.964111 138.786041
4181.856445 198.765228
1359.504883 141.415894
3640.168457 86.548294
6679.866699 53.902176
2523.042969 415.266937
191.036499 352.124786
6693.839355 298.016724
681.065674 249.793442
2036.935059 219.229019
2675.029785 215.004150
5241.389648 189.264526
214.981354 146.120163
868.149536 537.834778
1415.008301 385.600952
969.944885 276.772552
205.043396 227.726562
88.312469 181.129791
2444.886475 171.754395
9799.205078 187.147980
7946.199219 177.319748
8941.306641 774.710327
2465.391113 619.458984
832.877258 422.703918
2252.890625 262.046753
529.471924 81.798172
1305.930908 86.870598
6280.954102 88.745659
3059.470947 135.500275
20421.189453 163.191742
3980.480225 45.466293
11125.152344 23.813587
279.999939 53.167725
1536.904663 351.304871
1341.275757 347.241058
14680.235352 329.259155
91.297295 241.623749
7160.333008 1490.956909
4449.641113 1080.611206
2549.040527 691.878723
757.666321 442.412750
847.094238 37.078373
580.988159 29.577789
5936.176758 18.618937
8834.447266 4.691763
15275.416016 321.055054
2819.574707 203.104568
3874.472656 110.035576
1240.057983 57.195351
536.113464 8.202496
11580.500000 5.709067
3749.318359 15.116221
14782.357422 26.032621
17936.884766 343.149292
16861.251953 223.526871
4341.045410 114.061668
2769.973633 40.377998
2788.987061 150.283707
1723.415771 131.228699
984.640930 85.614159
983.067871 53.139885
9899.079102 446.919098
2013.459961 261.200989
6112.663086 167.626343
537.354553 147.685455
1556.816406 164.788589
2454.733887 144.712189
7482.562988 114.790207
682.004883 56.427204
7785.581543 953.743103
4476.452148 656.376099
719.619263 394.528900
4116.479492 231.216553
962.582031 26.046497
1030.958008 23.438097
635.082336 24.518646
4887.586426 20.294235
12727.278320 347.452301
288.359009 227.012375
8243.954102 120.457832
1447.704102 52.840027
1108.219238 44.967064
4108.240234 52.316360
3773.028809 47.928528
17105.000000 27.394073
4605.019043 225.264755
2860.346191 139.680862
245.729980 74.759674
621.643494 45.462360
1100.312988 4.961345
1793.581299 3.542492
5095.016602 3.927245
674.648010 1.503742
6608.248047 200.182999
6368.963867 125.275040
6272.322266 60.545498
974.569031 20.402092
152.790314 58.920223
304.568390 61.703690
3604.581543 60.896824
7504.607910 41.504032
9518.359375 365.218597
1759.478394 250.970261
492.905731 145.565567
3891.757080 80.169930
3568.297119 19.171926
5687.281738 20.089338
442.561035 32.191967
555.418091 70.683990
1759.602295 18.817078
6436.389648 0.483421
937.316040 5.173225
1198.353027 15.125813
1457.629150 135.658752
1340.713013 143.639404
7421.886230 133.653183
34159.375000 99.670151
34.495110 202.218918
467.442444 164.315567
3224.322510 135.348602
1381.148071 127.278191
3959.466797 20.733725
1031.127075 21.866463
1417.841797 21.012575
16290.662109 16.289270
3296.529785 150.727554
20456.669922 95.010918
1436.185181 50.868347
4597.961426 27.032940
1597.131348 124.300438
2523.326660 106.621918
3000.232910 116.336151
8353.078125 156.846161
3.240196 831.915527
3111.143799 553.784607
5440.597656 329.954285
166.123428 189.618668
832.738281 223.968033
1283.267822 149.638809
1307.757935 103.538452
3639.133789 63.581234
3676.840332 914.657349
17600.705078 743.774170
4400.808594 535.868225
2337.248047 351.695160
644.576355 38.875153
1917.871826 39.559612
11272.708008 40.666401
15678.718750 41.165134
281.826721 84.636505
6460.849609 65.929466
723.255249 50.512619
606.782288 41.594910
1404.690186 1.638517
958.902344 4.364322
3786.630859 9.722304
1486.626343 17.578257
27311.525391 14.888167
5191.254395 7.971454
625.583557 3.465329
1025.016357 1.374313
2788.200928 35.933178
2067.466553 52.614246
3747.011475 56.269077
1795.079346 62.261929
4315.280762 224.550766
398.274689 93.856613
5826.219727 26.592171
2633.007080 17.077162
1579.466187 139.205505
2860.273682 67.470619
2124.575439 30.618839
24349.093750 29.972488
2974.021729 720.237610
6159.219238 561.246399
5271.145508 394.127319
4368.735840 248.610336
6.785487 230.721893
1187.097656 211.303619
5463.322754 214.447800
12168.282227 231.411118
3718.802490 264.491364
7811.259277 296.639954
4860.814453 293.914032
136.854660 264.993378
66.723152 116.845024
1644.904541 113.358398
10731.793945 118.675644
3050.841797 104.534889
1230.052124 514.505127
15481.261719 394.988312
839.098389 261.550598
2944.029541 161.959213
441.473083 37.907444
72.286194 55.428463
17076.896484 108.992775
12951.315430 207.043732
22842.871094 74.638306
4920.969238 47.359890
8624.551758 40.131298
4404.661621 37.454971
1171.855591 514.730957
993.705200 483.507782
9524.257812 461.505310
4493.645996 420.691040
23310.792969 1243.512939
3156.826172 1009.451904
1005.704346 773.124023
1263.065308 601.890320
687.471191 383.469513
1979.458984 336.118469
3559.525635 309.352203
12413.832031 288.671417
25118.640625 1373.269409
3604.994385 1028.182983
11512.138672 713.814697
3648.378906 496.598328
1706.727051 477.469421
1897.433838 355.250610
22055.484375 318.467468
1403.928589 375.391602
6500.394531 476.613678
739.208618 640.487061
9317.571289 691.214294
695.940918 618.400635
34.279648 538.366760
489.756989 420.074829
424.909180 303.227417
5939.668945 280.696686
20193.566406 1551.238281
96.483940 1091.712646
719.216431 799.318909
2934.246094 643.488342
667.473877 652.147949
2935.038086 497.927887
8912.414062 325.461060
2293.927246 162.864914
12095.716797 2203.052246
1364.793945 1638.365234
4998.759277 1162.089722
1651.941040 844.873962
517.757935 486.937500
1448.082520 424.745697
5653.651367 417.826752
5909.761719 393.709167
15327.946289 1344.361694
1195.412720 1182.582886
3889.087158 914.685913
680.249390 654.980530
3232.696777 221.095337
4397.416016 120.943810
7374.705078 114.260773
8314.236328 200.548706
20319.929688 434.863892
4211.369629 500.761719
853.289185 475.266571
1478.316895 363.774475
684.534790 233.734314
52.906189 141.593704
8214.662109 69.312752
3004.838135 78.145325
3422.290283 283.993530
13435.314453 274.220886
6138.743164 294.054749
206.932922 290.225800
162.427139 355.405457
8079.175781 328.096313
10504.454102 241.597031
4086.585938 127.616913
17357.757812 1417.892456
2553.633301 902.972351
1569.689819 548.848450
2464.308350 390.892517
3719.535645 594.287415
10885.691406 589.987976
761.061157 676.178528
62813.406250 739.580811
22519.216797 1319.375854
2102.041504 1237.889893
3598.504883 1001.203918
3660.650391 745.508301
4656.876465 371.854401
4131.881836 299.929871
3465.911621 227.983307
10240.185547 245.484879
20030.564453 67.760521
14500.053711 134.993118
14647.752930 267.292145
1731.997559 365.999084
2470.409912 482.064453
1052.685425 499.908539
14066.846680 450.822784
203.481613 287.937988
1885.777588 1898.730469
7855.302246 1301.558350
1921.461914 805.067871
3704.357666 539.186768
108.392670 217.937241
1095.199951 198.154892
90.994026 239.379822
6949.550293 302.436584
27270.097656 404.960022
945.364197 440.348694
361.516663 390.765259
3149.332031 296.657715
4921.650879 120.330994
2675.406982 103.666435
4863.978516 60.830265
3461.353027 21.377380
2067.314209 15.598293
3463.236816 17.490343
8448.364258 55.049000
1231.237793 99.522842
1096.713135 299.867767
425.815948 334.541809
10685.465820 412.928528
2616.194092 487.127747
3018.547852 1274.988525
6088.598633 915.429993
1197.504639 585.709167
189.446991 371.989624
933.541504 113.142090
2325.825928 48.870090
3572.197754 23.000765
38818.476562 15.089126
22176.978516 951.935364
8792.872070 709.430786
2358.532227 452.404053
1410.500244 244.368484
2080.228516 110.418678
1846.243530 59.596294
1115.509399 37.586536
1.056602 22.101562
26317.744141 984.510620
18849.894531 710.064941
1898.083008 435.590546
899.161438 228.512299
220.345505 40.517616
1644.884155 34.909420
2219.366943 30.594667
11.697949 33.743668
7547.648926 7.899041
9.138008 18.994389
195.276108 32.430779
4091.344238 40.649223
217.946838 12.715155
1021.210205 3.721789
10182.246094 7.227495
21589.966797 55.709583
3571.226074 205.476089
1788.805664 87.511017
3071.403320 33.492062
1372.760864 18.632097
502.055145 421.072388
9739.075195 341.381683
11660.082031 252.345062
12213.829102 162.099213
9930.691406 1090.105225
10198.178711 865.762024
8623.565430 662.623352
563.834839 517.033997
109.585457 596.856506
919.542847 597.964722
4734.572754 574.986694
450.319763 523.463257
5417.381348 1687.484863
6672.877930 1206.917236
22.060410 838.721497
3798.710449 646.908997
100.282417 332.226166
2064.615967 215.073059
1374.871216 154.106842
5524.381348 100.234230
5756.629883 1492.691284
6609.839844 1221.161865
3379.490234 870.056885
1515.942383 551.203552
51.835339 97.661247
963.323486 112.172371
30143.056641 147.432312
5524.317383 258.806549
35.024307 100.098801
11821.279297 8.744195
3972.910645 17.385548
1495.711304 63.974030
1093.377319 665.217224
2324.052246 540.446167
725.750732 406.365509
432.941528 280.815491
20784.152344 1839.672852
18693.919922 1428.383057
3834.596680 1070.162598
85.652306 822.119324
803.101562 193.265915
2216.299072 153.670654
5683.880859 99.604919
6134.887695 35.695801
3171.753906 786.539307
1027.770752 555.534119
652.009827 365.951019
445.438843 250.256180
345.113464 86.563698
1124.350830 80.864517
8320.265625 87.826607
5798.414062 77.405777
16871.091797 626.488037
2911.099854 452.579590
9134.292969 273.067810
907.736816 144.266129
511.696838 64.607506
4469.097656 47.088329
3807.781494 17.728531
17455.539062 17.552618
22522.216797 257.198212
5579.994629 121.180862
1721.637695 65.221413
2337.428223 61.284416
5551.981934 289.917755
4326.033691 289.875824
4386.729980 251.287369
13397.066406 144.984756
2162.092041 1410.361816
12718.943359 948.645264
1196.409180 563.867188
721.833740 349.648468
2848.584961 442.288147
4158.168945 431.908813
5662.303223 491.201233
19410.642578 562.692444
17449.304688 974.240967
1875.981323 883.745850
953.944580 716.521912
1290.975098 546.473267
3269.712891 308.705109
5589.381348 186.316757
694.181885 103.739182
2652.910156 84.918869
30297.722656 298.501953
19444.623047 416.383087
11521.849609 462.507477
846.727173 418.478058
446.927979 114.748108
297.982544 112.941002
8649.114258 63.399925
6809.334961 20.195808
2632.740234 625.067444
2269.710938 294.164032
1443.309570 122.906479
22.455793 90.838394
31.596588 208.721664
381.451569 202.080475
5345.617188 194.135559
16605.957031 131.194580
38658.062500 1389.736694
4164.150391 968.062683
1594.954224 569.354614
1973.922485 309.213776
1313.439941 161.758469
541.632385 189.943542
2779.456299 196.313690
2784.399414 157.752258
14406.050781 501.463409
4076.101807 348.514587
6976.079590 220.462357
55.994812 158.948242
453.964935 126.163467
888.146057 102.248055
11448.361328 163.366730
1011.064392 242.473572
2583.701660 1042.619751
3715.425049 823.283020
3148.902832 533.772705
821.462708 275.905060
413.630798 36.917286
970.632568 19.009727
681.103149 19.106794
14683.860352 26.603365
18748.490234 342.054871
2935.953613 255.318085
1358.207275 160.877319
277.701569 83.700790
1964.664795 29.597351
8019.541016 5.974675
2217.667236 8.132902
990.498596 23.089039
4142.833008 269.291565
11475.323242 225.031097
91.224266 155.083511
337.353485 82.752190
1784.298706 520.130310
4323.054688 576.652344
9593.997070 553.788147
2794.542236 534.712158
4391.779297 1826.751221
1911.936768 1025.941895
5447.879883 573.438110
3326.785400 458.435364
461.314270 1097.396851
572.539185 884.683716
3908.316406 676.654846
3724.633789 421.547150
980.804993 4186.308594
6776.624023 3154.301025
6640.803223 2175.071289
4089.664307 1481.131470
383.994080 130.437851
3674.551758 89.041138
8505.419922 99.578575
1088.208252 158.247025
3518.822021 540.911621
3122.309814 441.616425
21179.914062 326.599854
8803.093750 215.570847
374.111328 94.022232
2572.655029 125.211075
3834.100342 163.382080
31167.933594 177.415741
21312.498047 249.475388
4448.270996 201.990417
763.094604 139.511566
2021.406250 96.859024
3525.702148 288.804993
10431.736328 233.883484
1256.789795 237.111801
26290.195312 328.309082
12823.164062 258.468658
19048.535156 315.322021
1537.859497 356.417694
1889.417358 345.188721
10167.128906 802.999695
10577.249023 790.860901
2815.175537 736.880676
1005.422485 592.002014
1952.946289 2764.855713
14347.257812 1980.360352
217.097549 1315.613892
2193.436035 929.093811
3937.123291 514.327942
1422.281250 348.372375
2293.688965 238.969223
16028.720703 204.286682
9287.785156 935.376831
7630.206055 930.529297
9995.527344 847.162231
3700.737793 696.455261
731.940735 178.416336
2243.572754 120.373749
12259.999023 79.909645
3416.113525 60.879082
38580.910156 217.341766
7457.964844 265.291534
13538.952148 271.212982
3481.478027 236.509674
1771.716553 15.398343
11175.381836 17.349146
13886.572266 12.349364
3048.024414 10.457446
26756.726562 44.545303
5813.925781 10.192862
5363.010254 0.026742
784.084229 6.297364
953.481140 142.125916
2631.575195 150.607483
620.726562 120.482056
2429.475342 87.926956
12361.962891 949.814087
1311.380859 512.343689
5016.570312 239.172485
3666.616211 140.297379
2905.290039 348.727295
933.488037 304.732971
2291.077637 229.509888
5914.791504 107.442673
6387.477539 1633.011230
2103.967041 1129.323242
11421.429688 704.731934
8589.292969 450.944550
1380.550049 1.600110
2226.636719 1.201089
1137.862793 7.518377
2705.172852 48.142483
1871.398926 396.608154
5256.996582 186.332642
5703.872070 61.051254
1739.520142 11.284473
35.221775 318.580017
3740.254150 306.621521
9748.786133 259.274200
7834.482910 186.054535
545.284851 1160.580200
949.981384 773.280334
2597.154297 490.431885
132.630310 352.787659
2726.084229 393.994202
683.062683 356.968445
2091.787354 371.393158
18079.107422 343.943726
13754.224609 1692.213501
5133.272949 1343.408203
51.143669 919.002075
4257.649902 574.735657
632.965881 324.236725
7925.888184 277.997070
17138.773438 279.181305
18413.029297 395.570129
6719.384277 31.534718
4694.796387 127.515457
3478.245850 256.920868
6095.948242 332.089203
5217.777832 515.985291
515.884644 410.902252
480.905457 257.835419
314.857117 132.282776
11486.439453 1751.620972
5528.892090 1181.047241
6370.973145 797.848572
497.885681 608.167358
191.430695 677.596924
1992.371094 601.125977
6141.179688 537.590698
482.242920 452.189941
1723.081543 1304.026611
6699.419434 1174.567749
5811.406738 983.181396
264.382385 803.478821
2442.241211 222.012390
2671.917969 156.081757
1401.135254 141.726639
604.815186 156.177246
2639.254395 549.533386
5502.032715 541.483826
4152.019531 457.089844
2617.697998 334.154541
365.157837 22.518551
1749.795898 16.091902
2993.464111 12.064774
12068.860352 18.431158
1540.024536 3.113687
351.606750 7.105648
757.867310 16.883039
1168.531494 23.576427
3442.039551 193.570145
1939.067505 174.024445
305.481323 172.658203
20624.900391 190.944626
4176.925293 448.739166
21587.105469 366.565002
725.951050 290.987396
738.307373 232.247223
658.742432 119.698242
1991.833252 100.582039
13308.204102 82.561005
25047.861328 49.417099
6641.449219 553.254089
17345.894531 411.390503
1388.352417 270.026672
1409.683594 169.645355
71.163132 35.680916
410.311005 28.151894
7820.206055 28.590868
10191.571289 38.646439
24503.076172 275.728271
11812.198242 181.466629
4553.087891 105.695389
612.970337 58.234592
3290.484375 133.672882
826.745117 142.189072
1897.653076 122.036484
15659.594727 65.390602
24667.539062 667.848145
6502.757324 423.439911
1675.715942 236.525894
686.856689 146.454620
461.632355 71.885468
559.249329 64.607925
5544.052734 67.822098
20085.986328 74.919983
2653.708740 95.785736
6327.809082 109.322906
3996.937012 104.515198
3019.072510 88.213257
2073.843994 86.656883
1521.513428 98.951065
566.267944 88.541687
1150.805298 69.057648
979.744202 73.813629
9483.098633 32.344376
1629.099121 30.599861
1113.433472 56.801586
1564.687866 147.242599
3586.916992 92.677864
7667.908691 55.883499
9172.125000 40.835724
1485.747070 496.316650
7214.951172 406.067474
1821.700806 308.276337
3.721498 219.456375
159.104172 136.272995
188.855576 112.133942
10566.093750 116.117661
3561.490967 191.886078
19619.685547 0.192870
4489.974609 31.976269
7492.182129 95.990067
241.930450 138.220474
2612.865234 115.267128
2632.363770 67.571487
1548.604614 36.542988
3471.595215 9.413666
34474.820312 847.301025
5466.712402 609.413696
4569.219238 380.056274
3086.870850 211.638107
1527.054565 71.523117
3826.693115 79.501099
5862.626953 99.264557
41274.898438 136.746155
6891.134766 5.669010
805.611572 23.176119
1356.663452 46.576561
2439.991455 63.366390
266.870941 97.203690
1166.735962 48.941040
2715.855957 20.297611
3374.747803 21.578711
32088.111328 341.242676
19206.238281 281.036469
104.220245 217.914688
2688.883789 155.542282
2201.161621 66.392601
1253.034424 49.473381
2353.244873 21.758327
4419.002930 1.030249
1265.611816 203.003052
6983.450195 127.620407
1186.675781 86.781822
5387.130859 73.141159
315.863708 111.281349
4107.694336 103.785675
3618.381348 85.646210
16462.740234 57.103088
4306.350586 247.742447
2999.620117 190.090378
1401.663696 144.335114
134.937439 119.963974
2582.260254 49.681648
3534.107422 52.079250
9280.154297 73.561188
8948.523438 84.535683
4003.016357 393.226898
13415.134766 298.856934
789.641724 184.002029
2601.899658 92.469131
400.873901 53.593674
1428.864990 33.317616
13526.431641 52.031265
4841.322266 114.455505
2845.752197 369.081421
9352.316406 268.144409
3319.148926 177.848480
215.816528 104.370636
1823.194824 303.613586
834.814880 242.743027
13712.023438 201.960327
13071.591797 184.959351
14833.940430 268.100464
4059.708252 352.958191
5630.006836 384.811676
931.555725 361.326538
2194.019531 59.055882
2206.791504 60.160580
2494.177246 49.223396
2939.720459 19.426426
4775.398926 652.088745
20248.386719 397.726593
4472.946289 196.960190
4169.347656 88.837479
846.031433 72.689796
1971.635498 77.567154
448.694489 75.987999
6196.524414 50.041779
1319.905640 754.939270
256.229858 478.453003
8500.543945 246.701813
1662.294434 113.118782
2606.562012 18.895235
4447.771973 13.932028
434.136749 11.092133
4599.337402 4.902698
5254.904297 203.418640
674.979248 138.400818
7915.840820 78.037170
2429.396973 37.422710
378.714294 61.617634
4093.018799 61.955162
2762.091064 46.391388
21571.464844 82.319923
3179.160400 574.008362
404.762299 236.993851
283.784729 73.616745
1171.534058 43.725647
508.041687 131.524475
6310.706055 87.425354
3638.572754 64.800339
15911.192383 34.165245
26079.667969 1235.971680
32307.365234 861.737549
7945.185547 506.439117
6157.121094 257.095947
3315.108643 22.988083
26499.427734 25.433815
25604.453125 28.615482
1740.524902 30.358263
2230.886719 115.465439
7913.862305 76.623795
2586.276367 45.165653
4034.458984 27.570654
152.609589 22.032307
6897.659180 7.530208
8031.248047 3.317896
1331.017334 24.190372
40457.398438 5.771591
13068.145508 10.669455
298.726379 24.187346
4253.022461 30.113556
2866.229492 39.875694
1993.043945 29.467339
892.302917 9.182681
3501.797852 0.581092
1231.496338 104.893066
3865.979736 48.311035
3163.458008 30.398396
7774.353516 35.410973
1198.277710 9.522711
512.918091 4.732455
6426.529297 0.820381
10302.604492 30.938494
3697.710938 198.765289
14507.394531 70.315231
7552.778320 13.946672
1776.597900 5.684777
90.909523 276.420471
569.737915 214.641449
9283.069336 120.113091
9387.134766 65.294411
5241.523438 929.363403
4700.248047 579.253906
1002.299622 381.621796
91.911049 308.486664
89.076271 267.379791
31.639256 267.504730
872.370117 261.664368
19713.363281 197.376450
39883.238281 1202.764404
9632.002930 875.955872
2283.774902 556.229736
2098.996094 345.632263
2341.208984 61.250942
3192.311279 70.617561
5743.957520 76.611404
190.948685 62.179672
1287.589233 322.781952
2839.305176 224.371506
3565.082764 131.929520
799.319519 75.669792
1940.173828 212.824738
111.735329 199.082611
441.167938 258.809509
16557.419922 322.327881
16166.856445 918.803162
1074.688965 777.646667
2564.234619 552.493652
81.440262 338.206085
1489.600220 178.242081
566.620605 114.229454
9580.011719 69.686760
19167.974609 75.015289
4479.382812 106.965782
2166.052002 168.445480
2778.855469 216.871307
2357.843018 221.250854
272.626740 59.750298
2373.457275 67.657356
2464.684326 64.998238
13412.865234 47.841789
231.537003 137.077606
11276.556641 95.459518
3840.819336 64.901085
386.861511 54.390560
1125.518188 158.584396
1705.202393 198.797684
3851.160889 222.178070
248.453888 213.376129
1405.576538 391.335693
7059.621094 262.756897
250.716370 169.510071
1341.661255 137.581299
1299.438965 398.788635
2187.906250 328.419983
1697.574707 319.911163
21577.265625 359.526703
13850.039062 1625.247437
522.336365 1223.763672
1109.068237 845.839050
2669.221680 564.040344
112.295120 162.432007
1486.317749 151.521713
14393.794922 165.472763
1617.629150 210.808746
12196.822266 287.682220
21858.068359 248.609955
4088.593750 216.260620
636.361328 186.911469
299.865204 250.849426
1920.518433 187.992432
12727.046875 153.515884
4844.160645 123.498993
25946.078125 1126.137695
1932.687988 866.130737
4862.058105 593.889465
439.180450 380.029694
4662.979980 105.055809
10571.422852 154.392334
2290.510010 205.577133
6359.903809 245.303833
6998.531738 29.707150
3121.464844 32.429123
4697.949707 43.621288
2702.349365 67.093719
815.583862 85.492386
3487.432129 93.626038
3059.255859 94.923904
27913.078125 79.579170
686.248169 201.284378
5726.521973 154.055023
2683.396240 110.611137
3440.718262 87.176086
22.777800 66.196205
7034.512207 65.821426
2187.651611 66.293892
5701.549316 53.996811
22119.593750 440.160278
10034.012695 300.230469
5660.400391 174.348907
9829.897461 95.224991
397.149597 81.877930
553.010010 81.700394
7747.549805 70.010216
2076.653564 65.578636
5841.673828 45.348217
2546.218994 25.490513
8850.745117 37.956650
1484.395142 63.857201
563.312195 60.514965
412.049194 34.848831
804.724792 20.982595
910.762329 15.429226
9346.840820 147.419327
36.465679 148.806015
1903.854980 128.403107
526.274048 94.914856
349.756470 31.495815
732.035522 35.255157
678.627258 46.292198
16789.455078 66.118881
1127.314209 71.079086
564.564697 51.694786
2628.522461 39.477463
2575.783203 33.094875
4524.612793 78.947433
30.706924 69.292282
4151.307617 47.075680
3348.312500 17.129618
3765.994873 275.090698
5226.739746 185.560333
1298.723022 120.808151
283.931152 89.242485
344.878326 40.460091
2562.269775 43.567432
1373.827393 45.260994
15614.725586 58.133492
4764.018555 22.392847
265.577728 6.440192
13311.694336 13.270366
4403.272949 28.993000
551.387207 268.195404
4934.943848 227.321869
236.765778 159.199661
32295.488281 116.849617
6246.159668 225.695099
6613.487305 188.674194
13818.607422 214.900024
452.942505 257.729980
785.492798 161.036743
1530.406738 132.145767
431.023621 144.227768
15884.090820 202.451782
22689.460938 94.999786
35654.445312 168.935196
7032.840820 207.875488
507.086334 198.883972
857.269958 256.908936
13922.542969 219.357742
8816.905273 161.504257
11223.048828 115.886543
6311.358887 238.668732
2953.418457 223.632965
9629.691406 239.411911
3246.541016 259.872833
952.211304 52.441574
5845.694336 38.692974
17945.117188 33.748966
8516.091797 27.619808
29065.857422 537.991882
4144.166504 362.528931
1332.768799 205.245880
379.321075 100.830048
323.136414 95.149277
2688.361328 82.677292
742.739380 110.212387
49693.015625 155.607208
20577.013672 285.724243
13875.389648 273.404510
3685.545898 218.763855
1564.634888 148.076233
13338.612305 64.647873
1289.541992 45.350285
1909.776123 21.402424
21763.523438 4.033211
12430.101562 404.976624
18696.734375 257.495148
1065.749023 150.013474
5448.936035 91.311523
172.964432 3.529324
3357.622070 12.672949
4077.017090 32.591217
5827.686523 64.183472
6401.836426 18.855940
12813.395508 7.258743
99.642761 2.442808
1755.398193 1.209592
5511.409668 8.321806
3127.023193 5.281462
7234.633789 6.248352
612.112915 14.200416
11313.654297 9.442260
3226.893066 9.740125
17742.326172 11.463167
82.681931 11.223927
1399.558350 34.166237
3903.741455 67.265671
418.789398 97.985245
430.678680 107.730698
13646.294922 140.912979
283.292450 87.650078
2276.790039 40.688477
5645.264160 21.095146
991.383972 75.584534
782.221069 37.566616
2729.461182 23.212387
5829.917480 45.590969
2378.292236 45.078953
2627.459229 91.084175
8250.450195 117.848831
1078.293579 110.414398
916.884888 112.470131
4482.939453 138.084229
2677.281250 133.873688
2134.936035 93.437477
3097.858643 386.686584
4876.379395 234.140488
2915.710693 129.220154
2720.058838 94.940796
96.905396 13.415199
6162.861816 17.127415
6118.595215 34.345058
1083.728271 46.025852
170.827728 262.980103
1181.418335 188.309692
1369.392456 104.681587
154.372406 41.248344
1032.956909 30.397926
7528.287109 40.266693
770.121399 26.760426
3307.028320 3.840178
5010.806152 299.412567
714.689880 137.394791
3999.277588 42.624756
3595.385498 17.625467
781.368347 87.078651
726.563843 85.936150
7415.688477 40.777916
12503.579102 5.378605
4103.786133 762.525574
523.586426 361.889618
4499.242188 136.455566
1659.613770 73.643967
215.590454 354.640533
2058.948242 339.849548
1163.803467 294.765198
4329.881348 175.795883
4325.784668 1694.546265
18845.677734 1180.414673
910.322754 726.097107
3653.429199 451.214142
90.689789 32.673969
1047.922974 34.986973
7240.378418 33.640251
14213.595703 18.250832
1467.010254 613.304077
4199.153809 373.350128
985.735535 177.719437
1085.586914 66.783012
1666.715332 200.725586
535.628662 203.143707
3781.925293 183.383011
15373.398438 120.002319
14189.176758 1383.643311
4292.356445 889.362793
6590.250488 488.057892
130.626541 265.272919
445.633972 322.731781
2039.305298 279.906281
740.175659 328.096710
4972.456055 380.002258
2555.648926 1218.895264
15962.105469 1063.315552
258.065735 783.457886
491.404358 501.892090
4202.832031 180.985382
558.965088 124.366905
6505.354980 81.373894
3229.597168 53.571869
6449.463379 340.502350
7805.712891 336.036438
2943.475098 300.364471
368.858032 243.896881
556.313416 123.352280
969.856262 148.977417
2566.222656 143.532166
2178.319824 135.409271
20268.648438 253.302063
3540.583252 108.087334
6144.980469 56.055447
1821.727905 77.564209
1766.556641 112.457359
823.385925 57.576366
2188.412598 28.533329
10397.981445 18.765978
20036.369141 297.487335
9008.192383 299.737885
9222.371094 256.645599
1852.656982 185.754578
1666.928101 22.778454
704.314209 20.893858
2936.144531 20.297947
3082.401855 37.095875
382.151672 53.570877
2272.938721 17.697807
951.414185 10.684122
553.948242 17.583164
682.758423 33.280582
2738.061768 25.510628
1401.422363 29.245281
2527.616943 75.115356
1993.985474 525.285522
4821.640137 278.632446
7515.807129 124.513618
874.568237 55.192806
1773.940918 247.067017
2996.467529 206.578400
1516.224365 176.764145
8516.426758 135.557999
3558.479004 608.166382
15963.200195 534.718567
16643.554688 423.917236
493.775574 319.235962
283.026398 40.824539
959.779297 36.958519
3692.989014 50.206341
10580.739258 91.612976
5557.618652 186.443436
7723.875000 119.699234
943.716248 77.817673
4282.286621 54.112953
1461.947754 140.850067
2810.437500 142.495682
4458.975586 137.121567
2989.260498 136.114807
3073.317383 23.485891
11149.542969 50.853127
2007.922974 89.564888
1084.526245 123.158722
1243.086182 169.504562
5293.657715 117.247498
1221.842773 67.046417
1861.601318 39.848343
7619.356445 879.432190
3721.133301 594.887573
56.961678 375.880737
3678.974854 242.449310
3128.020264 148.364777
302.076355 84.498123
5442.260254 30.749662
301.909607 5.465954
1630.559692 734.217407
3554.942871 524.270020
1494.543701 350.698273
4218.402832 229.762726
3026.435059 505.508667
3121.751221 464.073395
3361.367676 391.464478
18754.332031 307.061340
11252.309570 985.928955
120.928101 773.278442
341.761719 620.133545
4985.477051 541.484192
562.869751 195.901855
2249.007812 149.777954
2605.414062 127.451004
41365.812500 87.103271
11027.865234 1237.334961
22781.349609 913.174316
6527.517578 577.924011
1778.172729 327.839661
2506.590576 18.711504
46.579739 13.162664
14481.042969 9.296354
1106.236206 9.040080
4224.409668 636.232239
14724.460938 372.265259
3116.517334 169.397369
3564.173096 57.174381
734.655945 198.189316
2377.443604 169.617050
3269.559082 156.587891
12506.847656 120.286522
26430.152344 1023.956421
1851.877075 765.511414
2757.959961 496.109406
284.461945 297.563049
410.185944 133.910522
4313.689941 131.988586
6812.129883 149.871918
4195.235352 192.568054
1821.730835 37.403839
2902.224854 84.561607
1876.800171 122.220535
5140.915039 136.917374
792.289856 131.837555
1775.804932 113.807487
705.475281 69.610985
10911.125977 26.625383
10831.978516 535.565674
394.320984 321.865295
1464.257324 190.712952
522.097290 141.426620
1496.846069 49.009037
6220.562500 81.014435
16930.285156 149.828293
630.807312 266.917267
4953.997559 18.463135
3159.083984 0.830843
5552.564453 12.976101
5881.101074 31.107025
902.846619 494.068390
2162.245605 408.009979
3624.466064 312.302856
8920.005859 233.164520
13629.106445 994.058533
4597.126465 821.198975
7326.354004 678.411743
225.002960 575.787781
29.136393 409.071930
1134.062256 372.827026
754.174438 367.275665
4905.952148 367.503510
1098.420898 957.254639
1481.405029 813.963867
983.924866 644.047668
9906.958984 499.133881
1655.580322 340.905090
5170.589844 267.432465
3199.693359 248.715225
28070.744141 278.450226
1839.836304 571.249756
4466.718262 589.248352
1492.933838 542.176819
83.529800 446.353851
536.543396 38.547249
5112.043945 13.018559
13441.204102 6.972064
3688.297607 62.542328
3015.854004 298.792175
6963.709961 157.741516
7523.639648 88.438194
321.044739 60.218994
209.309952 227.931808
7980.307617 162.160461
10842.775391 117.892792
13668.942383 70.480370
20276.699219 870.245300
8865.451172 711.575928
6604.390625 515.722839
6770.005859 343.890991
1186.161743 69.876846
833.551453 111.146835
8041.121094 183.644806
21685.375000 245.829910
27712.414062 372.735474
9501.258789 280.718658
6805.170898 170.633881
9092.723633 89.744308
1040.275391 144.894501
2808.365967 79.742332
3182.764404 54.798561
3441.922119 95.405052
6957.005859 122.837738
19491.697266 183.768463
182.386703 219.979416
2383.828369 204.413315
678.615601 373.742706
3610.962891 348.298676
7889.603516 271.240906
1693.638550 178.885620
298.290222 660.241821
10446.741211 476.834656
6995.125488 382.123230
533.016602 365.941589
1544.854126 172.370331
218.092545 135.515961
4793.521973 121.172371
1791.918945 100.486847
6929.481445 869.562744
11639.115234 663.875488
6584.618652 442.248627
1531.341187 269.458984
685.604126 266.931335
2173.991699 256.919159
4578.950684 312.579468
544.107056 350.116058
1207.283569 1372.846191
353.564301 1072.110962
1490.220215 709.447266
3535.243896 415.390625
191.493561 335.335938
11635.701172 266.500366
5414.987305 232.111053
7726.138672 253.028854
2079.736328 221.535995
14233.954102 329.888611
14472.036133 395.490479
1055.820312 392.728821
823.810547 847.460022
1481.221924 725.674866
8225.687500 565.852417
48903.078125 538.221191
3098.516357 1986.557861
48.152370 1332.588623
8576.838867 1002.182251
2239.886719 899.742676
898.686523 1175.328003
219.896271 919.830688
9699.795898 721.184998
3084.578125 521.685242
18837.292969 2810.073486
27146.195312 2492.119385
12563.665039 2016.669312
4156.412598 1544.055420
381.265350 116.346024
8408.348633 77.018463
1516.659424 59.165665
513.595154 52.822868
10757.343750 494.251740
4937.237793 399.417877
1922.594116 286.993805
532.010071 186.777786
224.861755 62.441700
3391.746338 26.392250
1917.515991 25.001602
8290.017578 28.193369
954.135132 575.478455
3218.421387 457.536835
3137.658447 299.329376
333.002502 155.229767
1404.410278 27.962494
2684.882568 15.687837
4396.499023 7.433921
8065.616211 6.956106
5505.240723 201.471252
2872.001465 135.521530
619.650208 82.446312
3000.622559 47.827019
723.806458 48.936020
1959.182617 54.876240
415.077881 71.523819
6401.689453 102.324036
15147.002930 12.779999
8124.413086 22.842113
9158.720703 36.273674
1356.304321 45.050117
491.125519 37.211510
275.224823 18.507862
9974.552734 10.754911
3027.401855 8.089353
1673.846436 189.633453
1747.063843 158.545685
2344.409424 114.131302
621.602661 70.195709
215.777344 79.961021
3364.531982 85.702240
3027.327393 103.816376
3113.148682 155.823669
12674.676758 161.820251
6743.772461 93.550034
7007.509277 70.992447
2359.602051 73.303772
221.787857 515.301941
5680.859375 445.237518
24948.515625 370.415955
21683.373047 286.027710
18034.958984 1371.401489
4036.740967 1078.705444
1150.476929 810.163086
1107.578125 622.857849
1871.322510 248.063980
2480.150146 169.116394
5059.435547 83.993088
10436.808594 34.141258
14187.693359 671.791931
19033.402344 502.622894
1100.727783 386.473297
1428.993042 312.538086
939.745239 40.073647
4486.950195 30.604740
10290.266602 39.792465
3013.265869 74.260048
27439.945312 407.352631
7051.265137 258.189087
202.709503 143.810303
8170.982422 73.607506
4114.932129 84.231483
4208.394531 61.998314
932.062378 42.761555
8108.671387 24.551693
10931.358398 229.868134
2965.750732 194.855286
3712.207031 152.391022
1162.771240 113.838432
1493.895020 151.335785
1346.157104 165.432053
705.462891 199.065170
22907.496094 260.064148
9916.506836 437.283051
902.170898 297.231934
104.462669 204.395081
2801.824707 159.957001
452.914978 150.155960
2836.020508 84.220413
9826.274414 42.572914
11078.540039 18.058784
10030.404297 647.798218
8357.943359 526.186279
5121.359863 381.660522
2208.747314 249.718979
914.470398 22.496872
1629.310669 10.640601
780.298340 9.531322
4347.641113 43.332363
9165.233398 247.352158
16044.248047 130.517944
1113.993286 64.902229
3167.629150 36.499851
2354.738525 226.108780
915.814819 142.718201
1929.806519 113.793617
9260.426758 219.112000
1052.080322 998.301392
410.104034 656.799988
616.674194 445.423889
567.015198 320.979492
3693.075195 760.852051
300.407379 598.109863
6801.669922 367.067810
7708.418945 129.458115
3350.663086 2306.394043
7222.792969 1672.166992
1080.920410 1193.778687
632.616821 917.500610
450.544281 713.456177
1433.568115 656.786499
1389.800415 582.481628
1105.333130 477.871704
22292.878906 1275.702515
19182.076172 1101.400513
7876.182617 922.997131
444.614105 791.634644
2025.505371 297.433319
935.047607 204.500763
1114.050781 241.695496
18378.458984 305.389496
13375.981445 2050.043457
5150.532715 1623.374634
6501.768555 1077.915283
13.247985 594.672791
639.812500 98.280251
739.518921 45.056053
1617.050171 23.808067
12441.671875 7.659884
14152.288086 1055.151123
2218.701416 756.307800
1947.234497 454.963257
678.147156 227.105774
1687.498047 50.425407
1919.198364 25.869560
1638.905396 24.064037
136.474091 34.923496
11150.852539 328.377747
12116.168945 262.266846
6533.843750 179.623154
2026.227783 103.388649
3810.883057 41.645622
6874.400391 33.231926
6433.826660 19.420191
1715.642578 8.218354
4911.781738 287.268280
125.723526 174.037323
292.197632 94.634438
1255.901855 55.242744
23.979919 123.776573
268.107971 122.646225
6124.133301 110.288170
4810.132324 85.391151
9416.994141 184.131363
4862.395996 154.889389
5105.522461 132.448593
66.367882 123.417984
2118.405029 0.600972
230.147903 4.065210
10188.005859 19.098211
911.323853 39.387310
9490.676758 129.894684
4045.028320 86.597939
11313.878906 44.447498
3888.037109 13.884426
1839.835205 83.880829
287.397888 72.632515
4216.785156 57.213917
19259.462891 28.797134
6806.912598 536.998413
2237.142090 363.850159
872.385986 214.006180
1419.220215 121.454254
1430.872070 85.231979
1756.081055 94.218948
921.085876 99.428932
7952.473633 116.705292
6176.709961 19.891401
12221.451172 11.835606
6049.885742 32.868813
1867.821289 63.152351
50.221836 260.205597
8756.484375 235.155075
6322.816895 229.592072
2062.159424 253.805237
2013.068359 179.332001
7648.209473 235.557281
8451.935547 274.479095
1409.187988 280.730103
1021.549316 222.729828
6540.749512 186.354401
400.228149 147.542114
5167.791016 96.541451
2241.993652 520.704224
3467.652832 443.636078
3351.886475 351.727081
814.594849 274.630096
2745.402344 98.116852
1356.718262 80.278671
1465.900513 84.791283
2117.038574 152.132690
2482.396729 132.043259
6311.081543 85.241837
5104.754883 89.519791
4628.386230 103.060867
869.993347 284.721710
2235.659180 148.380463
5212.570312 78.677528
3717.936279 85.446815
1936.590820 1128.129028
12870.497070 927.789185
4431.969727 697.925903
3187.654541 474.311249
143.698486 438.432953
13941.036133 379.471863
909.799744 291.321228
29812.218750 219.630325
13649.984375 722.886719
5467.713867 573.572510
3918.328369 494.225403
393.504059 464.696014
4548.579102 812.300049
2938.577637 676.211304
11891.197266 539.393555
30800.474609 443.627258
3338.718506 2664.429932
16809.722656 1938.552979
4952.965332 1363.813232
1290.682495 1006.758667
4222.051758 1144.597900
5501.046387 873.079956
1460.181519 740.011230
18908.226562 667.766724
64095.296875 2849.781982
4463.388184 2595.231445
8659.806641 2115.458008
9525.742188 1581.387817
17825.011719 284.651611
545.034729 181.478363
85.643280 108.694893
1159.883667 78.687950
14688.157227 403.075470
18291.232422 457.812622
3433.414307 452.654114
831.194885 387.079041
74.512978 15.053542
1875.824585 23.181610
642.355591 36.398937
959.973206 56.335457
3865.965088 87.885895
13.898104 48.081127
9785.992188 23.283140
2299.046387 13.625055
120.052185 380.106354
1165.515869 336.157532
15696.386719 296.204285
7569.573242 324.670380
659.015747 324.670380
7569.573242 296.204285
15696.386719 336.157532
1165.515869 380.106354
1125.323975 473.171814
7.663859 389.993652
5505.742188 332.492065
10443.534180 241.758301
60495.925781 1866.964844
2547.181152 1456.795410
114.097107 1011.598999
205.756638 666.815369
5608.514160 17.320797
2933.976562 19.335491
6122.396484 40.704357
2524.575684 90.970703
2064.597656 51.752953
5364.296387 30.648258
358.144531 24.476185
1724.124756 21.379883
761.457886 218.858490
2317.779297 228.288879
9509.746094 224.169479
2560.180176 187.793991
9066.480469 503.636658
2114.700439 391.944733
4443.687012 289.261200
1737.797119 230.551971
2750.744385 197.633820
1305.088013 135.082443
5141.950195 112.110847
24402.548828 132.758118
5735.817871 661.070312
2300.524902 541.801575
794.049927 412.889954
149.700302 293.418823
1247.423218 288.864288
2907.739258 267.816650
2312.425293 247.650055
17100.974609 256.947540
12024.916992 63.493641
4798.255371 139.034470
15708.941406 223.566925
2542.389160 278.708740
5764.235840 77.005692
4536.675781 70.484871
467.125214 92.761993
6716.382324 110.695915
20613.900391 488.554901
12611.060547 385.095825
1004.601562 251.497070
216.111221 137.847504
4690.708984 130.428619
7350.192383 106.620621
665.536133 81.234245
16122.247070 103.641251
1.014433 821.351318
9058.729492 468.588898
2853.966064 252.376648
890.027100 160.123932
697.984192 312.912018
1440.612549 313.582825
2824.163330 288.795837
1279.327637 211.362549
4189.175781 720.066223
6673.901367 571.108521
12200.895508 426.047119
3646.793213 337.928528
339.973999 12.014699
867.391602 2.361290
1235.192993 12.169882
1338.990601 53.774345
2094.269531 2.964077
4264.028320 8.658070
2096.566406 20.247383
9945.753906 22.140522
1636.121338 105.710365
1038.975952 107.033302
1537.026123 69.990265
12147.896484 27.864182
2439.734619 197.637283
220.503036 82.671623
702.275513 48.387638
1440.002686 72.361237
657.724731 132.700653
1241.421265 154.826675
4382.693359 142.842377
32680.763672 72.311195
18701.417969 1220.440918
8193.012695 744.699951
1018.457886 366.999786
58.798042 171.102448
914.481812 311.650085
2006.822998 285.902710
2211.807861 256.232269
3433.273438 194.249207
15215.191406 1274.346802
18251.892578 926.285339
10858.979492 608.012939
986.713074 400.889832
4064.741699 186.158264
16036.727539 114.500610
363.990356 99.840843
32633.648438 99.351639
919.458740 878.262939
10252.200195 752.636108
1785.555786 546.831787
125.085968 337.240601
108.684967 4.527969
606.516602 0.860994
2774.305176 6.748756
7569.393555 10.162885
11530.486328 182.354279
6014.854004 133.328201
3166.658691 75.518784
1852.434570 28.859102
1190.786133 40.420795
1306.214478 45.132679
182.619736 39.039173
1004.717651 31.891394
4696.797363 17.805428
4613.528320 1.306438
1239.266113 6.730789
11605.601562 24.429239
71.986282 71.085785
3200.351562 59.973965
224.807602 39.225899
2262.344482 25.151808
1099.028564 435.304047
573.357666 258.101318
1821.698608 140.335510
701.547485 86.783768
128.725418 3.034430
2623.123047 0.078431
1090.263916 7.710097
3681.989990 49.403969
1121.221436 430.007172
1945.184570 217.185318
5467.888672 82.162506
1144.816162 20.858315
3635.097656 271.749512
2798.781738 190.913300
4396.500977 131.085083
6436.641113 92.042236
6217.109375 866.679871
4438.486328 705.838501
1176.192261 533.040466
353.544556 383.923920
1445.184692 253.266571
3363.986816 246.342651
402.771118 252.825897
7753.885254 245.007446
10049.994141 510.094971
2446.110596 456.969269
2019.542725 372.218781
3324.125244 295.467590
514.526062 65.237686
1896.060791 37.463619
6611.222656 32.437916
8559.398438 52.725197
1252.293213 103.467232
5270.721680 124.851181
5976.196289 124.473518
5863.386230 100.592232
76.762558 22.372652
252.061005 31.718174
3780.173340 35.157085
5322.684082 35.875992
9448.121094 24.668083
4670.100586 5.540478
538.302917 1.642143
664.897461 9.856409
1020.410522 57.854595
2151.503418 58.078884
5651.469727 63.818329
22479.281250 86.854630
6706.378418 523.509155
591.981140 306.038422
133.785843 154.487366
4130.524902 79.272751
1161.667725 227.176773
6.331032 140.507828
3022.182129 107.121384
691.049866 107.384537
27297.035156 867.443298
7156.292480 741.637146
1237.212158 559.450012
56.394417 373.334198
492.306458 850.537720
911.896729 1129.861694
3679.169434 1330.828369
27322.361328 1393.356445
247.838943 244.645187
1394.975464 263.923584
1844.263184 369.380005
336.705353 574.446472
2110.608398 604.988464
1706.243896 1033.136719
1526.830078 1708.758667
1140.782471 2574.381104
6505.962402 607.918396
3054.618164 386.132812
6758.809570 325.544067
2157.652832 389.992737
343.281586 85.143448
534.085571 284.452240
2882.801758 573.362122
3055.808105 878.855652
12225.127930 242.625763
1399.802612 129.761093
6838.791504 37.023857
1052.159180 7.565702
150.594727 712.939941
234.957367 1168.102051
2698.092529 1743.029541
13264.123047 2328.784424
8408.105469 152.241745
2504.432129 155.201035
502.376038 238.760986
1478.415283 411.610565
617.553955 263.296570
853.777466 417.698181
1835.380005 786.569885
6271.760254 1408.510498
1492.055908 551.050964
3965.073242 324.294373
1629.886230 244.154785
1748.082520 228.076569
346.459595 92.484833
359.748199 82.504181
234.527649 58.716965
3927.438477 31.318773
2113.645020 248.408386
2183.781006 167.554581
7812.438965 116.768669
9.189889 97.208160
764.877441 160.670288
1362.961914 208.234558
9682.235352 244.610382
22255.164062 257.965576
2014.754150 54.756481
5372.029297 62.947548
471.630188 82.049072
1496.051392 115.447189
282.265564 438.135773
1370.182251 643.300964
2161.059082 860.512207
7797.026367 1058.615356
6627.283691 266.309631
6249.401367 180.853668
501.937012 185.089554
366.750946 276.458313
1379.201172 44.885338
211.341309 129.193726
1985.530029 379.089966
1647.222412 778.757202
1638.213989 125.215866
4228.525391 119.759445
5802.881836 106.632408
1874.229004 65.605690
46.082649 8.122445
1261.152954 47.411198
877.632324 140.661301
9495.044922 295.478729
497.083374 79.817810
2503.914551 25.905811
924.897339 5.546693
1619.113037 0.037475
371.407043 425.897400
602.932434 615.653442
2264.398926 790.622131
6876.116211 885.468872
1223.119019 114.850296
1952.778931 144.386597
2082.535889 187.464691
637.610352 276.223999
959.300781 148.569290
788.473206 348.932617
1098.271240 643.137939
9593.343750 981.900085
1712.602295 371.435669
7022.829590 194.327698
3383.494629 84.189018
921.645081 62.282177
609.129639 308.553192
366.744812 504.993011
3796.150635 708.062012
5150.378418 859.220276
648.511536 22.127033
718.300964 35.371990
2131.258301 74.419083
477.260437 160.948135
967.281067 828.166809
2299.663574 1319.212158
1685.244751 1888.727295
660.775269 2404.160645
912.281738 373.509491
1786.989258 306.556854
4980.693848 333.294495
1044.869873 495.500183
2172.645508 317.879028
97.858788 477.776855
1670.541626 880.901062
2966.396729 1563.663574
895.228210 530.657898
3567.330566 350.236633
6652.649902 299.670471
472.678040 288.873688
832.687744 98.940742
1409.169189 164.874130
5181.548828 285.818848
13474.282227 460.146118
9186.987305 204.818085
595.365723 123.152443
286.679657 83.692375
994.806885 75.661255
804.551147 53.622932
381.646606 131.461639
908.463684 287.910522
3327.887939 539.577515
11625.100586 108.194756
6353.145508 20.975857
797.446106 3.614772
3400.529297 18.328747
414.431519 245.164871
676.886108 430.372253
962.753967 618.112610
3319.766602 746.573059
236.784882 182.277649
2568.497070 113.230621
6110.386719 79.471130
716.293152 119.369728
670.986755 71.360641
248.008484 113.895584
1693.991455 213.753845
5346.399414 398.286987
3038.228760 169.908264
1519.755249 71.905502
1481.339233 45.586594
1395.226929 52.404373
53.444519 4.581044
2188.543701 4.187506
432.152344 6.008170
7280.890625 10.768272
1600.915527 36.658733
2870.553711 23.274712
1530.061646 13.330081
558.415039 7.336423
497.030365 94.656090
857.964844 137.726883
501.412292 210.175476
2205.728271 301.235291
535.446533 9.976295
1129.195312 34.835823
1973.246094 57.173683
542.421265 73.326103
1118.069580 243.987259
127.306335 362.461670
292.089355 443.742188
102.847000 442.588989
11665.310547 354.575348
2383.751953 232.111786
3325.567871 150.984467
1359.800659 156.410034
298.069916 224.033005
2354.532959 294.795837
2852.846924 341.790100
2063.352051 350.162537
5550.245117 228.614716
1550.352295 162.185150
707.995850 135.633896
886.292725 160.701843
2145.352539 93.546143
239.379959 52.058144
2416.359375 27.332790
8387.203125 64.076675
11360.577148 182.325790
959.328369 126.819557
1922.905884 118.144432
1440.664185 116.678711
1732.132812 363.405548
1460.185303 482.220337
1462.680908 655.924377
3937.007568 849.240295
11432.441406 74.025108
6104.137207 160.809555
2424.167236 234.283585
126.380775 292.094086
640.810303 123.220375
2907.708740 223.358307
56.523540 425.668060
823.613403 697.270630
4521.920898 391.711334
1248.316162 279.098846
4391.415039 182.941803
1246.913574 119.958900
112.212006 8.413625
18.433348 11.110946
4720.896973 20.669415
1131.604736 41.137920
15431.253906 64.480095
8003.031250 34.856876
60.519878 17.726307
908.752747 10.192272
1194.714111 161.203140
100.877037 216.379013
533.949951 279.069611
3101.726074 328.323364
2615.696533 119.129715
4094.374512 116.455124
422.821442 115.257065
371.944000 127.125572
346.328857 202.599884
672.232178 316.138000
1777.706909 425.299438
312.798706 498.238098
8156.186523 162.154129
5569.491699 107.838882
1938.795410 87.375397
528.281250 119.106415
619.509338 223.054932
1295.938110 413.308960
3185.546875 693.616882
52.128788 1010.794678
2774.531250 94.949570
92.844917 84.599350
921.081970 91.984360
1277.478027 126.489922
2421.774658 22.805475
1081.517578 16.735897
630.330383 82.622131
759.769287 246.734741
5108.414062 312.607880
776.020996 192.672882
3833.486328 117.990646
1988.735718 63.629601
479.542358 502.645721
133.793945 784.510620
1768.773071 1080.711792
8639.845703 1301.838501
5903.822754 45.885067
8990.562500 95.932526
403.229706 167.396957
2370.925781 293.715973
598.237000 176.698639
234.486313 322.090088
1723.147461 529.186096
7197.984375 787.801270
10637.647461 408.569183
2461.442871 205.977478
1336.853516 105.253838
2687.134521 100.389572
178.719849 20.833458
126.923012 99.171646
15.641864 255.703110
6629.267090 472.256958
1557.750488 7.501343
783.044983 3.442026
1384.991211 3.102101
219.956940 0.873742
1980.743896 48.503479
878.531006 66.579948
284.215088 97.072792
6325.290039 139.301804
9575.622070 102.465668
3746.505371 68.132072
245.133255 48.412178
2781.443604 42.346119
444.011108 261.056671
469.407104 506.310303
2403.061523 823.104248
920.049194 1117.550171
97.835129 92.228165
16994.734375 95.101074
68.167908 92.095718
416.272919 129.329056
180.734619 24.318071
2820.732910 111.275688
765.569641 295.196014
235.420517 569.838135
1628.438843 180.497849
2217.938477 85.764519
6772.404785 33.031162
1652.638672 8.566597
850.188477 23.520489
858.486938 60.068218
1882.074585 114.488297
650.847351 178.470306
1514.849487 30.785408
2408.914551 12.314679
78.362320 3.574357
237.764511 5.920494
176.308502 38.938419
296.308289 96.569824
181.219223 191.379913
10370.499023 303.100769
896.623657 12.169061
496.971893 15.898034
1586.025879 15.706934
660.356201 17.458885
548.057983 37.882130
1341.546387 83.315399
395.213562 157.949203
333.574799 255.183899
8938.169922 32.519947
2057.165039 13.882923
1218.357666 9.912571
8.330676 16.450718
24.552040 9.753529
323.011932 10.494668
1245.135254 39.235519
4746.920410 106.367729
570.143127 72.236351
896.826050 43.843491
2754.428223 30.727631
649.434082 20.118397
251.274155 126.476959
2205.007568 148.070312
624.598389 153.715027
8917.684570 142.285934
7626.962402 19.371365
2416.263916 35.911949
873.699829 62.401192
1200.656982 95.072098
339.112732 113.514091
2411.104248 163.046982
4085.018066 223.384857
2825.625244 274.168030
1034.249756 75.865623
2471.014893 78.124138
381.672974 77.673424
1145.678467 85.755798
146.063385 62.714096
888.162842 142.321716
2780.498291 271.170837
6938.667969 437.100708
21309.220703 29.518753
2093.280029 7.034451
2399.070801 7.456882
2411.107178 23.266495
1386.495728 291.931824
12.744043 535.652588
439.786011 874.756409
3868.005371 1272.211548
9031.903320 97.602127
2607.979980 37.491226
1085.448486 57.277714
20.448593 139.355194
1217.845581 51.985023
114.122818 94.139412
803.622620 158.739288
2330.557861 245.322205
3276.916016 323.369049
575.781677 174.780533
2764.570801 79.224457
1102.793091 41.876141
245.022537 11.123858
34.278572 7.276670
2913.040039 6.206036
15482.130859 11.353860
2347.163574 7.871208
268.287903 9.493427
716.778381 12.664307
993.026001 13.622184
193.020386 36.677719
2074.460938 65.161133
6448.794922 97.101181
6823.633789 125.836609
896.066406 7.279061
2844.531982 2.481733
4079.273682 4.949961
149.165329 16.106682
10.409817 146.725967
259.962036 227.887573
1241.635864 383.102417
1582.904297 618.388550
11809.000977 15.197970
2008.405273 19.195745
1949.549927 60.140915
562.511902 102.151939
150.533905 61.613991
1747.258423 138.238464
483.962219 253.943649
1754.606201 395.439209
117.228516 234.890289
510.496765 122.077866
547.637939 52.297394
478.162415 31.847672
176.641434 273.550018
95.315636 407.347992
4808.639160 546.289062
7073.798828 629.637024
6865.361328 211.774246
3383.398193 196.033875
638.165588 175.356339
3389.463379 192.473328
349.786255 40.497971
865.856995 36.744774
234.951874 38.590385
46.454300 71.781013
4940.916504 294.908478
323.433594 151.372421
1584.745605 73.044350
2232.124023 45.821808
357.143433 366.249573
589.301392 510.421875
3637.685059 617.950134
5396.644531 653.992310
8.947496 41.294422
106.478912 64.683426
1427.303711 123.431801
598.376953 227.067230
41.361767 766.635620
78.314789 1075.225342
5704.732910 1308.835938
3876.351074 1395.447876
25041.283203 505.832703
953.851501 365.353699
1248.721558 348.001099
3233.185547 492.870300
88.354279 324.196564
1688.055664 401.483215
1526.359863 604.822144
3974.419434 1009.664673
2538.502686 293.618958
231.663071 178.411713
2313.519775 208.936356
846.435669 274.137665
837.021851 663.851746
1558.819824 808.118225
928.795227 891.059204
11972.721680 851.821960
7612.891602 516.851013
2168.149902 489.848206
2071.784180 480.082916
622.317993 537.266968
20.156193 806.319946
83.692024 1324.822266
674.586975 1901.886719
114.175156 2444.464111
7680.781738 388.806549
1315.764038 203.829620
3928.976562 213.048096
2828.327637 420.255981
381.741638 398.025024
140.497528 713.224915
1335.570679 1186.168823
757.455017 1747.794556
5086.638672 492.927673
2586.430176 317.591003
503.916809 232.709503
155.924362 248.266205
136.480682 265.245239
144.493164 341.767578
6143.541992 516.154358
675.363647 788.340454
281.460938 374.829071
2597.301758 302.092896
2441.636475 268.540863
27.248299 252.797302
793.274048 211.404465
43.228302 241.615051
399.291443 252.724106
3803.616211 267.148529
1843.510132 280.965576
854.234985 173.209259
917.605957 141.830566
464.443359 167.498505
321.236511 397.510986
262.680389 671.902710
346.730591 928.738281
1126.201660 1067.005005
19450.833984 180.410675
1019.044373 134.633667
410.532196 119.571655
846.096985 199.428894
219.037277 457.821259
775.628113 747.695862
7761.855957 1139.362427
2029.779663 1584.807373
2515.790527 188.368744
543.069763 133.150116
4383.681641 166.207275
439.105316 270.893188
1673.442261 304.966461
2262.380127 266.964142
2503.167969 352.554047
2327.950439 596.951355
2638.186523 610.634094
7449.078125 532.406677
1169.348999 473.182770
2793.791748 393.732971
160.512604 835.336304
3653.610596 1147.894165
2336.743164 1404.182129
22266.001953 1469.619751
7148.073242 504.908203
15986.776367 498.973541
972.222717 498.373962
7457.670410 598.764221
1394.295288 201.055054
1055.655029 325.916199
6286.312500 609.125549
3786.929199 1077.159302
317.734161 433.293274
6197.626953 249.053619
5493.770996 180.327576
1212.473633 167.985977
160.832230 73.357277
117.104645 36.125450
133.285049 60.969200
2059.831543 160.965729
4180.040039 204.182648
751.594971 201.015961
502.264771 182.585419
350.843445 134.837280
2963.481445 262.473511
564.092041 349.372650
2128.052246 447.261902
7360.042969 511.767029
4489.599609 188.148163
5953.289062 204.776260
367.737610 203.644775
1615.108154 214.397659
1752.256348 392.363434
1227.708252 765.860840
216.920547 1372.812622
6341.070312 2142.399170
7419.481934 209.368774
1122.867798 138.619858
1229.422852 148.087784
0.639229 214.748001
1170.729248 67.430885
713.763428 116.420074
2459.320312 239.435028
6097.198242 462.363953
5761.172852 404.345825
565.145264 207.908646
1471.948364 104.385719
1210.916748 64.921227
369.672943 31.125380
483.002289 50.874554
3254.736816 89.666267
1984.128174 171.608582
8014.671387 330.432892
5966.327637 152.871979
478.810425 56.573219
3094.857666 26.183462
1666.005859 69.012917
500.981140 115.226349
1824.028076 176.123840
1373.270386 236.095734
592.834839 16.267302
3635.462891 23.300262
162.785400 30.264248
146.042419 42.437698
95.066803 201.875717
170.631317 333.041046
509.533020 499.529541
2721.602539 678.244141
4170.896973 12.351685
1161.806396 12.780986
660.361084 47.576675
125.608536 109.192032
179.803802 508.804382
826.244629 805.500427
3419.546631 1064.364136
11565.970703 1194.332642
10884.847656 391.225891
8318.094727 251.878647
461.896606 195.291763
1300.267090 281.733398
1571.002686 605.110474
5.346021 1013.901367
220.214600 1695.459839
2307.287109 2602.505127
4772.462402 264.111694
2441.074951 210.032639
6942.862305 275.520630
23.370331 394.125031
2300.870850 34.981586
1201.077881 3.205838
3520.257080 62.463982
1741.333740 264.444794
761.184143 610.589966
700.827637 364.667023
38.146210 209.608932
872.870728 108.311615
1480.997192 578.689575
1171.073853 769.571106
432.223663 962.276672
4703.807617 1113.211426
4495.317383 53.186584
1408.576294 149.807449
2679.789795 270.767365
105.264809 411.908386
1913.214233 543.318665
29.964415 852.817993
3841.710938 1223.315674
302.599945 1564.167725
12060.452148 668.942200
1349.803101 465.655243
3834.029297 347.217072
100.883232 365.899445
299.467529 50.399376
1730.049438 181.949448
788.383179 440.770081
3542.387207 801.097534
2755.220215 86.768272
892.311462 44.766605
71.133972 24.525702
1816.431274 15.487789
672.533325 12.980562
327.326691 55.144562
880.743347 127.118774
737.882507 220.480438
4063.547852 138.409592
1137.811157 69.701813
186.327637 22.998077
206.351578 2.873969
196.404556 271.669983
230.696548 532.229126
1358.850464 853.853394
7799.629883 1138.595093
819.761108 33.179485
233.696320 50.640854
708.901001 64.023232
2919.760010 120.272766
1267.755493 258.935059
842.585083 435.383514
4046.762939 671.553223
3955.397949 957.016663
9301.421875 205.710358
389.525360 93.357735
1514.207397 79.080948
1347.725952 139.526245
20.265373 304.489380
1658.094604 401.737549
3187.124512 676.883179
2337.841309 1131.069946
7194.361328 299.074677
3562.070068 297.557037
1020.602051 314.999573
1801.348145 305.714874
427.697205 344.026154
1343.606445 383.946960
2192.033936 369.839844
14222.525391 281.393738
736.514038 548.234375
9800.815430 419.182190
5535.602539 326.462891
3608.555908 306.650330
101.808968 198.338425
1251.591309 490.329102
3580.396484 966.637207
261.806091 1555.485962
4898.209961 20.897276
1462.275757 7.217721
1892.425781 23.930859
392.729401 67.754990
135.430481 59.605953
135.562576 175.723083
2916.096191 335.959045
600.306091 521.375916
1050.119629 328.902191
893.976501 144.654709
1609.363525 33.510254
1093.712646 6.933259
17.618547 139.421936
1220.540771 300.430603
377.318726 600.078308
1818.044678 988.011292
11478.727539 24.473549
2341.347168 62.043083
1025.381104 83.512253
2611.994873 90.347641
1869.539551 81.282524
1430.846680 205.051239
764.491821 446.338806
1776.742065 817.515564
3419.130859 259.006470
3218.972168 98.673828
404.050690 37.091484
724.118042 34.530754
3.918094 35.256638
179.724335 78.521919
3341.171875 169.758820
1862.191772 315.873993
2286.819092 137.229721
1182.337891 63.739174
294.860535 30.913616
85.485550 22.953867
684.280396 219.612503
1168.800415 292.276489
4909.854004 373.982391
12338.755859 457.630554
1612.773438 238.429932
2715.064209 170.145370
42.166309 146.867798
2648.520264 166.801620
519.399292 1501.381348
1088.317627 2375.666504
11172.489258 3370.037354
21011.984375 4312.424805
477.646576 177.889954
8210.176758 170.333710
1777.119507 393.867188
491.083405 835.145935
1041.662109 245.402405
5209.609375 432.540771
1017.167480 1049.630859
565.418640 2144.842041
275.334015 1191.762573
1685.135254 751.319946
7634.558594 493.862610
2762.264893 316.469727
110.045303 118.763657
660.518616 126.321007
153.890778 138.856506
5406.565430 150.789215
6992.517578 181.091934
7827.864258 157.673691
2717.045898 135.379807
90.905502 121.276802
484.907471 52.915047
1211.147217 49.884136
889.387329 67.618286
7299.252441 86.193748
96.697281 193.648895
356.681458 178.710648
398.854309 134.339798
626.599121 84.515327
388.050476 796.176636
81.095886 1131.059204
11902.536133 1360.994141
14951.048828 1357.694092
9815.361328 512.333435
6050.390625 425.506165
1382.203491 394.078003
4900.592773 516.116211
156.549866 873.076660
114.189209 1124.790405
9396.876953 1452.365234
15802.068359 1912.351440
7885.210938 698.149902
11201.705078 463.657837
2670.204346 484.941650
2854.387695 652.341675
97.883995 173.400543
4434.013184 207.486618
4294.606934 391.744476
4148.442383 733.416565
4134.708496 352.209717
1349.813721 312.022980
1367.263306 278.719177
77.106796 222.074646
390.133057 32.953751
119.773727 83.063499
1253.129761 139.612946
4278.423828 164.470505
8609.098633 221.823380
2091.009277 150.653061
6865.215332 71.221138
326.101471 25.142807
686.505249 143.710449
295.462524 244.469650
6873.257324 374.321136
21966.195312 506.323517
10283.074219 30.666246
2649.870605 32.396816
616.559631 47.361519
932.007324 80.454704
955.408997 395.542664
143.741669 740.925903
2732.905762 1207.192383
3867.140137 1730.198975
2150.030273 60.910713
11172.195312 11.644772
2430.396484 54.393883
1249.792358 175.807800
465.718750 27.607420
1338.340454 155.136642
918.619385 478.257660
2793.539062 976.850708
7360.483398 379.633606
2244.541260 234.601273
1758.945801 126.645134
943.026001 43.128014
337.526184 243.073303
139.827576 368.434113
1159.856445 492.447449
6706.902344 586.562256
3228.947510 21.491507
2924.162109 29.829531
640.200195 67.722984
233.264587 139.074005
14.559186 491.938446
164.763397 858.899109
664.473145 1329.615234
18969.882812 1781.867676
2323.688477 198.801285
254.214767 190.216263
1220.937256 201.217682
199.393829 280.687714
422.480652 194.888840
544.099854 178.704834
5076.100586 261.140198
517.723816 523.792053
1589.665527 459.126190
1749.782227 289.235657
1893.126099 239.881134
737.440430 224.429672
346.491089 790.883850
378.642822 1002.551270
2521.362061 1143.168701
10725.779297 1146.268921
15702.333984 294.877533
2307.887939 351.703003
1684.082520 438.070618
2007.237183 585.891418
748.328186 485.221497
504.737122 776.694214
3346.701904 1163.695557
2070.185547 1595.542236
15701.214844 441.759918
6099.155762 287.543243
2290.159180 243.419434
316.120575 307.871368
2767.076904 387.399200
233.742950 559.023743
1223.778076 877.773315
1530.433594 1278.277832
1699.669189 454.312836
2968.337402 430.181824
169.050644 388.279907
1090.885010 351.829651
365.602539 49.856232
2484.895996 46.024887
1003.736511 74.326393
2673.412842 157.423416
4587.023926 374.670593
1763.246582 220.452026
3724.764160 124.205299
536.905396 73.611816
577.686523 78.557388
1908.021973 95.693375
893.093750 116.472466
2440.268311 131.444763
377.566040 61.978165
257.475220 68.016922
486.105164 68.653069
161.820831 70.076286
173.268158 286.123322
457.466339 496.082947
966.326050 749.782654
3176.827637 975.849976
5132.257812 155.995422
164.319809 128.255600
1282.605103 118.386147
4634.850586 160.638336
1726.016846 1.628366
118.263687 9.534059
141.806549 47.591873
6938.886719 134.764130
1814.477539 216.290268
5230.468262 102.179741
1157.792969 38.579559
571.987915 10.415973
285.406677 182.367950
394.205750 333.146942
356.202606 478.381775
7617.880859 568.671143
7067.949707 43.395710
6618.312012 19.516788
7776.033691 19.609518
297.047668 70.950592
95.149048 86.989510
704.658997 112.198715
55.823357 182.223251
7744.515625 324.490997
10191.765625 87.710258
1253.401367 43.164135
564.236694 50.822510
2241.246826 71.431023
40.733459 33.356045
1957.373779 7.084106
589.992188 1.229604
857.712341 24.605539
3411.718018 53.271309
5264.293945 69.918121
707.841858 75.679825
456.858368 61.757538
144.677887 203.501602
1103.390381 250.765610
4018.175781 312.367615
2125.708740 372.240509
8170.789551 58.866791
6614.932617 105.155952
271.797058 142.204590
157.239105 171.061066
2364.527100 36.408710
1575.032715 20.281282
4595.033203 78.809486
6779.227539 235.462570
592.328918 173.103424
2288.334717 136.020493
385.288696 114.801819
26.654886 80.298027
188.478348 221.568542
199.669022 395.508575
613.120972 655.930054
8081.983887 919.603943
932.002197 122.292313
9050.797852 161.635895
111.838356 158.119720
94.844673 155.861328
84.120148 17.742853
1583.744019 35.090511
650.580627 56.395401
444.905029 102.119461
7913.544434 358.541840
877.913269 162.739670
958.640808 49.361366
259.125061 11.962334
225.321320 159.547516
1466.967529 202.387466
917.749817 267.977112
7435.503418 347.445221
3179.889648 22.938620
2564.112793 63.856373
448.853455 102.298996
1088.977295 131.299850
535.078186 60.090847
243.300720 135.196442
1290.907715 209.821106
59.820164 263.621155
1126.580933 181.192902
10298.451172 81.386650
3574.196289 19.434099
378.814636 13.749627
16.096647 61.277962
2372.850098 98.672226
160.204971 143.290222
1306.100098 187.348389
10220.354492 28.675251
1045.066406 19.783478
2417.787109 21.778099
156.987213 35.346355
50.362900 77.523132
746.935608 168.465240
296.868500 312.674194
5182.979492 472.869080
1109.143188 48.395065
1108.285156 53.854412
921.705627 47.195286
240.457336 44.757877
1083.027466 64.728951
674.295837 122.879692
4727.604492 199.514008
2333.469727 297.811218
9737.048828 78.986404
1713.092285 17.135803
798.813965 2.620402
351.577271 22.803951
771.499023 84.500534
1350.576294 162.288025
3205.256104 325.612030
15477.992188 567.667969
12091.472656 40.482693
1213.789795 36.632225
1196.959717 49.971870
1518.806030 60.410881
1134.731689 310.549896
738.078613 437.095123
10692.892578 545.427673
3717.865479 564.099976
11758.566406 403.985413
1077.633179 332.211548
2220.771240 255.006531
1540.043945 239.078918
641.566345 14.996993
57.089336 81.240578
3838.437500 246.293365
8641.228516 537.811035
13653.344727 216.696640
1372.360352 71.930115
2272.054688 14.782857
2180.136230 1.171413
90.231209 105.501137
365.729797 217.890839
576.814087 355.965607
108.807953 506.078247
3235.720703 152.408539
3497.839600 49.833256
1010.138245 10.115021
1223.037109 31.927160
1019.393677 55.594162
3332.276123 114.877220
3751.065918 211.134018
10148.935547 327.972382
2984.689697 34.074249
2077.843018 27.605356
188.693481 25.808680
1001.952637 30.695538
1158.280518 233.949020
430.180664 512.775146
2154.680420 968.739502
3192.748535 1531.592529
2154.924561 1.975878
4090.895020 19.336794
81.938393 56.036854
538.365540 107.321510
408.913727 4.107103
1337.345703 32.186863
422.478394 84.920143
5207.725586 173.252289
10041.063477 366.214050
835.261841 176.450897
3531.745117 56.497059
978.996582 5.640881
891.751587 6.362915
1706.987793 1.124971
472.427795 3.568083
10400.853516 10.358624
2216.997559 39.567902
12682.905273 40.217979
6703.903320 31.692924
1320.547363 18.252274
1070.127197 58.624958
4626.203125 82.028450
4607.677734 91.787331
3292.738281 83.317772
11029.266602 29.282495
1403.473511 16.921782
576.535156 17.145264
564.347778 33.017036
2083.973633 35.792076
270.420410 105.482986
149.832245 201.944290
447.481110 294.996948
6174.765625 23.603844
10587.801758 18.012081
10426.583008 6.181364
4671.418945 5.406601
2306.224365 185.989578
705.189453 283.744171
882.202637 381.506104
1834.281006 457.048248
2248.565430 3.329040
906.397766 14.649490
1012.372559 47.715240
280.475006 104.835983
81.743011 380.714966
85.510468 761.429688
2453.885010 1259.058350
3194.088623 1732.163086
6608.744141 182.205902
4712.172852 155.653473
457.173767 131.851990
224.765778 180.103119
1284.316528 30.422581
20.556778 88.920097
2223.012939 210.651550
1305.492676 394.425781
2942.546631 258.413605
334.528137 135.558395
121.284203 59.309151
453.724060 23.932791
1149.512451 117.549759
62.697109 252.475037
449.487854 463.292542
3128.726318 706.097961
687.063232 4.676315
8591.132812 23.342787
359.336914 37.617092
636.326721 57.135441
45.364597 190.413147
1553.326416 222.067505
138.533676 284.085083
520.119080 427.131622
1668.783691 309.826569
147.588715 162.518982
584.664246 129.527634
974.173950 155.767731
984.139893 184.519073
363.469391 213.814880
64.858711 225.240295
5599.229980 203.141144
12082.680664 221.987793
2116.093262 189.435287
511.131958 163.409119
2126.767578 161.786285
1455.618530 9.361376
315.399719 40.261677
693.324829 93.225403
5312.088379 156.964508
11362.708984 27.976971
2072.735352 17.540310
1616.264771 6.906980
221.797440 0.920632
711.239075 449.318665
2237.890869 669.901367
2802.837646 918.094788
5358.746582 1139.476440
7514.024902 39.852512
1233.660400 86.433418
1073.391113 165.626831
736.888428 282.013672
2243.027100 227.451324
1731.098022 407.770935
2392.681641 820.421753
2693.000488 1488.272583
277.005341 450.900085
915.486328 259.484619
1826.848755 195.848724
1776.991821 183.989014
367.908203 308.258423
449.192902 382.826050
1585.895630 483.003693
10009.008789 579.273560
14292.268555 302.897461
2740.042480 287.533630
346.915161 272.075012
735.772156 273.141724
1177.340332 149.811523
1523.311401 185.939224
1308.712524 211.057251
5831.370117 243.001038
6215.132812 568.187622
750.679932 314.717407
1143.954590 167.231567
933.092590 126.523972
92.882721 238.093872
117.010040 295.444672
4402.268066 318.925812
17275.068359 306.268677
14754.669922 37.347099
4854.307129 48.630661
677.350525 93.199448
1937.869873 162.962341
853.078613 121.867447
1914.054688 122.913551
10766.542969 106.322685
1628.375977 86.540123
10028.035156 172.429504
2395.166016 116.858902
779.548035 98.104950
1478.828979 107.103210
1155.103760 113.352402
560.804443 110.623398
3495.706787 72.182487
5033.606445 46.061966
5597.678223 175.657730
11260.501953 56.180092
9071.015625 35.561642
800.148804 74.761261
45.771889 86.174149
635.088745 101.224823
1349.233643 160.845917
5673.074219 268.143616
3028.408203 11.611927
2743.721680 48.337074
106.641953 79.729759
2295.095703 88.827759
713.463501 17.013870
314.258453 17.636112
2104.266357 19.389269
357.352966 16.175507
2381.979980 114.877266
367.064362 81.983551
2114.655029 48.679417
554.931030 25.866005
411.882080 116.897079
456.824463 183.802811
2692.535645 243.208588
4586.700684 279.952728
1662.522583 18.421076
1861.332275 10.359811
677.625488 22.524841
778.906311 59.181801
212.154770 27.763643
786.663879 12.483876
8119.768555 13.674608
2097.733154 51.582298
9249.062500 89.803543
539.353149 56.509361
200.106384 46.440262
406.132660 40.701447
3421.416504 120.264374
3187.476562 86.085938
2473.432373 54.926537
6166.911621 54.068661
1964.594604 13.256870
5054.060547 54.516388
2680.381104 103.295883
849.855652 129.630432
1229.553711 177.728271
1603.614990 227.504456
4251.647461 402.879181
9101.024414 663.872559
1495.239014 192.758026
15080.128906 267.240723
2766.279785 271.757599
602.536743 218.901627
3313.535400 174.964859
4171.681152 129.149048
43.669048 113.632050
82.167404 121.633774
14236.411133 260.382690
5748.126953 299.147614
1758.217529 287.825500
1124.741455 237.282761
1664.721313 233.246567
342.781250 372.111023
715.303162 570.181824
4831.668945 748.711914
506.489685 236.024811
13333.857422 245.604218
1207.458496 211.518814
1659.327637 187.550323
6.752165 47.770576
179.148056 150.523712
1928.831909 326.145447
15086.580078 558.556641
5808.066406 88.539062
516.149536 29.103722
387.121033 3.913162
122.716576 6.144617
207.971008 123.042984
74.610054 139.703735
4726.851074 136.857162
4336.502441 109.798004
11088.913086 206.854187
813.962524 149.411240
9641.060547 112.434036
558.947876 106.690582
1773.893921 32.385899
1003.945618 79.959816
4751.272949 133.420822
92.408249 183.375504
27801.148438 168.700836
12316.213867 77.651398
3792.137451 20.537437
5352.413574 7.308481
2326.407715 7.133554
157.433868 8.294556
548.300171 9.717802
1560.268433 12.322401
7996.026855 0.567034
6150.229980 0.902083
31.324778 2.992190
337.339417 5.383377
873.307861 7.641393
9.999366 15.038301
3260.722900 19.875668
570.800354 21.450863
12388.030273 40.120193
14622.444336 17.929203
902.203003 4.648282
2127.497803 2.265522
1883.646729 46.377968
174.997498 73.122910
1006.428467 141.477631
9761.568359 253.657608
443.277283 5.660704
5304.549805 15.157140
1121.409912 31.635649
389.131317 39.965733
107.198021 155.398422
1518.694336 180.366669
415.515991 183.578888
2212.729248 154.628311
1169.089966 158.202698
1909.182373 134.819092
5140.115234 121.300858
1225.528564 129.623901
303.414886 88.555389
688.476440 200.102234
1292.412598 383.084564
9870.958008 605.732788
2610.062988 56.983055
1386.637451 43.445194
2316.092041 37.378258
1069.500977 43.618092
128.772873 29.379372
1116.548218 47.003635
3616.965332 89.223389
609.518677 162.140472
1936.961670 80.546165
191.868835 44.127975
365.622864 29.184786
808.615295 25.462212
1197.202271 139.756485
2412.964111 311.343414
308.537842 537.716919
13762.826172 764.907166
562.269653 8.365136
4486.932617 0.439175
4105.343262 5.576486
242.046234 42.501549
39.021408 302.653748
655.944824 605.180420
1648.202637 1020.805725
250.791824 1472.120239
48.983906 11.535783
1765.296997 4.827348
3774.251709 39.982212
677.788086 125.782135
711.793030 126.487892
566.483948 363.579681
1315.629639 759.146179
603.706909 1247.591797
11387.003906 320.308105
3039.237305 179.121460
1805.282837 81.413422
79.054382 47.433628
320.308014 112.636932
4373.098633 268.018127
220.416000 510.792480
275.321167 806.282532
606.653931 44.262772
1808.045044 14.164012
367.530853 12.575227
4.057554 37.455357
102.085052 265.777771
923.731689 520.306580
759.001953 924.267517
805.559875 1432.692871
10555.042969 115.969833
2856.085449 68.042519
300.506897 81.179848
2184.330078 136.849670
1939.311646 240.463760
19.335680 358.086029
1093.689575 525.230042
1609.066406 731.772095
11367.117188 343.898193
645.012756 219.209961
823.875793 165.271835
202.265442 174.972626
235.989258 157.683014
2427.775391 130.284378
4237.481934 66.615906
7727.217285 9.150486
1706.170044 246.259735
131.094452 149.702606
57.898323 125.494217
538.111694 144.540009
352.010956 181.436096
494.050751 244.353241
131.568726 410.353668
1583.284668 686.360107
3491.294189 11.761431
1988.151245 66.379311
3354.974609 131.077011
713.525635 163.810181
466.297272 46.720913
1616.020264 20.599722
1930.485840 5.170371
1820.174683 0.501864
5786.327148 224.309738
1930.224365 180.664932
3858.608398 130.578735
909.271423 83.956390
397.341003 82.904099
1864.279785 187.132675
7050.665039 324.458862
2514.480957 459.085327
2404.903564 4.087028
2771.123047 3.459900
1363.497559 5.751028
464.558685 25.502312
84.031837 181.049347
568.501343 330.054749
688.381958 543.458740
7927.999512 808.958191
2280.935059 41.670727
3503.522217 1.068909
188.694809 22.916269
868.352966 83.701263
472.338074 119.206123
938.010986 97.153923
3349.436523 69.980621
4644.532227 38.295475
3609.374023 336.205627
3957.842529 261.457031
3876.914307 193.858154
688.897522 147.227905
688.203125 66.639175
872.505127 72.706535
651.233032 90.362839
3197.170654 149.905792
2115.117432 92.972076
812.249268 34.241886
3028.684082 31.190695
133.378555 51.297363
65.688286 327.753296
548.151428 439.337677
913.159424 559.068787
12431.143555 642.389893
3076.843750 123.742645
2207.769043 169.348526
1651.514282 204.488541
27.563934 250.141571
1826.576050 128.977173
728.570862 287.202332
1188.488403 534.767212
5671.426758 867.824097
1100.139404 196.897125
144.064835 57.524178
4257.321289 15.133003
79.679382 42.335896
405.650055 182.954987
2455.729004 319.710327
3747.857910 453.068726
1364.223267 555.090454
551.295044 130.677399
5439.429199 51.533554
1858.576782 30.069689
44.819603 77.190605
149.230301 474.643005
7.263211 835.619019
162.757233 1365.655396
7387.628906 1946.823730
2375.079834 229.995789
946.727783 236.695374
4208.099121 248.242722
2374.810547 300.115540
3031.441406 39.948914
94.377029 176.203384
2184.734619 443.225861
163.289780 840.200500
14440.623047 311.479218
418.683228 125.470032
116.901405 30.609604
355.401428 1.503561
183.538147 131.509003
571.612427 282.187714
33.025414 500.773285
5959.489258 758.623840
22994.609375 39.703217
8288.357422 4.286135
5073.563477 8.225924
1222.977295 46.287163
1125.859375 101.485039
86.168617 144.977081
5356.405762 235.220184
2069.259277 378.943604
4450.162109 255.011642
5907.406738 158.523315
2125.500488 108.237061
186.754211 91.340652
777.440063 289.577545
380.252747 348.737488
3012.833008 360.616058
14687.503906 316.522186
980.498657 99.333557
3432.652100 106.677063
2778.531250 143.357269
1689.751343 210.672318
513.338501 49.476845
721.104614 87.455933
3368.016357 185.311371
9523.368164 349.977905
350.600037 144.934311
387.607849 86.475304
1287.658203 59.766644
818.709167 47.041969
232.983032 314.820465
49.050774 366.545959
272.858002 398.282593
16932.044922 409.021027
4752.361328 29.135530
2322.484131 88.989311
3803.077393 166.407379
458.147217 245.781067
1864.464600 589.419189
3155.898193 755.054199
2210.163574 902.856812
3384.394775 968.745483
6798.786133 578.720520
3361.499268 499.704407
829.827148 448.597107
608.072144 474.759094
987.477234 386.643982
1513.341675 515.029968
1763.175049 719.281128
18.803791 1010.778442
6464.267578 287.738434
1862.726562 220.601166
5804.071777 240.267639
2677.403320 301.267334
32.106056 307.765533
724.505188 454.042816
5512.231445 574.209473
6938.547363 631.826965
1726.073975 352.603210
1444.849365 221.886505
82.132011 159.505798
892.819824 193.102097
38.964569 60.548485
809.147583 169.595673
2763.458252 365.560089
26100.228516 631.687500
12852.862305 25.869232
7295.895996 1.493523
589.472961 2.799660
1151.809937 16.509233
2519.104736 135.409302
2042.244995 211.968735
2635.791748 247.846329
298.868195 208.024063
4962.305176 471.453064
2630.846680 277.302399
3185.543457 132.505997
296.682281 88.664001
1182.691162 146.646057
165.247726 153.362778
4018.108154 170.084564
3391.708008 259.740814
1241.712769 106.188637
5071.996582 23.725906
1543.585938 47.292793
965.978638 107.826431
1518.734253 274.386139
964.452454 288.928253
3225.162598 267.600739
2973.206543 208.391037
15963.501953 222.894470
2974.525879 212.913773
1847.996338 218.132675
393.434631 243.016083
721.967285 421.412537
163.899200 680.500610
607.177368 1029.360229
7234.674805 1388.206543
13944.332031 168.753387
6341.549805 181.602341
3471.443359 209.190353
584.853027 273.991821
870.868591 92.438431
1912.542847 266.951965
3984.190186 559.917969
35.549400 943.202148
730.200317 162.237015
1521.867310 59.360046
1168.124390 15.087608
602.708069 19.692513
1247.062256 257.672913
182.509064 322.714600
3507.522949 449.621063
5849.382812 683.620300
7882.267578 338.164001
3299.099609 198.897964
2853.165039 176.737656
477.691650 210.508194
2431.658936 742.424438
1919.255737 781.068604
8445.399414 703.281189
22442.451172 521.577026
2047.981812 385.841400
8211.074219 414.729553
1588.263428 499.546570
694.675659 626.706726
494.300507 1218.961182
1349.926025 1881.696899
275.561005 2833.926025
513.774902 3942.273682
4215.789062 435.735687
12040.574219 450.883698
570.497375 590.950134
1624.744385 823.019226
872.104004 398.305573
705.945618 618.241333
1497.515259 975.233276
2931.549805 1381.607300
18109.794922 1213.967651
8642.422852 843.743164
492.920715 535.817261
2251.359863 370.395111
1040.723145 59.625843
48.914200 171.399582
433.637268 381.901978
13878.042969 679.836060
257.892853 57.409409
4641.914551 14.191824
1171.004272 7.506182
686.762939 17.620129
1412.315552 18.415047
1665.972412 50.803535
1749.706787 95.583397
4790.256348 162.041885
4828.549805 188.089554
1865.916504 72.926682
722.765625 12.785280
1073.433472 0.716724
818.259155 8.267709
1403.230469 24.792055
1530.197266 79.708473
1494.531738 171.303543
2782.434082 19.044981
6420.916016 21.297285
2220.295898 21.902338
89.142815 14.121020
1031.433594 85.062111
45.405392 107.996635
2323.240723 144.728500
2194.125488 182.979111
9711.186523 49.809723
720.559021 67.996552
1684.844727 75.220108
234.177338 77.067207
402.329041 41.589596
1235.126831 34.252037
1672.749023 19.492517
2453.289062 6.400041
1426.265015 136.524521
1064.903931 84.660896
2253.008789 54.708519
474.114563 44.385311
316.198883 384.571655
977.285828 575.735962
1126.655151 779.287231
4190.390625 954.607849
2515.387695 10.223906
3638.522461 42.293602
161.711090 115.826157
81.804817 229.255508
197.792389 506.271057
1434.235840 697.106567
466.266357 865.809082
33829.968750 1002.938171
1313.792969 493.509766
618.911865 300.903351
2450.489502 251.615051
32.681084 336.906036
617.735107 31.518253
705.690918 136.015472
5378.931152 416.452637
11083.231445 859.525024
11242.582031 126.145844
2991.798828 95.170868
4322.402832 74.991043
607.830078 39.289242
243.838287 59.067650
160.472427 68.701035
1866.472290 98.549561
8618.539062 156.494705
1764.280029 117.166077
399.480530 80.884773
5318.291504 64.914780
509.290894 59.261642
442.903351 85.202538
1598.694092 83.843475
4409.926758 78.468117
7428.077148 62.855946
12366.209961 170.473206
753.545837 142.416702
393.857819 112.619003
1106.211304 92.655388
1074.145630 299.404083
1002.509216 480.337097
1399.164795 753.364441
8437.863281 1111.145264
3228.103760 63.839115
493.119904 39.205574
4316.327148 91.984268
2449.189941 179.914673
906.688843 0.466725
92.684570 28.594406
2181.311035 100.858467
260.175598 216.255890
2568.853027 321.919952
7204.187500 179.409576
2316.742188 75.441589
191.278259 15.845611
0.322833 170.055832
29.118248 300.835388
1059.975708 446.128906
3436.027344 576.352783
12066.289062 16.789253
809.609253 0.358505
279.662476 17.609541
1139.574829 73.380165
1591.015381 733.391296
1573.780273 1196.934937
3511.611816 1662.083496
630.173889 2012.968628
3199.954834 169.742722
182.552094 109.554626
305.726990 164.724701
276.250885 371.907196
236.229065 549.067444
1227.173950 812.461487
4671.429688 1142.218018
5037.142578 1503.314819
1577.743408 518.007690
1355.700684 346.971069
1689.892090 301.579193
984.410400 373.562378
0.938778 449.361145
76.241249 877.863770
957.495972 1624.937134
4751.419922 2547.052490
851.548462 248.468918
1702.921387 289.479126
1351.479248 299.124054
215.908081 305.729370
853.493164 170.002533
1978.694824 471.763367
3385.206543 955.833008
5946.214355 1615.329102
4090.581787 620.299683
1769.030762 221.420380
213.518845 36.855064
2336.481934 27.889496
226.344208 0.295287
2.476010 30.166487
533.288025 157.665543
5951.250488 435.836731
8183.371094 250.299240
405.089325 82.366211
978.181152 21.783712
970.163452 5.320277
527.793091 51.738991
179.093262 54.432659
907.146423 67.178543
2408.553467 90.241745
37.680195 182.171890
5444.892578 128.033722
253.232544 86.360336
12.381037 61.290581
92.102371 75.744965
574.930237 114.960022
5439.941406 145.623581
3928.763916 171.637756
2444.791016 72.157005
844.341248 21.592899
248.387756 11.785286
46.268242 35.656937
380.608429 66.242874
739.312317 86.212349
714.489868 149.704620
5059.410156 251.661865
2621.983887 45.996113
3837.098633 66.204826
292.962616 76.883095
648.608704 71.796944
229.129562 90.910309
2381.551514 171.945465
3968.964844 273.604553
6938.502441 375.247040
1184.788452 11.448545
872.716919 4.705376
5783.131348 12.480534
119.982010 38.753994
102.472313 49.971958
847.501648 28.291693
1876.471436 22.500500
9166.718750 77.456299
10499.788086 134.577728
59.966499 59.344345
248.275986 46.987213
609.620605 55.411381
43.539646 137.342285
1358.062500 125.040855
1165.099365 145.407822
1521.111206 214.285126
2458.079590 23.521631
6856.755859 79.354988
256.642517 129.830856
282.316864 148.322174
1181.604492 354.820618
463.060364 426.695160
2772.490723 505.797791
18019.189453 549.247498
364.758545 286.569427
8589.532227 311.891602
1230.936035 311.850189
129.429947 317.289673
635.448242 156.666763
1605.171143 145.302170
4166.875488 105.376114
3851.906494 63.084339
3165.741211 281.658966
2022.561279 182.304504
4094.895020 141.283371
576.594482 144.723236
23.273495 237.823029
165.248688 388.465881
1555.535767 628.464783
3561.066895 925.617493
5328.531738 7.778177
114.156090 49.976089
1860.098267 104.017029
41.722603 157.338394
1123.870117 317.228882
262.309875 491.095398
1988.817871 608.495850
8771.341797 645.028931
860.300659 443.890259
420.855042 212.783218
2162.434082 111.523071
573.030701 162.054520
793.440857 745.997742
1055.292847 1108.014771
1937.454712 1495.179932
38522.464844 1811.127319
105.330505 153.228912
415.300232 195.018814
1864.002441 293.144287
72.509773 470.090790
32.750835 856.479126
1107.170532 1426.956787
3245.351807 2301.788086
3379.644531 3405.515625
24389.968750 464.904114
627.243225 324.808777
626.018005 369.838898
111.009842 535.412964
1226.128784 553.374146
503.841766 746.909180
3021.372559 1099.409180
4203.800781 1565.349976
574.560547 1229.875488
7484.086914 894.016357
577.516113 650.075195
3462.052002 527.049133
339.777435 57.269043
2259.957520 44.572529
7802.953613 55.568176
3557.460693 96.357338
30350.898438 358.700012
44.702557 245.125977
88.081192 154.433670
1871.324951 92.654961
4951.846191 85.377876
962.703552 58.232162
812.049683 39.926147
138.011688 50.486572
250.785248 20.879894
5719.416016 50.962044
4126.640625 84.085716
426.517548 97.968353
1125.323975 666.815369
205.756638 1011.598999
114.097107 1456.795410
2547.181152 1866.964844
58.515759 241.758301
10443.534180 332.492065
5505.742188 389.993652
7.663859 473.171814
704.057007 118.331879
942.116516 216.886978
650.785706 418.946167
117.499092 721.965393
1704.849365 721.965393
117.499092 418.946167
650.785706 216.886978
942.116516 118.331879
934.648071 118.942917
238.235260 153.949844
323.746704 176.109970
1176.535889 175.512878
28654.373047 38.278564
188.559143 44.771263
71.685776 58.522598
2638.347900 83.975761
851.823975 274.923950
827.939819 387.809998
5980.871582 514.477905
7416.179199 614.423401
1315.021973 179.385391
3420.530762 173.418381
695.700195 174.111771
151.816223 202.579865
451.249207 128.305618
2435.430664 149.778641
1044.196167 242.734390
1518.379517 447.655060
1778.082520 215.720566
2551.208008 132.068222
2779.776855 119.793114
986.892334 126.130226
217.486298 301.988098
644.842407 477.021851
1442.086792 711.652039
4387.865234 906.102722
2733.502441 273.927551
14123.238281 292.041046
1600.183472 256.133636
1457.440186 235.727524
21.183886 129.721542
430.781189 125.067902
6069.817871 121.005341
9080.835938 134.241074
74.260933 367.642792
4538.729980 243.542953
394.890869 168.420639
2405.582031 137.623703
36.523781 413.508575
1423.622437 661.229431
120.088013 906.521606
28748.613281 1119.785889
1160.903809 137.324158
1793.144409 41.827850
156.252808 67.195389
1620.120239 201.820679
268.353394 80.478752
1278.035522 67.441330
954.365601 111.629539
4007.172607 216.222412
4523.062988 243.571854
2799.456055 213.775467
5693.472168 176.073456
133.996918 126.299332
111.477585 82.055229
1473.440308 84.887939
700.296753 69.447678
513.077148 42.484634
2435.649658 49.191483
2313.582764 39.609142
4886.862305 46.783272
1709.382568 65.222092
54.776024 214.142029
903.833252 472.056274
5110.155762 831.176270
4643.982910 1192.027832
1735.346313 28.852139
1652.775635 51.001526
145.188919 56.066978
122.518608 88.078796
159.077957 209.852615
794.437378 427.214661
289.683685 734.409973
2302.421875 1112.572998
2115.482422 133.234772
1.788292 18.203772
1490.482544 6.979307
1842.937256 73.368645
749.043457 202.251022
254.910812 426.399231
2685.936768 838.332825
3969.772705 1388.701904
11142.571289 175.710571
725.448364 134.699951
3110.786133 122.294540
1671.324829 127.019821
2815.895996 12.344343
839.421082 33.405872
863.899109 117.424896
21206.367188 283.630432
1823.061523 305.950134
5940.482910 161.832260
1304.639160 76.111328
240.411774 29.817396
550.271362 0.739987
220.305328 2.193629
1443.870972 13.181486
60.578842 41.816753
7405.663086 24.461548
4370.263672 5.305172
110.506950 0.427158
178.422272 0.784135
50.748077 149.314835
1189.500366 213.945801
2606.968018 269.854675
1999.263428 298.978119
8842.290039 12.468453
2830.468018 27.289749
7786.071777 52.035988
782.204834 92.491386
148.674149 36.879219
1431.783203 146.362671
1117.037720 358.418793
6915.611328 652.544434
67.162735 66.537659
544.299561 28.490833
90.222588 11.246693
204.216919 5.650074
67.274963 153.311844
565.365540 247.244873
1005.358398 376.734344
3036.048096 537.722290
53.083191 42.723686
4402.432129 18.351357
345.461609 39.107738
15.011221 86.177177
324.732300 238.049347
1484.128174 366.114716
2329.315674 505.426300
8212.336914 602.361328
47.628014 349.370056
388.583527 256.897186
595.967834 182.637970
512.967773 170.311310
232.440430 185.576324
563.273743 229.099243
2746.953857 300.263184
2146.840576 408.694031
1658.071777 192.077972
2307.858398 144.010544
3337.374268 138.699524
1591.301514 156.493713
2094.093506 22.281811
576.841614 11.665510
1777.381470 11.071539
6198.354004 26.965595
4812.575195 131.276199
9250.656250 90.685242
2693.273438 60.352890
534.916077 38.521683
343.445618 77.590118
110.116440 151.787979
2098.986572 257.758057
458.151520 371.718079
3188.765137 8.044768
3274.241699 15.378915
2112.132324 23.551212
888.817444 38.966805
491.326172 195.600586
339.574951 352.463989
43.625465 581.874146
404.131012 869.683350
949.787231 41.510265
805.255981 6.504426
1415.371704 32.819916
453.560333 95.672310
132.043854 175.341904
577.622986 245.185089
2048.789062 317.197723
206.434357 379.443848
1426.779663 328.062958
4492.554688 208.397675
942.740967 139.122665
293.121582 131.757004
64095.296875 64095.296875
64095.296875 64095.296875
0.000000 0.000000
0.000000 0.000000
0.000000 0.000000
0.000000 0.000000
0.000000 0.000000
0.000000 0.000000
