1386.407715 827.220520
5994.913574 883.692871
862.270569 853.275452
9176.599609 744.879517
16887.625000 377.839233
518.079712 450.498474
1829.422363 567.713562
725.949402 707.359497
1742.279663 623.698242
42.587860 750.617737
2184.950928 1068.171509
6362.279785 1571.488037
3448.198730 836.167236
11387.062500 725.606934
2932.873535 665.330017
542.132874 621.040894
9.994158 76.292183
4825.154785 129.994141
244.729446 170.509293
2602.640381 173.061981
15523.000000 445.448212
2252.852783 260.378296
2390.556396 117.910065
557.901611 58.340530
2305.746826 757.410400
66.196617 910.534546
1121.217651 1005.789368
11934.066406 1017.539124
1481.198975 542.834534
10462.597656 482.602661
2330.047607 499.199829
79.811569 601.233154
546.578857 428.398804
553.449890 550.748413
453.964661 803.429871
159.980072 1136.673584
8044.002441 723.748657
216.932434 618.458252
3729.175049 511.581238
256.139832 430.689819
1094.468628 128.543625
538.567383 91.966492
433.955872 51.136436
153.719589 18.609190
14187.513672 173.479950
14490.962891 170.362091
48.755737 165.459290
5080.470215 153.178070
882.516418 94.546127
597.876465 118.063919
2555.032471 139.159668
12006.454102 151.092438
3072.057617 46.868328
338.948151 52.029568
5885.189941 60.472870
368.653900 74.442062
1353.140625 390.692810
53.353889 349.936462
3670.004883 300.750214
1299.760254 317.559326
10043.160156 406.395233
13946.744141 321.076416
27.465393 335.398438
1175.425781 380.243774
4015.442383 154.492676
2468.496338 259.200104
61.307793 441.801453
1787.517700 627.341370
15532.218750 314.667664
34155.664062 296.465302
11411.083008 223.322800
8036.553711 153.531143
1058.033569 13.724863
863.186890 56.423885
2352.756104 123.195343
799.817261 200.659958
2985.447266 93.514549
3767.286133 48.567390
1338.429932 14.846634
545.186401 0.699863
918.333252 281.887878
816.542603 382.474487
1222.681396 464.296295
11055.318359 498.753845
1695.191895 42.487904
3554.936523 74.853157
55.523731 120.907059
2064.032959 189.781036
962.952026 234.986786
1089.354492 265.834869
1446.433228 283.016205
1178.027588 320.578918
7155.238770 525.313049
351.966949 306.013489
3672.857910 204.200317
3685.556641 198.710144
1369.471436 62.484184
348.951721 111.478256
2929.673096 151.948410
177.003647 174.313171
722.250671 41.000340
9578.119141 9.058668
682.970032 0.725513
1553.749756 20.689728
145.197937 890.774231
884.034302 964.254700
3631.475342 916.798340
2292.220459 780.035583
302.350159 885.782410
452.764526 693.167114
771.275940 654.617432
1411.708740 751.596985
308.914642 665.563293
2727.644043 835.867188
2842.950928 1108.939697
152.881958 1410.256226
12388.657227 669.364380
5004.312012 663.366577
2000.099121 631.488220
376.038208 611.534241
1360.537842 40.997028
2898.717041 91.712746
92.198059 175.155899
11807.467773 272.169891
2100.419189 81.573624
8661.053711 59.124638
1208.063599 37.476738
3607.398682 26.378643
840.675903 28.371033
1468.956543 50.132938
1256.942017 138.733276
2701.883301 306.939026
751.901855 124.957184
17446.505859 77.826523
7536.284668 57.185898
903.468140 39.922161
116.133217 303.003876
2496.170410 403.091675
2453.145996 441.596405
894.171692 392.526306
1396.974487 350.833679
1214.339600 231.021240
2763.825684 172.776932
2732.855713 205.097778
35.976074 67.414864
515.942078 70.605179
92.602112 150.865356
2933.278809 320.291321
10698.271484 181.046921
2639.330566 152.843323
3426.146729 133.307159
639.786682 101.097755
775.156921 35.451233
673.107544 45.654415
238.979507 64.043282
4753.070312 91.713905
3312.352783 78.729645
313.566986 52.136108
1683.178833 37.238258
505.888977 32.408432
9.704494 105.481506
239.771088 192.851349
643.331055 308.371643
4959.430176 417.368042
1431.377930 28.769121
7150.926270 40.397179
1058.384033 45.229263
907.661316 59.617069
842.177063 232.560806
286.360779 289.908417
3352.485840 298.510193
2240.438965 254.730026
2798.827393 350.952881
8738.723633 217.650970
172.953796 152.811432
6969.962891 168.632126
290.919128 353.866821
1137.725220 352.946381
10886.242188 283.317627
2521.901855 172.364334
4819.887695 234.935501
1620.146240 205.913589
5491.404297 234.514572
193.544540 299.601013
505.837952 39.479252
337.127075 39.002239
1557.711792 106.732208
758.301697 252.911957
6891.359375 99.426643
3260.960205 96.266785
3903.061279 93.200348
1144.088501 70.139954
932.517395 283.412506
666.705444 346.351349
1582.250366 435.154968
5725.885254 521.981506
423.278168 131.703735
14458.737305 189.522278
7083.233398 225.811081
6566.223633 249.367615
836.169617 213.363831
158.257141 327.634949
2775.711426 481.490967
14766.525391 617.014709
7197.632812 479.999084
5228.673828 357.352295
538.350830 240.605927
1844.536865 182.027466
235.389313 1.903319
104.552498 2.515962
82.492111 8.742434
3142.449219 25.022783
10884.035156 21.724762
10560.521484 8.690915
1374.701050 3.885037
3138.615234 2.650798
752.521729 116.889328
609.790955 157.777435
2055.415527 205.923706
2952.567627 236.789185
20876.191406 197.087875
313.667053 161.886932
8844.763672 123.044891
3295.911377 103.684082
1735.132080 215.006149
118.369865 211.307373
78.870407 186.490723
677.419678 154.777161
252.040237 238.220154
6625.345703 197.883789
2538.561035 188.570084
118.751556 201.254120
1322.655029 312.802002
155.615997 437.235748
7742.136719 565.076172
830.769287 651.813232
6649.255371 200.649078
5698.234863 190.192093
1386.510864 190.630035
534.135925 226.943695
601.988464 63.228012
2920.630615 91.221100
640.598816 163.522614
2826.538574 269.096313
84.347305 268.297577
1885.777344 192.199432
1187.848877 125.394012
465.273895 78.080772
105.786026 360.254883
126.422585 505.994690
1511.901489 621.282349
3362.520020 673.958923
6682.790527 42.284744
4518.979004 60.279270
9553.292969 118.106049
1917.740234 221.568588
2573.459717 363.798218
1101.953003 388.705414
1099.066895 370.230103
490.602722 345.779968
5835.875000 486.218872
3213.379639 323.974182
4891.797363 273.256104
204.177261 307.191223
255.265930 6.269922
713.356689 59.287315
3538.142822 155.668381
1007.449402 259.233673
16694.330078 93.505798
3796.317871 81.059708
2947.244385 43.130966
568.112915 7.000170
2252.574707 2.517676
2045.563110 2.566089
1525.030518 2.396634
29566.992188 9.486733
7338.320312 70.147141
5180.797852 28.940235
2902.041504 7.577344
2859.583496 1.859176
387.460663 228.924744
75.028175 344.771942
1890.004639 445.039551
2067.097900 489.922241
10715.751953 244.452850
266.219635 169.608856
4544.700684 126.301521
981.396484 145.664261
586.526917 56.549374
121.734741 77.406387
2727.089844 134.488251
1977.386719 223.525421
8961.194336 274.560822
696.676025 185.200592
4577.153320 115.099533
5161.424805 70.509163
668.581726 13.761339
417.787231 16.945683
398.905090 14.676873
2404.202148 8.856623
7855.355469 81.074028
1353.471191 42.498745
3769.203613 18.454296
537.151123 11.044904
244.911774 63.967155
1041.265991 94.178909
627.957275 119.679298
1671.910156 125.322540
7896.559082 90.346306
384.658264 68.246315
1290.760254 48.673351
2354.452881 45.870811
541.544189 15.103077
240.283783 39.185493
2486.713135 71.104156
2602.578369 102.806946
468.431641 10.106449
18366.998047 3.995744
5471.094238 0.215611
627.240723 2.534325
209.627319 28.145359
880.686462 14.959974
87.445740 14.810022
2065.616455 33.279846
9729.430664 120.527924
1254.107422 92.913605
1839.592896 69.263420
1778.638672 47.616379
605.009399 42.439800
1685.892334 49.100430
206.444946 67.855988
7076.171875 104.079910
16732.443359 2.882587
3079.976562 11.422851
483.499084 26.406643
1865.219604 37.324051
887.035278 223.851013
96.695023 242.380463
1304.102539 228.241501
2539.502441 177.835663
556.960938 158.543793
4945.331055 154.649261
1585.770752 163.936401
0.912412 190.742355
130.300781 72.005402
2718.755615 143.887207
4327.639160 240.906143
9492.243164 340.422241
3232.268555 0.967856
16300.832031 5.859572
97.330048 13.799809
4198.551758 31.449409
482.628601 237.352951
76.774925 426.680969
287.398987 683.181763
7212.960938 960.128174
1504.311523 175.552307
5549.429199 114.441994
2559.690674 95.955933
2873.840332 130.585876
93.951576 112.256218
12.760835 89.436211
43.247528 70.535339
65.660912 77.796005
3075.120361 418.329681
7876.686523 276.968964
4721.812012 185.304413
3320.752441 137.926270
921.525696 45.284611
299.072571 34.463081
2008.743286 25.860821
10021.322266 20.806137
3652.875488 60.659878
6281.517578 64.530029
846.058167 62.798122
1149.695679 55.709103
468.385101 94.344330
1173.970215 149.148590
67.950172 209.320404
1611.228882 264.813110
33549.175781 13.899143
5072.561035 9.960646
1335.840332 22.770302
1119.276855 51.264122
1749.450928 111.894547
144.151489 202.618454
3171.959717 373.911652
7635.495117 605.330933
5736.397949 3.795950
7390.987305 32.706711
190.749954 60.932629
3023.723389 78.541794
329.418976 33.088131
2289.338135 59.716621
473.106628 129.116074
10049.407227 238.578857
13559.258789 357.103699
2455.109619 216.959274
3742.366455 111.948822
1782.085693 50.201454
78.300110 421.943359
503.460785 538.515869
137.138367 594.920166
8847.895508 550.415283
8934.959961 265.013794
6823.800781 240.556030
3481.915527 244.249420
224.104752 307.685577
13.847181 69.057724
1730.976685 51.658054
1424.679688 38.408501
3024.378174 65.365997
4962.156738 183.459641
6735.522461 97.993256
2962.237305 70.744095
1824.087891 71.820786
1323.166016 239.309555
562.994873 325.129242
2162.381592 387.255554
3707.919434 413.194122
27432.957031 26.202591
4603.027344 34.681099
9339.729492 77.017715
1061.932861 149.803375
2411.674561 927.945740
1468.457153 977.852173
6853.767578 861.912415
398.785217 633.256592
4811.966309 658.273071
3030.570801 546.229248
3744.716797 594.632446
921.029907 760.635010
3006.263672 286.166016
284.837402 324.186707
1061.996948 541.679565
28.283165 942.254456
11822.717773 383.597260
3454.194092 396.733490
7787.046875 395.414337
1143.918457 343.119781
64.942337 710.848999
2601.429688 749.037659
1422.608765 721.569458
3831.292236 603.010620
7827.954102 612.039978
21152.500000 617.661499
2184.910400 622.555176
728.079529 655.591614
1073.519043 697.345520
1587.684326 863.660767
812.923645 1070.582397
1454.214478 1345.014526
11981.835938 496.032349
982.770996 389.295349
1789.391968 428.100159
310.127655 548.133179
2084.606201 465.597565
4.596187 476.418304
4143.150391 542.585449
1042.747681 667.771423
1696.005127 1003.580261
645.666992 784.358643
7533.332031 616.020874
349.987915 510.448883
647.891113 469.409698
142.169128 526.823608
838.174988 603.655579
3721.001709 646.836182
10481.566406 646.836182
3721.001709 603.655579
838.174988 526.823608
142.169128 469.409698
774.848328 157.088974
951.495850 174.047684
710.578369 245.631836
1472.007935 368.901001
55998.207031 205.157471
3977.877441 201.840820
1199.843018 193.382889
1527.596680 173.113785
5439.717773 350.632202
541.368835 427.910522
3230.352783 452.124512
1585.175049 411.552979
4819.008301 269.454498
17534.316406 211.972733
2387.709473 206.238388
1046.900513 261.159180
847.086182 424.909607
3380.954834 447.844788
7050.295898 488.290527
11277.778320 572.123291
17833.814453 460.889008
3460.384766 390.513641
1542.908203 380.734314
1708.474976 401.005524
380.045105 494.291077
2380.818359 619.384094
85.273033 807.729187
36060.812500 967.547791
33786.390625 683.604187
3628.164551 649.469666
1391.522949 555.806519
3610.393555 479.979370
2102.468750 676.523560
1893.536743 749.953918
1957.563477 712.275269
3859.135254 562.623596
21983.207031 371.863037
11747.105469 365.649658
8143.368652 423.784454
211.027679 544.017273
1366.489990 366.098083
476.057190 341.339783
4073.568115 358.235901
2283.987305 459.832092
671.783569 574.575378
4399.961426 466.206146
1461.682251 418.953003
2758.453369 394.391602
357.519897 131.161255
521.713318 218.005417
964.926758 364.364899
1353.550781 503.554230
22868.693359 241.366470
457.844055 240.299850
3735.350586 185.331024
1942.083008 129.232086
3507.459473 227.599121
563.073242 232.707245
3083.786377 212.113220
731.701660 163.600342
8293.833984 203.026764
124.376305 197.325760
2700.359375 198.171188
1068.283691 210.786072
125.469086 568.029663
287.570343 1030.544312
7319.260254 1598.470459
306.788757 2112.114014
2899.423828 306.695190
9264.196289 243.575546
151.015350 215.067917
1112.028442 298.744965
198.890015 79.919510
1621.072754 131.337631
1907.247314 270.630646
9688.159180 510.046570
2144.728760 288.927429
699.029358 174.550446
1857.386963 113.868591
208.810532 82.665833
110.894943 24.903042
180.117813 5.178531
46.775776 33.156239
844.906128 154.278625
2134.822510 456.443237
12479.796875 245.726028
6711.348633 124.919647
75.659943 62.713829
428.437988 126.816528
318.336731 177.725357
3342.640381 233.418640
1945.534424 277.360046
3801.111816 63.683605
344.379730 66.169128
5772.643066 73.079582
1123.556396 91.420395
587.271973 76.966385
362.660980 156.493988
3457.915283 284.366211
8084.643555 443.943726
2273.588379 3.249324
2213.446289 4.928074
355.224854 17.935240
179.081482 37.462692
1497.425781 633.011719
1911.072021 653.838745
6285.937988 544.985107
1022.673096 350.171539
1613.224121 611.003113
9272.361328 457.220459
10498.105469 437.230957
978.851624 526.929077
333.371063 780.639160
220.468903 1120.374756
285.063782 1608.959595
667.341553 2134.537598
18272.101562 476.277924
17876.644531 510.295593
4154.738281 543.343140
1784.806396 607.862976
873.659851 56.640144
839.520630 7.532339
1631.067505 59.698250
2650.406006 231.382904
751.241638 652.094727
6275.766602 473.924164
2621.218018 313.747437
1240.276855 169.763062
915.747681 344.825104
98.649742 480.629913
6794.476562 654.708130
3317.653809 838.170410
2967.493408 21.523996
1278.717285 85.811043
803.211060 163.623444
383.535828 245.502350
242.848389 646.349792
752.378784 677.351440
2230.194336 665.668823
228.786728 636.743591
13568.516602 1035.065430
9388.166992 770.104797
1595.015625 627.851624
1106.026855 606.299194
1451.952271 73.623756
1259.239624 125.889549
4465.329590 236.435059
2316.673340 367.550140
4437.396973 247.360168
859.891357 208.991302
933.618408 145.625290
519.693604 87.789528
451.096863 57.032539
1410.671265 69.617424
627.767456 61.533070
2238.206299 35.312897
5528.074707 150.230164
11190.167969 81.007111
9980.414062 42.766727
1290.886475 40.028202
328.091461 174.815369
2734.105713 289.234375
326.023682 382.716217
18033.246094 411.080536
8483.678711 143.423950
2655.285645 94.261841
5246.610840 65.020493
2783.118164 90.100395
424.748749 370.666931
1672.165894 349.166809
71.481003 292.158691
10425.572266 247.106522
20664.261719 388.325867
5508.692871 308.929596
411.854431 307.724335
96.585075 346.108856
791.950745 453.838623
974.934021 710.182190
449.688660 1099.577271
15520.994141 1484.856567
9716.339844 455.845551
1730.208496 475.403900
1556.001587 420.042816
1359.010620 376.075348
2292.016113 321.598907
998.681946 254.113022
467.636322 154.471924
3476.998047 58.312477
42676.679688 441.716095
563.202087 386.620544
6390.332031 361.728088
2289.955322 350.361023
4057.247559 153.751099
1252.441162 343.856689
9261.816406 626.184204
4699.509277 937.640320
286.400116 69.563965
5138.739258 57.071541
1715.940918 48.893150
1156.891602 66.385345
945.202881 187.614319
207.910278 192.962372
468.150208 139.853973
2917.134766 66.529816
6114.742188 414.554474
1603.569336 217.756622
2058.040771 133.970383
231.695770 145.795746
488.406921 266.353333
265.779236 422.488861
1220.285645 605.358459
2042.247437 732.347778
2275.876953 236.971069
7142.762695 230.139313
8786.917969 194.656021
740.846069 190.697372
776.479187 151.840576
248.472137 364.619110
3779.908203 672.163269
431.320404 1006.843506
434.704376 233.368820
363.544495 133.750275
2752.719482 64.854042
625.689636 57.977932
59.146286 95.382835
82.377693 183.839050
359.687225 328.019287
5880.952148 512.978271
5918.345215 91.933464
3247.615479 55.265701
2517.831299 44.646439
86.087143 54.687225
981.057617 165.014420
3396.525879 193.218506
85.181122 238.226028
7384.030273 303.182648
5822.184570 213.793594
6793.053711 167.542404
1893.812256 148.595825
146.216599 149.840302
1974.922607 1343.710205
1498.893188 1757.703491
622.095093 2137.036621
13312.779297 2463.631348
1471.938721 334.100525
4117.107422 345.726501
1154.390137 567.957214
39.943329 927.289124
983.317139 380.072083
1121.935303 424.766418
2030.429810 800.962097
1775.456299 1475.036621
25509.509766 1720.273438
4288.465820 1331.458618
1468.639404 944.208130
870.731140 593.828125
2443.764160 133.649811
474.936890 165.957031
2014.344238 214.051712
1984.671143 269.074738
4651.361328 211.651581
9445.036133 166.654495
3546.162109 134.943756
957.144897 122.884163
338.695770 140.616516
1047.197510 198.991638
2091.562988 231.993988
8565.427734 215.569733
9355.123047 284.757782
524.538025 184.346191
3731.112793 112.791077
2263.811523 100.015541
968.948303 680.091492
2644.947998 802.299072
1229.112793 773.227417
25820.882812 590.144409
801.982544 427.254303
7254.619141 327.657501
1270.825317 347.333893
2029.163574 490.445770
1269.324951 938.222534
1314.737915 882.547974
530.738770 865.484253
3367.726807 1003.153809
21888.148438 967.338989
1580.099243 853.023193
2149.945068 883.376587
3674.993652 940.253052
5013.959961 200.248123
229.716614 254.913940
766.562927 473.881805
4747.737793 772.673828
3828.766113 580.022278
13784.404297 582.714233
138.141876 466.813782
1548.651367 301.107697
2923.454590 151.658478
1206.420532 207.869781
8939.610352 233.198624
10244.684570 207.768433
12920.714844 181.550613
12548.399414 123.301300
7996.903320 89.603638
977.691772 101.608353
267.224915 142.235291
3782.817871 212.456146
5440.352539 287.263000
20212.978516 346.992889
10867.301758 22.072079
401.783600 33.781815
4803.477539 54.322556
2020.852783 88.841721
299.014343 315.281372
186.177017 491.653931
2331.065430 714.039795
2142.992188 963.337280
26460.072266 120.357971
635.177795 75.392937
4448.833496 103.788544
4070.771973 186.467087
4384.051758 82.407883
707.095581 126.813629
235.588089 269.782440
1322.496826 486.472351
4573.469238 649.639526
7298.366211 451.436310
4959.336914 270.348511
7530.985840 137.021576
332.591888 42.829651
431.286011 59.624977
266.125854 80.774971
610.290161 121.658432
3244.013672 46.782558
51.051929 5.784793
2396.643555 3.630142
465.593567 22.047918
169.671173 528.793823
2445.571777 686.742004
282.629944 789.834351
2672.780518 791.083984
1435.532715 558.719727
9146.203125 422.559509
790.609375 354.252136
1239.652466 395.489136
650.602417 259.880035
277.583954 228.725723
3133.124512 288.521118
3996.856934 449.097870
7541.004883 581.197021
11501.490234 510.388123
931.519165 433.164734
927.532715 342.348450
1452.613770 630.807678
3547.271484 723.080627
6543.611816 779.243896
2794.672852 785.304077
5109.969727 178.744370
6594.642090 279.404663
6199.694336 396.451233
1710.233887 517.507935
705.249695 400.951202
1225.992920 388.222076
1448.643799 444.881470
4017.176025 626.896973
9930.818359 766.681580
27830.496094 572.861145
4909.349121 478.581360
613.278259 433.602020
281.652100 679.087341
542.228760 804.885986
3594.734131 934.252808
298.976715 974.175354
6769.806641 852.216797
9405.510742 792.710144
2722.654297 690.799683
2091.737061 635.317627
808.467529 83.948967
1303.230103 104.665512
316.765869 164.826096
1754.692627 260.659058
538.831543 210.217712
3097.312500 161.811218
2429.769531 122.977783
393.796661 94.242371
141.515274 33.066673
755.784912 36.539444
286.720673 39.752460
2991.374268 39.038742
3862.960449 37.276016
5603.804199 37.400894
777.623047 34.529793
1923.840576 32.277668
217.989609 348.453857
1380.211792 509.214081
943.889771 643.541443
7220.672852 698.715332
12847.282227 230.385605
15051.367188 180.405396
1896.542358 165.950073
2624.885254 221.490936
2026.850708 35.770359
292.085297 13.778611
4072.615723 10.586060
6655.862793 51.725788
11930.651367 153.690842
1283.580566 96.249939
322.497131 70.619560
3203.773438 55.654644
2310.430176 150.493530
1456.502197 219.652740
3000.102051 244.310074
89.901169 215.896362
27486.019531 111.356697
23621.572266 44.057468
3735.045898 28.761374
1319.346924 72.612457
1009.347290 113.314987
1290.536255 72.419472
933.350342 66.610023
2906.965088 128.093292
7112.236328 166.000992
9047.437500 155.410004
4646.833008 160.731522
272.967743 149.833054
440.897919 17.899549
604.576843 25.125448
1423.617188 59.168400
4485.733398 103.129608
749.439453 85.643608
7830.264160 90.241180
8987.416016 69.359268
32.719971 37.893024
714.896301 172.697998
412.919128 185.152710
1137.062744 192.898087
2031.532227 190.677597
3935.059570 93.212006
1711.583008 120.173569
3094.574951 141.624069
1233.858032 158.375214
165.973312 10.528977
593.946716 23.073360
922.056763 135.239929
6966.089844 323.878357
6331.531250 258.283875
3592.123779 230.004929
3329.076172 163.294556
1994.222412 74.382637
614.831787 299.913666
1140.021484 561.116211
4133.608398 869.002258
653.802856 1115.479004
8582.092773 102.632782
794.908020 109.352890
1417.976685 104.163551
1134.648193 149.074921
709.314880 33.927872
496.576294 6.474570
209.137787 7.655960
5147.773438 94.633873
5204.809570 383.706482
952.469482 187.470444
719.933655 93.254105
1328.001953 58.059311
950.576599 180.094894
221.712738 259.419525
2343.681885 367.420929
15634.105469 472.335022
4212.312500 71.672089
248.118149 101.237152
5015.665527 119.139984
651.658569 137.976837
102.573929 52.560978
148.774658 75.583076
208.697327 97.068085
1335.806885 127.180984
21860.771484 179.569366
9550.054688 83.532570
65.887718 36.904099
5400.541992 33.346836
2227.575195 50.145821
256.190948 29.260324
55.154320 16.214792
5331.207520 24.262089
3078.609375 98.964470
6527.401367 83.390778
38.412666 76.112930
5912.063477 66.972107
1058.157959 136.862396
2571.897949 200.201935
1199.853882 259.154724
2069.633057 280.647308
12777.552734 154.080475
2142.208740 129.416351
148.687393 102.037651
785.847900 100.210777
182.722427 117.148041
143.068268 163.889267
771.459045 202.926926
324.769958 231.188538
7928.106934 48.396690
9679.500977 29.580065
4.880991 38.661282
3117.703857 71.387199
1131.545166 56.426128
1749.329102 202.061081
2307.935791 450.075378
9414.849609 736.137085
14434.190430 117.096741
15694.124023 96.173874
3082.909180 52.987984
529.630859 20.687658
1219.144287 513.888306
1449.733032 604.394043
556.675903 614.873474
6055.569824 523.821472
1446.210327 414.497955
4617.994629 351.173035
413.427063 340.734985
1475.826904 404.682312
494.126862 10.062428
1483.055786 71.464165
339.989563 229.406952
1278.527832 494.931519
10854.275391 105.009804
12388.193359 36.362144
2657.936279 12.801137
4492.476074 2.827537
1626.795654 105.887909
2024.718506 140.874039
233.346268 161.863022
1454.301025 193.671707
2086.802002 213.039719
1773.273926 83.081772
4020.700684 39.548298
57.426449 61.054653
260.570984 34.673882
1976.841553 91.247322
319.715027 160.310028
5306.769531 214.866821
3131.782471 60.701008
3362.021729 39.299034
4151.415527 15.343021
190.120850 8.961061
815.560913 171.093369
957.414185 445.870209
4055.462158 860.326660
693.921082 1323.304199
984.200928 59.609741
788.963867 40.666035
1005.548218 26.883595
258.841675 48.422054
2127.628418 38.740902
511.214050 13.302654
2510.782959 5.299170
17161.445312 68.039856
8222.240234 497.251526
23960.105469 251.491791
4782.929688 117.623863
716.429382 63.936977
265.675140 19.539660
3426.666504 14.254109
8960.724609 15.272592
16702.427734 20.668638
14135.100586 169.104492
5095.930664 116.378311
2549.016846 69.162758
799.274841 36.417336
1477.029663 21.724289
1137.291016 23.140558
4872.098145 29.514765
4415.718262 46.997467
17284.460938 14.786693
3781.331299 9.461455
10035.876953 13.450905
5495.984863 19.026709
2799.815430 25.522034
417.263275 59.325478
288.803406 96.866982
1811.376221 125.338898
28825.587891 64.866211
4261.611328 34.463310
6309.773438 11.932991
7968.261719 7.797584
1339.902710 44.741089
183.769058 58.451221
1477.486450 85.343208
7057.879395 135.920197
12407.297852 12.806164
4123.656738 3.212302
5333.330566 14.946734
8198.458008 31.625822
704.427856 307.756836
72.435295 455.618652
6045.743652 599.711731
495.267761 691.099976
1771.171509 494.525421
1814.822266 332.757233
2037.518066 225.948395
1290.775757 217.358704
1025.507446 214.761215
80.989586 195.126984
618.428406 142.659073
6354.744629 76.684975
20687.898438 368.281219
2724.716309 273.600952
10760.746094 223.163300
2814.772705 213.307007
910.671875 173.660065
392.861053 281.717529
4406.749023 387.330811
581.469360 438.652924
2841.222656 148.480011
4403.340820 125.721855
4839.601562 98.931770
368.467499 107.956940
559.512695 228.184311
1622.896973 281.309570
1246.991821 378.960846
3749.762207 520.614868
6918.977051 249.918152
498.826752 210.556839
3536.030762 200.022903
476.287323 205.576645
480.228760 139.450989
794.792969 116.880249
1206.606445 96.638390
4139.466309 86.569435
3559.881348 189.821259
4836.836914 180.717407
450.149109 171.293900
443.585938 158.222870
880.228638 50.675018
17.043629 64.252991
156.614899 69.821342
5024.634277 62.470959
6457.455078 43.071758
25325.705078 35.287868
5263.941406 31.928410
200.926437 37.566231
270.211670 530.264160
4118.863281 666.062805
1800.849609 745.160095
287.871704 734.774658
8017.852051 152.067657
9434.184570 192.824142
664.289917 267.168182
675.829468 384.521027
167.750153 240.666016
954.308716 511.450867
115.725273 1033.254639
5988.646484 1717.759766
6639.374023 515.071777
2477.216064 391.211731
2895.602295 275.529541
1433.138672 194.514709
451.637115 347.182434
1385.375854 468.099304
3871.245605 605.133423
755.979736 727.611267
3592.728027 244.781677
2670.193604 219.267639
999.777344 222.268280
1347.983643 263.137817
374.929199 154.262054
1405.441284 108.508835
1094.393555 73.733963
5134.701660 123.738190
1056.975464 620.241821
7172.203125 356.854004
3522.519775 227.214783
983.152588 182.553925
230.584641 322.884216
1372.444458 375.962769
2687.854004 388.482330
11486.843750 364.274017
8826.777344 13.092125
88.498268 62.820774
2579.727051 144.072189
374.584961 238.739258
2433.392334 179.158630
2347.576416 166.293442
3869.478027 146.533981
8910.532227 149.746140
7359.465332 134.223862
1095.334229 116.558128
2617.675293 137.664124
1664.592773 167.470978
3188.032227 91.555389
2562.433350 40.238224
557.638428 2.352973
5184.094727 47.761024
8984.605469 112.606384
7886.275879 55.511780
1164.923462 74.829887
5567.518555 103.526077
1.652860 76.240959
489.061279 116.906265
2116.492676 212.328827
1463.846436 339.762665
1211.329712 50.266033
1224.820435 85.245247
3085.704834 92.510918
356.827026 79.175697
739.052429 33.362732
36.553455 30.570662
453.257629 23.908936
783.700684 12.699567
11126.049805 130.705475
2310.327393 90.321022
1147.285645 57.748116
780.445923 39.637894
1025.641846 128.097626
264.804016 172.800476
1255.914917 202.268494
3253.791504 211.992645
6660.615234 11.777154
483.275055 13.738091
2003.705566 37.216255
951.697266 78.660034
1791.351562 37.279224
51.181854 5.399485
1251.788086 6.648840
335.334290 61.879616
548.193542 118.209000
7771.310059 102.587006
1583.849976 94.144928
445.933929 73.125450
1107.159668 25.365925
1180.480103 14.576791
1204.033813 53.507263
2897.975098 148.047028
4542.108398 16.077805
10619.125000 50.185570
2334.907959 67.873238
1152.522949 54.631554
2433.728027 139.724716
1226.547363 219.431320
2806.202637 392.778076
6890.622070 586.527222
465.292023 331.466919
373.641846 332.011230
3117.445801 258.332245
1538.739502 168.494095
1233.438599 88.959229
411.358978 137.669098
278.093384 232.011444
6635.735352 322.307281
27322.449219 222.861542
14599.057617 217.131622
877.605408 163.231339
3900.635498 104.682907
406.207031 285.474640
3700.420898 370.126587
2269.591797 436.927704
7422.060547 438.121979
1163.763672 356.108582
2062.941895 301.321899
5088.876953 245.725143
859.269897 235.368576
1372.041016 50.949883
592.212280 135.797714
8128.651855 254.500336
10017.538086 380.810852
5501.999512 112.080536
8157.182617 56.605431
4255.958008 18.871508
223.750031 12.799078
2471.170410 183.520065
1520.885742 206.791321
1522.872314 202.865921
12808.109375 171.305313
13755.171875 146.805603
2137.747803 123.662201
4269.357422 123.985870
6752.941895 148.763596
485.803284 20.705292
331.828796 20.060785
4095.194336 28.086086
6420.974609 72.940689
20682.128906 205.190872
19332.408203 86.652145
2593.140869 31.807678
8268.318359 19.625792
72.968796 32.024292
927.132690 59.259922
1350.847412 98.973206
3779.612061 145.673065
12089.063477 20.378075
5674.486816 12.437295
1052.737183 11.504939
2160.341797 17.168030
401.224548 8.373423
2982.938477 12.445288
126.192749 22.842541
2647.098633 45.023167
2227.809082 48.385078
10514.240234 21.769690
14966.503906 9.722223
243.283264 7.035944
586.617798 87.874588
2007.678467 152.352219
518.734253 235.442062
6803.655762 313.173523
16493.830078 20.012625
1882.664062 29.719185
8347.599609 36.784142
3689.491211 51.452808
2453.749023 85.179001
1236.806030 66.621330
633.594177 42.583221
5175.573242 19.557545
10251.443359 113.571136
10467.028320 107.502876
3320.905518 102.440109
300.265808 96.320328
212.288742 161.334564
446.027710 243.024963
1532.614380 320.939667
9729.586914 370.349060
4293.650391 102.500793
3570.212158 78.804047
5258.465820 73.531006
1493.996338 100.352089
860.569641 0.861573
209.945587 5.792052
3441.054932 21.505703
5313.214355 45.903564
3846.637207 38.638283
638.816711 26.435450
462.186615 14.756916
30.158356 5.087331
8.591525 116.256027
1107.578613 200.619034
1803.837158 271.352203
6757.284180 306.980530
17848.103516 35.164993
43.208893 7.668272
4298.518066 7.427042
5815.999512 45.184536
917.253052 160.969833
61.904694 266.871887
457.144287 405.197815
5557.331543 558.086060
17786.011719 105.330482
4567.915527 64.422226
2400.742676 61.189804
2238.487305 92.928070
1552.184326 282.206604
166.033966 374.036530
1091.188721 445.805511
846.782959 471.745789
6414.506348 594.399536
6147.100098 391.658356
2932.985107 256.989563
9644.689453 225.736969
737.467834 43.591393
54.898300 106.308220
2682.530762 179.794220
505.265778 237.593674
139.220062 68.191772
2011.587646 39.141727
1110.901123 13.840742
616.436584 11.408754
2.683955 260.973083
188.826508 373.986084
1299.402832 519.492676
9410.792969 664.701538
3595.370117 370.607178
12122.883789 274.000793
7218.921387 211.912018
602.505249 204.432388
662.527283 414.196259
1532.569580 536.988647
158.705322 642.398132
1502.402100 682.248291
150.312164 474.166473
4909.803223 384.856628
495.430176 323.410797
3501.565186 331.311859
2076.290039 163.532013
546.630127 78.856720
4265.191895 13.544621
6057.984863 20.445547
11209.871094 174.662354
2981.950684 186.896759
3893.979004 216.479477
503.414246 216.000244
2234.741699 144.568069
716.829102 249.943817
2190.876709 466.479706
1853.016968 757.285400
11875.213867 47.322498
975.511475 99.111328
2923.023682 124.404381
353.368561 123.276039
1145.184937 37.443443
601.048157 12.638690
294.143127 1.944574
1488.534424 0.970790
4008.342529 284.192902
12258.268555 218.089508
6960.363770 144.809387
653.813965 81.527061
356.195068 116.982979
672.199463 224.544067
1294.943848 343.354584
114.323311 439.275848
2658.589600 5.743999
3826.097168 0.782328
2187.374023 8.408306
467.683105 43.511871
722.350403 90.463287
30.830755 216.265686
588.648926 432.990906
6258.809082 725.276672
10670.201172 71.100433
19970.310547 22.555729
4265.425293 15.739621
86.861954 34.057476
2686.041992 258.072449
832.245605 212.265762
1311.764893 144.966293
2243.557617 77.015343
14366.678711 489.398071
17010.636719 392.489868
9899.627930 325.453003
529.001282 287.897858
1659.323486 23.396526
111.322487 64.317238
934.566833 181.524460
10394.357422 387.690094
9202.541992 49.535339
8096.270508 18.284657
245.345337 18.368227
1848.200562 19.257706
180.842926 377.187347
1695.900391 452.242615
2593.306885 496.473114
970.159058 482.544800
11126.714844 189.696808
4547.890625 217.611511
24.827593 250.265701
777.816284 303.288879
399.316833 92.932373
1230.819946 164.739120
494.010620 323.555115
4962.383789 575.280579
10184.041016 193.230896
4805.912109 114.022812
49.555489 83.214752
2700.708008 75.418671
1340.834595 121.302490
1185.102295 101.848083
3161.750732 77.969299
920.478210 81.913452
717.394470 311.773102
1404.792603 196.629761
3957.454102 142.162979
1163.501709 128.052963
2194.905518 669.469849
812.856934 904.051697
1528.472168 1141.294189
17126.673828 1278.962036
4508.199219 523.698853
792.030212 502.107117
5109.811523 477.520294
4093.136230 519.798218
662.446289 83.727455
171.521942 178.000931
996.024109 333.242218
15866.976562 527.149841
20584.117188 274.636108
8097.566895 162.067871
5705.773926 85.563248
3405.334473 55.436691
1316.357178 59.008415
222.306427 142.862900
6382.824707 255.810455
2019.220703 380.732208
7935.790039 97.674507
19570.730469 36.004383
9531.080078 6.302346
3618.742676 13.013900
617.737488 145.222412
298.458252 136.271713
2548.646240 141.444016
1914.350952 171.134537
4539.340820 432.224457
1131.969727 308.860901
12203.388672 220.559067
1293.846436 169.579361
483.735535 301.581360
1254.927002 322.717041
1622.978271 309.909576
4345.990723 269.952057
11010.577148 54.894199
13406.257812 109.902908
1047.298340 180.030487
1022.807129 249.757324
168.200699 32.637783
105.345764 41.833023
309.010529 125.713226
1432.558228 299.168396
10815.560547 207.506363
2006.603149 140.727112
1700.000854 99.282738
471.636841 61.822830
2033.403442 196.632980
3017.950195 281.644012
2908.837158 399.498474
6314.217285 532.317688
3520.312988 18.061493
9580.440430 52.659077
3359.489746 95.472496
4061.721191 139.920258
1146.281494 574.913330
482.638428 525.171326
919.468872 417.242920
2524.390625 288.967133
1097.042236 864.630981
17322.896484 699.270630
3005.770020 608.269287
2873.209717 584.072998
917.755493 461.673370
1147.511475 547.634583
883.006592 688.133057
2688.229492 855.808472
1087.933472 354.174133
2331.011719 384.018768
941.973938 406.388580
1222.055664 423.848846
406.125061 453.251343
1613.242920 531.643433
1956.436646 556.597046
12732.957031 524.250305
4974.156738 306.815979
1468.607544 263.934448
2931.112061 280.692017
570.835266 354.600403
526.990540 42.220001
1723.173828 184.656891
3046.223145 442.986450
4102.830566 768.492737
2324.103027 48.116280
4186.451172 37.441673
5788.974609 18.600132
502.109741 3.847855
342.458008 282.018127
655.767517 273.592163
5040.747559 194.675461
15453.694336 96.894974
3403.946289 636.377686
2595.951172 371.068848
3683.873291 247.772079
3153.544189 245.645599
694.224609 148.684418
180.182388 190.343155
228.454086 286.647034
3849.869629 456.180298
30488.167969 17.373714
2424.189941 32.172207
8117.737305 80.412262
2166.790771 121.504036
1726.103394 137.407074
169.880447 89.333084
2534.177979 60.212475
3.377499 62.176102
49271.664062 241.537598
13960.240234 238.555847
486.024902 221.942047
6928.547852 186.528015
2856.331543 501.977631
350.645844 595.144531
467.766479 672.232788
195.665649 702.792419
2489.435791 354.482788
16234.380859 359.208282
2894.891846 376.915009
327.757080 423.621429
1536.557861 159.357498
289.643250 300.191071
4831.813965 480.703491
1980.551270 648.731934
3786.416748 186.896759
14121.039062 131.043564
4406.705078 87.965614
1673.627808 88.902596
593.766296 289.932007
1628.496826 348.922333
290.808136 463.618225
3691.533691 630.380432
2372.596191 450.185089
956.818115 355.779053
2281.953857 299.840210
207.142349 277.062622
293.253571 556.590210
4293.415039 436.005829
2029.363159 278.326447
16275.525391 137.549515
14346.648438 377.166626
7093.799805 476.176514
7097.691406 565.501038
3561.256836 601.549011
2473.216797 965.955994
1124.304932 1326.492188
5210.646973 1937.510864
10716.037109 2694.474121
8586.175781 797.317139
1243.547241 796.358032
3196.296387 802.914429
532.691406 827.504150
434.307404 857.418030
664.869080 878.675354
1194.792603 842.668335
1037.617676 724.625305
11428.582031 1638.808228
6233.918945 1284.294556
15091.504883 1003.269165
2274.875977 868.768921
83.627113 90.519302
1033.135498 198.052734
1029.107300 369.255402
6584.610840 551.186523
7294.541504 98.977921
11303.689453 101.095062
3489.942139 77.789101
842.960632 59.484779
1894.286621 29.900545
640.910767 41.472332
974.188171 52.697182
2989.287354 75.207733
2916.103760 133.232758
1770.465576 57.859959
1024.707520 22.405777
25.563967 18.926212
422.547516 0.416330
3.183009 24.410454
1022.226440 86.471802
1897.756592 168.183228
6542.586914 95.397461
1330.264893 79.279205
1252.151611 47.482143
3046.246094 13.815974
1242.907349 114.255791
42.285500 180.472427
340.300293 259.670807
5132.625488 326.977631
4541.230469 47.335571
13502.875977 53.053421
2326.343750 57.988152
1887.230835 74.204582
316.659729 37.022087
261.452911 21.344511
2855.303955 16.945677
5136.705566 40.302429
871.585815 155.602081
355.403290 101.197189
449.679108 70.738266
1284.494019 53.055344
343.058807 320.985565
593.726440 445.812927
1224.771240 574.780884
2206.251221 680.646973
16605.966797 28.180325
1328.156006 68.995361
5547.754395 132.072159
1728.274414 215.416229
1969.064575 617.142517
1977.481812 576.455627
5701.816406 485.764740
24734.457031 425.730225
21348.029297 606.674438
2123.134521 499.472382
3848.061035 514.177185
4584.689453 581.697266
1443.306274 33.416424
1235.144897 148.731628
1232.883301 427.334412
296.847137 793.628357
30331.275391 274.593903
17704.031250 259.177277
576.413574 175.401855
2617.166504 69.203255
753.274536 43.645668
235.122131 98.825050
734.745483 205.731094
1256.697876 366.201233
730.917603 108.567825
781.357361 48.677696
5184.386719 25.263781
4297.849609 23.777618
2471.905273 149.162216
216.456589 136.667267
327.070709 126.351059
3830.713379 128.074829
6843.535645 337.244568
17888.093750 254.606842
1420.127930 197.270721
1951.868774 165.674316
157.598236 318.577942
319.947540 530.419922
2206.205322 840.520813
4923.197266 1197.046143
10946.927734 47.486607
253.805328 78.950943
3130.144531 130.473419
177.097778 198.834473
1610.743774 6.725383
1942.287842 21.875984
3784.669434 76.800690
6855.499512 175.234680
2298.772217 332.182312
5748.865234 191.692368
339.657715 89.355972
3794.588379 28.656057
301.949646 85.726280
2735.167969 161.105194
266.268433 257.469818
227.995773 365.829773
7966.816895 49.185726
8531.318359 11.730972
1354.814453 8.516008
5090.467285 34.350155
2430.094238 444.810272
123.207352 627.697449
2004.060425 821.654480
3508.440918 1014.906494
4128.953125 384.609131
5201.042480 243.256195
1887.608887 218.692703
332.211212 296.904999
822.107178 649.513794
171.898056 463.282532
433.336548 293.963593
6127.227051 252.368591
4118.232422 1125.800537
2983.056152 950.880127
997.130127 859.496155
562.756226 780.525879
1326.988159 849.399902
2197.478760 1249.208374
2309.778076 1719.730469
5460.155762 2048.625000
15523.569336 721.041504
7743.179688 729.092285
4598.414062 656.238831
1755.149902 654.280823
1776.250977 312.382599
507.902588 632.429565
315.805908 1042.592407
1323.287476 1470.118042
2657.883789 427.644104
6125.481445 206.121506
3034.332764 97.704971
13.176810 129.208817
114.270378 10.401775
69.915222 39.292885
2566.292236 196.300629
3643.134277 494.218262
921.219299 239.733078
5827.704102 161.996414
5995.838867 109.159264
0.351586 52.569214
41.973190 64.421555
1156.000854 74.953796
1176.351074 97.941032
1299.749634 136.395554
3432.923584 222.376450
355.747162 145.119995
2052.865479 93.328575
294.966064 68.375000
465.444519 43.581135
68.353424 30.246397
2285.711426 21.667786
2340.572021 48.249527
1320.891357 88.131706
1612.526611 37.874428
383.201508 32.072701
1999.275757 42.511574
425.908112 114.396790
157.516418 134.556107
702.101501 175.934631
1179.604370 217.644440
11059.062500 137.749069
3465.807861 151.105316
857.345032 139.906204
436.882477 120.445137
1818.516846 101.663292
1823.452759 184.910767
1066.411011 266.151337
1873.191162 319.888092
33042.054688 9.748716
7517.724609 0.955902
5488.975098 6.550881
2254.738037 38.810806
697.280884 50.815853
435.900879 5.999133
601.929199 14.249779
4477.802246 116.168907
7832.941406 159.318039
4855.841797 125.614494
274.659882 118.655716
1465.800659 97.643768
1109.678833 81.526711
288.745239 119.211166
527.105591 220.700043
8592.423828 367.038452
4902.429688 45.068661
4061.645020 86.875854
2528.117676 100.943306
945.984314 88.633553
1599.241211 368.662842
336.648895 432.682312
801.968018 476.570862
11963.915039 463.094513
242.820206 335.827667
3390.232666 329.809082
3113.766846 314.740997
53.159431 323.469666
117.104012 234.238220
1165.860229 154.566269
578.868225 59.371544
6203.663086 2.379883
15251.558594 283.255615
2171.724854 252.808823
3144.250732 260.968689
370.154999 267.259644
786.404541 203.937286
1619.691650 396.381989
3618.571289 693.561035
564.959778 1020.193359
10492.106445 47.970753
1255.517944 90.270775
2835.544678 106.255493
4495.821289 123.529274
898.341431 239.225296
812.321533 208.662735
313.205200 162.939484
6925.640625 168.493256
1496.823730 588.310791
1130.502197 356.472046
1798.080811 254.939880
2204.755127 239.695129
115.489029 806.979187
6743.572754 884.848938
3201.249756 900.341492
6033.480957 840.172180
10372.233398 441.893524
5324.946777 504.086884
2597.484619 590.106812
377.509430 697.783203
1704.400513 832.365967
311.844543 1105.196045
5627.989258 1574.409424
7848.530762 2155.753662
2272.507812 894.103943
42279.582031 823.187500
5194.966309 766.052612
4093.095947 744.214905
1633.668945 838.387146
1042.952759 925.635925
4214.844727 1057.395508
7977.976562 1159.504761
18484.216797 1609.946899
24639.878906 1324.996582
6994.864746 1046.005737
5779.439453 869.549927
2981.178711 80.227890
1835.385986 61.355858
3552.197266 77.310585
976.422546 127.653465
25612.667969 237.997864
14247.136719 209.703842
3528.937988 169.684998
4840.689453 122.043594
2597.841309 7.012934
1079.997925 10.349771
201.288147 56.262821
1424.491699 141.742523
1728.360474 41.260288
10319.956055 51.575176
4065.220215 48.383953
235.121185 28.192139
517.757935 654.980530
680.249390 914.685913
3889.087158 1182.582886
1195.412720 1344.361694
1548.393311 393.709167
5909.761719 417.826752
5653.651367 424.745697
1448.082520 486.937500
136.480682 252.797302
27.248299 268.540863
2441.636475 302.092896
2597.301758 374.829071
15240.435547 788.340454
675.363647 516.154358
6143.541992 341.767578
144.493164 265.245239
2283.108154 45.695892
1259.290527 60.611652
2087.871338 75.021828
2787.742432 87.710258
3076.967285 1.734764
3246.221436 6.745279
1499.078857 17.348261
2743.431641 30.951849
151.490936 383.980927
651.522217 429.624420
531.327515 416.461914
6190.649414 335.423615
4608.443359 335.389404
2348.594971 289.628723
1169.513184 280.029449
520.839844 319.126221
707.197632 72.971954
455.634583 115.937286
711.577759 289.485474
10276.938477 579.599060
34274.960938 230.142883
2509.237305 212.291016
249.899643 176.385406
3152.669922 115.488571
1973.003174 471.452637
206.446075 682.758484
2342.354248 858.397705
10726.867188 911.709961
1185.199219 260.253174
6050.512207 245.520660
1744.526611 242.256836
2773.906982 310.879486
1708.967896 114.110374
859.415710 106.718590
1790.843506 102.694672
7376.816406 124.483078
7653.963379 264.520691
81.028526 173.812607
761.471313 129.895264
1009.904907 117.622772
922.343994 234.269653
3638.362793 295.155273
847.994690 385.181763
5151.513184 553.840515
8115.342773 191.651947
4201.788086 85.036423
427.806580 98.134880
232.904282 165.756165
2387.093750 232.935928
1725.564941 190.668823
1411.394531 145.086365
2946.215820 97.956543
3589.987305 437.411163
33608.320312 388.529083
5088.145508 330.660126
1070.680420 277.785583
136.399094 5.873521
4144.395996 1.193045
1608.297852 16.187967
2074.051025 60.734234
2295.669434 9.815485
3174.514893 8.622727
4321.976562 14.344832
3413.001221 13.951870
465.973511 246.196655
814.989136 405.741943
1965.740234 548.817749
1699.133179 612.628296
2121.716553 111.643234
729.317627 91.473740
619.939880 83.467773
889.807739 129.857788
1043.155640 227.643753
382.997253 275.371826
1123.822754 310.058319
10074.000977 358.074768
1769.356689 152.780701
3989.294922 86.451492
1311.654663 100.613861
106.579079 161.459641
463.608826 292.591064
973.438660 451.691895
181.482452 675.429016
9182.708008 882.007202
16180.278320 464.937988
26948.988281 387.573395
6662.361328 292.961487
3416.873047 243.239410
265.618713 46.539246
4286.115234 74.720345
569.946533 151.032837
20606.080078 259.336945
1363.521973 290.617126
2556.541504 207.555084
1856.404297 127.831490
1441.311768 68.105476
354.038757 0.049777
1266.667236 3.634225
823.968445 17.804674
3042.920410 43.801888
3844.443359 34.105774
12568.773438 19.587589
5218.095215 9.941031
2448.933105 3.236596
1236.035889 150.701813
1953.805054 173.711517
256.200226 174.136017
1300.035278 153.582153
1201.582520 8.756766
5732.025391 30.900673
2361.499268 67.542297
8946.632812 111.431824
257.823883 46.135326
1411.609985 164.178040
331.972412 360.308105
1421.490967 593.929993
1008.019226 101.787193
449.662201 61.177467
2695.606934 24.695728
36.230095 8.632419
534.089844 37.921192
186.368683 105.668831
506.341614 237.842285
5344.853027 436.363464
1219.962769 49.268787
1081.442383 6.415241
668.755127 0.505143
181.772552 10.394224
400.325256 255.034027
673.103455 254.759460
7797.010742 223.338196
4185.481934 166.045868
13534.666992 638.182678
51.198776 446.571686
75.494774 313.388397
627.219421 258.417114
714.887390 294.121033
1204.350952 324.933502
17.956903 355.874115
8407.041016 379.161652
2905.367920 198.312714
5493.650391 219.741882
1481.222534 242.760834
730.154175 266.935944
116.602089 8.636084
14.824111 25.207436
1199.323242 70.903061
6782.502930 138.327606
15182.965820 74.664429
244.262802 56.599731
7652.220703 35.936398
10605.861328 16.258831
199.099701 121.921204
83.087097 203.383789
145.219788 289.812836
1371.460449 354.530457
5676.000977 11.114723
3585.114990 18.160429
1452.102783 31.834280
2380.714355 63.574394
445.061951 138.424255
1335.863770 263.264099
1552.723633 455.182068
7701.597656 691.568604
2231.355957 63.419945
1999.359741 37.946762
4077.227783 43.432583
1543.963745 72.433884
268.275635 172.852524
242.604996 164.765320
2159.199707 158.899643
818.755432 164.615555
5927.204102 501.366333
2299.904541 354.024414
2896.351074 248.933929
901.668335 193.626755
841.541931 273.416321
1208.278564 263.220673
6729.527832 256.876038
3111.826172 271.955048
3868.169189 211.760147
5500.087402 223.841431
608.794678 250.350922
4832.123047 270.646057
2743.658203 314.887054
7364.623047 511.727203
624.646973 811.273071
2306.156250 1106.469849
44470.281250 674.880493
1005.697021 537.502380
5754.910156 375.906281
2317.688721 276.145355
2620.243896 41.188396
364.441162 47.102425
5078.695801 58.748432
2310.557129 101.728882
13009.175781 97.317444
22795.488281 29.889988
4282.530273 14.974118
935.745422 27.465199
2195.195312 254.884949
311.469574 312.447601
483.230774 389.542297
17472.855469 495.663239
5865.250488 250.617767
4312.137695 188.114426
3094.731445 181.085526
644.887451 209.370193
1811.377319 208.945694
337.506042 291.992859
2463.945801 418.743164
2463.378418 543.553711
3920.840332 588.568665
4117.908691 432.827515
392.713379 289.090485
26.042082 205.586487
959.062866 36.840260
391.150299 15.142707
1016.091675 1.810451
2780.389404 1.771533
12472.602539 73.382271
1342.046509 77.320145
8596.531250 73.165939
3361.991455 58.653797
103.050499 40.763344
6997.516113 47.515606
1831.299316 45.690960
14372.889648 36.070854
3526.080566 1.629240
9861.418945 5.452766
380.832733 14.983423
5616.741211 28.266602
1036.887939 139.895035
125.372223 160.780350
2503.760010 272.013184
15391.575195 456.779419
11953.803711 192.040619
4387.695312 224.661697
5171.151367 219.701782
221.960907 177.795898
682.038574 73.762032
898.725586 141.836395
3123.156494 190.743179
6066.767090 195.928116
27427.554688 287.066742
33658.726562 150.755325
3907.634277 55.154812
6022.165527 31.928043
77.440475 12.930862
401.314697 27.796486
1896.286865 48.301926
3623.639160 69.489479
7107.363281 49.988358
3209.987061 29.244722
4119.177246 13.771598
292.561096 7.760583
567.074890 167.293671
436.331390 198.128784
2613.060059 195.233368
5422.766113 160.308456
5327.232422 12.437930
616.698486 25.540154
3048.627441 62.070641
4102.289062 115.207573
566.243591 118.230942
411.344788 113.404617
536.932617 171.722687
8894.022461 306.954987
10622.352539 146.272156
2662.329102 153.141068
9010.994141 161.149429
2660.480469 146.429840
1934.539795 97.524963
76.499565 124.833824
2574.603027 144.843201
1891.367920 157.888855
14327.362305 16.481005
1331.721313 18.296185
2283.315430 36.868176
3279.005859 65.987556
3486.849609 327.777283
349.546112 330.474030
3535.876953 393.862122
5446.734863 562.448364
307.318451 247.497147
1997.938965 243.896667
5881.981934 290.123413
3695.476318 324.982605
1128.764160 237.029739
2189.964844 299.677246
3688.851074 390.214996
3158.093018 468.667206
1093.410645 719.134033
5531.200195 522.618896
4966.132812 347.269684
3899.569824 245.973526
60.976486 5.035531
3942.784424 16.342735
1215.513184 29.477209
962.176941 36.564072
29590.343750 75.260910
7753.637695 46.300308
4381.201172 19.410091
394.473450 4.559333
1028.714233 12.735322
1318.601074 65.317932
2091.527344 161.352280
8567.125000 266.131958
41473.546875 120.507202
35835.828125 97.356628
2994.010254 52.964878
590.963989 14.176224
4022.335693 165.693024
145.337372 146.441010
4518.007812 107.773491
527.358459 90.038361
1509.139404 53.091877
4082.101562 48.007401
5238.060059 91.960114
4492.117676 143.797424
200.819519 33.467548
1135.467285 82.247559
2290.828125 176.855072
2611.885742 278.514648
1986.154907 193.559067
2205.397705 159.430634
3033.340820 98.526199
108.076553 44.490063
920.657593 4.880720
593.283813 11.383514
294.955170 23.003012
12895.930664 39.100540
7502.404297 1.651152
267.260101 0.099161
4372.463867 0.602598
790.519470 1.954519
1603.489258 61.685242
1371.393311 100.630630
1387.190063 118.228180
6648.548828 104.115005
6105.174805 52.329288
132.989182 19.695272
5585.002441 6.854605
1069.288696 23.445988
949.127441 217.346313
49.782345 182.613525
220.515747 130.588669
3389.086914 98.971497
14744.188477 50.456326
410.582764 90.514633
10515.029297 156.376480
3419.729492 208.235596
395.740143 115.205063
1054.107666 62.417229
1961.181152 33.911289
6161.467773 57.897602
10218.340820 91.846130
725.907104 126.898804
2401.669434 157.385254
1384.271118 154.793594
482.676636 42.012211
325.059784 62.269592
5189.627441 112.485954
14331.289062 162.838699
156.281311 179.977295
6306.614746 162.453293
6728.230957 113.779732
730.121521 63.544304
675.519165 120.968155
329.283569 192.239960
2166.756348 249.725983
7946.004395 267.809509
66714.445312 118.316849
195.969940 76.965118
6394.689941 53.266548
121.145691 67.693878
4401.824219 178.023621
4491.270996 211.606384
4267.672852 223.559967
2012.766235 217.873215
10250.134766 212.924759
2186.080322 144.097458
2537.701660 120.019272
690.363403 138.547440
22.286749 5.652129
1088.355225 8.181062
2458.549072 16.762009
1028.031494 29.764112
5317.804199 6.503352
8440.005859 9.437199
8459.458008 9.625459
2924.385742 7.363954
187.196045 106.733124
1215.864624 129.411026
3412.581055 131.258514
1255.906494 115.574318
4856.087891 50.882179
13954.897461 34.385986
6727.700195 43.189079
3184.229492 72.371246
673.203125 85.155365
1013.979553 83.700668
84.941772 99.360390
4343.108398 139.464447
33256.996094 81.319878
2869.621826 82.657829
603.218506 89.206963
6608.355469 90.256302
613.787903 124.405319
466.878143 163.475266
3333.247803 189.161331
9713.559570 198.524109
9958.962891 156.832642
6816.477539 98.804947
2230.406006 74.967789
468.062134 87.979134
4919.178223 57.567604
414.952515 58.577316
8921.946289 75.641800
609.428894 102.641304
10601.231445 175.880234
5362.674805 142.144485
794.447266 105.270142
4082.390381 74.392891
1537.136475 193.529358
826.807007 235.752975
403.564484 251.290268
5440.492676 241.665070
8520.400391 30.005526
24384.003906 39.143204
5988.312500 77.272438
585.281311 134.699326
2732.631836 136.419830
701.489807 94.178635
2491.121094 113.662910
737.985229 219.347992
25636.142578 201.687653
2460.400391 214.154007
206.122635 220.372513
3054.702881 191.954834
165.685608 39.405369
293.598663 78.139381
1391.889282 105.214066
5287.587891 105.790009
1453.499268 99.425278
10685.114258 49.398785
1375.617432 15.060178
225.199280 12.354719
1521.269531 5.258649
316.666534 7.908475
5431.139648 21.342262
18059.375000 47.697945
11182.178711 0.668538
3118.628906 2.593064
1150.729614 6.181673
7773.805664 6.704932
528.089905 158.952148
436.887390 199.467239
3104.711426 216.472656
8936.476562 219.414215
17711.363281 54.346813
2711.912598 29.113306
1287.635254 50.025974
3146.961914 101.866501
3813.954346 26.800972
147.581421 53.413853
1199.661377 107.557892
6860.743652 179.006912
814.244202 133.214783
258.636261 90.630455
13061.308594 53.299545
4953.395996 28.888607
1137.473633 1.226889
1343.767334 2.780735
1236.707031 12.717047
4750.907227 35.931828
12547.658203 14.500956
6169.190918 4.160395
2049.691895 1.978732
1349.180420 1.879392
444.034576 24.677876
2562.295166 32.954788
1813.852051 35.287155
2062.721436 36.374878
1960.853027 33.821815
2754.463135 10.455785
1665.180786 4.771067
3294.170410 12.578102
2074.864746 6.484835
105.941116 16.921267
123.512909 27.889923
9806.750000 35.805489
27633.429688 24.155155
11895.505859 11.446312
5543.784180 2.575650
4618.278320 0.809096
762.307495 6.380822
1477.848633 10.856863
122.777527 30.169777
1700.863159 60.329205
2294.448975 53.357208
8002.423828 42.886719
1491.994507 28.880199
1150.826538 14.520150
594.739380 36.419392
265.829132 53.325481
389.835052 76.850113
9117.890625 97.310822
9821.024414 28.686382
7190.125000 33.169624
2851.251953 31.552654
56.826378 30.182682
1331.308350 46.870922
3852.463135 33.427284
2651.139160 19.543941
13905.495117 19.680532
8399.704102 44.230759
1062.101196 36.600445
650.299500 42.903152
25.544830 49.833355
1110.452271 13.359262
428.898346 35.951496
4204.787598 55.373676
8706.437500 60.986736
41369.398438 62.572151
5568.767090 32.384697
24093.896484 8.146804
4843.940430 1.230670
1481.976685 161.037094
217.991272 253.396423
2654.730957 347.279816
3463.291016 411.281067
769.303711 166.270309
2505.601318 117.030296
5535.986816 88.021912
2247.501953 100.774719
887.598450 57.764023
309.981354 42.580173
141.996765 59.288429
4341.577148 120.131241
34039.156250 93.535210
1104.383423 92.743332
2034.032837 93.573486
1016.923706 81.113220
1107.385986 7.918712
3117.477051 8.622835
1153.798218 12.254120
13168.144531 16.804373
18094.734375 28.584400
493.771332 23.677769
3499.585938 16.990778
1761.714722 10.996804
953.273315 26.287842
1848.400146 34.154194
1637.782837 42.656082
3630.635986 51.369202
2534.841797 18.478397
376.308014 14.622641
222.093170 15.346151
2470.036377 19.668764
390.301056 36.672714
248.208511 115.605156
1286.079102 207.016617
4348.569336 265.600708
15385.541992 130.827209
2418.155029 85.078354
16108.725586 30.199589
2998.988281 5.935593
376.379944 74.648621
2504.666016 104.689682
5442.950684 150.216400
5600.478516 205.839157
1702.920776 72.351738
11551.732422 58.944077
683.541870 54.899445
230.783691 59.292343
1933.784424 193.363922
1933.464111 178.537964
326.346802 122.832420
1105.596313 60.964622
3050.850830 72.901405
9059.148438 63.319977
1287.685181 103.163116
818.339600 160.128387
2018.696289 55.423691
1718.383545 20.405409
28.278851 26.262463
4562.136719 77.129364
13342.140625 102.273071
422.054749 135.269424
3794.751709 138.086914
3146.160889 105.270493
319.404938 157.794785
1.907434 170.594711
3005.677002 167.911041
4365.832031 154.569763
4152.704590 35.129681
10565.374023 58.593155
125.035110 93.428177
467.372559 129.914047
361.989227 353.879578
98.510162 258.827087
163.799332 206.323792
7658.100098 263.793945
24926.384766 214.805344
9354.948242 293.277008
11240.481445 382.634094
749.426025 409.842010
555.436218 134.202759
3439.863281 262.764740
1221.058472 472.499878
1073.321167 667.655945
11793.100586 514.266846
8345.925781 410.095581
2444.786133 255.654968
309.894836 138.279282
1630.814453 289.507263
97.150452 269.181549
3630.113525 205.975342
2744.754150 135.612671
16232.175781 173.886780
11480.653320 165.281219
10515.076172 204.585983
104.918739 259.715912
1268.525269 337.328949
337.475769 437.576599
209.641205 619.713135
1265.847656 838.151489
16432.337891 391.498413
14832.318359 380.182861
1636.208496 348.676025
1247.184692 319.632446
4798.425781 211.313049
842.997925 298.328094
345.211792 447.256592
2148.812012 639.825806
8209.620117 367.521851
7963.034180 271.844391
235.515030 209.471375
2068.118896 185.498444
774.848328 173.113785
1527.596680 193.382889
1199.843018 201.840820
3977.877441 205.157471
13171.938477 368.901001
1472.007935 245.631836
710.578369 174.047684
951.495850 157.088974
1.805664 116.841026
906.939331 144.220047
1134.620850 183.132004
2044.972046 211.137878
4307.450195 211.137878
2044.972046 183.132004
1134.620850 144.220047
906.939331 116.841026
156.389755 191.245575
2574.445312 198.735413
123.811111 189.618973
470.052795 185.779419
81334.257812 52.489548
1336.986328 61.156452
2226.056396 104.990799
2957.237793 156.823853
6489.080078 153.432587
841.871887 227.585632
5559.697754 369.747192
6361.615234 552.445862
8002.138672 250.407867
1402.655029 211.760132
2041.021362 172.174530
3228.322510 143.505859
1003.875366 272.751160
7906.796387 299.693176
7356.711914 289.195160
6682.166992 240.030243
3791.748779 499.975983
673.967346 354.018036
8759.617188 263.458710
1528.550537 244.909866
2934.719238 359.225189
399.825348 333.769836
189.956741 272.368073
14782.650391 216.409805
3538.648438 64.542847
15471.210938 133.982849
2226.448242 236.374603
4033.109619 324.087738
848.316467 106.305450
659.976807 127.619591
7137.130371 248.496429
951.286865 442.682434
5567.738770 388.072205
3330.819336 340.662476
10158.394531 260.012909
12785.287109 166.252747
476.273193 90.844231
1210.307617 129.295731
118.629776 135.767090
2143.821289 99.806259
7674.996094 219.549408
3809.418701 121.736221
8426.786133 60.831085
632.475525 55.573105
2317.526611 63.525467
333.517609 62.649925
396.806427 52.958611
2063.605469 45.631767
11228.228516 6.197931
9218.848633 9.498676
1237.485962 28.481800
4077.800049 50.552471
144.377838 344.162292
949.496826 488.383087
2650.803467 575.525696
4641.710938 570.948486
25157.658203 377.036102
735.553345 233.430252
2870.330566 168.923645
114.508446 214.712341
2283.793213 15.744737
3277.573242 48.521118
11045.267578 123.013443
2370.773926 213.448425
14529.658203 74.408897
2650.495605 78.385666
290.207458 56.159019
1574.850464 25.545288
18.504448 35.266972
832.848022 35.346329
1056.494751 94.948685
247.729843 210.395813
6033.771484 60.798161
10098.198242 88.895767
6785.839844 93.063820
1721.707275 67.272064
25.124474 25.979038
1053.423950 38.503250
4984.619141 40.354134
2256.978271 30.296267
992.639404 23.953720
2973.827881 7.605111
2461.380127 2.622944
2823.102051 10.719304
880.042847 61.134747
2879.067871 135.158264
9546.666992 212.058701
9607.210938 260.762634
3263.547363 46.020752
1647.154419 25.104076
1093.062744 7.730622
512.320557 15.911366
166.549881 219.245010
2733.560791 154.587463
6566.774414 131.470078
2793.488525 208.342072
18853.333984 115.457779
18974.695312 160.191040
3870.920898 228.735703
205.491776 255.726654
408.325012 323.107788
863.695679 505.889038
958.403503 695.609924
124.467804 810.671997
21958.314453 630.381470
8773.864258 436.874908
1789.478027 278.854248
1195.703613 233.092285
853.970093 36.499737
206.910110 50.721306
1032.838013 120.409286
832.656494 225.199951
1679.944946 237.397903
8572.956055 198.464172
300.236633 137.504929
435.813538 73.555099
3017.606934 186.255966
1396.518677 281.024872
2156.227295 360.696930
1451.574463 389.128204
4503.625488 95.508286
6614.759277 83.419449
652.627869 81.251358
617.865601 113.348724
109.872856 320.832367
317.364410 318.468781
3458.481201 363.413422
158.128479 487.692657
43826.316406 282.722534
10406.392578 278.175903
3656.233643 306.788147
1164.803589 325.334503
1470.501343 41.498756
3083.230469 104.935600
1406.344360 172.219650
6869.294434 219.489868
4946.182617 191.422684
2060.892578 99.324036
2333.382812 31.117767
1555.364746 10.805298
1006.428406 15.644711
806.911926 2.591705
2288.387451 3.402298
4820.753906 34.127319
16609.226562 36.794399
20142.451172 23.994345
1512.380493 25.725372
291.835541 25.549726
726.151367 143.736221
2963.672363 181.704926
888.901855 184.598068
3216.864746 163.679779
1449.055054 27.093342
13058.733398 0.397907
439.359924 23.642460
2851.425781 81.583618
2979.801270 76.295280
12.463009 73.427666
5129.578613 147.120682
14513.773438 300.905701
8954.424805 187.354797
872.330322 179.760193
1320.484863 161.158035
3616.032227 119.629944
967.310913 263.010468
3223.191162 387.522644
546.748474 457.458740
292.730957 429.559631
23819.476562 486.814331
5570.313965 296.040985
6319.957520 172.294983
829.445435 167.027267
3277.819824 119.033882
1290.401001 71.057167
1373.188965 35.215096
2347.248779 34.052727
2591.876221 67.566711
8988.450195 111.791718
11884.916992 146.855606
11077.517578 150.331818
241.211136 110.897141
306.571228 240.975845
228.541534 363.489258
2439.833252 427.632385
19189.990234 163.831726
2055.285156 79.559959
3790.790039 20.427948
1721.894653 27.591564
836.059814 55.481625
588.515503 12.374441
8404.546875 26.922955
3123.688477 134.814697
6565.906250 66.069725
1325.817139 83.298904
3474.138428 108.678452
302.260498 100.442200
941.049805 89.195023
723.751404 141.002274
657.149353 154.630371
2093.607178 127.822388
8540.539062 177.761261
15756.125000 66.994698
6753.804199 15.978195
195.763168 32.660679
31.706303 132.287872
766.824829 195.561020
1625.910400 253.037888
1626.980957 280.443359
12493.250000 222.166458
1312.122559 151.495468
1028.500122 101.049240
3016.687256 94.032562
959.185547 19.640022
1241.133545 51.537792
1532.357178 92.131866
472.709625 124.269119
4646.550781 30.316935
4441.131836 23.941090
1741.195312 11.833828
174.055084 6.811432
202.982880 29.858862
291.842590 19.339703
1527.833252 13.799097
6317.249512 16.549528
1669.100342 18.362902
2004.050537 32.009613
2179.187988 40.034294
2676.647217 38.746284
428.384338 511.701508
1095.662231 651.449829
3620.458496 852.824585
8735.412109 1070.058838
16381.906250 442.843079
257.882385 432.251038
3432.470459 427.276398
1338.620239 443.785126
3637.727539 266.385742
1067.008423 464.000916
1841.601562 789.157837
1615.209473 1132.094482
3620.099854 897.393005
7461.019043 659.917786
2639.138672 413.305664
1927.190674 255.360901
106.457214 59.172485
612.516479 80.796341
1204.186035 98.002365
465.024872 110.748917
8684.650391 32.819553
19973.214844 19.108187
5235.001465 21.520245
3505.418945 37.110664
770.517212 93.088272
386.164124 81.055222
3673.170898 44.813770
2674.088623 12.359448
792.235840 14.416115
5241.219727 3.691546
899.975525 31.656588
74.660767 71.575729
40.505466 421.162903
3490.452637 345.003906
2193.765869 229.098709
915.613708 147.299316
935.787659 53.915653
2325.085693 155.093643
8695.110352 298.195007
9220.524414 405.227570
314.784454 335.276001
508.337097 364.725983
51.603836 572.608704
9172.224609 911.911194
1225.712158 664.954651
1438.578735 665.118469
17854.519531 580.915588
3451.217041 440.529938
313.073883 144.332657
166.191437 278.902740
3198.354004 394.934845
4495.512695 428.403442
65550.296875 470.471466
912.921265 277.570679
3261.233887 122.223785
988.303650 74.441803
1237.685059 82.962723
1153.279053 66.529968
4055.558838 32.436199
16867.009766 5.507097
39385.875000 16.203831
7150.719727 13.585238
15683.712891 39.656227
8627.333008 70.812515
1015.446594 25.869316
1748.111084 43.091110
3379.016357 51.200058
33157.140625 46.251099
551.617859 19.060247
5067.903320 4.973296
8854.381836 0.351399
4172.828613 8.608743
219.053253 130.096497
372.605621 223.244476
2927.456543 347.518158
2894.943604 465.334473
9344.755859 160.427002
3030.765869 125.807579
2708.490967 93.910309
128.625626 88.254745
652.628235 73.635521
1682.049683 139.866699
1121.128296 241.683502
2749.142090 354.999023
19744.167969 248.727936
9824.931641 160.992508
4360.673828 90.758507
2349.776367 57.304722
399.889038 28.704960
94.414062 60.654968
551.609619 114.377045
942.028503 180.515152
1536.639771 1.241794
10066.197266 6.489285
599.924988 11.115832
434.740204 15.594433
96.859818 258.072876
2508.479004 295.223450
1932.903320 314.310181
5959.087891 344.659668
9414.518555 145.917831
1427.405396 99.413239
2563.891113 127.898834
110.439415 194.805603
965.331665 113.017975
4936.200684 139.395172
3486.761963 226.888412
951.909363 343.141510
15617.314453 421.104309
7501.295410 344.894257
1404.989136 244.792099
818.114380 155.073730
1067.876465 297.675446
1996.199463 323.685242
9096.820312 323.691528
1815.383789 293.854675
8824.748047 162.433197
22644.048828 185.127472
1394.243164 217.215073
69.559982 257.649445
233.197800 216.087341
458.196930 310.404724
154.861664 506.616638
3928.007324 763.382385
38482.085938 307.751221
9574.529297 291.013580
2901.505371 253.620483
3130.153564 212.733749
389.063873 265.149780
11.258213 307.347504
2597.529297 303.386810
6236.892090 270.874359
6094.555176 409.508331
5076.799805 249.043640
684.984436 183.141296
340.510559 204.830475
899.610840 76.642670
1971.214600 72.258080
108.292366 82.201508
3288.647461 98.870880
21154.675781 187.084747
1460.884277 163.778549
1900.195801 130.240036
1536.016113 97.663414
791.875916 30.202890
1479.863037 37.949562
2010.241943 38.874695
6210.657227 32.773552
8666.679688 2.198032
4949.982910 2.684225
32.656891 8.515875
485.504944 18.869045
749.719604 202.080963
4427.232422 222.738419
1631.952393 209.224075
1279.420044 179.110779
14388.330078 101.702179
550.753845 76.767273
4100.010742 100.055176
1825.817627 152.504913
1011.385864 10.674056
4150.126465 2.376106
6495.630859 30.655777
1927.933594 89.735611
1695.430176 85.446526
3122.357910 91.375389
4434.742676 75.859314
3478.257324 42.732552
620.286560 94.564392
1770.789673 81.366211
7758.306641 61.366104
4433.170898 57.531952
23157.359375 3.393157
1962.324951 16.980106
2144.698730 52.480972
5968.579590 84.568069
408.116821 15.074181
522.931641 40.032017
1231.850342 117.802193
415.868713 222.862686
1604.227295 140.327972
1557.732422 129.497894
2344.294922 89.610611
1530.747559 40.420757
923.697693 12.327563
1239.200562 28.024572
1938.248535 37.684395
772.323120 33.202320
8524.302734 85.948402
17938.511719 46.839504
121.775269 15.955930
2910.234375 4.633520
226.746750 52.140217
189.259933 70.613579
3169.215820 85.815140
347.307983 93.118759
5726.300293 39.171825
24813.341797 30.793461
4192.944336 29.099556
1191.112915 36.659786
251.456589 42.521881
3930.943115 114.229630
869.785828 196.149719
6698.685059 248.366028
1861.761719 173.922150
3411.742676 109.896286
995.052490 44.761585
265.435699 15.878720
117.434090 233.383926
179.949310 335.460999
4285.972168 360.131714
1850.694458 293.804993
2532.720215 74.401093
6971.024414 13.834425
2457.479248 22.097044
1642.054443 107.766357
202.141571 25.044012
136.890228 8.411127
2516.590332 59.922215
6402.561035 180.906372
5172.143555 52.504120
2670.440430 94.328552
6924.701172 104.664352
2150.449951 72.766899
394.802612 62.040237
3986.432617 102.384811
100.129341 124.625534
31751.152344 114.406479
4841.275391 82.283760
1729.315674 43.427139
2278.929199 20.531441
2450.865234 28.052292
994.622131 59.367538
678.523865 52.998009
45.136662 60.507874
2262.299805 89.404358
3378.585938 31.967367
1860.460449 46.586819
6830.643066 61.478550
6626.429688 65.724907
2547.033447 10.687908
486.299866 26.910610
382.196259 60.517075
6017.998047 104.161430
14477.162109 26.334389
1516.486572 23.795908
8922.308594 17.336611
2010.718628 10.169445
5.949145 60.745705
3092.365234 76.978073
2173.905762 73.924530
1333.393066 59.094563
2502.804199 66.307312
956.530762 24.230022
268.551941 15.232350
803.220947 33.639496
1573.903809 35.467934
472.361755 29.287086
443.469727 32.591156
9759.276367 48.598251
19117.974609 64.181671
2823.235352 58.521320
6228.398438 53.117683
2462.418457 45.072281
223.806549 112.235306
2353.914795 219.336929
1148.552979 305.200500
7186.274902 328.914490
37500.031250 127.214897
4285.258789 60.345848
1998.867920 17.957142
1851.173096 34.341637
5409.405273 192.182465
2422.085938 147.324371
4974.716797 69.579086
5230.096680 9.129580
27980.347656 24.251570
1726.041260 47.069290
4145.434570 114.216225
3499.404785 177.122803
436.844452 2.450963
1493.799805 46.901630
676.756104 141.470352
1392.177246 244.156204
50756.960938 154.499237
129.719070 135.872772
15540.713867 79.169174
2745.706543 20.624832
751.340210 57.747921
842.788818 46.816177
1211.483765 73.720634
718.421143 147.187042
12043.816406 46.149033
10808.585938 70.280182
78.577423 86.562485
945.209839 79.695343
211.411194 16.750145
3219.751221 29.117764
319.223175 32.589306
2540.599121 25.237503
2712.017334 47.012455
9663.861328 18.913925
1500.476196 3.546124
862.951782 4.647408
471.668762 180.821381
254.387650 362.916412
5923.683105 521.239014
4049.413818 587.140625
7449.267090 133.507599
2328.619629 56.886490
428.748474 11.845818
1071.431519 49.787991
1280.194824 15.009078
971.947388 1.766413
8410.907227 54.660172
14868.636719 185.736664
56230.730469 22.494001
749.974060 51.499527
5162.220703 68.811333
17.988670 51.694862
5978.781250 3.226245
1527.339111 1.905117
1340.534180 0.144168
6309.973633 2.134587
6528.959961 24.825377
1028.334229 10.036286
3838.946533 3.736178
4430.379395 2.961083
2954.982422 19.935818
364.502808 24.898087
5136.004883 34.657082
40874.789062 45.427486
35291.609375 16.753700
25112.603516 21.548544
10575.224609 21.866903
2199.784668 19.959909
1927.703247 37.746952
2188.860840 54.043690
3113.625732 63.449986
2147.671387 65.662254
10559.967773 10.776843
5242.436523 1.948528
9702.888672 5.293102
8459.480469 19.172937
1738.976074 28.630281
317.449158 64.826355
3063.492188 116.834511
2459.515381 170.210938
6924.024902 7.076063
11028.177734 9.917710
1318.881836 9.435801
317.764008 12.229688
651.580566 245.870728
200.139542 324.598846
6899.151855 382.617523
8755.881836 427.129852
5587.910645 109.508774
5887.140625 62.988316
4806.047363 85.273666
1855.301758 156.936172
714.000610 36.621964
1938.798340 9.578518
4336.692383 24.168251
219.611069 101.435905
2943.216553 137.652374
7884.215820 112.718170
586.654724 98.328812
246.036453 73.408981
567.155457 60.065479
348.356934 81.681602
514.532471 74.592758
1656.253784 49.076900
1551.032471 87.789619
13494.585938 20.812347
1495.263916 1.459537
4591.470703 23.478796
455.928986 128.674988
3761.444580 133.481094
2298.631348 167.565231
451.500946 215.899765
2820.445068 270.544586
3330.508789 244.001022
713.995117 199.952209
37.681347 154.942902
2504.248047 86.212349
1369.000977 89.727585
2562.675293 94.545883
406.436646 99.696548
1518.463867 68.581230
4942.923828 74.785950
5528.693359 79.909042
647.061279 83.407768
50.726616 6.340032
1510.972656 3.762150
699.582886 3.095183
4186.749512 8.943535
37200.304688 27.786034
7679.811523 15.058840
717.134521 9.705166
2177.898193 8.037193
2778.964355 140.429596
85.926636 147.880585
190.211914 140.554047
3586.049316 133.470093
26441.830078 99.643211
6649.641602 77.656357
1835.438110 88.353195
112.859962 116.200531
1304.175171 248.563202
1666.531738 436.865387
612.349304 651.680420
2572.337402 795.214050
927.890747 515.948730
8790.064453 370.317078
1518.532349 226.048874
438.765259 170.198303
1020.628784 119.102646
143.720322 150.013718
786.652100 156.463303
4367.912598 139.028046
32207.822266 6.317526
10581.085938 8.076962
3416.440674 32.516136
15.360556 74.355896
3140.013184 129.262863
71.826447 82.378380
2939.830078 110.223640
4102.238281 229.233521
17021.171875 126.705505
6932.993652 193.366547
2034.881958 224.902664
223.574188 195.838791
1616.027832 104.046898
2498.896484 76.575775
798.824768 51.740936
8202.418945 37.413071
5857.790039 85.547264
16754.058594 111.580750
8380.688477 126.293304
256.900116 123.355217
650.072998 44.272865
405.759308 17.904308
5961.360352 19.813871
5513.071289 53.783783
9386.367188 51.315838
4226.270996 85.947807
2268.729004 96.984573
576.422791 78.672958
1027.133911 29.118616
301.113495 4.853178
3191.453125 56.001511
624.021790 168.832108
7528.828613 125.892387
3268.853027 173.366043
21197.390625 161.910446
7913.354004 99.214149
935.167236 35.945465
2352.796387 91.634987
1152.625610 145.832672
836.788513 168.416275
429.501862 112.906647
12451.867188 67.383415
2170.414062 23.163734
1379.832397 8.850763
50.846886 21.834354
502.782654 14.222210
1574.493896 4.349452
266.288208 0.820851
9439.306641 6.824590
2006.712402 6.577881
602.084534 14.247925
1568.996582 21.565306
575.936951 53.556324
2130.682617 51.846394
1730.266479 48.057888
2884.468750 45.902031
3846.180664 24.137474
1443.226807 31.705412
2788.000244 41.993237
2571.118164 50.300323
497.372498 1.998636
341.112366 16.622337
1112.420288 62.036755
144.352600 120.954781
17366.796875 71.146301
3307.215088 70.207802
2980.319824 47.855019
443.233276 17.864048
5043.833008 13.466280
2884.168701 56.296185
1014.059265 116.424667
4122.117188 163.006180
16410.679688 101.222221
3527.310547 76.233047
8810.285156 35.673084
2391.961182 7.408768
1163.329102 155.499359
1707.203003 273.151184
6386.223633 350.045471
3279.288574 347.312408
6454.956543 190.734406
20138.601562 89.820824
4909.338379 34.078926
6306.321777 59.158409
1797.625977 122.132767
4339.932617 176.438095
3259.344727 190.540527
137.879913 154.049835
37744.230469 97.387375
4685.866699 44.724602
894.884338 29.002195
599.535461 60.857151
1103.972900 168.664536
1797.704346 193.171021
20.023928 176.673721
8627.478516 136.380173
1689.694336 75.035149
31375.761719 39.859196
184.386322 58.383171
5559.656250 113.090927
2448.021729 45.744102
4602.363770 81.830780
3287.575195 119.101830
4621.366699 147.021545
38862.773438 75.412521
9406.800781 41.810257
573.156982 21.704937
197.565247 23.018902
2812.837402 90.912483
576.937073 67.507034
5831.827637 37.246048
516.678711 18.159426
2963.227051 20.975048
5690.036621 43.784073
14615.412109 73.998444
8199.203125 93.595398
234.587906 33.026039
9361.250000 26.755436
3512.486328 54.322685
580.228760 118.729050
15621.741211 24.787628
8992.910156 49.282860
36107.625000 61.538437
2087.562744 52.490425
34.917057 13.929998
705.150513 26.334890
15866.425781 38.422474
7290.169922 46.327255
2558.107910 8.285088
3415.875488 3.577395
4079.712402 1.725339
3174.439941 5.036119
541.982788 3.731237
300.286072 0.258280
80.968132 3.078051
6312.465820 13.015991
7099.627930 12.905016
27735.781250 14.823488
7478.666504 14.161081
2596.394531 9.763913
376.213989 35.044579
37.111523 55.345497
5146.938477 67.536148
556.863586 64.273979
13183.211914 66.250809
6523.496094 38.333824
4529.633301 20.041977
2135.296387 19.646629
807.893738 52.741196
1490.971924 48.065533
931.363037 40.976891
1716.483276 35.088650
31514.593750 21.442520
1173.884766 32.906029
2415.958740 44.461510
5017.499023 51.815556
3122.869385 67.292053
196.068436 82.870010
2620.642822 94.409676
7916.013672 103.930901
8845.513672 81.279366
3097.152832 53.414276
1958.539917 44.333130
697.660767 51.641747
1713.559692 2.437953
140.630569 0.797684
1633.560669 3.843873
19021.207031 9.766042
1650.133057 37.951080
916.002197 29.750332
686.569092 19.136940
1720.680664 9.073420
377.380829 44.258709
1215.209229 59.172871
443.191345 68.219635
22629.572266 75.837738
9465.142578 18.063320
4307.412109 3.498537
5546.289551 7.876965
640.718384 24.716015
1662.278809 88.796074
1014.225708 178.371506
442.566406 284.717804
2110.916260 379.425903
2262.126465 76.199326
11727.634766 41.497124
2790.793457 22.935658
4615.666992 35.559586
1005.749817 119.398651
1236.612793 126.660637
748.181274 155.405029
1232.088379 231.788666
18040.882812 195.471710
9355.900391 125.974525
12330.622070 107.690048
1546.364624 112.869003
192.632950 20.731279
2874.813721 46.269058
889.458496 70.587502
10926.301758 90.430290
1138.457031 77.471153
3478.176270 30.458860
1564.574707 4.552470
896.498657 3.250062
408.375824 129.877808
665.731628 203.850540
1174.223633 295.499268
62.168671 390.069397
23205.683594 193.379013
22503.835938 121.196136
2952.815918 83.520157
307.709351 86.888947
800.756226 207.222107
15.631567 201.179398
2758.663818 177.306168
3019.119385 161.064240
6268.298828 242.810654
742.548035 183.813080
5673.019531 173.414062
1279.528198 191.369370
400.865692 24.321714
2099.092041 4.338364
64.994881 40.182823
3684.237305 115.559860
17811.718750 153.130157
513.256836 175.213654
284.616364 147.329651
302.981689 84.561493
719.554810 80.991806
47.980141 194.294037
6127.553223 314.519043
2227.281738 380.480804
11279.292969 201.704468
1664.732544 130.084198
3437.538574 54.245945
2504.493408 28.618332
1033.485962 19.700905
1965.550781 18.267056
2765.246094 12.006041
370.911072 7.042664
11172.898438 27.818930
4662.479492 13.495624
8909.583984 11.016689
678.656372 15.587882
1432.011108 65.925751
3034.918945 93.617447
6692.814453 102.526443
1532.951172 88.751740
777.508057 17.817137
8733.334961 5.127099
940.736633 9.480489
925.877319 32.759163
1509.266846 79.224625
2609.178223 175.995621
2342.452393 296.427643
1152.894409 394.218323
21201.634766 92.556618
4986.802246 70.959763
155.580780 40.822144
1197.669800 34.699749
1916.675293 51.083233
282.255798 17.368488
993.170776 0.985725
590.406677 25.940063
35483.589844 51.978615
8577.283203 59.156506
1422.545288 74.696716
5156.426270 74.722359
2204.434082 35.302494
799.105713 74.920555
508.785278 149.705414
7805.468262 224.250336
7694.996094 128.033920
1147.933350 121.459351
3532.844238 83.316238
151.805115 43.432964
633.906616 106.523506
88.280312 114.855988
691.979126 95.017906
2164.338867 58.698868
5904.449707 36.325283
8.482311 23.845867
340.793121 40.602791
1788.334961 75.375565
694.700989 59.055138
2.083544 131.006836
6025.654297 252.892944
13078.913086 381.186218
3502.325928 183.824707
1183.985596 150.421722
4052.336426 95.699005
2309.093506 52.958721
1986.033813 52.151535
1066.660645 67.331429
3051.720459 123.479630
12382.441406 222.847214
13323.539062 44.391068
1876.001221 51.331829
4795.318359 59.596130
705.128540 57.126740
1955.057129 277.581696
4714.017578 360.375671
288.438629 396.350708
3505.934326 385.907562
4948.124023 321.671112
4640.623047 188.611847
2914.244141 143.180344
857.947327 186.415665
907.826721 46.155823
1903.518433 77.961739
15573.884766 137.986710
6466.540039 210.222763
26030.865234 202.122604
968.010986 142.043381
3946.393311 86.258698
1370.942871 50.130970
1213.530762 46.153454
782.952393 92.448013
2741.773682 146.790894
1189.503540 196.369751
10250.276367 35.444515
9150.041992 16.052132
13749.889648 7.999546
2927.868164 17.051821
353.752258 77.434921
412.671570 79.601547
770.849731 110.207565
682.777344 174.797943
4077.776855 128.396713
12214.327148 111.340805
9602.143555 101.055321
1807.210449 88.901741
2417.915283 101.846481
684.477417 81.553940
3446.634766 61.303493
11544.238281 46.646385
4244.797363 85.860245
2530.067383 105.436630
8577.752930 116.611526
916.083618 115.215370
591.196167 37.670704
3421.218018 89.135498
1118.092407 182.871323
9554.030273 285.180908
1211.144653 117.087387
1816.970947 105.159348
554.429016 70.344139
2748.662842 37.368950
2272.806641 102.100845
1267.494263 150.702972
2017.520630 190.809677
7324.341309 201.362244
7202.045898 71.395462
9210.265625 61.857838
9798.375977 54.940495
4765.493164 66.649185
48.031219 270.077393
1856.014038 246.577072
4295.664062 249.141098
6033.858398 313.454712
42385.308594 165.084106
638.851990 194.055954
4007.371582 245.925018
836.721191 276.719421
3487.363525 192.623886
789.752625 247.287048
413.252319 319.333405
1246.983032 376.746918
6621.204590 396.949219
1083.562744 310.872253
14405.384766 228.547791
4357.895508 183.556732
232.468811 213.227859
151.606445 179.567780
11689.012695 143.770523
2485.219727 131.166840
6169.143066 165.750473
124.257721 180.812775
636.164429 208.268494
1753.049072 224.056885
204.753220 91.211876
1303.274902 213.605331
3030.128174 333.211578
1031.874390 395.924988
3083.997559 94.339165
9574.790039 47.593071
9573.726562 7.446454
5565.286621 15.908062
1384.084839 123.714493
2146.430176 42.484970
1966.264648 1.117068
20139.222656 61.065502
13073.323242 10.217823
4417.003906 70.917435
4926.158203 146.864899
4204.935547 171.341125
2616.058594 53.504166
4125.176270 63.742653
1175.367920 116.764542
4834.396973 180.350098
4064.078613 227.348221
11139.439453 215.764099
2915.124023 160.144806
2638.251465 93.105408
86.549515 83.953491
517.371338 101.602600
3293.983643 123.999176
3766.872559 142.371445
22114.615234 70.760605
5620.925781 74.351265
10501.526367 74.085449
1815.974365 75.365738
1938.880127 178.388748
1189.685791 225.239090
6586.220703 268.734833
896.425781 305.502869
39529.425781 209.352890
326.367523 150.108047
11.177933 126.994637
5388.134277 140.282776
2362.688232 74.282501
962.143433 115.257454
1945.061523 151.381210
4092.720215 173.544525
22832.226562 183.638000
5028.848633 104.722618
145.582077 55.843868
7.978925 48.052940
1485.275879 162.093338
596.668457 186.351990
11029.093750 246.464081
4298.320801 326.703522
7012.817383 291.073608
4076.812500 254.476196
197.164566 211.250107
3940.861572 174.550659
107.140671 143.898239
3883.984863 113.119766
3824.264893 114.405197
3522.514160 145.591675
26149.375000 192.637360
7103.887207 225.267471
4741.637695 223.494324
2948.273438 189.554932
716.834106 584.568054
3501.354004 945.664246
3041.642578 1332.050659
1892.852051 1592.139526
4423.086426 744.960083
11310.159180 547.769348
1326.505737 387.832001
519.307495 382.261475
2214.174805 367.594391
842.426636 314.900940
5501.210938 277.449646
1051.300659 328.814758
14796.324219 490.595917
47166.484375 385.949524
6730.590820 372.745850
1094.346802 385.122314
620.313232 43.295517
1598.979736 102.758194
1831.009766 151.562317
5417.398438 164.295288
4740.905273 188.198013
7171.686035 96.720863
2529.305176 27.705341
3295.638184 9.641111
2741.931641 21.680593
1314.284546 9.236006
1398.977539 16.719490
12343.629883 50.846024
6163.354004 39.467636
3239.339355 45.522373
217.868103 48.144371
4346.255371 39.080193
505.505310 29.375332
378.059509 66.747963
580.972534 100.117744
3604.919922 114.787247
5813.201660 45.703903
2678.283203 20.134991
7518.312500 2.352643
3883.721191 4.681255
1333.407593 54.740540
1031.330322 77.366882
4509.234863 83.183777
1468.736694 69.163269
39776.781250 22.857603
1853.116455 8.196979
4374.665039 8.989539
2579.138428 27.257008
4296.820801 12.261890
221.017822 2.601170
2820.705078 9.168884
13802.384766 33.969673
1474.763916 16.378738
489.199097 30.732748
2541.633545 35.663963
1211.205688 27.417112
1149.057617 127.203598
388.724457 174.441895
500.908722 210.340897
1615.992676 220.775330
810.780640 87.817566
8629.961914 71.015694
2912.520752 67.739838
657.588745 87.148720
1493.934692 211.957321
2227.557373 172.443710
1370.799561 222.731735
18806.097656 373.153870
2751.250000 287.704071
7262.096191 330.711914
2245.784912 336.861481
1267.826050 287.227905
1029.038330 85.154160
2518.526123 230.802338
8271.584961 372.653351
3315.935547 439.545258
25682.882812 303.075745
4187.303223 164.926971
1486.630005 44.938065
3496.818848 10.942806
204.975891 24.565208
1674.807617 72.366180
879.203735 141.345627
2775.338135 212.352295
1083.516968 9.378298
6633.892578 7.661506
11481.526367 2.673480
938.223694 3.823340
863.760071 14.249932
494.737091 3.523125
2563.981201 1.420933
5178.693359 20.009121
39956.250000 2.247226
817.823242 4.671453
11128.633789 15.057964
900.416809 20.079784
2596.809082 145.570679
4905.629395 245.105927
536.169861 346.264160
18891.638672 396.985504
3733.659668 257.126221
3848.378418 186.660782
1238.070312 117.476334
6632.661621 96.764900
3248.998291 30.289204
1863.272217 34.224930
509.655396 57.440903
538.899475 99.135910
1800.329468 63.506615
8730.868164 57.073181
6673.538086 49.238083
5156.704102 38.460960
672.770630 59.523575
1447.537476 95.884155
740.565491 136.609772
955.946899 170.019150
18178.214844 22.114523
417.166351 20.889774
4960.054199 23.506466
686.795654 35.047474
819.041382 320.810608
1151.380371 417.621002
691.952454 528.215759
2362.978027 638.188904
6284.125488 132.976746
4728.721680 143.031403
1569.351074 182.297653
208.559906 242.366226
1573.493896 148.991791
2437.833008 206.266937
2958.507812 413.036835
4430.265137 744.096802
3461.984619 365.306915
7250.714844 334.945496
1577.888550 278.374481
1010.927490 197.932404
81.500664 321.620789
299.791443 464.665100
681.890015 502.215210
427.310242 423.905701
9050.287109 576.633911
4880.182129 272.688538
1591.999634 127.705322
25.298660 168.405319
348.232697 202.060638
635.961182 247.953308
6839.348633 313.352051
1612.643311 384.940887
12157.739258 357.023804
4226.352539 273.462433
1113.777466 213.003601
2051.903076 188.211273
393.636353 4.954504
169.569077 69.760178
227.558868 191.181137
7341.446289 318.574524
2266.636963 166.985687
6141.546875 139.840271
2388.847412 74.920181
274.906128 14.266461
214.078323 20.936743
354.225220 22.991385
145.217255 29.164295
221.274063 43.520668
4921.799805 0.280913
9094.023438 3.026774
245.842010 10.906474
1922.000732 17.715445
3093.591553 17.547396
198.776688 19.333790
373.410553 56.400051
13571.630859 122.404343
1741.535400 37.052204
1129.948364 56.502357
3002.703613 56.458488
123.847473 37.626141
609.875061 32.925594
292.214355 55.920868
3497.338867 72.419861
6828.521973 73.573936
26171.148438 100.902237
359.260040 57.480499
24.513184 26.450626
876.824341 18.873446
1009.006531 44.314514
711.905334 57.176781
2351.463379 56.243027
349.995026 43.656231
12121.449219 10.489049
8211.101562 0.523247
2972.889160 5.830298
6178.672363 23.601429
139.393356 3.718154
1899.182861 22.253166
2004.567871 98.340240
1328.897949 204.325043
23262.208984 115.681938
300.882996 123.367729
6227.070312 90.205925
1292.548584 37.315857
169.187622 44.160156
42.669128 106.572067
308.366913 169.735779
1041.534668 198.197281
1268.772827 131.449615
14189.120117 84.000984
951.850586 34.379116
3551.153076 15.976439
1853.155518 191.615799
238.130692 207.081451
4556.772461 183.085709
3463.065674 133.108368
11917.585938 95.221519
9051.711914 77.449059
593.564941 98.900223
4446.580078 146.482513
793.057251 44.448826
162.606964 9.787786
3219.812744 28.230400
4962.750977 102.221359
1240.691406 115.460991
3651.707520 147.133041
6254.733398 144.303055
5661.168945 102.149368
298.882111 135.113892
626.356812 263.593719
1023.043701 362.229309
4811.038086 379.529297
6049.196289 168.052368
7214.190918 82.669701
8452.834961 25.515610
608.082031 41.766121
1086.643555 159.588165
3832.172607 136.512955
3500.960205 179.997086
4861.159180 308.705597
7745.734375 109.958359
2659.377930 163.925018
2616.166748 203.720642
868.339233 198.001617
9.705000 218.604843
5141.187988 256.731079
5593.769043 299.133270
26825.917969 349.451599
6330.875977 233.294067
822.082886 183.576675
3690.092773 170.782440
162.661850 186.763428
2012.636108 411.077576
7718.986328 665.847961
2381.200928 969.162781
6370.976074 1214.158813
77524.562500 748.579468
7243.003906 529.324890
9308.378906 348.873566
1233.133911 295.383911
4695.333008 462.701935
2544.449463 487.653137
2181.552246 501.186432
3044.061523 531.804932
6262.129883 655.935791
24254.570312 494.875610
3784.425781 426.392517
1476.754150 430.349243
798.600220 57.344410
1365.441772 60.617374
55.347427 74.983429
2379.603027 91.171120
37326.355469 165.491409
5405.101562 135.930725
7591.792480 100.288399
2534.396240 71.074959
4052.593994 25.962473
231.171524 66.230881
7330.478516 114.330940
3537.197998 148.063141
16771.158203 51.941776
6264.085938 37.556564
4619.503906 17.342327
6332.833008 9.253184
3232.696777 363.774475
1478.316895 475.266571
853.289185 500.761719
4211.369629 434.863892
16836.585938 200.548706
8314.236328 114.260773
7374.705078 120.943810
4397.416016 221.095337
793.274048 167.498505
464.443359 141.830566
917.605957 173.209259
854.234985 280.965576
1870.836792 267.148529
3803.616211 252.724106
399.291443 241.615051
43.228302 211.404465
1023.751465 50.546722
704.273071 58.090290
1631.411377 62.128384
3804.167480 60.801064
16503.666016 17.273855
3664.639648 24.715826
8148.953613 32.830193
1029.060669 41.626808
2055.841064 134.314423
12.785562 113.656807
2044.429321 87.269966
13755.886719 84.682281
17551.179688 80.620483
26.470707 76.122002
1142.565552 102.267899
177.067917 129.566345
831.544678 82.205826
2429.610352 174.018829
1028.187012 297.991486
310.475311 394.314972
8169.648438 273.866150
240.930939 206.102417
148.682053 117.848381
2536.838867 63.474876
597.921753 262.686798
119.272430 293.564148
212.166321 246.859161
509.522278 147.707260
13711.351562 68.819664
10164.273438 37.410770
4556.568359 80.704323
11767.954102 174.084198
219.184845 58.552200
2072.470703 27.316126
1525.919067 17.092594
5305.571289 39.096519
346.283722 38.015373
3245.828857 73.987259
1150.894775 94.896690
4108.638672 87.901886
130.929413 138.203552
1199.469971 188.691071
3770.145264 312.857239
9094.875977 481.445496
8289.372070 134.139801
580.692566 170.145187
964.729736 170.923523
259.955597 146.709732
1041.046875 45.759033
948.457703 34.770046
633.321533 39.339428
3992.652344 68.507294
59317.183594 159.094437
9912.866211 116.094788
7047.375977 86.035538
4718.766113 63.757107
2640.830078 12.475191
222.093369 22.380301
508.996094 45.832413
718.203857 72.847176
4112.194824 45.848675
10666.180664 44.235939
8249.478516 32.202206
644.783997 17.993496
144.375870 126.583923
2401.866943 165.643463
3058.966309 162.013260
2403.624023 125.410347
2167.947266 55.952213
235.784912 6.302725
4120.589844 12.083617
678.932251 63.250469
1201.200195 38.027210
2333.164795 55.862953
7204.678711 135.530823
990.845032 268.971863
5026.169922 129.514084
189.402771 118.524994
523.055420 96.264511
200.466324 62.051815
295.354370 153.459946
778.938354 240.631943
3510.172363 309.942841
257.316956 344.064819
18283.720703 285.564392
4330.391602 153.810135
3950.375000 81.823402
41.812935 87.339508
91.037628 45.633209
4184.431152 57.134422
218.896301 80.568382
19346.183594 109.342140
689.235596 163.609436
3919.071289 117.420158
3038.854248 77.076744
5809.227051 51.746387
130.283676 0.567873
605.962036 4.268559
4119.376953 13.422354
6930.242188 25.260792
27341.113281 12.213745
20502.589844 10.681732
3169.907715 6.692268
546.596924 2.227583
2560.863281 31.326157
1822.568481 26.421171
210.045319 22.779610
1307.163818 23.654196
1490.507568 12.048736
233.399948 21.174751
23322.210938 29.559597
6266.879883 33.228455
56.828529 56.471111
269.665253 128.330673
239.317215 199.974884
1879.188232 239.911713
3126.197021 107.589798
1697.914551 59.147728
570.430298 19.581263
36.918766 15.498959
87.175018 37.390903
176.023590 109.704422
145.321823 206.866867
4496.739746 294.724274
1886.772583 31.551167
6359.581055 25.597328
989.609680 9.979935
2070.234863 6.438468
232.581528 158.789948
377.369507 146.507950
1648.827026 138.509567
24097.812500 168.865356
536.813232 72.443810
2897.336182 71.821381
1302.453979 109.647018
1313.686523 147.309204
449.333130 100.950150
100.573235 97.975174
4153.965332 104.827980
11574.635742 118.748055
1737.126587 211.010330
3041.039062 176.272751
2425.677002 142.250153
5354.040527 115.839355
519.932922 32.692097
3390.613770 44.548222
1920.778687 57.357353
2039.709106 62.822731
2135.776367 58.446625
10791.224609 48.358486
14173.092773 35.830582
967.344116 29.116844
824.653381 38.917358
401.420776 55.578724
3555.401611 57.337387
343.695221 43.234463
3882.828369 19.894520
1786.597778 3.756485
8163.580566 2.494655
2334.977295 16.992317
1506.848145 83.555305
1140.412720 160.970642
2721.010986 252.138916
4220.087891 321.140228
2003.663208 117.308388
3651.587158 85.352852
6415.651367 52.603489
527.703979 46.086311
133.311646 122.754082
16.844288 118.645943
2148.640625 129.125580
969.212341 169.614059
3683.456055 100.975037
7138.818848 98.783760
1401.704224 112.613487
2301.770996 123.342216
81334.257812 81334.257812
81334.257812 81334.257812
0.000000 0.000000
0.000000 0.000000
0.000000 0.000000
0.000000 0.000000
0.000000 0.000000
0.000000 0.000000
