3915.108154 89.247467
669.313049 169.008942
1134.099731 257.324493
5549.020508 327.982422
8657.007812 37.656784
11269.436523 22.104898
1390.797974 17.417904
2102.070312 37.075775
778.523987 37.800522
3707.979980 77.756546
558.897156 173.608276
1906.961304 318.222931
8167.068848 246.192490
14318.153320 156.491089
1456.370850 88.793983
2340.542725 45.947533
1179.110840 5.435216
2275.264404 27.030859
1099.587769 94.788933
526.248474 203.010101
1931.781494 19.766752
23091.074219 25.765919
595.720459 25.057014
1349.792725 13.131689
1679.008057 40.388237
637.948486 106.147949
799.770752 249.198563
1088.488647 458.443909
8479.619141 19.138405
991.373657 20.135757
8666.342773 26.408869
91.145180 26.320730
1091.940674 43.607914
219.529327 23.559395
1302.900635 27.578335
52.739548 99.302071
21169.929688 172.339508
5651.696289 82.774506
1000.657837 57.002697
1168.541992 54.698326
4249.223633 18.406021
919.561951 28.240952
241.896042 31.529243
2267.301270 25.869638
3626.904785 49.712433
9098.214844 25.886185
6718.726562 11.247574
1418.675049 9.925841
38.783779 33.213909
186.699478 45.760040
451.741913 54.942783
1474.890137 57.907261
3991.538086 2.302387
9024.033203 5.103812
103.865524 11.078202
5526.903809 20.772915
623.426208 29.693794
4242.147461 80.572006
5344.778809 165.934708
1821.834229 254.979584
22122.675781 101.865204
8905.755859 84.778893
6304.889648 51.224251
3290.082031 24.116272
6527.284668 13.270310
1000.969849 0.411826
2138.846680 15.010781
2187.706543 85.384689
3651.993652 29.392134
6351.183594 7.000335
17276.513672 15.238194
567.773254 22.311468
260.550110 9.458293
114.875969 6.058041
2038.938110 10.566976
662.825928 33.910404
12282.228516 21.303560
1667.537720 7.075890
2282.818848 7.405670
102.885597 10.630928
1835.545654 43.482876
355.942352 88.518639
385.438263 141.055603
6243.286133 184.063934
179.444046 5.674795
3273.184570 5.652192
1329.081055 6.139237
1895.592529 16.093338
421.113342 5.809594
669.375244 11.733621
2798.098389 72.725960
415.049072 176.230957
12574.625977 102.723419
838.161804 105.133377
1639.399658 81.829659
7434.994629 39.630096
2711.637207 28.578434
238.205200 78.013290
494.576782 149.195267
1990.190308 224.687073
3426.469482 10.312444
7390.788086 5.849356
1065.846802 1.866400
2777.463379 5.570468
1365.178345 56.466946
1481.235596 137.926331
44.746037 318.494995
63.492592 564.296753
2277.008301 53.870884
1157.903320 78.247314
5204.383789 75.827698
2990.941162 53.366657
1859.671631 33.604561
259.526093 14.811343
2468.655029 31.448496
984.268250 135.471268
5371.267090 176.258820
3338.527344 72.702354
10102.296875 45.790329
749.457825 45.131752
10.408091 22.396336
233.873688 34.494751
1787.487793 55.988815
3514.895752 92.277390
5307.497070 78.181633
9348.153320 38.115631
4270.723633 19.523029
1583.777954 16.563276
273.288727 0.616481
1817.059082 2.760697
1076.158447 15.067056
2082.713379 43.686562
7325.198242 59.134811
23793.492188 27.593960
14988.473633 10.839667
876.848938 3.398088
900.946655 14.492770
858.858521 32.911533
964.057251 77.894455
765.434448 141.847656
14180.830078 19.204338
1671.399048 24.653149
3491.060059 23.280586
6412.184082 16.041262
1264.078857 10.978094
145.359589 13.343489
98.432251 16.139637
1157.472168 25.246387
4117.711426 88.762405
5758.219238 43.586327
9673.022461 18.181973
386.200623 10.111418
514.452209 0.421931
1751.345947 0.651610
1992.981445 1.476334
582.352661 2.328221
3032.875977 4.070467
4007.507324 3.471715
448.214935 2.249980
1399.848022 1.033584
2494.153320 7.670376
1026.255005 6.833120
1944.795898 8.300823
7.229283 18.442394
8095.676758 13.050845
1154.219116 2.917924
5774.131348 2.821034
923.899902 6.182586
2537.231934 32.866894
4.371620 47.637375
668.667847 74.143738
135.861710 96.974617
19742.732422 88.924759
199.243973 79.848419
13625.707031 57.856468
5879.383789 37.673027
194.225830 15.025076
1394.420410 31.205700
64.638916 63.723412
160.720139 101.532433
5736.383301 42.427948
3090.518066 40.043633
6453.321777 28.897980
1389.681885 16.783066
1809.133179 36.718391
892.610657 37.781525
3798.198486 26.667160
3657.190430 9.858159
2094.429199 99.413544
2303.048584 54.109226
16012.053711 31.325308
382.879272 29.739647
1384.995361 36.964146
1551.135986 58.320419
698.368225 94.449493
8.959471 143.880707
49445.625000 0.804964
3129.915283 4.661523
265.442352 14.438124
3615.344238 24.616724
2437.399658 29.221380
3180.689697 11.128188
1437.224609 13.408048
413.278992 50.360378
793.819763 75.653236
2108.150391 63.592827
4084.290039 59.359581
553.225220 48.951424
691.450806 1.058871
2601.396729 0.677632
671.327942 0.919287
3080.532715 2.076508
1565.722168 18.484314
6834.708008 11.222078
5517.975098 5.717072
2555.702637 2.477922
74.947388 31.335194
61.759315 35.123055
409.497620 40.309162
1667.223511 47.934826
3193.019775 11.343575
13121.896484 15.187127
6377.557129 21.353569
8329.467773 27.073259
2940.493408 18.419270
1066.995483 46.922737
1506.083374 89.380547
1248.491455 131.284515
11394.571289 36.681019
1106.451904 29.397465
520.302307 17.182816
3947.917969 9.940939
223.197723 5.748552
890.452393 21.182644
904.995972 69.231194
259.512573 152.837845
10173.174805 20.918755
10412.287109 11.866124
3830.673828 10.708867
596.199768 7.364542
1367.262817 35.086502
2210.559326 17.169203
1013.031372 3.279818
954.603394 10.529519
7539.958496 85.677544
2258.072998 58.028679
1062.015503 49.169811
2226.589600 45.452950
980.033875 29.457115
708.597473 81.514854
493.356750 161.624680
785.961609 249.509750
7681.914062 4.593123
4593.961426 8.230324
11042.443359 6.756382
2992.756348 8.476518
2858.449707 8.860592
120.565231 10.574268
954.276367 51.050900
527.320251 128.434387
10309.551758 102.599243
927.136475 84.874962
1964.043091 61.673195
1215.742310 32.220070
6.662565 3.131031
646.479065 4.299541
790.828003 20.111221
2008.982056 60.218971
957.701660 14.138124
23195.572266 1.256076
1998.704346 2.036522
608.333130 4.300570
643.964783 17.294611
293.408203 22.501003
529.301514 32.125973
1746.550049 45.440266
14623.673828 8.841057
4868.293945 10.664898
7733.206543 13.053366
6793.368652 14.906763
1495.434082 8.979240
240.859421 36.020599
1328.633179 107.147545
89.527763 210.192749
29719.003906 12.113943
2814.500977 26.210075
737.874695 26.424513
4923.413574 14.063523
3508.810059 5.063177
393.161926 0.477649
569.785706 19.202553
1627.131714 70.392914
9155.257812 39.499012
3975.195312 28.160419
3958.057617 24.438089
10667.849609 16.892981
1729.247314 1.229661
808.922180 7.909760
100.185585 25.702856
1489.331665 54.092537
14269.569336 0.318132
2228.494873 0.756969
2309.366211 1.797734
2463.640869 1.089548
1764.450073 0.672620
181.423218 5.166242
2537.311279 26.502703
3936.634277 66.586693
15546.000000 0.855327
3607.007812 2.547793
799.696777 5.407043
1112.666382 3.844797
3534.312500 3.141191
310.306793 9.491866
734.527283 24.106804
642.879700 48.947929
5425.484863 14.743508
8271.419922 4.618163
13569.887695 1.332617
1177.348389 1.200154
1716.433350 7.818414
1821.359741 2.093204
487.235352 0.732192
16.763796 9.250106
10195.369141 11.123204
4117.431641 9.521639
2028.255981 11.648987
1232.886108 11.873863
1185.809326 15.791486
616.622986 30.147333
1429.713623 41.786301
472.018280 44.767891
635.119934 15.540939
12431.579102 8.345465
1546.842773 3.372391
333.290131 5.547392
1972.791504 7.510401
406.760345 17.739094
4929.853516 43.387913
418.301117 81.343941
14692.939453 1.850408
2116.044434 7.110603
1700.801514 9.411157
242.537735 7.609940
1986.743408 6.570155
562.142151 14.510979
130.929886 33.753162
4533.486328 68.098434
44000.707031 44.342625
9063.389648 20.027515
17214.146484 8.619713
7429.725586 5.124742
4362.481934 8.131777
857.044556 21.582733
2321.639893 56.909954
853.075500 119.649239
1329.749268 66.934082
7026.896973 30.946404
8924.548828 13.811049
1765.621338 7.222687
898.166687 13.771763
904.536865 11.327722
2135.345703 20.084808
145.687973 38.176456
15673.162109 71.054878
5958.535156 58.013332
703.691284 41.813156
7416.612305 25.454105
2159.273193 2.192244
806.085083 1.167131
111.090042 0.301377
1121.786011 0.967481
17740.488281 1.691383
5370.217773 0.925122
2504.807617 1.589045
1412.619507 2.341377
1041.584473 8.390250
664.072693 19.368444
3253.635742 34.075272
1337.067383 50.183247
16071.467773 17.420132
9521.696289 7.716116
4942.265137 2.480009
364.822906 2.597445
2059.274170 6.749782
1462.244995 12.498153
1785.587769 23.888321
1590.851074 48.732319
5580.789062 55.941036
1066.444458 19.512577
10154.902344 4.211291
828.862427 2.820607
741.074036 15.213736
1116.833862 13.039637
1106.599121 20.205673
2880.934570 35.703266
191.784256 66.641556
6857.136230 53.463913
302.796509 38.857254
1467.640869 24.962908
610.811523 19.969727
223.843185 34.215439
2596.690918 68.473381
29.636190 117.435242
6917.354492 11.580313
10054.591797 19.826433
4837.695312 22.725372
700.682922 19.928663
1056.666626 16.647003
1894.352783 8.654485
449.566284 4.602308
3188.371582 3.222953
16153.656250 114.289528
3702.063965 84.555687
1962.565186 54.813519
5216.896484 31.475405
965.221130 29.462849
222.469543 58.718849
875.036865 90.580254
491.232117 113.679947
26.298704 14.678605
12271.759766 9.626190
1632.179443 6.148616
1012.740234 11.291798
934.294983 57.669788
308.282166 122.672852
1167.947021 230.655090
154.421265 346.048920
14980.791992 103.066551
4319.400391 94.993721
16056.922852 67.993248
6.679197 45.304016
1576.531494 49.560806
295.221222 54.075706
1490.169312 50.419304
1245.963135 63.108753
6147.297852 166.162766
13018.474609 67.865173
6921.407715 29.975925
2672.469727 34.302780
1258.956055 99.377533
977.083435 145.742996
1705.549927 189.401505
1029.559082 214.540009
9050.328125 39.866013
10925.958984 40.206768
15779.907227 45.484924
306.436890 64.063385
1259.191406 33.571308
895.414612 118.371208
274.224548 250.952911
3833.911133 391.928741
11206.357422 204.869278
22186.357422 130.101532
5715.914062 56.916100
252.396179 15.658045
1255.534668 39.947113
4171.614258 69.940117
286.332794 158.098465
147.216919 298.287933
2883.023682 96.305679
1221.654419 82.696754
1062.528931 68.566284
2077.672363 48.778271
465.444519 42.511574
1999.275757 32.072701
383.201508 37.874428
1612.526611 88.131706
18429.640625 48.249527
2340.572021 21.667786
2285.711426 30.246397
68.353424 43.581135
3093.591553 37.626141
123.847473 56.458488
3002.703613 56.502357
1129.948364 37.052204
10514.382812 122.404343
13571.630859 56.400051
373.410553 19.333790
198.776688 17.547396
1545.698120 29.341402
759.323120 91.595421
269.803833 183.178986
76.876465 271.784973
25628.912109 40.940392
6167.257812 37.621555
3452.544922 19.980343
683.659424 9.066853
3832.359131 30.199818
36.841156 77.072815
866.821960 172.921692
340.484833 305.039612
3852.048096 51.144829
14089.396484 40.282257
960.234497 30.688898
926.158813 21.939909
33.201855 86.410339
4376.387695 48.525608
3470.193359 10.179341
2805.334229 19.062576
30939.902344 95.758072
4227.808594 56.538548
1531.580566 69.959023
929.361084 92.123222
5432.562500 86.483902
185.004807 177.916000
1753.769287 310.634705
2399.213379 433.395996
13527.402344 106.502808
11924.218750 105.272697
10290.107422 77.397987
1618.326660 58.161339
1732.600708 19.184710
1145.460083 13.528950
859.110046 50.504044
325.707275 143.894424
3937.058105 113.790581
1326.827026 81.107948
4180.965820 62.680103
18229.964844 41.898952
765.531738 37.398808
433.572906 25.244818
194.826675 8.114522
4221.611328 9.166348
17434.628906 35.881798
3595.756836 10.231052
3079.742188 16.159075
2926.140869 32.212868
2000.906128 42.103508
1575.461182 74.778152
876.057922 130.387390
1916.522217 193.779617
7864.956543 49.492477
11494.475586 48.601135
1608.658203 40.859756
3171.748779 34.132423
385.766205 14.166169
164.631866 8.271275
768.013000 49.863590
1003.981323 173.277023
19087.714844 107.599739
6588.980469 46.218990
1722.006226 32.446259
1598.519287 27.712391
3053.663818 20.806664
101.105530 20.657192
2593.672852 23.253941
2845.641113 33.707016
5173.522461 134.464386
181.081589 78.885910
901.229858 42.596672
1810.138306 25.615942
129.940338 24.541649
81.046906 16.753332
1063.945801 14.821523
3240.457520 15.248527
2937.518066 116.361282
1902.882080 93.508957
22219.644531 65.734512
220.144257 41.058132
327.636810 9.344663
888.890503 16.581802
1398.778076 28.617912
1085.930908 44.932968
1298.371216 10.988756
808.776245 6.187740
1000.141113 4.839979
4994.662598 5.838270
918.153687 17.384024
498.551941 37.327393
2640.657715 61.996307
1106.946289 87.128067
758.050964 26.461861
2491.751953 10.911369
2187.754639 3.370154
1243.285645 5.493397
104.943390 35.015308
1870.893555 104.477081
169.595978 224.457138
5094.902344 355.533386
14660.155273 71.708160
6106.248535 73.004341
13037.747070 48.877468
492.801544 24.156883
865.880005 25.933466
48.193439 42.734882
3247.746582 111.562332
1879.188599 263.739014
14998.601562 145.502594
30377.449219 56.217762
1601.833496 28.712374
470.701355 25.372356
2124.568359 59.281631
1320.655518 37.075169
537.018250 11.464305
1131.591431 0.308936
542.434143 151.307419
535.887024 104.846161
1954.096313 81.761879
1148.088135 71.608017
401.614746 48.542450
896.884094 90.323730
3603.463867 133.091003
364.536987 165.131973
6353.297363 11.614745
6056.858398 2.634231
135.182327 2.996163
3444.567383 17.846844
941.554993 52.903587
45.919521 86.946136
29.872948 181.215012
222.337173 310.900696
24916.265625 139.908905
12716.271484 139.173035
1631.878296 111.486885
4266.568359 71.523560
1086.012451 1.476115
1.875873 5.231432
1087.468506 36.488747
2157.685547 107.827324
3717.893311 25.974960
629.610535 7.176556
1833.842896 6.142079
333.960999 5.691086
290.452637 4.814268
586.756165 9.975142
449.210266 32.043961
977.871582 72.269157
8659.602539 11.164321
6497.233398 10.546629
12855.388672 11.109046
1050.835205 8.157717
956.550903 14.702114
1459.542603 56.283230
2956.729492 140.718033
1652.904419 253.488098
5188.393066 8.148355
3038.704102 14.160504
5998.179688 13.364361
1171.801880 7.545193
3428.000488 11.362983
1653.340942 41.292397
340.480377 111.168091
126.143921 214.381638
4108.820312 43.615032
4309.973633 31.016851
1902.775635 20.782675
6880.766602 10.441003
56.257122 51.202618
2872.866943 28.310032
561.592285 13.771259
4742.832031 54.229515
40290.746094 85.142113
1111.013550 26.112331
9540.282227 29.465302
2772.716553 50.260727
5174.900879 73.229980
524.310547 118.524879
1511.615479 165.191086
2500.256592 187.594223
216.175934 128.551422
18084.285156 97.910492
2209.439697 64.759781
21364.300781 52.675980
37.510971 1.771681
485.972046 25.491320
966.722900 92.184219
1383.264648 205.565094
4911.774902 33.235626
1892.711914 13.034925
3452.816406 6.841024
1162.622803 1.728793
767.821167 2.036771
974.694031 11.040936
1086.705078 59.833786
958.366455 141.217773
2624.208984 50.539825
1118.681030 53.712662
10457.372070 43.133591
507.818909 20.182461
26.319389 4.135394
183.395370 10.027372
941.854126 57.862045
2846.914795 165.317261
10015.274414 20.494354
4958.801758 3.118196
18739.804688 8.239909
560.243164 10.119540
274.075256 18.143627
1165.657471 5.233510
1899.506592 1.342327
140.373764 32.479263
10267.201172 132.598663
768.159851 60.871376
946.248108 32.046509
3959.895752 25.095558
1042.893921 8.595497
1453.364502 16.998863
1376.182739 28.464725
2064.652832 46.402924
6528.254395 65.078995
7283.239746 28.144527
5396.533691 8.524256
90.571678 4.049730
228.165344 84.003326
1010.134521 115.748459
2926.126953 146.186523
1351.203613 169.550720
1424.780518 67.925293
2627.768066 49.845276
8890.138672 46.165409
988.256531 58.578926
222.424973 51.949924
501.331116 187.454254
416.612122 417.702209
1387.297241 699.392212
21537.146484 132.188812
501.974792 76.185486
1777.186768 30.516340
1951.919800 10.382387
2240.780273 106.021378
478.687256 45.421131
2895.443604 32.764385
3500.338623 126.796295
9083.433594 310.810669
20661.677734 220.638535
1010.635559 187.255188
526.630005 158.924622
4531.424805 13.235200
3835.663086 15.838541
8.683702 15.869229
69.955559 13.890134
4079.217773 0.682114
9698.887695 1.060496
7137.605957 4.096726
1103.406494 8.761026
176.174942 26.323797
671.950745 6.028357
1918.749634 1.325270
2092.015625 18.109798
1460.050049 31.272598
8088.377441 49.985523
2840.859131 57.720360
436.810547 48.120308
987.544678 76.786423
15.737700 155.063538
4134.061523 268.365417
3842.422119 369.017426
3938.227783 114.650032
186.020462 110.388351
19402.833984 78.996704
7131.981445 55.679684
341.815063 88.250587
402.472961 127.419884
5824.977051 199.161682
1488.408569 299.581421
2657.565918 227.336365
602.446106 150.314713
6103.303711 101.122482
9228.777344 80.221283
1374.460205 54.575439
1544.061646 43.733459
2993.086670 26.985241
1590.229370 35.030533
55130.050781 85.228149
5784.722656 31.915764
3245.294189 27.786467
2064.853516 45.318901
5660.491699 0.227331
3753.828125 5.379502
92.473236 22.833834
210.787735 45.822922
8859.946289 23.200132
387.757233 25.350058
24270.066406 18.155605
3853.647949 6.822190
218.974640 21.754471
429.112640 40.666435
2458.687988 70.386841
819.485840 108.073380
5573.261719 21.245640
8938.151367 12.132240
4119.567383 9.594213
9931.086914 12.335627
683.120972 6.118172
749.824219 45.298702
1508.078369 127.979050
4048.682617 245.998169
50885.992188 61.971115
11838.284180 33.853821
1100.741821 14.054530
1586.060913 1.161201
3856.031006 27.729851
227.889008 1.491727
1181.811157 15.247436
1127.660645 89.028275
6581.746094 75.956589
5501.708984 73.734512
239.563705 76.149109
1024.570923 60.707291
223.882416 23.704603
262.886963 61.292805
1067.099487 111.778221
1745.406494 160.046921
5179.661621 3.339955
8195.539062 3.613313
538.430481 1.643197
2332.986572 5.157526
2378.662598 27.724442
1117.472168 65.387863
563.587585 174.179626
1025.160889 343.249023
4372.539062 16.540344
2400.875977 38.837719
6143.474121 47.384285
22.012684 35.167038
183.802612 63.341911
767.241089 43.935703
1526.376465 18.936888
1619.999878 21.849123
507.317108 122.328140
22382.787109 61.513020
81.579285 50.595451
2952.420898 61.539730
480.090057 75.619102
1654.771729 143.398407
1986.152100 210.163116
5527.214844 247.238052
19.963882 52.233734
4761.789062 35.516666
2614.543457 21.932100
784.483582 32.059055
1568.559814 45.428059
107.924393 90.591446
2022.359741 183.706192
1241.122314 298.439392
18688.808594 145.173080
18971.166016 122.711342
5280.089355 85.091026
1951.563232 50.196545
467.884186 47.343956
685.869385 43.817295
559.168152 82.580338
1596.313477 186.425034
16687.083984 30.538736
1857.464722 29.619473
1778.864502 48.929489
2485.227051 56.835747
1618.755859 21.417131
1296.696533 14.391420
503.842590 5.041270
127.155113 0.222648
14149.005859 135.090790
1429.927612 81.141441
318.134186 45.686203
4091.156250 28.690365
118.159615 16.717587
934.715576 22.489672
3369.265137 30.600147
147.684326 38.628986
5887.393555 11.066264
8546.586914 12.559141
2144.986084 13.158551
4.572467 13.958509
937.337280 11.702999
1601.680786 26.984020
530.733826 70.236153
3176.854492 137.924133
15504.331055 24.793478
8469.620117 24.339838
1722.781006 21.892906
5087.673340 14.775742
40.034733 5.674247
4280.039062 0.621767
1800.813232 0.883320
2121.885742 7.957431
3305.844971 72.465218
3373.993408 49.458370
2830.638916 29.952877
8068.690918 15.379951
2142.072754 4.090609
2140.662842 26.431419
802.757568 70.561073
240.503647 124.620705
5764.695312 11.270131
10233.226562 15.523088
7880.775879 10.652308
2630.521240 2.539881
606.693481 9.934660
307.394501 13.122160
1958.873657 23.315136
6628.917969 44.502518
2424.590088 35.071190
5281.805664 18.517694
13188.277344 11.552105
1792.338623 9.694142
1001.372437 16.878717
347.074585 14.212558
796.992065 8.579210
1415.956787 7.662714
859.825256 7.318759
14187.044922 0.558216
2073.415527 4.900272
1867.289062 12.857474
22.615705 23.106415
394.952759 34.325001
101.125160 54.452995
1457.815918 81.095016
2987.352539 1.934638
12314.402344 8.093001
3853.831543 13.959294
1293.746338 17.971479
566.196289 39.688747
669.547302 28.982548
1993.796387 10.750036
266.381195 0.453783
3028.453369 48.765060
506.244293 27.621267
1907.122803 27.938387
802.308533 36.981300
2527.540527 10.244858
1592.285034 16.311720
832.203979 39.298576
2208.756348 82.528061
15950.366211 0.515198
12285.475586 2.674718
1042.794067 8.667238
2047.854736 10.758282
1611.655396 10.923017
2361.668213 8.197150
763.063782 15.162036
1105.117676 21.494221
4902.267578 135.789856
8185.117676 106.141319
9022.847656 65.962166
871.902588 30.632439
1631.164795 14.783085
2285.256592 17.676252
513.584351 20.712835
174.729691 29.259445
13692.749023 15.883329
500.839142 4.041174
1389.592773 3.809834
2971.954346 9.395646
1666.440186 1.226607
654.798157 7.380272
1012.047241 24.380318
3.878700 42.045105
34070.757812 73.370735
3271.495850 57.679829
10107.243164 33.078621
7451.779297 10.906002
3081.056641 8.115063
1231.414429 21.666691
303.993256 41.503235
82.682755 61.192322
1145.820801 8.729606
321.663025 7.838924
4088.443848 4.701902
1916.932251 3.208564
890.040527 2.904648
229.106857 9.138176
897.754883 37.142902
425.956268 89.442169
3069.787109 0.271898
1618.283203 3.160868
1835.633057 7.713005
101.687744 6.448475
2718.715332 0.019755
322.717224 2.883104
3090.546631 13.458380
3194.262939 35.491978
2965.499023 42.532818
6444.916016 19.563742
3134.016602 7.032345
2631.935547 1.490032
372.871216 20.067783
13.628189 13.417491
1581.730591 5.762128
624.281738 13.087439
48957.621094 32.593628
8909.501953 8.542989
9955.421875 8.240916
3092.614014 16.913132
4916.228027 31.414948
973.339661 59.922764
7695.459473 111.447403
2160.197266 167.932831
2634.412598 45.024307
2448.989746 50.409424
2295.449951 41.210014
315.570374 29.038422
198.465668 12.693161
1404.465942 7.701923
2290.157471 12.429247
2792.534424 34.882286
27130.242188 138.427780
4324.242188 82.084381
8454.265625 44.974068
11007.534180 24.019707
628.651611 0.924776
287.410400 5.671096
1280.581055 32.936443
814.674377 76.232635
10539.623047 56.030663
3022.841553 49.986534
543.513489 34.541534
1359.641357 14.384278
3489.032715 20.250471
9.836839 26.978947
295.089600 41.681496
3503.603027 68.720100
1740.049438 6.388944
3122.791016 2.983612
5071.145508 8.355077
165.187271 15.085260
1493.931152 1.769931
2121.750732 11.914284
4727.987793 51.600998
2007.450439 128.661087
10625.769531 27.848360
3990.257568 10.239226
358.596527 6.831653
539.302429 4.271452
3198.406494 9.287270
3836.836914 0.131735
1062.434448 8.407663
382.986755 28.068048
18020.275391 87.372704
6282.797363 82.416611
22452.435547 61.719982
202.172485 33.220745
2540.673096 9.176760
4125.163574 1.414187
2999.660400 0.862304
4259.139160 9.146299
15937.376953 31.718893
2850.798340 31.611588
4174.920898 27.899185
673.704529 19.605717
1639.051758 4.879405
743.778503 15.546190
703.119934 26.095268
1747.703125 30.461269
23059.279297 26.470413
9949.337891 15.338985
10200.592773 4.588507
7690.000488 0.315011
3877.405518 0.147127
2753.407715 5.473461
1697.800415 24.431915
1095.166138 52.823280
64467.339844 8.396058
7596.527344 13.471793
1964.876343 11.806338
12382.580078 4.966197
4038.077881 19.831665
90.491699 49.830650
142.511322 86.897125
618.761230 118.585907
316.865021 5.792696
6545.781738 3.835725
1493.690796 0.754059
3723.188477 3.818948
863.309143 17.474615
1654.484375 58.590702
576.179199 168.599548
605.628357 326.846954
1834.513916 32.814304
6339.604004 54.084305
3405.895020 50.987274
3521.016602 27.901106
25.719297 1.687203
453.440125 4.500701
269.427185 38.344578
4406.437012 108.023605
4105.693848 26.526974
4669.994629 22.733730
4543.991211 21.418943
3594.251709 12.825590
1237.967407 5.701593
1943.827881 18.611492
1364.930298 65.124840
158.062363 152.179535
228.668732 27.069674
12193.842773 12.281321
3497.368896 10.519120
2047.984619 8.032236
353.257812 30.001442
260.985382 26.049040
140.025360 15.078600
18.183573 13.749227
1578.852783 127.706520
8824.280273 59.454899
2691.109863 28.988752
1152.355957 25.957399
157.566727 33.972061
1591.177124 54.518291
2188.434570 74.918007
2842.287598 82.909691
494.848572 56.307377
1833.886353 44.164551
6602.884766 29.775423
878.052490 24.486473
55.090504 2.189175
100.317719 9.409460
474.305206 27.285368
615.902039 54.982346
9599.147461 1.778058
14357.173828 1.673493
6564.108398 2.264677
523.658875 1.574705
361.414551 26.362812
1195.068481 61.573330
506.032654 127.639229
1399.237549 220.703125
2716.114014 4.594623
11701.221680 0.444949
2562.046143 5.230296
789.454834 12.021647
555.915894 49.511971
1050.338745 27.130249
1253.107178 14.354008
2732.821045 47.477360
490.700836 225.259338
5774.481445 121.128342
149.528351 76.002563
950.126709 62.403011
1190.613892 31.161892
223.551956 38.169525
1831.628662 50.912033
1100.756470 67.622925
12709.077148 35.277473
10892.156250 32.125168
3276.718994 30.032129
2235.155762 29.143566
2108.161377 43.617825
64.261459 39.798893
282.140625 49.684166
1467.066772 58.609947
6602.201172 201.463364
5946.252930 167.722137
5793.412598 117.100685
697.269409 70.464500
432.232544 6.482954
2326.536133 17.732473
1776.957031 30.525734
640.371521 40.772133
5274.169922 25.077543
12708.078125 12.474401
5787.465820 3.243791
596.305542 0.933939
8.259394 23.344091
98.854568 31.202522
3220.209961 39.619450
1245.267700 42.726044
20262.550781 62.690327
3173.508057 46.883987
1582.684082 31.116205
1548.125732 22.374912
4049.684082 12.137976
1401.849609 27.392826
1969.877441 38.305996
1180.517090 34.688370
43.385857 114.522156
2451.631348 67.626572
27072.322266 27.367228
6209.836426 8.400920
962.997192 10.652211
914.598083 10.837536
819.993164 10.499045
2503.363037 16.481672
1332.297241 13.970428
7199.168457 1.320158
9503.978516 1.099040
2076.092285 6.547335
79.336166 7.472117
395.027832 5.834415
454.418823 6.457990
1708.004395 8.203822
12860.309570 15.637150
10206.622070 16.874111
307.331451 14.898378
1703.867676 11.054833
2454.244385 3.101570
465.222290 12.866630
270.188690 27.368755
2662.080078 42.330299
69.057762 14.710128
2011.066284 8.784816
2179.825439 2.919975
3236.498535 0.078315
109.608612 12.370942
737.988281 11.725625
3827.028809 9.501615
2016.591187 6.244936
10201.704102 35.577816
5555.381348 24.450966
3447.219238 16.642452
608.274048 13.133598
5283.670898 28.366245
1284.806641 35.717308
201.023987 31.115259
1397.166016 17.548325
15867.990234 15.691676
3461.887695 2.058389
13479.821289 2.247343
1082.798828 13.942146
5201.396484 43.694351
630.994385 30.516003
667.028687 31.275076
101.235382 59.613499
24258.158203 8.472486
9362.172852 24.058712
7135.292969 44.175667
2613.041504 52.003254
1844.056274 62.191906
28.610933 51.720108
1228.780273 31.133745
2386.502686 11.175778
21365.291016 8.624991
17771.119141 20.330524
6955.036133 40.082741
2270.528564 57.265617
3393.160156 23.054443
2806.914307 33.150925
246.825531 75.788727
3300.186523 144.652039
3080.800049 18.791288
13701.774414 38.234581
1915.207764 43.419151
2939.544678 33.380283
558.714844 2.175409
1188.449341 1.250907
2913.398926 16.193764
4452.086914 54.409306
33541.351562 33.897465
5833.660645 18.442739
8947.379883 12.796571
1084.511963 8.138292
4283.892090 18.937927
811.631104 22.212837
2350.940430 23.365669
3931.487793 20.629364
10244.935547 20.767338
9929.203125 18.107983
13273.682617 15.951153
9140.025391 16.216763
620.716003 3.157033
1079.843018 3.713568
3799.305176 18.818123
1395.683228 37.712906
805.441956 81.314079
8121.967773 71.881233
32040.898438 47.402679
4983.925293 20.063320
701.562744 0.509334
1485.877808 2.299661
2093.398193 4.451680
906.105774 6.696061
345.981995 14.969172
4723.538086 7.444782
1725.235596 2.243495
6829.061035 0.098865
2379.881104 2.542862
401.450684 10.077354
249.940948 22.230858
5364.345703 34.692471
8916.166016 39.880024
9268.172852 25.129091
16227.832031 11.247005
7792.434570 2.807849
346.327698 3.088553
2255.858643 0.121536
550.360229 4.117797
1148.773438 24.573154
20183.437500 13.092854
6929.163086 0.915272
445.904388 1.321134
6364.791504 4.144436
3165.114746 35.747272
293.111023 57.510529
2009.288086 77.183395
1908.977539 85.289124
2155.911865 36.008415
4490.766602 26.701424
3591.128906 19.328394
4375.603516 21.493591
338.809570 0.696045
843.441162 5.315459
21.770105 36.585217
368.652618 97.839653
7746.005859 11.303115
1244.983276 11.622367
450.663025 13.387292
1527.969971 8.234337
1239.953735 17.789976
829.113892 24.664673
4.609812 34.331345
3988.218750 50.437801
3636.601318 22.478802
2357.259277 9.080675
386.769409 7.000977
37.140366 11.436856
218.636337 11.314140
3276.498535 38.685211
1035.105713 94.845062
4074.074219 172.638153
37246.347656 1.533410
4782.487305 4.425628
196.032379 6.209924
3989.779053 5.220327
4544.803223 10.120372
451.483704 55.738998
2417.533203 146.717148
629.263367 270.438721
20764.042969 10.849038
9647.856445 7.892160
4378.300781 4.527708
1284.680176 0.033361
2186.233154 5.013211
375.766449 8.443110
658.588074 78.543480
810.256409 222.315475
1170.315674 40.098598
4777.388184 47.826763
4650.692383 51.209587
5014.411133 32.058743
80.959595 8.290350
311.137665 33.337826
1943.744629 90.229279
2123.917236 181.967056
553.490540 24.778238
3698.167969 4.529733
1038.635864 0.396850
1256.947754 1.345160
265.119049 11.277433
421.249329 23.953074
848.437378 85.342247
692.017578 206.314056
21265.271484 24.131710
10324.312500 15.623528
11315.993164 20.698559
155.518143 18.369177
1576.494019 29.383728
540.934021 22.872931
2041.065430 29.987167
107.694038 69.582138
3898.166504 63.856373
2763.234619 33.879631
3510.189697 29.946775
1635.946411 32.717796
1218.630371 35.494652
442.697632 60.074005
172.423615 71.309181
1375.209473 60.261963
15392.686523 101.001236
4172.647461 53.273823
1190.448975 21.137533
3555.780273 16.712561
1280.908813 14.680508
2911.407227 14.519499
1384.795776 18.865835
270.269897 41.272816
3764.609863 32.460781
9608.398438 6.226662
2429.315674 3.430992
2399.521484 10.284418
916.210999 33.471302
112.700096 26.732225
510.852295 17.360825
429.999451 8.157558
5945.476562 26.078243
576.066650 30.495224
15901.349609 34.455872
2307.358643 35.983467
278.722626 2.382197
167.914276 9.051311
3229.538574 26.238571
313.703949 52.666100
99.236679 8.959980
10010.420898 7.021515
2683.044434 5.331846
1209.545898 2.809466
406.334290 2.794742
3147.276367 13.682287
2064.780518 33.158684
6430.259766 60.278603
11094.337891 63.631805
2278.617920 32.131596
3088.937012 11.016992
1415.851318 1.482717
2352.672119 33.751053
1733.550293 29.478811
1355.424072 32.007061
1918.349854 39.082047
7321.226074 39.225594
555.802734 48.696663
3083.899414 49.103302
8584.609375 42.252472
386.636200 11.088664
1470.756104 16.290503
783.515259 15.254972
200.354797 6.920799
2006.808105 110.503578
3875.265381 60.091278
5085.660156 24.270679
377.266571 9.714071
2463.140137 37.401024
398.647217 61.094719
158.219879 99.382675
2859.270508 146.306976
1226.710449 7.867012
2140.580811 13.324381
2629.390869 19.602064
1455.644165 25.873268
2291.863281 0.987408
241.089706 10.574220
255.503876 36.348549
3038.012451 77.705193
397.846405 119.209396
10531.247070 67.938995
4375.064941 29.843719
1637.843506 7.404549
174.676208 16.415815
1028.850464 50.949379
1114.227905 103.219711
1152.554443 155.194565
13138.750977 35.799240
889.127686 29.343033
1260.108765 15.569215
1687.195557 6.649251
626.957642 22.875069
3610.974365 52.914146
1708.539917 145.198990
5633.237793 305.351532
2513.280029 27.106045
2378.347412 19.928638
309.179779 25.779779
2544.858398 24.097193
1037.941162 8.402418
1917.498291 2.724473
2483.964111 22.035275
2234.998535 82.020927
7550.055664 113.188820
360.305450 63.211205
1199.260132 37.782124
6025.782227 22.146849
2345.012695 0.683076
503.390991 11.591808
237.935974 43.448940
2648.233398 97.425980
2051.733887 14.449753
5931.147461 6.972116
24141.281250 4.538432
1922.083252 1.497737
156.769897 27.537369
38.588985 17.844482
2102.616211 21.213980
2283.125488 45.535835
5052.977539 44.833786
5358.018066 42.507286
8340.934570 43.266026
8836.341797 38.591534
2231.294922 22.394949
1042.378540 44.811462
96.852219 62.974358
2362.533203 68.011040
3639.477539 25.761799
10931.854492 12.258489
8495.650391 3.305001
2076.352539 6.371836
685.948425 14.031780
360.651337 9.078634
1429.739502 13.059106
2586.734375 25.625160
12274.580078 73.142776
922.537292 58.290192
4004.839600 41.831284
103.930176 26.013832
1469.855225 29.091629
97.777580 43.631180
1443.912964 48.156525
3630.815918 41.450615
1582.148560 16.006531
2301.070312 2.677840
2645.631348 1.016583
1099.282837 11.803778
903.756226 94.752335
572.177307 133.953537
1009.350159 208.126038
1072.209473 289.329254
20293.912109 107.229538
8700.826172 124.081474
836.635132 113.764725
2135.610840 94.498421
2495.453369 36.576817
3871.689941 46.184910
396.902069 62.596947
1568.003906 101.336075
7170.827148 100.920670
1713.044556 42.442940
11136.577148 22.591724
8255.838867 26.367489
253.173203 17.188330
206.286652 38.269669
588.357605 70.641953
2684.308838 101.672562
8286.803711 99.650253
996.886475 67.893745
974.130066 35.904716
1531.201660 16.257393
677.404968 1.285025
640.084167 2.790508
1925.296875 6.663929
6975.056152 18.687679
5313.789062 43.705822
2157.634033 16.007309
13672.140625 2.965270
5526.634766 0.193159
157.888687 22.431704
1708.069946 40.263988
1313.853394 90.063164
7124.689453 146.360229
17673.919922 119.512459
13439.471680 116.571350
1782.667725 83.172241
7974.364258 42.287399
597.666870 8.874158
4478.724609 12.084181
986.224976 6.471160
918.488647 2.254694
11856.837891 131.892670
12620.835938 54.213943
4536.595215 12.196666
10850.222656 2.872540
2425.189697 73.146545
259.616119 105.689995
2173.388672 126.383057
1684.629395 123.354546
3740.649902 47.769882
19475.767578 36.512806
5996.934082 32.450218
1776.196533 44.921406
618.218262 24.732834
2670.111572 63.798233
2368.985107 147.374344
394.067444 266.385559
28197.802734 20.646173
3698.635010 20.637573
2664.444824 20.841249
4893.008789 17.578024
2137.246338 0.687574
437.799927 4.939811
535.197327 37.157516
3276.067383 111.233154
6803.228027 69.194572
5499.979004 28.998285
1983.259521 13.541006
3168.583496 6.378588
329.593048 46.866337
3460.679443 36.966675
613.867249 27.213087
1684.811035 39.436733
7360.185547 105.783028
2998.156738 56.524334
299.978790 42.777534
3867.005859 46.289135
312.647583 137.930344
84.644974 208.819305
1971.049805 254.511368
1839.421875 251.886261
5715.538086 58.876034
9368.909180 40.720383
3248.158691 40.314377
6349.246582 73.883858
631.032166 93.034058
342.158356 169.094711
542.869385 305.471527
7407.794922 495.656769
20442.650391 175.395416
7886.320312 103.913864
648.977783 70.189034
1462.452271 65.101028
3309.188232 59.652458
720.162598 53.620239
841.839355 112.916588
704.708557 239.487701
5857.820312 167.109726
31007.205078 160.564774
16464.281250 141.204254
4315.033203 101.002090
284.471832 0.650366
1036.968750 3.052034
843.339783 20.104984
4098.443359 67.550919
4353.164062 64.396477
396.443909 17.820883
3334.188965 1.725371
2202.882080 0.222421
2636.005859 1.249715
1194.868652 0.119366
44.828983 3.689628
174.532425 13.425152
2498.575195 57.002613
937.885986 34.368942
887.801208 17.415276
2617.009033 6.714453
991.162659 11.681605
55.761002 5.834892
2761.676270 1.070352
1064.770386 4.143747
31966.960938 2.972119
1513.079590 2.916396
5814.988770 8.520403
4757.724609 12.900578
4015.934326 6.006130
228.227020 5.525651
11.665244 6.393616
900.268738 10.838682
20241.033203 2.025103
388.017731 1.523359
10570.638672 3.601881
206.465790 5.583432
2751.525879 23.885229
984.218567 27.684862
716.113159 30.340040
1692.864502 28.400108
1228.643799 49.323639
1798.539795 39.064777
1545.912109 28.905083
2072.160889 23.437721
133.733963 24.111067
2761.409424 55.357708
172.798767 96.323128
1093.265991 140.402817
3803.029297 21.903297
11781.890625 5.848899
559.708496 0.011010
6096.103516 5.646299
638.505432 38.886570
266.172241 81.756454
986.270020 149.325043
2778.680664 217.181000
1925.302612 149.468750
9170.138672 108.625793
71.563248 63.104752
396.481781 33.960426
278.332916 15.094737
1902.811523 4.648518
676.677856 6.003032
6215.378906 41.643723
4001.214111 61.535809
29327.953125 23.792221
408.582764 17.008179
408.659821 19.524826
264.454773 2.260925
3728.549805 3.722928
2532.006104 4.570511
2276.557861 3.844484
1671.549194 24.222986
10028.629883 14.322424
12887.154297 6.391089
96.994293 2.466601
1839.908936 37.170666
166.682617 39.645660
2304.158936 49.512474
2442.729492 62.078354
21903.191406 52.247467
9803.402344 54.620609
6726.588867 49.933262
892.759827 42.089626
3635.289307 6.742476
1435.826294 16.566368
212.416199 35.763760
1930.338623 75.557747
9577.772461 106.638138
668.213318 40.701832
2351.009521 8.916453
1957.072998 1.975323
2220.328857 18.775103
891.125854 5.260803
1296.992432 0.021238
185.788635 4.574330
9310.694336 99.576889
7476.311523 81.020332
4835.733398 59.617805
4176.293945 37.907433
1078.042480 4.158956
596.287964 20.093063
86.621613 45.365677
1735.307983 72.503151
10366.847656 26.277597
4084.259521 16.910139
180.286118 6.568351
3721.548340 0.452790
246.571701 44.298740
321.886719 124.502403
1338.287720 241.693588
906.885193 358.078064
2540.593018 85.829819
7217.000977 63.581398
4584.397461 32.436741
491.188171 17.090319
720.008545 72.983665
2215.643799 151.021805
141.930496 281.372894
387.276611 429.460510
1104.039551 104.696503
6577.842773 92.561028
3927.420410 69.103073
3236.904297 52.625362
54.215706 18.623569
253.140564 37.574989
1688.310547 142.375916
1967.978027 370.270782
10791.775391 45.797928
7407.665039 4.065853
4098.226074 15.100891
3462.600342 24.023643
375.350037 10.604522
125.940384 0.598893
485.768677 26.766872
3844.471924 115.805962
3093.366455 285.318848
766.270874 155.259979
4197.806641 78.675301
2058.900879 36.542778
1429.959473 16.489019
334.084625 13.161821
678.894592 5.880437
2600.125244 9.536406
1622.439941 116.785370
1027.911133 51.246033
7645.538086 20.176897
80.145195 14.524916
702.524597 21.361809
554.759583 17.452509
268.098450 14.073028
148.561234 11.498718
13758.632812 30.674198
12209.865234 30.610407
1056.871582 28.646229
5152.390625 25.319847
1802.489380 2.933964
165.068100 14.606441
2056.512939 31.542534
590.331665 44.613480
95.739861 44.613480
590.331665 31.542534
2056.512939 14.606441
165.068100 2.933964
341.734192 8.578424
931.328552 6.013734
505.892273 10.367184
1934.762085 29.321522
62611.765625 4.671212
507.345093 0.916939
1527.574219 5.553443
2434.701172 9.529330
6866.833984 2.086314
456.185333 8.299967
4321.494141 23.386292
1536.324219 48.733704
2094.343262 10.384817
9306.980469 3.076439
8660.744141 0.968852
1124.148315 0.697739
1551.782715 19.838650
1481.971313 22.211809
15.449850 18.085327
3481.810303 9.243945
11097.439453 63.610954
3482.069580 35.688137
3751.936768 19.405169
1033.709839 16.084454
1337.327026 21.419140
210.278351 21.758417
315.251587 14.804190
836.883545 8.606086
5340.333496 15.787850
16434.806641 1.160117
1324.364380 2.550510
2871.227783 12.756462
450.574371 52.171177
819.044800 60.496532
140.556442 76.800941
2925.557129 98.838470
14195.458984 19.049261
2338.433105 32.670498
10.085765 43.033360
5577.119141 48.323982
2060.738770 27.167006
613.100098 40.851768
1330.344238 52.962765
3005.976074 54.591606
4465.702148 71.639671
1620.854492 51.051792
4138.483398 31.206530
6510.478516 22.189693
2801.588623 15.099300
10.626562 24.386608
2649.708496 38.352962
3064.735352 66.123184
358.058777 41.697830
5763.279297 8.748519
1667.813477 0.055292
2453.462891 5.690530
670.106689 36.924145
1766.641724 83.519745
6.241336 144.526352
494.790466 187.592239
8749.074219 151.500488
1724.624878 111.662125
25.982225 60.401192
7303.561035 28.585648
2227.846680 69.499710
71.842377 154.518097
1140.295044 279.793762
3573.328125 421.730713
4692.548340 16.362822
6462.665039 9.697922
4914.948730 11.663776
3715.317383 26.484962
633.372192 58.456627
1544.284424 105.311546
4604.924316 214.600418
2787.831787 404.465698
45751.503906 178.396027
10573.353516 83.881577
17441.292969 49.129631
1638.707275 44.650208
4587.701660 107.023308
4319.048340 89.121552
48.545185 103.405220
3220.728271 175.502121
8086.774414 200.555252
9388.699219 156.774109
2174.632812 141.212830
2445.772949 128.437973
2870.990723 18.570312
2499.361572 16.980499
2933.917725 13.386239
3404.358398 7.714468
10738.975586 106.417725
507.037201 68.988693
7797.047363 39.775734
74.950211 23.846462
3162.423828 37.235550
1979.200439 38.371487
646.896423 29.116751
623.718872 14.572750
5584.873535 6.066826
2040.130737 4.549574
8929.660156 13.080229
3910.397461 26.667624
3810.883057 55.242744
1255.901855 94.634438
292.197632 174.037323
125.723526 287.268280
16183.157227 8.218354
1715.642578 19.420191
6433.826660 33.231926
6874.400391 41.645622
92.102371 35.656937
46.268242 11.785286
248.387756 21.592899
844.341248 72.157005
6985.451172 171.637756
3928.763916 145.623581
5439.941406 114.960022
574.930237 75.744965
70.532639 11.868567
297.475952 25.126495
1156.649414 38.689487
1546.552002 47.100735
2408.138916 13.410345
874.915222 7.533712
7197.601562 2.982067
117.111313 3.840326
1306.725342 24.597845
1550.483398 37.653790
1098.106567 77.497475
104.776382 139.724289
22641.859375 11.963398
965.621094 25.696201
57.275749 31.940170
4346.479492 28.083509
1914.503418 35.745338
664.298645 35.711914
1991.695312 23.640804
3973.770996 13.358631
37335.562500 113.493004
3008.479736 51.389694
1021.684143 25.031151
1514.882568 26.441326
9244.978516 16.932514
1444.501221 27.467901
563.465576 69.881241
1589.755615 139.283783
8591.008789 11.520893
7655.438477 28.392376
1254.098022 33.919453
4732.835938 25.692432
897.262329 50.940235
633.600098 47.557907
3641.242188 42.536362
1746.019165 35.707890
283.491516 88.724274
4862.966309 75.236931
1387.061523 63.145821
5040.171387 55.223965
223.304489 14.554046
1126.583740 62.490665
3656.706055 132.470795
3175.385986 196.377243
12759.186523 115.534363
542.624878 77.842819
1399.922974 33.101631
1136.768311 5.585620
3726.175049 21.081566
506.348206 8.038604
1992.628174 12.413174
1197.587036 44.425972
7779.492676 14.832397
10340.992188 25.032570
17792.017578 35.754356
1968.155151 34.478775
1336.880859 22.022940
1450.800659 45.739056
458.468018 67.745087
782.860229 79.973213
12786.829102 53.201080
3102.947998 26.445520
654.092163 8.629832
4478.858398 7.183897
2047.123047 6.229247
977.848083 44.115814
583.888550 131.812454
1221.767212 261.226288
1532.301514 5.942134
59.733185 6.966969
1820.542114 7.527794
578.927612 2.281155
251.083649 4.622127
2205.782471 35.854874
3060.544678 108.430000
1683.834106 218.336243
9274.070312 52.584511
4071.975830 28.523136
4374.442383 13.459239
623.477661 2.648469
2290.602295 14.175439
334.974609 11.080688
531.190002 52.320988
367.444305 162.263626
3361.473877 32.977226
1776.809814 14.849957
19515.357422 22.932125
2618.673096 25.347546
3453.389160 18.889204
928.576294 8.525133
1035.521851 0.243542
7757.933105 8.776615
83.966194 86.277000
4155.952148 46.043285
1097.092163 28.949673
6866.248047 24.127119
140.895294 4.247408
1030.930786 3.576440
1874.962158 1.923951
63.019718 2.234836
19152.751953 7.978114
14689.930664 1.900289
7554.206543 1.058557
636.028931 2.887744
4212.624512 11.497252
1001.387451 30.039860
1921.242676 54.753517
26.117949 78.393044
3820.563232 0.958516
3043.759033 0.869402
11705.755859 0.050595
12049.030273 2.109525
801.112000 5.553194
145.190857 0.811718
727.031128 10.817592
2424.006348 44.570522
6605.125000 42.845791
855.387268 25.858105
650.219116 19.300968
1662.951660 13.649619
1082.103882 6.034796
1131.173828 17.708775
71.043709 33.209572
2095.986084 49.225437
5602.727539 34.238529
4198.312012 17.087955
1071.461792 5.189532
963.826111 1.306597
1700.231201 41.837334
873.232056 55.059402
1426.342285 96.894073
802.194824 154.677460
6174.341309 56.902840
6069.104492 72.416405
719.304565 68.575760
309.124481 52.260571
1266.199829 15.409937
837.499573 17.577553
45.846485 24.858711
3460.407715 45.384182
7478.671875 52.449734
51.930996 24.254625
5677.301758 13.801747
2703.529053 13.443194
777.489380 17.658648
233.268951 16.845171
490.578827 12.650204
1206.609619 6.184904
13655.574219 55.623913
3104.488525 36.375774
5193.058594 23.397337
5341.728516 18.191921
1332.361084 3.290521
358.441620 12.546865
1026.680786 32.803497
790.631348 64.447853
592.531433 9.239311
11772.437500 2.518321
313.255676 0.758466
2511.340820 0.756379
571.867737 3.324405
650.243530 13.616120
53.633392 36.478230
606.735962 75.428253
2649.196777 54.989677
2008.794312 23.341024
5839.695801 6.980777
681.727295 1.401580
992.826355 39.538578
190.936066 45.553474
311.951508 58.163277
65.414200 73.657295
17692.349609 64.287033
1256.156006 56.761627
10722.233398 47.962563
1412.846313 41.020355
595.682617 145.232666
2567.613281 141.959381
2407.710693 134.330017
1710.089111 123.726593
23156.353516 113.372650
2475.220215 126.008514
5555.643555 136.632401
338.060364 143.406448
607.842712 168.403152
104.663574 134.940216
5274.041016 117.913696
2689.671631 157.103485
27248.525391 209.997849
4227.696777 174.052124
8118.646484 178.227875
929.934570 184.701721
813.337402 34.680767
1385.776245 32.253540
19.988724 21.621696
2646.429688 6.398007
14837.270508 154.063553
17472.343750 94.580276
28.931412 54.294334
5524.860840 37.344688
691.276489 178.995941
1163.650391 181.748581
5417.379395 149.370499
3520.120850 102.011749
6278.309082 152.842224
11569.190430 109.960350
1075.602539 113.223824
818.032349 146.915024
129.091141 119.913193
340.742493 146.237259
276.653351 164.538269
4668.450684 168.452911
11171.593750 240.455643
790.247803 165.995331
2459.809082 116.739487
488.731445 103.764107
145.218124 21.934841
80.471626 13.524454
2494.415771 10.006125
1374.362793 8.183148
50504.507812 78.803978
6567.943359 70.743683
731.118530 54.551949
2974.353760 36.426147
1480.093628 5.127092
1663.364746 8.507776
5198.499512 17.378143
783.115906 29.273947
3018.135742 20.478920
5857.119629 17.220400
5674.869629 12.134747
1138.638794 7.110026
317.927155 98.357002
163.982849 71.578033
2887.875977 33.721668
4689.111328 19.018469
4657.155762 101.629372
11805.844727 68.489532
118.765060 76.773933
322.170105 96.754089
248.168427 63.068359
136.592560 73.744804
414.473633 80.778595
4225.322266 78.951660
116189.671875 82.942970
35632.140625 69.235031
20004.541016 58.397846
12213.564453 56.228462
1458.060791 6.949987
631.729187 15.903633
869.576233 20.253788
6669.570312 18.479000
941.854126 50.427330
268.111969 21.965263
3486.195312 4.071404
891.165527 0.329104
51.747433 26.811069
313.686951 29.585014
23.633024 46.113861
8074.047852 74.506386
11644.054688 16.888876
2934.495605 28.977695
14.593318 34.351330
391.920441 31.566578
380.526855 75.328918
406.901062 69.127525
2068.694092 40.840328
1907.623169 14.867517
264.369293 154.281509
11097.027344 75.919060
5108.732910 50.063431
2016.645752 60.557102
24.638117 0.362979
486.315033 0.515170
5103.830566 7.432918
57.953358 26.657282
10586.077148 13.776592
7765.747559 2.927835
503.639526 0.785432
420.586792 1.081311
1247.844360 216.767731
350.891418 205.288300
1916.349609 145.190018
7548.391113 71.153877
7898.334961 251.893524
7424.355957 167.044525
462.238831 152.708633
1471.356201 185.536667
525.715698 197.528748
510.347778 240.385559
2564.904541 261.283966
1998.987915 248.211227
38565.441406 214.859863
2689.928467 168.787628
724.928223 145.738052
250.243378 158.051315
3420.768555 4.197270
680.354004 8.998384
1263.465454 15.615088
8210.422852 20.495876
49.218048 38.429218
1656.414062 25.129202
1854.185425 12.446123
160.396591 4.855049
225.093628 13.454636
231.815002 10.773583
3830.061035 8.094729
2411.161621 16.833584
2396.804688 50.767559
17312.253906 19.526571
1979.818726 9.546436
4579.855957 11.338866
95.484787 47.109642
80.748459 62.018719
1065.708862 68.559105
8433.765625 59.455482
11548.592773 118.812187
14888.830078 78.751808
263.150970 48.308006
4146.716797 38.395164
724.714233 21.559393
312.279236 15.835841
1989.336182 16.853889
2962.945801 32.341305
14740.915039 60.788830
2326.452881 41.481445
523.383545 32.552734
6.445587 27.479233
887.543701 10.257917
39.002312 12.283783
1671.520142 16.909124
5161.118652 24.274832
4872.869141 36.201355
6465.475586 24.067265
3506.724121 15.556694
467.290649 11.120244
235.538925 19.933800
1005.352478 35.532070
2296.781494 58.207310
8033.857910 81.234177
8932.550781 8.258694
7287.908691 11.450638
59.346535 12.017008
2111.869873 13.144820
248.101898 24.921482
131.006882 34.328213
4338.349609 47.634186
1413.920288 56.612740
24182.500000 104.205841
21159.765625 75.030960
1077.409424 46.011124
2852.326660 27.765310
1519.023926 82.750710
177.410965 85.991608
1186.864136 70.529610
349.444336 41.432400
11677.723633 73.805603
4708.147949 55.818504
6357.230469 54.603409
32.274956 67.631599
657.343567 10.192166
688.244324 15.308970
1777.784668 29.879799
2218.605713 53.573196
18997.556641 24.728418
1157.101807 18.889147
158.218826 14.850134
28.524582 11.339463
1302.527832 68.828697
649.812012 60.405399
1395.076050 54.975578
8685.029297 59.905350
8950.659180 17.949106
12021.304688 39.001991
17124.609375 59.753220
918.247375 70.504128
152.127487 49.659454
964.077698 66.132668
3698.306152 85.488029
12347.656250 97.427155
29402.078125 135.826309
1301.868408 98.917183
2513.202393 65.325623
3485.625977 47.517410
628.978149 0.359217
339.456696 0.283718
463.151062 0.450329
8007.859375 1.480521
1373.642944 15.941874
10031.595703 8.428105
1101.273560 3.424491
612.107117 1.045953
111.181168 15.399190
269.480713 20.120323
1538.381592 31.756824
890.431702 43.997417
10157.660156 54.682152
3480.621582 46.468510
3195.399414 32.841629
144.735107 20.415781
360.445129 47.459625
636.957275 36.029125
38.223129 22.997467
1294.966797 14.934347
8929.289062 71.636108
4862.481934 61.970478
3998.612793 57.418129
322.161072 54.086376
275.040222 78.529030
474.981140 87.039589
3188.460205 86.902107
1522.013184 79.884499
9045.326172 51.938721
7580.350586 46.891445
640.647827 51.959568
919.827576 64.624504
493.652008 23.922077
126.276939 37.053898
416.856537 45.845131
13102.535156 45.660942
5390.983398 87.880005
7639.609375 51.174301
166.068542 25.036201
366.968231 16.741430
389.676605 51.724693
1782.014893 55.177055
1149.757690 61.314262
1059.698853 76.127007
26111.013672 3.733092
4160.375000 13.039261
4612.916992 29.618862
1308.020508 44.022781
2977.288086 99.073753
597.763855 109.283821
2837.953125 88.294922
9068.685547 48.485718
10488.855469 163.240921
7611.782227 87.752388
7730.783203 58.892223
130.564499 71.870934
96.331879 2.111212
1736.851318 2.255893
1677.552002 4.848517
10800.900391 9.745919
20918.341797 24.086414
2007.975952 16.008675
1115.245117 9.202940
671.304016 4.453783
2958.680420 2.719686
630.081299 4.823974
3786.051514 5.292292
18973.349609 6.229366
5572.635254 41.004120
25100.763672 17.978138
2628.583496 4.711505
2073.769775 1.047939
551.000183 47.156212
259.477661 44.358791
872.897583 37.794464
2498.733398 35.320103
623.825806 50.573586
3068.345459 37.603962
7430.763672 37.521011
343.691071 43.479813
97.366562 28.787025
1196.119385 27.788712
200.842255 18.648388
369.791138 9.107820
17563.664062 94.102692
10655.458008 50.126308
233.075409 28.070286
3644.030273 24.942270
279.103546 8.229380
229.731491 10.911312
2793.145264 9.447233
2704.078613 5.933493
4615.456055 37.832401
2303.675537 16.564272
3037.526367 5.476810
332.122894 4.384505
105.096611 22.006540
214.914474 24.843494
263.311096 21.511087
198.992722 13.069483
13239.911133 24.270285
1699.919800 15.176912
1638.391113 12.515776
1441.608643 16.139154
214.222733 3.502644
327.658997 5.110253
1437.140259 4.872167
1068.729370 3.649153
22333.886719 8.990645
1087.788574 2.535765
5605.533691 0.038499
131.587402 1.054512
431.045044 12.927503
732.822083 12.556925
1538.828247 7.940509
410.597137 1.985256
16553.818359 41.504784
5509.849121 22.562103
2413.113281 12.670753
1735.418579 11.132419
1400.629639 3.392465
144.486740 4.496008
3198.354736 12.835306
5066.053711 30.210938
10591.451172 0.079394
1669.718262 1.606827
2832.192627 4.314513
377.047302 4.720060
163.180313 61.730919
1144.857422 64.360565
2763.978271 55.979530
1982.659058 38.104198
5023.912109 43.590912
3615.030518 40.122898
843.956543 43.277657
1081.721436 52.334457
72.673759 16.535395
10.295597 23.609974
2438.396729 30.634333
12072.206055 36.793385
18267.693359 0.729525
27454.015625 1.398680
963.640930 4.759494
2506.859131 10.046008
378.181213 39.934216
257.290680 61.306831
289.910034 89.811028
497.931976 126.291321
29897.869141 56.036606
3704.690430 29.292545
6865.108398 20.379038
1234.687012 25.469048
54.911095 28.326046
418.667786 23.469893
616.596802 15.301908
454.783356 6.947180
5660.444824 144.143600
14781.460938 92.274307
4032.067139 54.784134
2040.943970 35.499046
2.712124 16.161213
1711.510010 15.175875
10071.238281 13.938140
3244.845459 13.020169
1946.904053 18.726690
12770.700195 17.611298
160.648315 17.034624
907.510010 16.700733
315.207672 15.094609
2401.666260 25.953621
896.089966 38.435116
4792.580566 50.651104
51247.199219 8.305778
422.243286 3.711702
2475.250488 3.353197
910.658203 7.272614
4000.464111 28.290676
508.524719 32.416836
2274.653320 45.060284
1402.558838 71.559784
10495.482422 0.749096
5494.036133 4.784049
3818.031250 15.607426
4806.224121 24.307873
458.722717 6.268329
416.612640 4.845979
846.319763 11.998100
14588.309570 29.359777
17962.681641 110.621429
7071.317383 69.136612
2708.192139 37.014824
1167.855225 16.422392
591.195312 80.469093
2811.456299 97.744492
249.205231 109.623138
3185.853027 105.777580
1052.386841 82.787857
4782.968262 76.775749
1177.251709 68.965446
936.430664 69.065048
418.957458 17.792446
427.068970 20.639648
4953.020508 16.815491
3420.749268 10.998603
874.455078 61.887501
12763.563477 28.696995
2978.091553 12.592196
120.165237 11.928451
65.542320 27.060856
2117.197754 42.124382
2019.375488 62.559341
7360.520020 84.926544
38316.515625 6.522692
11071.047852 8.011821
3473.836914 11.772824
1219.226929 17.561293
4062.854248 179.439606
352.316589 185.900848
9495.175781 157.963150
1510.070190 106.062927
8154.063965 199.005951
8505.990234 148.034119
382.283661 133.893738
781.115479 152.554382
2657.396973 75.812286
491.836609 75.882675
2074.789795 90.104889
106.352966 128.371796
29338.591797 116.481476
15224.153320 91.240540
6765.154297 82.377327
1822.130737 79.182930
235.629379 118.913910
516.624146 113.258110
927.491821 119.657310
5677.648438 123.155151
7292.614258 196.736023
7031.262695 199.148758
2156.929443 175.124023
598.002930 142.301453
342.089111 131.650299
31.311625 120.571327
882.503235 119.494781
790.566162 158.983902
23738.117188 132.774872
5979.326172 101.677582
974.071838 110.917297
922.444275 128.688049
931.386230 132.375900
755.453125 102.238747
1042.432007 65.264572
1197.871582 45.909489
7110.649902 293.825714
12159.024414 213.333496
6282.715820 169.415009
2717.473389 149.929245
425.908112 120.445137
436.882477 139.906204
857.345032 151.105316
3465.807861 137.749069
17275.464844 217.644440
1179.604370 175.934631
702.101501 134.556107
157.516418 114.396790
609.875061 18.873446
876.824341 26.450626
24.513184 57.480499
359.260040 100.902237
31339.091797 73.573936
6828.521973 72.419861
3497.338867 55.920868
292.214355 32.925594
2214.822754 53.685570
850.301636 40.862682
4536.005859 34.794205
524.743774 40.297367
11731.692383 69.919037
12052.409180 72.605873
9409.690430 72.622261
603.775391 66.072289
223.630447 117.206245
5471.230957 97.167221
1996.804565 60.532471
1923.352539 37.593735
18070.886719 130.627197
10602.275391 89.072334
1362.557007 90.498062
848.637329 109.972870
165.852234 130.592468
208.807938 183.260193
1818.998535 234.416000
34773.859375 250.720062
2012.535400 212.252380
9051.257812 172.895325
2347.779785 127.369118
1604.635742 108.156494
501.920227 110.115730
908.240234 87.367439
2428.046143 67.234421
2388.864990 59.409706
10945.664062 71.265488
17480.791016 98.293976
7246.589355 118.864677
970.588074 123.217896
197.690735 132.636368
4855.328613 126.701233
558.765930 87.959831
3989.408203 42.673267
32709.521484 177.701370
7147.947266 104.804771
1663.479614 88.030365
1668.447510 109.568848
885.364258 35.551765
212.081635 65.382301
979.913330 107.359512
234.969650 139.780167
7280.861816 80.126434
5786.736328 70.294640
1121.940308 47.523926
579.535461 30.593458
725.494690 60.086216
187.414795 46.526375
394.613129 28.145813
488.902954 11.433621
15829.965820 34.937767
5831.318848 47.208538
12007.395508 58.822281
810.390137 64.320061
300.659180 121.694275
985.380310 196.299301
4784.837891 271.350372
2484.459717 326.908569
422.893066 87.788033
7590.555176 55.598610
2435.776367 45.472366
1476.894165 67.464073
720.330078 10.933638
665.321838 11.150530
6.000600 20.776686
19479.134766 44.522942
2564.430176 126.447731
7277.631348 74.053741
2430.566895 38.476952
760.583313 18.957344
52.159294 4.914492
61.753601 1.604184
447.855286 1.509919
176.901611 13.960486
12889.914062 158.361115
6309.178711 82.508827
3086.611084 34.544651
36.865585 12.456302
1191.962158 25.728756
829.726440 29.095261
2594.948242 35.473164
1579.040771 42.880882
3048.998291 24.342159
3199.081299 26.205029
5563.480957 26.200125
3.186296 25.338808
709.839600 5.676484
2909.003174 9.063055
2430.861328 26.205841
10902.574219 61.443916
4072.442383 1.989119
1005.520691 0.972559
453.892151 5.074724
103.012589 6.722202
429.104004 133.826965
467.266785 123.096512
5653.326172 86.870422
6980.848145 40.180119
4783.634277 188.046875
4789.482910 137.922409
4924.891113 119.209465
628.141235 125.240601
447.647614 193.069580
126.360367 225.371597
300.752594 255.209671
1008.017944 286.428101
6372.767090 123.332672
1796.256958 112.224808
2620.088379 127.418732
876.474487 158.214478
1167.075073 18.729069
53.448654 9.839925
552.543335 7.919558
3479.204102 14.094411
10100.570312 220.463684
7820.269531 144.496933
3096.585693 81.473450
683.542297 40.153900
440.486298 49.167664
790.959595 57.909515
2120.811523 87.550873
918.343384 141.674072
4793.868652 3.612257
1672.867554 20.325741
173.321426 38.468159
228.483490 47.182487
1485.707520 146.981613
178.982529 129.277496
2571.426270 95.747498
1467.153442 65.882980
20246.988281 285.687744
3382.898438 204.715057
3388.980469 162.518066
137.645401 151.134354
2529.332520 35.648891
471.866455 29.554750
692.637207 22.465450
1014.841919 19.267162
1635.625366 75.899010
6593.105469 56.636856
1709.313354 45.310207
989.382874 39.836506
571.768555 24.412792
215.432800 34.804161
1896.802368 34.474335
9227.978516 23.562567
18142.460938 71.102882
3507.465332 33.694260
5656.166504 13.273125
351.077118 12.859332
1272.491943 28.216131
599.365295 24.584534
670.512695 20.456638
11680.405273 20.568089
23299.941406 27.334995
10935.613281 23.834696
3743.050293 25.635456
1707.193359 28.355930
1071.177368 111.042282
3345.342773 106.582275
2830.454346 70.905190
25722.115234 25.505476
9104.162109 136.739227
15326.621094 79.050629
3175.196045 67.965599
422.743774 89.108757
267.670868 110.815125
447.561096 164.420792
1185.140625 232.570267
6314.677246 285.606812
8453.148438 129.497330
920.500854 119.722351
428.441803 98.988190
433.699097 89.732941
400.076416 57.947845
1165.569702 31.333763
1279.641968 12.299597
500.878662 2.751300
32801.957031 128.498779
28904.285156 127.149216
10323.114258 112.290886
2163.508545 87.177635
1713.256836 39.096577
1076.574585 37.270485
6575.667969 42.243206
3281.402344 68.194496
10293.875977 13.037484
2322.790039 7.866800
1470.918945 20.633823
1759.390625 34.458092
1185.852661 62.311886
1358.189331 74.534592
168.665665 58.435104
12659.288086 24.868450
13323.174805 163.493393
132.834015 73.848145
320.014221 32.615299
349.911926 37.668129
721.286499 80.895401
335.293274 101.227104
47.867378 110.250168
602.374023 101.056244
10908.064453 57.388786
5817.051758 50.680481
1184.122559 49.891685
282.793213 60.677181
999.703369 31.643587
402.717194 78.914978
3036.148682 132.309174
1777.478271 174.081894
4625.647461 90.596626
6188.432617 46.618774
5969.216309 14.030920
54.620457 7.409772
54.089363 24.144360
564.438965 32.626709
254.159088 46.697479
5924.473633 65.369171
9868.566406 49.459824
563.831360 34.264484
3389.065918 24.858438
147.853348 21.518969
422.996368 19.001106
2287.759766 13.228674
1247.105103 11.643837
2410.078369 13.830026
1108.810913 83.327461
5405.940430 64.511627
2753.619629 45.460182
86.219666 29.731390
327.406647 267.970367
3412.451660 284.705444
4420.077148 276.060089
922.818970 285.054749
3178.172363 80.753975
661.282471 62.671406
1226.086792 121.570061
401.970856 206.778748
140.505753 139.777344
57.993725 119.474701
1298.068115 106.947098
1143.113770 126.133087
49157.050781 500.872803
582.053467 332.525452
2117.493408 223.095749
3024.854980 167.212143
727.316528 22.329008
490.600189 30.471140
4374.873047 52.138672
9910.048828 82.446762
33195.488281 117.642136
6530.657227 83.027466
4379.311523 51.648174
3103.496094 29.867599
58.643333 35.929966
601.621338 57.449238
1235.903076 72.238518
20926.861328 72.042343
6557.605469 79.197929
3850.066895 46.978371
2948.152832 24.550591
135.511627 21.332943
663.629944 86.057274
1703.587402 90.467941
652.676514 92.204361
10619.042969 87.608086
21838.875000 108.314430
18616.500000 98.257782
1144.098267 88.631294
1022.774048 84.294624
1386.044556 230.104004
2258.976074 217.128830
5568.834473 169.564758
2973.010986 128.107727
207.175385 288.301727
19036.779297 193.492722
3574.520508 175.902451
2272.583984 204.753967
690.504089 59.254765
586.693726 49.697823
687.469299 73.845314
11466.751953 118.450104
11039.844727 170.865692
8074.172852 172.230484
3677.156494 143.026489
3076.739746 97.270660
541.912048 30.891472
1644.724609 34.084160
5785.238281 37.888531
413.916565 36.719883
70899.437500 69.914703
330.717987 58.734711
9169.522461 44.282436
1290.618164 33.763641
565.559937 25.647211
2413.704590 27.140635
2147.820801 28.745176
3214.277832 31.493366
2939.461426 6.821581
8084.990723 11.859631
92.256897 17.919102
1021.179626 22.800730
1351.948608 67.974213
1882.188110 71.331177
8.806000 69.850029
1988.930420 83.959610
12723.696289 36.575546
4271.095703 11.938932
6834.604004 23.563526
2593.555176 49.476238
521.953003 45.940311
48.678646 39.676056
3843.609619 26.675556
154.151123 20.714676
37384.664062 185.255997
12437.539062 106.067764
10466.712891 61.989418
6213.022461 47.934761
105.603172 2.614738
8.258395 0.253946
152.798660 2.810175
955.110474 20.955681
2143.064453 27.522278
342.822571 5.252543
785.703735 0.287999
597.016113 2.323030
411.703613 118.199646
801.996643 123.053566
3242.031738 105.506477
2134.417236 75.794380
6578.464844 146.806610
3366.875732 100.667770
1392.849487 86.558914
736.274048 99.063309
421.135223 73.636459
338.848053 83.034714
3263.325928 85.118462
4458.686523 77.402122
8089.786621 203.040466
5023.936035 136.843155
121.526955 89.578224
674.791199 70.609657
1128.893066 92.923050
844.039978 90.803741
6232.453125 109.470535
4309.810547 148.043579
1748.750854 44.797695
28749.810547 80.961372
1172.927246 101.936646
3975.118408 102.568291
268.559113 106.869644
534.378967 71.504662
483.094269 37.590733
4102.682129 44.989651
5176.202637 202.932800
5446.771484 136.811371
5935.213867 120.067856
90.061813 120.552597
459.257812 179.333420
576.427246 192.031631
1012.401062 194.350708
595.057251 172.008224
2944.347656 251.182236
5419.311523 223.226166
4096.444336 191.767029
340.334869 175.523529
180.075928 18.699833
141.484741 28.397232
1004.935364 45.287079
6027.071289 61.683849
8037.040039 69.701393
8511.884766 53.488113
2524.260254 34.595066
833.727966 21.012684
775.780945 5.762247
170.044434 3.072065
173.136871 2.323753
11514.656250 3.799010
2602.102295 6.616626
1483.181152 9.723543
1112.340698 10.579150
598.534302 8.885407
177.615631 62.631168
783.577515 81.611542
349.785980 97.567169
8244.218750 104.273987
16.697046 62.685322
30698.902344 50.770626
256.135681 44.441837
2046.804077 48.457424
168.859985 15.309206
537.247559 12.751348
6405.375977 5.729932
14688.350586 0.421316
7267.064453 57.073353
6961.222168 29.467552
243.010269 16.190548
1650.712891 14.156231
860.515503 18.477839
3166.437012 24.985659
307.882996 25.324678
10839.050781 20.566294
50852.449219 35.568691
6202.093750 16.173555
5074.924805 7.686949
343.606384 10.277876
2043.061279 41.372688
769.595215 32.489353
317.776398 15.293783
2201.270996 4.232492
11314.070312 53.037155
12713.433594 30.005838
987.530029 28.684364
840.533997 37.445263
2365.144531 8.247819
1088.635132 11.817601
1258.461548 20.415600
2888.458740 29.247139
4374.219727 25.898411
1563.980225 24.835510
7572.863770 18.483070
1909.252441 11.293893
102.467651 41.265678
188.510910 36.180412
901.631958 27.511902
4112.751953 20.028496
1545.774902 11.882732
43.679634 20.478374
1905.707153 31.415365
1634.622192 39.579987
402.615631 6.713027
426.501099 2.693641
7123.692383 13.999003
403.346436 39.775257
16090.527344 69.594406
722.026428 56.514286
5687.227539 39.915867
875.908997 21.458853
1127.442871 41.684547
1099.684570 67.588188
2834.505371 117.440704
13220.026367 177.522278
1011.637939 33.096260
1870.973389 44.572742
2761.810303 44.249821
253.154480 38.306870
301.495300 8.753785
231.880432 4.238742
1223.948730 0.570448
9197.135742 9.609892
4636.365723 136.474579
567.703430 67.741615
439.580536 28.470928
2256.133301 13.338586
1358.492920 37.079762
726.784180 48.749622
5824.760254 69.064705
5147.347656 92.384445
4800.190430 21.504063
6033.863281 29.697060
4425.647461 33.042175
527.942322 33.577961
173.647415 6.291408
517.716675 6.022905
414.357788 9.085909
494.452637 17.981024
40985.757812 51.344090
13850.254883 30.051016
389.525543 16.288532
721.812561 9.184922
2188.853760 18.854603
578.581177 10.204731
881.833679 1.958525
5561.614746 1.511357
16442.044922 25.000380
7724.164062 20.065342
7450.779297 21.379622
5451.464844 22.603167
346.025635 38.350471
775.296509 42.455029
3529.793213 41.771946
3934.817383 34.583900
15789.546875 41.444138
1942.829590 35.787537
657.224426 32.421696
448.109253 33.680393
351.854736 26.417889
1980.732300 40.598804
450.832733 47.125839
249.482635 43.358856
9758.873047 26.674597
6831.976562 11.495516
650.039062 5.803356
431.226501 12.111153
2343.499756 6.203588
693.836426 26.734434
2906.663818 66.996140
13394.864258 118.550629
4948.183594 31.318939
16051.134766 23.180893
3033.821533 12.869736
734.022095 4.263837
1233.835083 98.101883
448.176208 101.323875
788.861328 100.035843
1042.852783 87.301163
13099.503906 136.542923
781.951965 124.820831
3678.422119 109.211197
122.722260 99.223228
1760.528076 7.200314
641.008911 9.214054
2023.974121 15.102326
109.610565 35.796139
2296.666992 42.391838
36109.675781 10.076179
3379.599365 0.425766
4202.032227 3.082359
847.601929 24.613710
75.390289 29.610388
120.839355 22.388462
2456.073242 13.310240
5946.265625 76.111092
7477.066406 25.429157
2040.490112 5.970098
2311.346924 11.433561
840.204102 2.168485
700.936707 6.879636
5220.812012 11.352313
597.484314 13.482738
17525.453125 18.345022
6145.523438 9.543928
3241.036377 2.638479
2241.553467 0.102820
398.460358 21.917259
1180.085815 35.915943
2580.552979 74.619370
7724.595703 146.525970
69.229095 11.917643
1824.740479 2.133762
2171.394775 8.772183
500.580505 16.431572
1496.605103 13.973414
891.019287 13.540777
2462.113525 9.371099
27503.492188 13.558941
29551.382812 195.563950
4504.033203 96.242584
6217.685547 37.105217
2013.109131 15.695229
3103.237061 10.269971
1429.316162 11.834156
1823.746704 14.542603
17068.291016 18.079313
15086.656250 43.007236
2548.096191 28.309727
1273.046997 17.266188
437.782013 11.461587
1358.204102 1.079244
1315.042358 0.419116
466.690216 5.351823
6054.319336 17.053112
3902.955811 1.220333
6104.553223 3.157469
600.095886 4.694930
1383.039673 3.671943
1644.320557 5.186876
54.877316 2.650978
710.417175 2.128140
6421.222656 7.025240
24075.357422 9.793225
11907.691406 6.256019
813.885559 6.320096
1235.705322 6.648421
366.418518 5.218276
789.845825 0.631077
172.628113 2.801259
5079.979492 20.809456
36504.695312 6.007557
7754.270508 0.061664
11562.341797 3.816799
4411.102051 7.290254
381.875305 66.747681
2112.216553 54.846397
1750.990112 42.471786
7913.978027 45.765064
2389.845459 115.068314
1414.222656 81.070755
819.537842 70.330894
124.504257 70.226418
419.794922 83.483856
247.580444 92.990295
2799.759766 77.368942
2696.445312 42.775719
22845.888672 143.265320
16280.752930 83.580452
5370.487793 56.750481
1298.896362 63.082241
1612.654419 46.424461
44.316078 62.236195
3544.848145 69.785004
3396.627930 63.043419
6842.996582 43.934059
195.202209 33.196266
8925.593750 27.361601
1248.072632 32.196598
46.038918 48.533958
1241.364868 76.344208
1771.417969 103.242554
3687.083740 118.771111
9205.562500 94.669373
2275.837158 61.321220
1030.007446 37.343842
627.390442 32.750385
658.993164 25.301754
192.474121 12.522206
1131.787109 9.885547
2059.575439 18.814095
4603.758301 45.775528
12487.988281 53.802780
1131.084351 52.637123
221.440262 41.435059
494.476135 24.292202
220.956421 26.882254
1764.917114 23.660885
539.792297 15.750575
5157.741211 13.797379
7407.906250 10.598631
5420.379395 12.321070
56.619827 18.070423
410.527710 114.189987
1684.037231 132.810593
552.899902 131.781250
510.810455 110.967354
1778.792725 39.070595
13435.751953 41.232563
31.389400 57.171661
663.894531 84.752594
397.055634 54.256222
346.133789 90.610291
2595.900879 157.705124
801.420044 249.971924
3086.335938 143.238129
10226.263672 92.488419
75.495224 59.955841
5819.209473 45.947563
910.642273 65.671066
66.666336 77.735764
3893.891113 99.640335
375.062988 126.756477
825.026978 95.936195
3536.327637 82.926788
2171.268555 71.382774
109.335335 64.355186
743.630859 27.930595
734.719666 22.241138
1301.222656 13.577472
2342.018311 14.275990
1634.923096 187.697449
1150.726562 103.410400
2457.227051 53.020214
1241.236694 33.180897
623.445190 71.538635
1331.896973 87.342850
8948.668945 94.689522
10482.166016 92.188736
7198.754883 3.893332
3335.086914 14.037109
167.585312 30.486898
883.257812 51.009888
3101.723877 31.425964
365.241302 32.715984
3149.301270 29.809635
15952.079102 27.531361
677.885132 41.066681
15098.698242 25.613607
2771.755371 21.898258
2643.137695 26.104279
1495.027344 15.514938
238.520767 10.707050
235.904053 2.678309
9538.164062 4.071631
60412.027344 46.684822
9269.959961 16.605404
1614.945312 8.660419
2349.054199 12.638810
837.500366 22.545593
1011.561890 20.961517
2142.630615 28.471893
2146.358154 46.416653
15084.128906 7.103929
6710.134766 18.480373
367.507263 26.219572
1512.945679 26.659985
88.883636 7.326676
43.414284 5.377020
555.218872 4.547446
294.972229 3.165934
6691.132812 44.416813
4428.272949 33.634010
331.780060 21.802824
1336.620850 12.522775
1270.615112 19.864891
505.559845 26.629116
6439.084961 32.242863
1726.477051 36.190327
7128.536133 3.630562
8443.568359 3.723681
3082.666016 7.104587
1049.207764 12.919730
238.016159 13.364435
1810.547974 6.259206
268.823669 0.623330
2423.379883 4.030128
5808.032227 31.810726
6998.970703 20.240992
1360.695190 17.355663
294.008728 16.878696
1092.167847 6.492686
2327.708984 3.921064
3019.558105 11.231761
57.016506 31.324984
15345.615234 1.104401
2638.916748 7.158845
6488.034180 12.218726
665.546997 11.500540
458.178101 44.818211
2398.530273 34.435867
1655.139893 41.833874
9153.107422 67.556969
20787.277344 55.433472
1534.167725 70.888168
4246.757812 73.963837
1370.662354 62.521210
370.951660 16.433134
16.687017 26.494726
3274.109863 54.728703
527.461670 87.984734
29293.750000 58.690338
6766.419922 60.623413
9890.774414 46.148460
3509.322266 26.321135
176.042984 66.736862
2551.587158 61.408062
1203.995728 55.192413
6505.297852 48.031448
16270.978516 76.215530
2695.197021 77.296669
9285.187500 75.262733
6174.204102 71.428085
234.753754 10.570553
2445.364258 19.676908
9311.652344 28.346741
3457.992676 36.855305
5395.021484 42.514053
572.448608 18.421980
2254.046387 5.516529
1899.283447 4.167281
132.344574 25.234980
178.751831 35.734722
427.314636 46.688759
22674.037109 51.568188
56031.914062 67.429459
9660.987305 48.588867
5328.586426 31.099468
2791.176025 22.485115
334.482208 5.943108
767.975525 2.869113
4966.766602 0.335214
11183.943359 7.970931
8679.014648 60.145561
20931.931641 25.095295
3542.167969 9.455541
1537.681763 6.363560
309.729401 11.002169
257.759186 21.374035
1947.202881 35.757191
12691.789062 52.008354
2201.963379 6.421177
11467.458984 3.125569
1800.936523 2.646527
54.553925 5.010561
4.109097 6.227239
1550.606323 7.802975
817.915955 11.121840
4118.070801 16.689762
26891.457031 10.767220
5133.541992 7.331778
9763.740234 5.899985
833.824951 5.678618
933.461792 29.538280
588.348511 44.099655
365.998749 54.754333
621.559082 57.922298
2280.270996 4.499729
7639.729004 3.468117
5963.097656 6.764554
1677.054932 15.845125
602.924011 11.192341
631.776001 3.371835
267.424805 1.989963
2224.685791 6.367114
35676.382812 31.095837
3629.222656 35.369354
4805.307617 32.024490
365.333313 22.460445
1128.390625 49.925453
1890.226807 58.198837
1099.052002 54.307884
6413.917969 41.913849
2842.871094 25.407959
12295.776367 14.767035
2270.377686 18.713295
2075.905762 33.577019
55.913708 2.277572
746.758362 5.633049
13.017082 6.833388
3151.173340 4.801022
4247.535156 21.944323
144.093597 10.368374
430.935211 2.370447
208.302338 0.062984
32.467178 24.833813
555.794739 26.180439
717.827148 19.991005
7815.717285 12.776682
8624.108398 10.037325
7437.703125 0.598334
3052.526611 4.492851
3227.389160 15.559100
400.342682 39.916817
392.319397 29.716427
183.278290 17.234303
1203.419312 24.124939
45007.179688 28.668549
3179.825195 9.056368
5102.054199 18.100042
2153.248291 34.668518
1417.167969 95.494064
319.379333 106.392670
1005.355225 86.621437
86.648277 45.825497
8600.890625 190.079193
8427.193359 105.259415
2580.855957 65.837112
4582.409180 71.178894
236.397980 16.700882
638.106567 20.640907
55.761795 16.199757
38.044884 6.943074
3863.815674 32.573280
461.724731 11.252087
821.050781 3.692868
273.729340 8.156938
89.780663 72.691925
504.739166 79.983955
156.031372 70.217606
7192.778320 54.676540
12554.511719 119.454697
8588.505859 64.248146
2011.522461 44.858181
2174.466064 54.440025
422.257141 83.436745
1024.766846 122.701759
910.721069 152.828888
4808.696289 152.515793
8566.068359 175.406830
3898.633301 122.513184
4410.702637 77.017624
964.331299 62.562241
1501.324219 31.444120
818.906372 15.121391
9125.560547 2.529154
1487.097290 1.157318
6706.084961 57.742256
10190.392578 53.854279
4026.350586 51.131367
672.030762 44.415184
32.282887 42.509331
1333.833618 45.536125
1744.756470 61.019157
4802.483398 95.680283
23543.671875 2.296728
5594.432617 13.029452
4196.396484 29.414440
104.625206 39.878178
1563.516235 10.696157
245.994308 2.818471
1419.293335 0.540172
3564.238281 0.292485
26314.753906 90.497978
601.780823 72.916496
3278.943848 49.083977
1373.103516 26.544338
1403.652466 14.439106
692.750488 24.547674
2059.462891 39.400452
6508.570801 57.286354
47.446217 0.091950
923.483276 1.042335
2263.746094 4.097571
1678.613525 8.242400
265.026398 10.200221
326.738953 20.131069
1254.170654 46.513268
1299.190186 97.774216
12279.929688 26.790880
9493.348633 5.220103
4141.121582 2.196967
561.294128 5.737864
693.499512 64.557327
1078.574341 59.875359
595.270996 49.412109
5302.460938 34.018764
32338.666016 156.811722
15845.165039 117.147797
9942.900391 86.538727
790.706360 70.386185
1067.400879 4.520440
707.882996 13.610200
2734.486816 37.575150
4786.679688 79.649117
11681.156250 12.949050
7884.940918 3.049154
987.795959 1.801533
1660.285156 2.513830
109.195007 76.080956
150.837860 78.391678
1496.032227 77.683998
2713.939697 71.804520
18532.585938 45.987316
1049.241333 58.281921
1064.780884 66.698288
41.131683 72.216270
550.352112 22.817665
909.428955 21.260429
1109.668579 28.135677
10024.369141 56.313911
14086.733398 62.043442
3550.711182 31.256334
417.214844 22.457478
2708.864014 23.069244
301.632141 28.763451
107.318199 16.319012
34.394184 3.631732
4524.812012 2.984840
907.070862 103.993484
3746.244629 65.073280
3871.485840 45.002411
251.137299 36.484810
285.833038 163.347595
717.186890 174.235703
4512.599121 174.438766
9239.453125 162.818024
7745.317383 135.715683
6830.732422 132.029465
232.377640 135.960663
3056.977539 148.018524
1196.686279 27.831156
449.020691 41.072891
3031.038330 47.934341
25684.228516 49.259388
18551.464844 105.666550
18453.917969 53.099236
10254.331055 22.710234
2249.112305 17.237511
112.405884 8.376256
909.769104 12.651054
5147.784668 16.027493
3462.122070 24.998211
16527.595703 44.175964
3455.744873 13.488549
3405.124268 1.341740
1142.432983 2.578098
72.798904 38.264557
326.433960 39.600143
1753.664673 32.294403
789.373291 19.722441
16720.992188 143.863525
2477.421387 86.529861
6786.438477 49.754402
502.401978 36.873039
1069.298584 50.652111
1221.605103 54.498508
2789.160889 59.606903
97.365944 64.252213
3489.402100 21.006195
13025.406250 33.230560
3176.523193 42.134621
1705.945557 47.310150
718.493164 15.200012
420.525726 6.808743
791.308838 5.542092
756.492371 25.911032
23051.964844 50.503334
440.322388 25.290485
1058.549561 19.441685
354.265106 19.529205
626.209778 30.215504
280.972504 50.422108
2996.012695 86.254707
9564.229492 132.736053
21780.726562 7.938691
13944.677734 12.957237
3973.589600 18.067192
4202.369141 22.012642
466.810425 123.188362
959.380676 97.271233
347.675232 62.132664
2026.334839 32.550438
6043.011719 221.672989
10709.473633 177.864975
4547.672363 151.793579
3182.995605 137.999680
815.892090 109.739731
356.208313 124.056633
2125.331787 139.382477
3965.830566 151.410248
26944.882812 110.240944
27829.601562 102.297897
2301.707520 98.161148
4301.073730 100.434288
198.330505 76.398430
2531.438477 88.893036
104.543968 100.777420
18444.023438 105.017731
3815.032227 97.208885
182.550079 85.735718
3028.415039 74.535614
318.311829 70.538292
818.864624 2.102823
3058.724365 14.980599
3610.563721 53.862385
15219.593750 119.799469
28803.650391 11.646217
4110.905273 6.963729
2496.184570 6.549213
434.320129 3.495101
1475.061768 57.751068
268.624420 57.578606
5315.643066 45.767570
6725.248047 27.845490
1159.390381 218.603897
6678.842285 133.841492
6959.924805 78.766449
1611.156860 58.033997
2606.881348 40.981071
227.096436 62.992031
1692.497437 85.285446
5487.623535 105.828705
15267.498047 11.562824
22961.966797 4.537074
4853.235840 8.611365
3314.860352 21.804108
3607.384521 19.738558
927.701477 5.416059
363.769135 6.440503
2954.999512 22.618282
21781.949219 58.904526
7595.409180 65.907913
2125.598877 59.830929
2880.614014 41.636345
1073.307983 129.628937
755.501465 119.626556
153.098709 97.463066
5239.160645 75.085373
7970.137695 84.813141
14539.204102 89.194260
4976.374512 105.655411
1159.248779 123.117805
343.203796 40.094799
1303.618408 60.000233
1442.290527 75.324692
1041.421509 80.422592
26744.052734 70.032715
7251.774414 42.408508
7164.501953 25.677446
1615.100220 25.699219
1153.472778 61.731991
1738.942871 87.513916
222.214905 107.090477
3452.346191 113.919907
2049.262451 154.976654
5021.271973 94.222832
686.447754 54.535473
770.349487 45.518158
612.657776 93.497818
6384.653320 63.848885
1768.882935 41.266705
2186.375488 30.964386
36478.933594 104.453049
4204.666504 126.659958
8531.948242 132.716400
304.871918 119.925201
2319.335693 207.291595
726.691956 193.315674
416.289703 222.655304
7139.794434 328.448059
32.729660 169.936890
9516.161133 173.275162
1313.525879 203.789551
5007.617676 219.230453
928.374390 222.075806
440.513275 213.518326
1720.557251 183.413696
7478.383301 125.692322
10962.684570 511.008545
973.959900 392.117859
5002.968262 292.649536
3853.626465 238.399521
1661.225952 22.239870
664.089417 33.823997
1679.161743 51.506893
9242.247070 68.494576
20632.029297 39.271667
3471.572510 33.791977
7626.243164 25.597298
1202.560669 20.037098
1245.711914 5.023746
677.372559 11.079719
3684.473389 13.450117
1566.919434 10.821676
6988.535156 66.221107
3808.056152 33.310982
3244.526367 10.489030
467.127014 2.182083
148.419861 0.839229
760.128601 0.840552
180.206223 6.310441
3725.317383 17.136127
8932.610352 24.488091
6541.385742 17.487152
1410.313599 10.836973
1125.784180 4.830005
1109.600708 21.848976
1044.996948 32.708454
640.345398 49.319328
4656.619141 66.956947
28169.904297 18.180851
2498.326660 18.999849
9813.969727 18.090839
1306.103638 17.788025
140.728134 5.783630
719.204651 2.687921
2403.325928 1.682031
342.961700 4.441372
12760.367188 50.077930
3326.924072 32.677719
1885.161987 19.464306
580.756165 10.927032
25.801708 51.966637
554.038452 63.392906
393.784576 80.096031
4101.331055 102.329224
8396.837891 6.129432
6725.969727 16.570599
1500.715698 30.166542
622.049622 42.051273
854.113403 132.348267
1819.751221 118.627350
9978.877930 86.288345
517.683533 56.119526
14589.304688 178.147095
11191.859375 129.666748
4238.438965 116.891151
5449.918457 125.900337
1549.401611 18.567537
878.195190 12.356437
4855.538086 30.831486
9684.951172 75.972343
48164.835938 64.271797
2575.929932 61.769398
3305.592041 53.922928
181.208603 37.134575
1835.530396 9.647586
660.481689 17.445793
489.990540 36.999672
4682.033203 71.694496
4757.687012 66.366600
3799.451904 34.895206
1085.791504 17.273273
8020.357422 9.821462
1389.622925 38.188278
370.794556 34.551079
3802.937744 31.813587
4026.364502 31.422421
200.185074 98.953316
18168.578125 74.670044
3317.345215 55.825985
1855.693237 44.260166
848.825256 66.206055
212.438263 96.478439
2163.188232 140.357986
2272.587158 194.595337
20705.523438 11.173532
7740.961914 15.976426
2359.364746 29.282089
1656.947144 45.633930
220.369781 3.140718
1455.937622 1.977453
2444.591309 5.698990
2256.368652 15.597820
17937.685547 98.581055
9335.144531 59.148975
1814.879639 29.048996
692.477783 11.004517
186.171738 6.484519
1328.812256 11.271786
701.094604 23.707376
452.957825 48.000618
1275.118896 13.246765
21231.058594 2.995174
2214.704102 1.907461
3450.336426 4.046667
423.549591 51.599720
842.063049 53.848690
796.762085 75.925415
105.726257 131.654633
3200.382080 102.539734
1913.210693 67.591766
1101.395996 56.641106
126.052536 54.169193
876.888062 200.017853
578.839844 135.414734
4358.575684 53.516232
10499.195312 4.675574
9107.320312 329.641296
8570.809570 252.703674
1358.132446 229.484894
989.588867 225.634918
204.878632 231.403732
473.049713 269.601379
2539.794678 300.970154
2435.958496 302.549164
22997.121094 207.519623
12227.955078 209.872116
2584.500488 203.343628
628.627075 207.113098
1583.209229 62.374363
1038.946289 129.140091
195.429947 192.643936
10583.591797 232.721069
8110.480957 172.424210
2671.620850 84.326126
3807.398926 27.511992
854.752258 21.128105
390.191132 1.097619
689.782776 0.854768
4115.236816 10.939752
305.248322 37.977150
6290.150879 104.562820
7490.819336 55.394512
146.555084 24.424820
190.436737 8.208661
162.755661 8.638218
147.628876 8.418771
608.091064 13.212639
1553.396362 21.987518
543.679993 87.646057
1532.586182 58.060650
2825.226807 32.854645
578.366394 16.167896
341.734192 9.529330
2434.701172 5.553443
1527.574219 0.916939
507.345093 4.671212
1604.882690 29.321522
1934.762085 10.367184
505.892273 6.013734
931.328552 8.578424
45.965488 36.212605
19.691423 35.960072
1084.831665 34.819832
3650.602539 32.012848
1545.144409 32.012848
3650.602539 34.819832
1084.831665 35.960072
19.691423 36.212605
163.744843 14.295177
1126.088623 27.156019
130.179398 39.106155
1411.062744 46.267876
104115.515625 5.851585
1211.892090 1.563658
14221.960938 0.393920
2449.620117 4.578878
3272.290039 13.224937
1397.266846 5.944084
3576.768066 0.118396
5322.774414 6.602547
5471.524414 57.510025
3684.337402 29.774429
3597.882324 18.855047
735.615112 16.446507
1002.172546 23.210598
421.023895 25.476908
1078.619263 40.019314
5323.701660 66.779800
1621.610352 7.779592
788.398560 19.086300
1853.752441 26.364016
1380.661255 26.348814
330.199921 68.065285
1946.296387 71.765694
859.598633 80.027695
1244.018433 85.381302
7579.657715 80.424782
736.291138 85.446922
3810.331055 80.306953
694.771423 71.999657
1789.037720 54.363991
606.218750 41.669914
496.681885 21.954685
10320.090820 4.562688
31695.410156 90.466743
3212.937744 69.562241
3633.306396 60.583527
743.590149 58.554638
485.550842 31.222025
458.760925 48.948380
1855.630005 93.143448
2046.958130 157.884033
14051.651367 8.842800
9129.733398 24.093241
5181.225586 32.114281
4118.208984 30.879641
142.940506 35.904285
244.587265 22.265739
5404.123047 14.771024
126.909271 24.085060
405.508850 193.705582
6918.917969 126.369522
2218.913330 80.366913
1067.750000 53.177368
169.977966 176.812103
5239.075195 158.578491
1936.862671 127.344162
307.768616 96.184593
13418.266602 118.815384
3949.727539 135.317902
754.876038 158.172684
129.100006 175.579941
511.009033 197.921326
841.691284 197.066589
2842.410400 207.093185
4100.685059 247.621460
36635.757812 250.664062
26355.382812 204.083511
6186.867188 192.197296
2510.030029 195.668304
422.319733 190.923004
378.202850 200.874557
2650.000000 215.205078
12676.529297 209.911713
14198.280273 500.281830
47247.234375 395.769348
12051.036133 287.976013
8705.124023 215.133469
816.060791 23.041622
460.426575 13.605537
1656.318115 15.818794
3718.865723 26.976433
22790.958984 75.642189
18585.523438 73.541443
10164.355469 60.595226
2168.827393 41.142483
466.537262 1.060246
491.192627 2.811977
589.143555 11.625778
2223.845215 28.149704
27034.148438 7.854528
1751.992065 6.026725
11646.078125 5.006323
1100.829224 2.958801
23.979919 123.417984
66.367882 132.448593
5105.522461 154.889389
4862.395996 184.131363
20475.683594 85.391151
4810.132324 110.288170
6124.133301 122.646225
268.107971 123.776573
380.608429 71.796944
648.608704 76.883095
292.962616 66.204826
3837.098633 45.996113
10832.479492 251.661865
5059.410156 149.704620
714.489868 86.212349
739.312317 66.242874
2256.893799 3.127783
219.293335 7.268424
266.436859 17.335617
2479.463867 32.698555
936.887634 4.589739
8799.314453 3.928558
3789.956055 3.640171
165.866257 2.866648
223.180679 87.941940
1806.625122 95.339012
1081.782837 85.176994
6285.012695 58.388031
557.754944 92.167862
868.605652 71.225952
3507.845459 64.237541
145.496918 72.881500
502.814941 17.179600
264.736755 20.826359
1407.771240 46.187435
6275.049316 92.728348
40017.957031 67.660599
495.977234 54.997772
1769.728149 42.086853
716.035400 27.566948
1773.010498 92.397835
576.503540 110.014954
2762.458984 130.792038
7873.665039 143.554337
23404.294922 65.438141
3739.785889 77.901810
8260.433594 81.493607
769.570740 83.678322
137.463440 10.094592
1563.494141 12.482406
3673.888916 14.168698
10161.953125 15.059431
203.014297 99.578873
5485.961914 58.027527
1673.485962 27.574413
81.157310 12.693016
410.556641 37.008720
1861.121582 32.548836
1222.325684 34.756031
329.183258 67.594368
2018.245117 59.177570
6045.617188 20.464043
265.193085 19.339336
152.238342 31.674637
59.946945 84.730080
1069.873291 81.936996
1043.540527 64.452324
1454.039307 35.760555
50095.421875 123.738182
2143.913330 96.036591
5061.869141 81.050873
338.912842 80.239861
797.448853 2.359340
943.252075 6.031289
2037.092285 18.277836
154.595078 39.351631
2228.764404 0.155750
22535.408203 1.682046
3490.378418 3.448422
5293.395508 3.068877
1372.332397 57.141026
346.492249 58.650116
7227.867188 53.024677
6584.328125 43.716122
1689.480957 17.070871
793.461304 23.437305
2.909722 35.301373
778.674072 48.261856
603.723694 72.574638
233.440369 75.935806
1577.774170 52.370399
20560.119141 21.581800
4506.484375 70.663300
4117.170410 21.947496
328.664124 18.770473
103.351715 45.500160
587.548035 82.219795
426.897308 97.375900
520.520752 103.943329
241.578796 99.423363
51997.199219 134.704437
24000.148438 95.110252
6520.205078 71.660645
2071.490234 69.424431
239.771973 12.315084
724.761963 21.576277
6086.625977 34.057674
11603.745117 41.571083
3657.878418 111.407608
1396.266357 73.355583
814.041748 37.654018
631.752991 16.026142
495.227570 0.481776
622.229370 1.886374
538.508667 2.923493
3148.484619 3.259857
14742.677734 21.300222
14453.454102 11.114237
1734.240479 3.726696
2610.391846 0.437671
599.876404 29.920740
249.714279 27.977613
569.225891 22.115593
447.074127 15.711836
28361.320312 1.737794
28699.761719 8.502716
1861.092407 17.978512
9119.828125 26.237865
308.435364 8.852235
726.549438 15.712972
979.608093 31.042046
934.083008 58.236927
1366.499023 25.019264
2071.679688 10.245224
1904.904297 5.582809
1639.391602 6.010666
524.059509 2.079532
169.927734 6.704019
480.622223 24.117863
8275.182617 62.899757
9021.024414 29.114733
151.218826 6.292915
2511.217041 0.325404
104.051300 0.890907
431.154083 53.413639
452.896240 43.502293
4131.766602 29.827900
2116.694580 15.813578
8897.210938 185.748566
321.367371 131.307999
691.616760 89.531708
1273.479004 65.438377
195.556076 75.064507
570.588196 85.816353
148.313553 89.912071
5158.469727 83.522301
31216.312500 66.135719
7846.474609 60.965515
1578.974609 59.209435
676.186279 64.340652
823.445618 0.832778
815.779419 5.190367
4458.051758 17.861156
914.651733 35.285950
839.437744 17.479771
5774.775391 15.937229
5186.837891 10.640726
2716.911621 4.026796
11.804562 25.564554
957.985596 33.674183
628.878418 41.061821
3014.690674 45.930641
606.826111 2.855205
8206.242188 6.589899
73.298927 11.686941
1785.726196 18.042473
252.379059 24.899635
998.664429 36.308586
641.635254 54.854115
10270.235352 85.777588
1834.251465 21.913984
5738.344238 7.027828
1077.406494 7.581415
1896.330811 15.425697
6.644264 29.910206
66.254967 26.229362
1175.764526 25.416573
1625.838379 25.583532
22006.011719 162.816681
2031.432617 113.634033
1962.643677 70.792145
96.895332 42.825340
116189.671875 116189.671875
116189.671875 116189.671875
0.000000 0.000000
0.000000 0.000000
0.000000 0.000000
0.000000 0.000000
0.000000 0.000000
0.000000 0.000000
