2594.340576 34.919510
1176.574951 95.040070
1168.683960 181.344177
3582.802490 275.883270
351.102966 42.877579
2063.047852 19.116329
1234.078125 4.697863
600.894958 6.626751
523.273315 86.890587
860.823975 58.485054
8243.165039 53.698380
4284.616211 97.194130
12328.003906 979.729309
2619.148193 597.137512
3403.158936 316.896027
941.486206 157.734314
534.167847 123.976639
250.464630 76.471565
831.653992 50.325428
3964.167969 43.372093
5947.962402 308.440460
7716.759766 293.781616
2759.000977 248.728561
3533.016602 186.286758
380.885071 48.328842
498.631378 68.842545
1547.197754 115.601646
4417.929199 175.294571
4363.354980 416.008575
1000.311096 270.670563
2101.957520 147.398346
738.082275 71.151871
1018.931519 136.030289
2663.198486 73.280479
75.723312 50.098255
294.761230 65.958900
4273.676758 862.903198
3294.156982 636.773010
767.297974 419.799133
2590.228760 249.067322
973.122925 84.559639
374.928741 69.962181
947.200195 72.378990
2116.905518 86.541786
6298.387695 199.139374
3073.770264 182.623550
1447.838623 151.188354
1849.947998 114.519791
1878.571167 36.735844
21.783964 54.544502
6697.983398 94.905640
1476.630859 154.271332
8631.008789 135.047821
5156.286133 91.962799
396.145081 59.407406
100.570786 39.741333
327.750427 1.338227
1245.544312 12.771996
1794.890503 21.334181
2652.946045 12.859027
60.465485 373.589294
8.608119 220.764603
294.667511 91.623238
1386.798950 18.688030
2516.871094 37.451591
586.000854 34.477749
1114.955322 43.688782
1954.183960 79.635834
4111.818359 179.683716
1933.198975 105.205345
5402.012207 63.666164
1574.912842 45.436718
2220.568848 105.645760
444.927124 76.393944
3392.748535 64.878502
886.983337 69.286812
1042.775757 365.628326
3301.025879 296.461823
2579.362061 221.087494
185.164963 154.546356
4785.300293 47.536072
1572.320557 75.119896
118.338379 145.355164
2799.278564 260.570679
6712.523438 179.364471
4943.638672 113.581879
194.073074 72.847275
339.680511 50.340832
1351.777832 58.272865
1623.342773 18.203957
2554.623535 6.446681
1124.088623 5.455915
20763.761719 620.885437
3817.901855 462.472290
542.808594 289.306152
294.746063 147.085022
571.145508 38.117973
1842.893921 50.481853
1839.382446 76.688499
3622.677246 117.501587
8511.367188 117.501587
3622.677246 76.688499
1839.382446 50.481853
1842.893921 38.117973
3027.558838 9.139427
3769.577148 42.707115
3001.250732 100.828682
1837.159790 145.331635
37635.613281 394.894592
1568.822876 265.998596
246.849213 129.341339
276.850861 35.051857
3092.645508 78.767693
3514.321777 36.539715
4832.911133 35.921383
2476.236816 77.346909
17485.773438 745.462036
418.117218 523.510803
2069.183838 322.032227
344.924194 171.359833
1173.269287 269.103241
3588.700195 266.132660
9556.289062 280.383209
7054.118652 311.259033
7131.897461 435.198761
4315.617188 376.931702
4839.799805 326.285919
1164.329224 289.398010
906.029236 54.173759
748.604370 40.212559
510.113403 52.459270
1056.438843 89.730431
1514.922852 583.688660
4927.269531 385.385040
13.457800 218.771851
1153.330322 108.533600
1093.409668 22.969994
1638.128052 26.441141
217.757278 62.476021
1179.146240 114.284851
37313.792969 100.217850
2273.068115 107.701973
243.442780 85.887474
1636.864258 49.399200
1915.833252 57.578983
125.017845 50.928131
1983.938843 55.725029
1990.721924 71.287643
5191.315430 405.831421
3018.326172 269.343964
129.384094 157.868866
64.164963 88.329025
1931.072144 21.648975
38.565548 24.386461
3549.747070 40.877590
1371.677002 68.011383
578.351990 118.065620
131.780518 86.000069
1503.865967 55.911240
366.194916 32.980301
397.983582 17.597780
2251.424072 38.022293
3404.825928 82.038635
1906.853638 154.886765
5462.933105 97.582848
3086.826172 46.514168
716.995911 20.962179
442.659058 12.875904
1167.437988 33.465546
2126.849365 3.301100
898.538208 6.904216
1011.558411 33.217892
28142.152344 167.216232
1356.052734 177.235703
1600.382812 146.126404
368.991699 89.132927
797.790161 4.799844
550.791077 38.297382
3243.751465 88.319702
4484.291016 127.654900
6662.762695 102.655106
3759.582031 76.963783
1360.445312 35.740719
1651.956543 4.858193
3745.135498 60.173244
2770.825684 61.762062
3422.697754 65.464134
625.949707 72.866753
8594.856445 224.477051
1060.981201 150.277206
156.325378 96.075966
142.003723 67.973999
330.749329 35.360504
578.727417 34.315960
760.226990 43.154785
1951.018311 79.515770
2096.808594 190.387772
700.549927 102.203934
9989.331055 55.901085
1214.742920 39.544086
572.155945 99.785645
74.271790 56.631916
3100.302246 36.538040
4402.446289 45.155304
2313.572021 250.961121
4724.394531 234.874664
5322.222656 201.359741
1544.756592 152.926498
1732.119507 24.766813
2521.688477 12.031436
2374.760742 10.490670
18875.349609 19.164413
1891.272949 152.598419
5552.126953 118.389809
467.373932 81.457420
983.115540 48.638580
291.739746 9.199787
1670.335693 1.070817
800.105774 4.341856
4175.530762 22.062023
5469.537598 10.426232
9373.334961 20.071583
554.874634 24.669943
127.908356 19.974136
377.654785 3.818562
1565.309570 3.284274
5178.770508 10.136695
3076.931641 18.703648
7176.649902 71.625740
5057.514160 55.830563
725.163574 34.239727
229.562820 14.769214
445.965302 21.388226
294.252258 27.869726
1730.592651 55.355843
520.144409 107.881439
1070.584473 179.335541
961.643799 109.546402
1218.726562 60.813183
478.809418 32.335869
1241.781250 115.400253
5647.005859 76.113319
1825.661377 55.672729
9755.309570 50.761677
10723.164062 420.636322
2414.842773 345.372925
1450.416016 257.480499
153.635193 176.768585
1862.738159 64.657753
2160.640625 95.456116
917.287109 155.441437
156.316406 248.204865
8706.805664 181.214661
3774.429932 109.123337
2252.397949 69.863464
1270.695557 56.688705
595.077759 44.999023
2394.925049 5.684099
1560.823730 1.908853
4734.536133 4.382292
3025.168457 634.681458
8674.866211 486.206299
1754.992920 303.688477
1071.843628 144.780518
1299.509033 45.950226
903.244690 71.171547
1079.197998 106.171425
2691.434570 154.424957
337.395660 112.691498
2234.664307 57.318539
57.385345 31.638996
1881.140015 30.758823
1618.628906 74.230492
3031.051025 31.782791
719.552124 9.405357
2274.805664 6.529351
14344.996094 333.708923
10107.528320 277.988068
462.270935 206.750458
3108.847412 134.817017
193.603745 8.000207
338.684845 14.596555
2183.718262 37.790459
8190.433594 82.707893
2890.307617 75.731125
6175.429688 40.745510
1228.700562 21.107002
408.526825 11.148400
1171.577881 71.229561
1506.098145 46.125443
610.921997 38.591759
8451.069336 44.579506
6729.796387 425.217346
16681.607422 314.347687
377.976196 206.377914
604.090210 122.941391
1424.322876 18.586601
2696.401611 7.051143
1720.741821 2.158273
3824.253418 0.483066
940.628296 110.689224
2529.884766 91.978912
4835.960938 65.222427
1145.526489 38.663017
517.669373 5.779254
1211.735962 7.904240
7638.378418 14.504193
6741.350098 25.368710
163.246964 34.544395
798.327759 22.688290
597.392944 13.579974
83.559486 7.811698
1523.491943 49.908398
1127.031250 44.200859
665.536255 47.720070
1394.798340 60.687416
9346.671875 165.694885
4283.785645 126.336273
4209.149414 91.409500
1151.174438 65.474640
355.951965 14.913086
392.168030 13.232742
2522.808594 16.661636
1596.538330 20.038982
6458.583984 145.709641
250.636841 101.727257
15.821774 59.090530
252.541260 28.929295
2604.895996 2.320068
6.604143 1.263519
2164.869629 0.472507
3195.540771 2.891589
781.676025 27.169678
263.152405 13.043047
748.953552 5.565825
2411.183105 3.052220
561.436218 19.092850
3604.400635 44.929451
10605.842773 77.744766
14562.650391 108.184708
1493.662598 1.521481
924.677002 0.576726
1555.544067 0.146906
783.367188 4.655706
1123.982178 80.324158
815.389404 90.693130
1408.524902 121.749817
4299.116211 175.834366
21941.791016 250.199860
3530.725586 173.631546
3189.870605 119.650978
812.484253 89.407967
1215.328125 114.382874
2071.189941 104.977928
336.510254 130.830780
3018.298096 198.906815
12643.447266 523.422913
4026.219238 364.891418
4348.125000 240.378540
2431.156982 157.939651
141.958710 74.982788
286.110291 36.255867
2175.534668 21.678259
2168.152344 19.508408
5580.477051 379.895874
8727.534180 320.364746
2320.133789 232.336227
610.975220 143.172745
218.946198 30.422224
1773.687378 42.607006
1893.933105 50.680695
7447.753906 52.253895
6441.831055 1.935486
1431.759888 2.915427
308.217041 8.079342
1141.378906 17.801344
1279.606934 62.374813
701.717957 124.779167
1598.720581 202.964142
4530.888672 285.556763
19161.724609 45.635891
1099.276367 14.029835
1309.485229 5.932549
733.846802 22.046860
1008.872681 55.106777
216.296997 47.590599
265.383789 78.162399
2284.308594 159.567963
2876.082520 550.506653
8029.858887 345.087097
822.169617 192.959976
155.950562 99.885338
1061.508911 123.072044
101.205177 85.897545
6397.346680 62.999611
1807.952759 54.720856
2824.517822 342.930054
3042.552002 294.159546
120.167542 233.617462
1294.813599 173.664261
1360.201416 4.296120
4040.367676 37.780029
637.234680 112.238098
1090.751465 216.792648
4595.068359 4.417098
9722.547852 9.280968
1275.131348 8.408300
1295.045532 1.474005
158.937210 53.562801
2545.177734 26.188114
89.212440 26.191572
4168.482910 38.180145
8794.501953 469.327606
3852.233398 357.347931
1982.629639 229.891586
318.456299 121.755287
1219.169556 30.146824
6327.435547 53.031143
1364.315186 92.910904
9306.696289 146.006165
410.296722 51.036766
2398.425537 33.422520
23.154398 24.033381
2377.199707 22.007326
1779.762939 4.741428
535.468567 59.226547
1174.404297 153.925659
141.623856 236.151947
14352.072266 232.586395
4008.795410 181.723969
133.552872 93.562698
2529.448730 19.794119
871.549194 58.266281
342.345215 44.664387
4754.363281 46.569717
11577.838867 72.467949
6563.750000 733.588623
2126.917236 450.526550
98.254166 234.538162
2294.060547 109.729752
2622.607666 57.435425
5542.558105 74.962143
668.422607 149.515884
5544.859375 272.219360
6051.148438 78.855156
2344.065674 97.146721
6860.775879 97.020615
124.325180 76.023361
213.401306 62.701107
1564.097046 35.202053
1847.189209 45.961655
177.154236 97.913025
7257.929688 794.188538
1378.257080 522.873657
143.534988 295.891113
618.483765 143.225479
618.520020 60.019352
2851.734863 26.293791
551.267273 8.820938
587.923096 4.012687
4580.029297 526.184998
174.911591 374.274719
757.817993 230.990524
2561.468262 124.394150
1369.471436 20.689728
1553.749756 0.725513
682.970032 9.058668
9578.119141 41.000340
8190.370117 174.313171
177.003647 151.948410
2929.673096 111.478256
348.951721 62.484184
1934.539795 65.987556
3279.005859 36.868176
2283.315430 18.296185
1331.721313 16.481005
15.649942 157.888855
1891.367920 144.843201
2574.603027 124.833824
76.499565 97.524963
202.257248 0.399350
13.326828 8.780539
1269.164917 40.528637
2222.877197 95.145615
948.220947 7.962947
2738.639404 9.805819
2572.654053 10.338153
294.748779 5.143586
1433.626221 6.490228
366.004425 1.289774
598.770142 4.528884
19361.298828 9.214009
6442.602539 499.313782
3674.652832 306.818787
477.710327 145.384415
452.436462 46.088154
5136.544434 63.663227
246.496628 17.181377
3288.258545 4.058060
3619.296387 28.147068
4270.312500 217.995163
4191.665039 212.646225
8908.105469 180.920135
1453.887573 125.790970
2726.364258 95.958199
1262.590088 131.788818
4367.298340 203.207718
7795.072754 305.421295
1931.455933 72.236435
24526.441406 72.411293
3560.371094 78.600204
4822.542969 83.781548
111.100937 32.734226
1853.014404 11.644593
423.268372 11.881829
21198.320312 10.166621
28385.601562 836.507080
16953.080078 558.654724
291.968781 298.350952
350.650574 118.467987
907.514404 49.147747
509.635559 31.585888
2812.623047 29.701004
682.262390 54.007271
3820.479980 23.013489
4537.592773 45.142975
2517.322998 63.238163
73.556778 64.316986
608.508118 146.841766
2584.914551 159.394043
611.134583 178.656250
1721.741333 205.957489
10318.250000 133.616043
7331.351074 127.856628
1584.879150 130.835114
1256.554932 137.836456
956.446777 214.487457
770.217163 224.249191
1080.898682 304.545654
3750.195312 468.040344
180.444748 711.221130
1278.498169 505.456390
3285.129639 355.809570
834.583923 260.175232
883.424988 305.817474
848.452881 310.630432
2769.810547 396.265930
5185.766602 548.139832
3709.736328 1110.055908
5823.860352 824.642822
6775.606445 572.319336
406.487335 393.046112
1184.802246 135.988251
536.944092 97.276802
53.371704 100.587494
5393.339355 130.363480
11986.461914 739.996094
7669.360352 566.809570
1209.518066 382.919647
1131.244019 231.375061
45.474667 37.689442
1098.685181 55.892807
105.665024 96.880539
2144.901367 161.538300
2555.356445 141.347061
498.533813 88.715164
371.349182 55.014915
1010.705322 38.251179
152.094315 46.904140
802.065308 55.190929
995.914856 91.195404
6709.768555 162.692566
1482.037476 348.406769
1203.330811 212.401337
315.934753 117.647522
906.241577 65.314377
1133.556763 0.788670
1051.535156 36.568470
3721.331543 106.837723
2729.439209 171.054947
275.183197 186.977570
3291.098145 151.579483
2105.537354 82.441788
1268.666260 19.933710
647.179932 88.789970
1851.665039 82.483070
603.574646 133.582489
361.831360 266.768402
6325.970215 872.721985
1276.474365 533.114014
1838.642090 291.054169
2896.038574 150.934280
816.477539 308.118713
523.706299 261.091766
1285.020996 246.450821
325.877808 253.582336
2431.434570 844.761841
40.266537 696.351379
8268.091797 535.482422
326.854919 399.488373
1544.253296 59.716362
7638.048828 68.969147
3006.195312 113.137817
3736.080566 209.890274
294.424561 330.784119
5786.401367 195.511795
1356.886475 113.722900
1687.060425 73.476883
126.532974 35.057018
203.008911 6.988823
1149.960693 7.965557
2852.484619 17.622797
13501.843750 411.791260
149.184479 326.186798
7775.154297 211.466400
945.325439 105.310944
44.607010 47.888733
695.156677 44.256645
5393.699219 50.026520
10387.582031 73.194817
425.173981 251.591156
2902.047119 159.855804
2783.188721 96.466232
1627.816772 62.197926
190.961029 44.024769
2408.667725 14.105968
7.055745 4.540953
4902.858887 4.554034
507.944794 256.404633
2937.177979 224.089325
3058.811768 163.892242
202.089966 97.209709
1002.187805 16.531994
650.659302 36.525433
653.550781 79.916100
1795.195801 152.062332
149.913971 75.085342
5062.835938 33.466282
422.914001 15.107157
58.457825 10.838830
2150.084229 10.218528
4058.498047 8.046343
2131.640869 22.573612
9932.621094 24.476833
2301.854004 507.522949
15289.125000 349.530029
122.469284 184.295258
628.070923 64.086006
1150.361572 54.417801
626.953491 48.593494
3904.255615 81.432457
25995.900391 176.149506
7648.251953 226.945099
7076.336914 143.652481
2224.618164 99.964836
1640.660645 74.318909
506.995331 205.737183
464.229736 199.634415
701.093628 222.742783
4525.969238 264.381317
13742.740234 333.852356
42700.656250 317.885254
3307.810547 281.743744
899.621948 238.093002
29.298470 75.330139
1112.609741 92.906242
524.524292 157.054977
3395.195801 287.320496
4739.267090 643.001221
2683.684570 374.012909
1156.839355 194.621857
722.534790 102.828323
323.720886 50.583500
728.918823 5.340153
1095.201538 5.853699
12051.442383 17.510695
15030.041016 661.973022
6707.831055 524.400513
2374.175293 337.603943
372.609985 164.556976
420.298492 29.873011
1772.638916 53.172245
532.119080 105.522781
126.249626 193.924286
3169.573486 140.597672
6049.688477 73.497070
2141.704590 38.514874
91.973930 26.007202
138.123398 280.225159
617.412781 238.974579
316.415833 236.752136
5879.617188 276.071411
7518.995117 697.749268
4350.188477 578.088196
1251.545898 458.791321
766.180054 355.845398
545.378540 188.596893
140.831970 209.567719
839.120544 276.340332
149.957001 383.706116
2036.405396 552.929260
474.918854 406.872131
2942.982422 290.174561
252.505981 215.645752
540.566833 208.425842
293.735596 234.749115
554.551086 320.807495
5605.329102 455.961945
4175.260742 615.579224
5194.003906 461.679840
697.790466 331.717896
1655.006592 243.016724
1532.560669 205.571747
3778.234863 215.821716
1293.605103 294.382416
11308.203125 442.097992
4120.093262 1291.246094
360.531219 846.898804
2278.888428 499.415070
2205.285156 288.891418
312.365204 404.948547
573.634216 327.184570
1791.583740 287.533661
7300.814453 292.405365
9341.212891 1627.903931
11193.811523 1190.791626
1584.345703 813.650879
5277.798828 553.524231
2216.997559 55.211414
319.998901 35.194672
1940.372803 65.993340
6478.479492 147.459488
430.816284 383.510193
5629.567871 291.026611
1961.459717 198.300781
4359.592773 114.908508
996.075500 5.579747
389.506287 17.312433
3138.492676 64.553085
2148.732666 137.011520
1595.365601 130.119949
5019.390625 99.896957
1308.887085 61.991161
575.275391 25.271646
5999.430176 18.317167
575.211548 76.970215
631.835083 199.644516
9799.015625 354.173615
25393.031250 65.121994
8653.361328 69.620293
1632.486938 48.913208
372.307922 19.643629
6954.313477 13.856905
2748.946289 5.905255
2621.242676 18.712454
16388.683594 11.388877
21886.802734 1082.378052
7619.701660 703.209778
32.981255 349.002319
2454.261719 112.620483
137.755569 131.978012
710.932922 108.616562
2027.802856 80.119492
23441.648438 82.564934
7402.564453 120.116211
5803.458984 90.396286
7372.613770 104.458717
2827.005859 128.422836
1112.961182 11.770960
40.445683 0.672167
628.432678 26.578054
11868.695312 82.310669
21912.152344 121.519562
15473.609375 117.661079
10707.651367 91.113068
527.771606 49.151268
102.379608 99.246635
850.223022 116.403214
1366.897949 159.932648
5209.541992 230.739685
265.241028 264.432617
8804.630859 188.214294
1117.282471 135.156235
1683.632080 105.804436
897.952881 117.975258
539.873779 99.438484
376.919159 122.467560
87.078339 195.416077
5401.633789 790.369507
2504.691895 528.629089
5151.600586 320.599243
1068.263672 186.091217
0.519612 161.227356
156.661377 132.308899
2182.117676 123.743225
28.587395 136.520111
1288.461914 640.409058
7187.100586 472.941254
2470.172607 325.757294
3369.543213 221.578781
1468.102783 55.180298
173.736694 35.393360
1749.341064 28.288490
3771.247559 36.581902
5096.035156 278.082764
593.489441 205.111023
1446.704956 139.268158
2403.799316 88.943542
13.749279 14.863645
2476.514893 28.065025
2379.886230 67.991219
1134.541382 126.896591
6160.096680 172.853180
2410.958008 117.658058
1635.010986 66.726791
55.725273 29.480423
618.573792 86.693481
6.863632 49.788994
2446.719238 34.386505
1715.956055 26.388119
3128.394287 628.147583
3500.344971 466.352264
2267.673828 298.437256
2523.206787 166.408829
2528.140625 46.543541
1346.048340 69.441154
2868.906738 121.250664
7574.121582 209.590668
5063.451660 53.045582
2887.829346 30.504253
2247.754150 30.267866
2488.964111 36.866322
186.797867 42.619858
280.461243 29.209202
1936.562622 21.588387
2356.432129 14.432334
7135.646973 602.193115
3160.460449 385.279785
5319.343262 203.391342
1642.741089 90.704140
979.501465 9.204302
740.068604 1.209460
522.942200 29.797808
2673.815186 100.827255
314.879181 69.131447
613.446106 62.954899
9497.517578 54.062496
983.038513 33.597794
401.050507 121.196404
14.367455 77.077065
4861.129883 49.114941
2059.328613 37.669868
10053.529297 335.889526
4801.645996 297.684814
2086.181885 240.993484
401.887665 178.343262
155.589050 27.267574
828.170532 20.457287
7010.716309 18.158710
4460.378418 23.746624
17.971485 62.027836
492.986450 51.363888
574.783386 43.028812
396.769836 35.266720
1502.765381 25.415348
184.732529 37.528221
1610.667725 79.923965
2628.859619 149.839706
9988.931641 82.353546
15220.371094 66.308762
1730.909668 50.726337
81.530571 34.287003
782.428833 53.158112
2290.342285 37.784893
1654.746948 44.609718
1733.290894 63.491501
9638.859375 408.504242
7181.775391 298.969696
953.066223 188.244186
388.949249 102.286842
1465.600342 37.601139
2484.377930 46.938698
972.077820 69.250572
4890.067383 95.306030
18356.722656 63.708744
1018.689697 64.339615
163.692368 54.844688
395.137817 42.503437
1943.699585 2.041436
170.614929 8.033813
4903.992188 18.033182
240.692566 23.430649
3858.866211 323.986450
6398.619141 193.853363
1032.257202 85.123253
85.711807 21.435844
29.761633 26.340868
492.909851 19.738787
4349.935547 12.004340
2481.032227 9.953790
5798.693848 0.446592
1660.768677 7.294109
325.710602 18.304493
3500.572754 26.162756
380.219055 44.253025
223.492920 48.781425
733.341858 52.235695
7425.826660 58.608147
4600.349609 58.131409
1082.878418 40.499371
2282.110840 35.144138
3496.526123 38.362892
183.007385 145.768997
855.025146 156.370041
1544.649048 158.310364
7898.050293 161.058014
2065.410400 184.007507
887.327454 136.588852
3538.887207 120.798141
805.868286 129.275864
337.114288 9.229777
1351.488525 62.505768
1329.136841 195.005676
9136.904297 418.154968
2482.048340 233.594162
6051.249023 107.028992
1542.611328 38.745792
527.943481 7.542455
1382.191406 111.731140
1193.600220 79.513046
2115.539062 98.835938
3829.725342 148.041306
5269.892090 771.463257
11755.500977 582.209290
1293.324951 379.409058
909.133545 212.653687
2471.324707 26.947002
1037.629395 40.168427
5242.253906 79.611870
1314.465210 153.284958
6088.965820 156.104446
665.638916 88.428764
406.613800 49.346252
1018.264160 30.794424
31.061707 67.258270
1468.986694 37.685776
189.553955 21.589111
1587.138184 16.021942
24640.496094 229.338501
1857.989624 202.332687
634.130432 158.404907
1365.495239 109.639725
1390.753052 5.091146
483.525085 10.466043
467.688538 12.208199
2612.524170 9.385929
6295.919922 41.937565
4974.528809 19.732162
760.325195 5.228549
150.452499 1.301223
229.386322 3.090182
22.357552 9.121165
4656.216797 27.891720
1351.858398 62.059540
1179.859863 20.758430
1838.730957 9.767052
232.802246 5.647565
263.684082 3.511802
555.351624 73.400879
4465.615723 55.282940
4561.155273 50.605076
6932.382812 52.846336
4544.931641 259.105469
4148.983887 215.403412
637.226868 160.253143
536.725952 109.283806
771.495178 89.625343
3086.429688 112.272827
2175.103516 152.300507
1794.198120 221.401367
3180.247314 197.747620
912.869812 118.541733
4653.357422 82.706635
321.315277 77.910988
301.861267 70.363670
6986.312500 124.613228
5260.739258 254.161774
8267.677734 434.827301
958.163452 238.302200
13692.441406 188.747253
6173.118652 132.653992
562.165771 83.021843
220.772263 144.898651
171.677307 138.080215
811.063477 186.747452
171.602905 287.822357
28410.035156 929.966980
1332.271973 632.805237
1200.735962 385.842407
42.688980 222.345001
351.696686 63.185085
199.089508 25.929546
1159.234741 11.836654
537.070374 8.852190
9811.256836 500.070129
3444.026855 381.712158
215.137909 249.262054
2060.119629 137.084076
1676.613037 116.818695
917.461914 136.690933
1911.790283 158.917542
415.037567 182.298523
563.634766 91.658173
197.285919 84.894760
326.766876 88.671799
568.504211 100.230530
80.050751 92.671753
3112.781006 144.437683
4676.726074 260.009277
4208.891602 458.235413
2266.747559 638.109253
865.859375 353.627747
355.274200 176.884750
167.029709 98.344086
797.728821 110.641251
488.594727 60.888165
1961.030029 79.206779
1082.997192 141.587357
12250.189453 899.879456
4116.729980 685.883240
6780.604492 447.757568
2527.098145 242.976212
3319.517090 28.302195
4798.593750 23.791792
8631.689453 24.331778
19354.074219 30.546160
9278.968750 64.787918
10000.185547 55.571888
751.367920 45.796646
1027.206787 36.244194
2123.368652 3.207603
3754.552490 1.917706
645.829712 1.393341
3483.647949 3.267665
18402.031250 7.500971
16456.691406 4.867079
3834.794434 4.179931
68.380577 3.990806
1530.531006 13.887104
917.721558 17.424582
211.147263 23.891010
4464.241211 36.173107
17089.904297 23.448500
15945.369141 12.712994
3052.009033 9.755905
1120.299927 11.156260
209.037689 18.235970
1152.348877 10.489966
394.845581 12.019198
5467.745605 27.098997
2185.133545 176.301727
201.908203 114.431625
3514.977051 66.607445
641.959900 35.601967
967.806824 21.275066
1473.495117 14.843843
1217.734009 26.968548
10276.247070 67.509964
2390.043945 162.774216
305.391022 103.177231
2242.837158 63.436764
943.452759 37.896183
140.512955 13.888906
557.683533 0.809390
1713.770020 15.103381
4074.837158 29.745609
624.781067 369.817657
4185.160156 286.981110
2346.563232 174.074265
927.136597 73.135483
488.577759 40.197563
561.080627 70.207565
66.038414 124.361816
2146.547607 201.852600
10137.303711 74.201317
2083.273926 42.782162
450.615112 29.320435
593.211426 28.428802
856.467773 69.086678
602.643616 28.722105
2914.645996 15.269207
435.955261 19.305292
798.664062 486.310425
3476.866211 377.729492
88.878639 253.805252
971.385254 144.874634
790.075134 50.697201
2775.013672 38.130562
2230.985840 24.911392
513.290283 15.829170
2217.882568 24.537930
3825.918457 41.211048
1460.676147 53.581673
429.654907 56.989513
602.428162 2.619893
835.615173 3.881045
4251.128418 8.440601
289.955353 13.960734
580.347595 32.506813
40.433201 23.742430
2341.431152 13.890211
1063.053589 6.093749
482.427002 97.929810
997.752075 152.849121
599.275085 229.833603
1129.429932 315.893250
56.282173 149.253525
397.418030 102.070984
1101.690552 74.388741
238.594162 71.690987
397.969513 257.816193
3691.222656 233.816925
6222.069336 254.102127
358.974915 341.155426
2883.118408 955.084106
3358.650635 667.693970
2453.762451 455.515747
586.867615 325.279846
714.834717 216.028824
3334.736816 247.935028
333.237000 361.861084
3207.727539 552.694275
9218.431641 661.095459
1173.516846 488.774445
5341.509277 350.642700
2865.950439 255.498032
371.318420 113.639854
2673.942383 68.991714
932.780762 67.683807
8636.166016 84.296158
830.531860 743.557556
8176.881348 581.565918
5967.758301 389.337128
1037.173950 221.755463
4565.805664 68.178513
820.318726 100.514275
1553.793457 137.986282
3155.376709 168.865143
237.207077 74.117470
369.887207 58.836746
196.182800 48.228455
5974.991211 49.932243
1306.035156 92.395096
788.198425 181.276932
892.902954 294.902222
7744.833496 407.127380
11717.038086 215.270630
2516.895264 123.499588
109.699677 62.272499
2870.369385 49.755474
3208.205078 6.522348
997.315674 19.667301
1404.289185 56.375225
3466.815918 93.610847
35786.937500 489.102173
1184.287598 315.413269
891.881104 153.759979
120.755005 46.199478
505.791229 1.558134
1557.636719 0.448112
1944.913818 10.110089
1842.006714 42.591015
413.338318 157.634201
3067.092773 78.323608
1594.335693 31.035013
1392.525146 9.449716
270.302185 32.831490
40.142685 15.981225
247.494553 11.968363
4589.791992 19.417343
8081.864258 108.300964
165.449707 102.660149
1492.428955 84.424393
854.460205 58.356400
10.754634 28.701994
909.677734 36.713596
4208.375977 51.960361
3163.688965 71.250534
11374.546875 58.427750
463.683594 46.194283
1176.880615 35.471306
1023.754578 28.761864
238.097916 39.465221
1865.758301 64.781967
3016.664062 90.349380
14493.841797 110.118103
5041.887695 152.689255
10.470783 86.622711
672.959290 41.929573
312.053101 27.570803
2257.592285 18.113533
1546.216064 21.254513
8031.299805 18.556255
1359.080566 19.022840
9072.070312 92.009117
5611.738281 39.282688
5711.837402 14.060127
421.772552 11.588069
1446.678833 41.444389
199.255295 28.146832
7314.206055 15.051816
6952.649414 34.835480
19777.208984 41.794647
2629.086182 4.540225
1452.932739 12.730463
3654.808594 34.435867
20.499393 66.197754
2495.210938 25.178835
5844.076172 1.284306
1784.780273 13.540737
6065.492188 80.171799
4897.615234 97.034515
9229.982422 109.236313
2256.845215 99.530716
2480.127686 10.634036
5114.189941 7.777443
8418.550781 26.513357
10840.691406 74.891327
6284.550293 4.888938
3986.150146 9.919472
1933.622681 18.552847
2119.856689 18.572771
191.056671 116.162048
677.067261 100.306564
1815.276855 102.415428
10734.445312 124.394440
8221.972656 349.540222
3834.500977 272.137878
3225.873047 202.896973
56.958858 150.131744
4141.091797 20.189337
2.409210 42.570698
4388.181641 108.335709
7023.847656 199.711151
39485.941406 215.770386
11869.852539 159.714005
4530.089844 96.213127
1776.406494 42.696259
4443.897949 52.272995
1764.527954 32.139755
3257.817139 29.715691
2153.749268 37.481125
34576.242188 327.787476
4535.041992 251.232285
142.932709 167.575378
947.078369 97.441490
83.567848 23.541897
144.387665 41.338043
431.670715 65.664581
15665.931641 94.513313
526.627502 23.284344
4936.551758 11.520716
666.117554 8.351986
85.044319 12.565300
1766.320801 24.533794
1669.399048 26.011271
886.218445 34.156059
7088.214355 47.703033
2283.998291 76.991440
3856.095703 58.429409
1534.550659 41.945766
365.533691 30.075193
920.553711 27.077362
2590.520020 30.005497
689.609497 43.264069
3791.658691 68.892883
3113.467285 126.418732
3288.074951 82.890411
2105.303711 51.807877
591.094849 33.844868
255.938599 58.424889
442.102234 46.750191
837.882385 41.672813
1669.972290 44.726753
3826.963379 79.202278
9725.107422 83.767586
1140.275879 81.457642
199.446030 71.863136
719.860474 25.557934
314.634888 23.001858
682.386536 32.570324
579.720093 54.310036
6516.330566 176.530441
4227.700684 120.510521
121.912048 73.746262
918.815308 41.853741
1239.405762 56.142029
2174.077881 41.343803
799.242188 39.149982
3743.877930 48.157043
306.396515 220.251160
3809.625488 173.938065
810.955078 125.726562
851.562073 84.693916
1378.302979 77.459999
384.356781 80.986870
9216.451172 99.758690
5268.930176 134.559067
7979.893066 215.315720
351.886444 159.193405
1602.180908 116.083206
746.817627 88.906830
28.885527 56.078800
2451.996094 46.585640
3348.448730 64.805687
4020.368164 120.537224
3235.748047 522.385559
5370.167969 330.436218
923.948364 185.698700
128.568619 97.635788
871.449585 71.352005
13.440540 27.144970
890.182739 14.980612
1028.698486 20.805819
17797.671875 515.212036
1302.261963 409.259827
5247.009766 277.881378
1240.328003 156.983002
155.031464 91.151169
2133.316650 82.363388
7586.513672 91.148781
10197.687500 118.609413
2631.368408 311.372742
1140.644775 233.288956
604.814758 166.457458
1470.727051 118.613235
796.185364 50.943249
921.560669 30.045753
1297.503662 33.345848
634.989136 59.122620
1603.307373 510.940796
596.492493 349.773590
915.075806 207.414001
1299.222046 106.753441
295.784973 57.004452
836.872314 27.534853
1307.681763 38.985790
2100.677734 76.365799
6910.250977 271.945099
641.267395 256.222473
2685.248535 198.990540
1072.637207 122.210304
901.393066 92.196396
159.156357 135.681137
56.543892 179.301208
6167.228516 205.644684
801.819458 204.818893
3543.285645 137.661453
325.448303 86.921761
2458.726807 71.095512
423.311523 6.953558
552.454895 9.296266
15.783188 35.447128
14196.611328 106.857079
7159.643555 397.988983
5905.832520 205.788849
2603.989746 84.009186
395.519623 25.757454
1271.650635 153.761978
2.990964 110.905212
2993.631592 77.433502
188.070709 58.116268
2682.593018 235.687622
9291.722656 243.000046
4512.425781 229.218948
629.523254 196.768860
56.294903 58.256275
4165.296875 90.646767
985.989441 143.722702
547.786804 217.739151
2290.385254 99.428627
2031.766113 58.790039
168.773254 41.754852
569.910339 42.581135
2095.579102 96.565964
252.075745 98.232971
339.221985 135.414383
8900.589844 215.229584
3398.069824 564.434814
179.690903 368.669739
1867.892700 221.980057
68.795464 133.918045
1605.093018 98.338837
807.753113 123.001289
176.926224 179.263870
421.051422 245.342926
13986.542969 253.964951
9929.414062 212.487396
1610.859619 158.453033
731.751465 113.306381
22.659851 52.991241
290.546997 57.159664
415.754852 76.748642
1355.669800 114.523819
9355.394531 336.811707
111.391449 213.727051
487.886383 122.364853
675.457336 70.886154
385.205688 99.805016
348.118164 138.204605
1327.800781 207.518814
114.243301 305.235809
2570.106689 152.793701
1184.532349 110.808968
1596.763184 90.218094
2135.220459 86.115395
2219.121582 107.823410
1153.563232 86.278725
3371.046875 94.982185
914.811768 137.308151
15133.949219 680.932983
801.170959 466.829285
151.126266 289.216064
1057.162109 170.434296
115.679535 13.602145
2265.882324 2.902256
1499.656006 2.521818
5189.174805 2.511288
969.491333 223.206100
1048.705933 164.964966
1499.975464 98.835777
72.933838 44.893547
1377.496948 15.244458
439.996338 32.499252
685.972046 91.459450
5034.203125 204.292480
3320.222168 191.491730
7737.959473 101.358055
428.130127 49.725220
1614.684082 23.310122
749.347473 208.784744
240.246841 153.714783
981.418274 135.863113
4342.878906 153.180649
1343.231689 772.979004
7605.686523 610.376465
2151.882324 444.730591
225.236908 306.026489
49.984810 106.150833
1795.385254 91.754654
11.077049 100.722931
4494.610840 134.574249
16876.246094 424.774323
1045.775635 312.526398
1381.462524 215.778900
3027.263672 146.376923
778.979004 42.950974
1535.824829 17.522011
2243.922363 9.789027
5805.429688 7.625773
10059.994141 328.719971
674.882507 260.490784
1317.736328 174.035934
14.344448 95.820953
480.719635 30.182926
1612.113770 58.476021
2974.377441 95.292023
8098.529785 133.234207
13617.189453 4.401250
531.958984 2.238064
5725.624023 4.566353
1381.815674 12.823453
955.665771 55.039837
0.156562 67.838852
7054.790039 88.057465
554.249817 115.683517
14311.358398 323.556610
666.163696 197.890182
812.217468 107.272919
2.927856 62.434582
4215.987793 40.847404
2411.434326 53.517082
2369.888184 89.052116
299.911865 153.997177
987.568176 164.824493
6922.752441 100.377373
351.458557 62.181999
2112.464355 44.098713
522.268921 54.889660
2017.267334 71.020622
3549.693848 100.712784
5239.573242 124.310257
3284.942139 120.077896
4794.130859 113.289658
3474.237305 87.690987
1006.959290 62.314537
42.897957 17.392666
2413.269287 5.140280
3116.987305 12.837949
2970.399170 44.754372
21822.324219 327.051727
5288.246582 210.209198
3944.197266 115.566772
1318.333740 52.092350
2033.121094 13.895506
838.795410 7.352627
698.338257 30.213728
8812.979492 68.761604
3499.822266 133.454330
357.304932 126.523895
219.567413 92.910980
1528.716797 47.969635
2245.299805 117.165199
2743.043213 205.747833
2694.681641 329.720917
621.932434 489.188507
8964.430664 338.560394
1976.936401 169.265930
2506.980957 81.782417
720.521790 70.450615
1459.318726 41.216606
2452.040771 57.855515
604.455078 154.724564
2550.801270 288.937744
30223.957031 530.126465
6658.668457 412.999390
3461.612305 257.945129
1880.018921 116.707977
602.837341 55.560410
3388.493652 30.216652
4647.598633 25.902483
4262.428223 39.575150
8870.304688 531.824768
4729.239746 368.564453
284.583496 221.001312
4329.600586 115.300247
2482.066895 81.688080
563.845032 68.400490
1543.557617 50.651882
2116.888916 34.068382
4984.176758 38.440487
360.877472 59.826321
489.977814 77.326965
1213.139893 85.354065
631.272888 5.334974
5239.006836 18.894930
537.545654 46.913143
929.579041 95.032837
2798.454102 150.999359
2834.068115 72.896751
1565.367554 25.280668
341.312622 5.491445
104.294930 137.872147
150.572144 118.392967
38.910458 128.561859
1559.681396 170.641495
247.773529 430.003967
555.768494 336.950562
5542.972656 251.758835
322.234100 183.587463
398.500610 67.049194
3286.094727 24.785717
675.132446 10.944245
10572.966797 13.956133
11811.123047 561.876160
861.369263 425.856903
76.734085 276.660278
340.480927 150.676071
2868.514160 184.157501
583.076965 237.022827
2583.335449 279.777893
2535.834961 299.718903
8831.130859 36.345200
759.088989 59.104488
6220.594727 90.905281
927.717346 133.100922
1165.080566 33.812767
1525.375366 29.362324
16741.093750 70.040344
695.662964 215.740234
2594.179199 911.887939
845.182678 467.447327
2464.115234 196.323929
2679.400635 73.708023
133.568924 125.398476
2524.173584 34.634018
755.346802 12.926252
6304.921387 33.392208
22854.015625 577.316711
7847.413574 557.701965
2445.383057 441.424805
6016.418945 276.374969
1014.196594 82.368713
46.781788 91.663712
1344.694702 121.697693
912.391968 180.919266
5092.736328 250.957703
1513.967529 166.535828
1719.096802 114.189003
184.557526 88.865677
1459.612061 103.911133
3217.379395 51.964684
2449.726074 24.205669
2847.828857 13.433681
7072.737305 426.893127
12060.189453 366.323669
14.985563 276.266815
249.030350 181.859604
1957.568237 36.816444
2763.100342 46.205048
1396.831299 55.393749
9431.957031 68.042511
15162.166016 51.593704
851.052368 29.478621
1387.222412 22.767363
1348.056641 27.422832
384.801056 16.160931
1375.898193 30.639416
477.732056 70.209442
965.730286 135.982605
4074.620605 97.436630
6287.366699 59.365341
6950.244141 34.559395
8.003173 19.659409
225.609283 65.832253
1132.295044 70.993629
43.198967 92.255325
5966.697754 122.137413
5847.079102 209.498764
3659.445557 162.565765
488.205383 116.055351
233.337494 81.291245
1963.603149 64.911697
509.207916 86.233681
72.827560 134.468216
5453.073242 214.030167
1773.270630 237.184433
1379.215576 148.322968
312.936401 92.538025
2462.264648 66.564285
332.401154 5.574260
1291.722168 7.426166
2035.099609 26.978500
3690.954590 33.290676
3298.833008 451.248505
1483.002319 314.508453
682.151245 165.387085
1478.244385 54.550808
609.955872 136.198837
91.963760 178.296997
3878.435059 226.464783
7508.250977 301.418335
9372.483398 285.784882
586.472656 147.671295
1278.798462 92.131630
3034.873047 99.571869
127.081001 56.980064
3002.208008 45.434368
4957.503906 87.010780
6936.584473 177.911667
24933.621094 532.171509
10007.435547 374.119110
1710.864136 230.513977
2661.493652 120.686661
831.996582 126.255157
831.212463 153.747604
896.632385 205.076141
9895.747070 269.318146
2492.542480 219.700668
3519.626465 180.826721
4048.656006 146.654877
18.570925 125.495880
859.297485 89.711548
794.133057 99.177422
10165.425781 152.315674
1764.795288 264.419037
23198.660156 545.471313
4654.265625 338.550049
4067.834229 197.006790
1481.581055 119.007942
1006.586365 195.048798
831.717773 153.263260
808.977661 131.621674
1191.106201 128.941406
12115.946289 476.293884
8751.493164 411.443451
757.874146 332.742432
428.913452 256.649719
61.766991 59.434742
94.848717 63.963684
4469.836914 85.044022
1812.545898 125.416458
2251.380371 213.000000
7428.026855 146.683441
617.965027 98.700912
94.653023 70.407265
379.813629 58.603355
1218.136475 52.049522
3730.500000 76.203987
1657.300049 134.579163
6049.085449 361.137726
23.483038 248.634872
732.026855 157.222244
1382.284058 93.626671
24.960238 44.881447
661.702881 81.172035
980.016602 107.948181
13475.402344 93.326408
9244.448242 479.804779
6554.203125 297.712952
346.704590 137.458893
560.308350 51.246891
131.095627 29.592213
1424.849121 68.741821
226.206940 189.966324
3405.109863 424.074951
68.706703 241.443649
8968.269531 106.383926
856.258728 49.328613
2293.829102 29.699379
1033.273071 539.886475
893.304504 418.786072
2163.321777 378.749207
1796.300781 413.495880
1727.523438 1498.529785
13085.547852 1265.576416
1367.526245 994.458557
211.165497 738.826538
310.567780 185.483246
839.209839 201.681793
3377.869629 269.526886
284.910858 379.744568
6554.795410 886.856140
2843.367432 609.346069
127.679848 382.669922
731.978455 240.282272
289.968689 81.856560
151.591812 59.683861
289.539490 82.910812
661.779846 147.275055
13574.341797 470.264679
3678.132812 357.383789
2979.988037 243.416153
1353.064453 146.438477
2711.637207 5.570468
2777.463379 1.866400
1065.846802 5.849356
7390.788086 10.312444
659.338928 224.687073
1990.190308 149.195267
494.576782 78.013290
238.205200 28.578434
24.638117 1.081311
420.586792 0.785432
503.639526 2.927835
7765.747559 13.776592
2338.354492 26.657282
57.953358 7.432918
5103.830566 0.515170
486.315033 0.362979
1063.123535 121.212044
2872.750488 143.126328
1092.660156 174.462646
5319.086426 212.219406
6565.844727 119.727173
3986.366699 107.352249
2909.038086 104.063835
380.463837 108.593430
68.734207 36.427895
724.776245 64.653717
3568.840576 106.892708
1270.815063 149.172913
4389.995605 371.187408
1720.992065 226.172577
129.457413 109.100525
718.632568 45.335865
970.543579 5.237691
754.222961 0.404471
361.036346 3.953700
1669.407227 31.389692
7644.420410 162.322784
4675.442383 79.725891
402.605103 33.018398
6959.313477 13.266480
993.703796 23.172689
662.221558 26.265957
721.838257 54.449650
12621.382812 110.653427
926.499084 23.121822
4781.359863 29.421183
2488.270752 34.691826
1991.923340 30.910902
1782.891602 54.799988
406.740479 94.874107
1170.076538 143.187469
316.746643 173.942368
15987.317383 219.290619
6522.935059 150.924362
701.775818 84.339867
249.116333 48.116455
358.745728 30.690878
1001.403687 64.961563
2533.562012 146.755463
765.164978 296.389648
4025.405273 315.069336
1822.655273 150.687851
314.640228 61.501595
247.817108 28.319035
699.142883 67.914276
810.310425 22.141796
791.431885 10.631373
11888.287109 11.434057
19572.732422 501.382111
2334.515625 415.196930
3154.603760 286.944641
230.306152 159.851776
263.151550 42.127243
6.672485 85.761803
14375.063477 150.094986
8524.073242 231.379684
7560.275391 142.914001
3678.818115 70.894646
651.223206 30.692467
1010.321472 22.381020
6.470882 81.361305
1789.713257 51.494720
8858.402344 72.537895
7087.084473 173.350479
6056.916016 1047.046143
4879.966309 643.187866
3597.993164 345.835449
539.538330 168.194763
954.039673 169.467743
302.739624 56.007477
539.692444 3.950699
7510.221191 8.844314
1710.342529 577.042114
26924.986328 561.053528
12134.904297 466.815582
1148.381104 321.053101
1360.725464 126.883835
535.683472 95.191711
3775.516602 63.339077
9130.536133 38.364559
589.444214 157.419174
3854.551758 166.357758
2588.473145 165.094910
1563.444702 151.633636
1214.077881 14.554207
1958.784790 22.806690
743.977844 26.417099
6960.434082 29.086035
12094.229492 41.306271
10925.397461 12.630217
2361.894531 1.245923
180.120117 4.636305
2392.220947 9.990788
4912.648438 39.472565
1602.622681 126.677216
5956.981445 294.484222
13169.765625 113.432556
3917.093750 34.250237
2631.221436 8.941723
458.780884 5.204214
609.129639 160.948135
477.260437 74.419083
2131.258301 35.371990
718.300964 22.127033
7440.666016 859.220276
5150.378418 708.062012
3796.150635 504.993011
366.744812 308.553192
1507.845459 5.370561
3373.423340 6.408257
231.011932 13.458148
637.072510 27.676266
963.768982 26.029701
1090.863770 17.554548
480.911957 11.954155
866.990601 7.851805
308.686005 8.224370
3159.294678 39.279171
1486.859985 87.083481
8596.413086 134.903992
3012.600830 26.146442
1381.212646 21.388300
4800.727539 8.937750
655.635742 0.145858
1357.858154 99.553513
270.724274 96.017563
3315.942627 98.265404
5890.347168 117.254395
3256.183350 367.918335
2252.945557 241.374298
218.923248 156.151794
1358.479126 113.925591
1570.610596 12.501827
787.295532 45.542870
941.097595 141.192642
3901.219971 302.827667
5686.212891 94.875443
15842.851562 54.387646
1939.464722 33.306126
1389.238159 16.902069
2429.524414 113.234520
496.113892 127.315994
717.897766 207.193848
2500.159180 328.212524
7909.550781 647.391113
14016.531250 476.656525
93.649323 306.790466
1800.359131 176.148346
2920.162354 50.750427
1060.308472 23.804115
8142.757812 20.038652
11100.634766 35.393150
6665.144531 620.814697
4819.936035 421.376465
2724.863281 243.407394
212.178833 118.635986
710.886902 30.531853
456.947693 38.495659
28.628662 48.158180
2691.162354 49.807930
16201.709961 88.295792
8829.998047 71.054695
4781.608398 48.817696
922.649902 33.210644
249.865860 44.539509
543.225159 52.504662
177.820740 55.564831
1531.993896 54.864864
19972.363281 11.578699
6350.370605 12.948222
1464.631958 21.001469
248.963135 32.901672
178.579971 37.332264
1458.990845 67.530083
2130.610352 132.155884
1382.796387 238.211288
63.182472 158.419769
1311.595825 82.601395
227.587265 43.669785
19.889791 30.711737
1532.932251 106.325821
588.795227 57.499088
324.971283 39.162560
1313.671509 37.365265
9479.366211 805.754333
5820.510742 592.821411
417.340454 377.452606
283.716492 209.178482
1183.709717 52.462669
1667.359741 39.926346
346.958649 54.099213
5482.484375 104.335678
4438.789551 338.516357
2183.248047 228.042191
4961.530273 143.578125
11.607445 86.470886
5091.358398 156.874023
2761.875000 106.939842
12686.251953 76.521248
2367.517578 64.947815
5217.834473 420.407684
4706.584473 370.640106
1428.791016 299.768738
458.295929 223.884247
233.061127 22.292814
165.394897 13.594815
891.120361 12.140170
10335.291016 16.887346
5939.147461 123.374756
319.830963 94.395218
598.789734 64.454117
761.593018 39.372719
1130.984497 57.499527
116.472153 72.104904
182.041809 88.213165
264.781036 103.425209
21635.167969 54.964634
13304.281250 45.324028
2670.290771 42.523582
340.002838 46.936401
6.386673 104.681839
162.780060 124.572113
1662.333618 166.882233
860.040161 238.350159
429.653931 345.574615
370.279846 222.300430
391.723236 143.455704
838.443909 107.864395
969.320068 69.600311
210.831924 63.247356
2295.487793 93.033501
1983.826660 162.857452
3364.464355 523.281921
1902.819336 347.489380
1034.514160 207.138000
587.325562 115.161934
371.619781 34.436382
138.004761 13.789085
8407.391602 16.423723
423.886108 30.929512
974.258484 161.299759
7258.625488 158.962173
805.826355 125.403214
136.176788 76.741631
2213.877441 3.184052
57.511868 1.458922
682.873718 11.646865
10079.777344 28.344917
18006.621094 136.657379
3887.255371 95.768799
136.045670 53.729126
439.139191 20.790464
1098.705811 76.801964
59.828022 68.319527
3113.763428 59.826077
4102.262695 54.784527
15122.048828 78.868927
29.622375 81.452972
769.682617 83.388512
829.020020 82.210991
423.137207 53.681087
1476.178589 78.703690
932.880432 124.735115
5589.775879 191.611023
166.931442 128.691254
3843.500488 81.961594
590.691162 55.527412
875.201050 46.569683
1712.328613 83.165115
2257.174316 77.415245
1399.178101 101.503860
1681.332275 162.927612
10765.830078 497.071716
380.289703 328.708740
1274.337158 200.555008
424.336304 120.956795
178.791290 59.602009
731.529053 22.787830
379.222015 7.454060
4204.352051 4.585712
15877.170898 257.616699
1260.873291 236.648911
399.698456 183.441132
561.060852 117.443207
4815.177246 981.249268
1255.549561 1355.720093
6798.294434 1687.385010
3505.567139 1865.408447
6447.097168 470.503021
6127.131836 448.081085
1345.216187 498.616760
224.035080 674.758179
1142.736084 845.660767
125.636925 777.954224
7412.808594 917.426270
3910.881104 1394.052246
18822.445312 2496.239746
12001.491211 1764.725098
6826.636230 1299.562744
2201.676270 1020.360840
902.382446 92.035370
544.328369 29.549694
93.506317 138.531647
6194.901367 328.050629
3297.029785 1057.953369
22314.128906 943.734070
2339.475098 662.904724
9983.628906 332.558014
792.061646 655.517395
437.095581 943.774231
258.730072 1414.870605
4287.434082 1937.049683
6748.196289 999.840698
6620.264160 857.000610
4449.502930 692.044250
2573.991699 590.122009
1900.254639 678.185730
1498.114746 483.252716
190.057190 503.201202
927.853638 869.936890
1121.384155 1658.271240
6677.754883 1352.410400
2413.275391 1143.184326
554.767273 927.503540
293.382141 327.069550
447.387695 327.731079
463.098328 288.771484
3053.405029 212.581100
28752.464844 299.021423
1806.709473 284.450592
1795.172852 285.158478
7748.342285 304.578064
47.917393 160.634155
1052.743042 210.971039
6417.034180 267.539032
6262.597656 319.127594
225.336639 77.510635
3947.533691 81.735214
3371.782471 96.552429
922.955750 122.305077
2197.049561 506.552673
1339.028687 621.694580
4395.233887 694.356812
14322.126953 681.843628
8687.560547 1444.565063
4985.677734 959.916504
64.610817 604.269165
224.499634 463.400543
626.437134 244.910294
1610.756714 116.014267
979.893555 184.532089
2669.170898 517.397888
65468.593750 277.359314
4396.134766 404.916595
20325.171875 480.043091
3667.383789 413.936310
6793.686523 38.137272
449.583374 6.584795
464.214050 38.164646
951.965820 149.642227
3771.790039 335.483154
5459.619629 248.973160
3144.139160 174.679962
1248.424072 102.340683
405.740601 278.042999
1540.853760 487.279175
537.368469 742.373718
680.970886 982.479980
3556.909668 1.781824
1630.842285 22.861212
1504.795776 63.733604
1215.290283 140.187332
2585.825928 234.014954
255.104614 229.765991
1093.674316 340.935028
1617.236328 479.121094
17491.699219 1853.185303
8363.317383 1359.076416
7101.202637 835.026123
921.213318 432.293243
3027.558838 35.051857
276.850861 129.341339
246.849213 265.998596
1568.822876 394.894592
1689.300293 145.331635
1837.159790 100.828682
3001.250732 42.707115
3769.577148 9.139427
20.934227 915.437622
2549.153564 1219.782593
2405.084961 1665.048828
6537.559570 2017.856689
16324.513672 2017.856689
6537.559570 1665.048828
2405.084961 1219.782593
2549.153564 915.437622
1081.588745 809.384399
3370.272217 714.920227
5906.320801 856.527344
2802.782959 1363.090332
84674.781250 1184.082031
434.466125 1051.793701
3800.400635 1022.860840
1600.658325 951.245178
2081.675537 136.274094
2903.892822 138.541595
2306.918457 203.962219
25772.878906 355.087036
9459.080078 313.181335
8424.668945 234.307007
875.711548 192.503830
50.203564 161.624939
839.043884 71.052818
2493.340332 26.770222
564.958740 23.574938
332.348450 127.337067
12761.025391 684.991943
19600.824219 385.274536
6560.089844 211.655243
1890.820435 125.182281
95.539719 228.632324
110.382675 359.739166
1313.580322 610.135864
3998.241943 846.727905
16837.439453 776.035217
8003.687500 676.580750
1091.855225 468.764832
4276.467285 279.199219
1016.585938 186.696487
989.382935 113.568161
2459.361572 56.388855
3687.748047 98.576904
32919.480469 682.897156
2015.874512 422.895996
1759.408447 292.563416
494.994202 237.027985
4469.423828 63.291710
292.837036 62.857330
915.562073 75.465027
2469.164551 99.733765
2550.774902 230.790451
2759.732910 168.129272
501.068604 115.343224
1661.324463 79.930107
288.073944 60.066631
2310.114746 101.025429
5018.909668 217.944519
5721.983398 426.819580
12287.776367 19.859053
1372.241333 11.942292
1005.521179 34.465183
2373.016602 50.203175
712.685059 239.387619
3073.806641 322.180481
171.625793 466.475098
1814.194946 558.883972
22749.507812 1018.333374
17188.443359 805.867371
241.204590 523.328735
1517.834351 305.151398
1733.011841 391.212952
2167.741699 541.675171
3791.730713 669.600830
1808.986816 688.310730
14938.168945 583.801270
4820.440430 465.342285
306.015869 346.045319
1186.965332 311.276123
2989.633301 188.313873
2480.273438 118.051506
15433.715820 33.552792
869.452332 23.821529
40349.410156 470.388916
78.675156 274.478638
3492.118408 208.635681
1496.029419 206.744370
4326.951172 341.940430
405.717072 419.687378
1457.559814 558.751770
451.230286 777.006714
9087.867188 33.137428
19396.798828 91.842896
12520.702148 191.432098
3384.069092 277.698730
1985.736084 312.933685
2005.550293 208.162262
5695.322754 298.660278
4372.132324 571.366638
9006.091797 1044.619751
2865.351562 967.784973
3065.829102 792.271851
4161.948730 544.084351
58.182724 7.048690
5018.411133 6.140335
2893.913086 7.661337
3987.846191 15.932130
7725.639160 132.362946
6713.514648 73.586731
4790.318848 33.426594
569.626892 13.444528
305.739746 187.384338
1123.863647 175.665039
1021.080444 222.991043
2029.755981 313.033997
6077.450195 301.703064
4824.141602 323.248840
3279.133789 298.839661
5975.494629 241.314972
1625.153564 277.669159
2510.101074 342.119720
2097.953125 412.078064
6850.379883 439.997009
5009.224609 557.177612
3878.195312 445.870331
3859.286133 331.177368
471.218781 267.456146
450.453491 221.776276
723.169006 323.626648
1105.206909 569.846252
658.250305 927.079651
2870.686035 324.406372
10273.857422 306.389526
3645.148438 274.144592
128.641266 228.451111
225.131531 202.865601
4128.343750 81.947144
5385.528809 34.578918
7666.548828 103.798424
17294.414062 779.680298
10129.067383 630.595398
806.723816 491.970947
386.653961 349.085236
3169.708984 223.508575
566.831909 501.491394
421.874908 872.043091
4672.429688 1244.665771
39911.125000 120.016182
2255.591797 66.700371
11771.670898 39.111591
290.348572 75.534874
5702.245117 353.368591
1299.239258 408.569366
1773.836182 527.698120
6619.818359 628.793457
437.303680 1596.006958
16347.759766 1163.632446
2043.007812 739.374146
1257.106812 451.646240
1004.699890 64.730659
1788.261230 22.656914
717.891052 74.372093
3023.055420 247.647430
13542.601562 61.567364
2499.416748 116.402107
578.915100 152.908905
187.784103 129.885437
322.302063 30.582531
4504.491211 16.470243
261.920074 15.112279
4267.774414 18.140110
8817.803711 306.055176
13215.821289 221.735077
1000.084351 135.374146
227.012665 68.695374
548.743408 135.592590
30.692106 241.698303
3002.454102 506.891754
2151.388184 839.101440
17789.724609 509.131042
103.495262 469.449249
6967.381836 340.588989
378.978577 193.866394
2240.824219 140.743698
2003.457275 49.822041
1164.990112 46.464062
5115.849121 148.226212
5903.629395 766.791565
29754.730469 612.648682
366.555023 449.506104
7791.291016 285.155548
290.669250 13.702987
2247.644043 4.850737
1477.552856 18.778229
3739.387451 39.144386
960.295349 204.579041
57.192234 169.538681
5459.146484 110.961372
2278.140869 51.985695
893.205811 44.547832
1919.127441 53.703167
2996.044189 119.086678
10307.119141 220.869766
5391.167480 108.989212
2600.678467 134.128250
3397.519531 119.951172
1418.622803 78.490990
1108.711182 5.642916
541.792542 18.282444
271.830078 61.157120
991.293518 136.824860
7467.027344 54.799530
1597.541992 33.213551
8124.923828 20.882488
2342.411621 10.598388
515.826782 115.099045
72.088806 65.247253
4555.108887 25.161434
2591.756104 10.826159
15776.810547 290.910278
1637.202515 247.513580
735.891968 206.100281
693.016479 163.093307
5755.501953 57.988243
943.018311 80.685982
938.734619 87.700363
682.805786 89.718765
331.700714 72.784996
3503.863037 16.960772
1300.635864 4.584498
564.923767 25.785122
576.157227 249.870544
1789.979980 325.966583
11949.630859 426.029541
16602.892578 504.381927
480.494995 189.349380
540.329590 220.683594
1858.453613 220.325470
2509.105957 218.773331
857.408203 12.867009
2220.056885 62.756897
2718.042480 183.063339
8795.488281 387.566010
12783.398438 92.086472
32982.078125 23.362791
2201.240234 2.481097
1782.648438 0.525161
2391.745850 91.409790
3144.982666 177.052444
1827.135254 442.363220
1440.063477 902.483459
14518.775391 787.841553
125.313873 473.302948
9743.810547 263.250793
1369.487427 134.131180
314.903870 267.485748
189.264557 191.814850
4185.263672 150.729401
1103.541504 118.486862
1531.634766 1187.446411
31637.726562 927.877808
2431.271729 645.081543
6806.873047 414.107605
1083.707031 111.528831
3303.520508 100.364471
676.665894 80.355392
161.533401 57.565723
2784.195557 51.952320
9625.062500 75.034454
602.341553 96.521652
296.182831 110.124779
414.782501 75.255585
490.253174 157.284515
230.251038 270.051697
11785.389648 401.724335
32513.380859 98.635223
3830.346924 38.155369
547.536011 15.147101
1199.600098 27.778158
2185.738525 65.723053
245.606125 103.218132
2083.164795 215.621262
39.700157 483.586914
11625.656250 241.623199
2017.770508 41.775520
1268.804077 3.055430
4553.332031 33.590752
426.453369 164.257065
685.812317 59.628891
4870.027344 39.126842
4359.592773 102.304344
5702.463867 1130.322754
2675.981934 869.432617
3188.117188 593.348572
1313.190796 347.669708
303.683258 370.956360
950.920898 557.179321
2735.884766 847.057739
8075.880859 1129.354980
5829.036133 319.713196
14591.681641 378.863556
9399.899414 355.923187
262.472931 321.489777
731.656555 130.916534
4515.145508 113.857086
1444.897339 84.763649
3050.766113 41.518234
958.291992 936.098755
36702.406250 601.484070
929.814575 335.529175
682.073730 185.270111
490.697998 161.044159
5168.873047 332.835266
1929.571289 528.600098
10840.151367 696.435974
26432.238281 143.818192
1603.869507 65.608383
1396.341675 26.284204
1055.674927 53.931801
2777.560791 965.821960
785.848083 1384.583496
2224.622070 1790.690674
6033.940430 1944.580322
14922.546875 1657.424316
11140.286133 1285.812012
2231.951172 913.533936
90.995232 775.002441
263.907166 567.751770
54.575222 425.140533
1888.476074 322.707428
9183.904297 481.710205
32477.615234 1147.990112
6219.422852 722.259338
334.868561 607.581543
993.375732 615.751770
2304.366699 1092.002197
1023.891113 1278.407837
3125.169434 1482.262695
12668.507812 1598.406250
5944.292969 679.948975
2173.805664 837.316895
12234.854492 915.835327
2961.953613 977.676453
97.659180 560.348572
1242.082520 853.818726
793.904541 1255.627930
5464.029785 1712.890381
19676.226562 2088.920654
14413.941406 1261.716553
457.438568 697.974243
276.455780 475.233002
271.367432 800.996826
2158.050293 665.800293
2340.018555 701.817993
1200.224487 887.186157
8135.499023 2227.856201
3669.857422 1881.850830
2055.222656 1476.502075
4164.897461 1089.901978
145.197937 751.596985
1411.708740 654.617432
771.275940 693.167114
452.764526 885.782410
38637.257812 780.035583
2292.220459 916.798340
3631.475342 964.254700
884.034302 890.774231
3486.849609 324.982605
3695.476318 290.123413
5881.981934 243.896667
1997.938965 247.497147
19776.945312 562.448364
5446.734863 393.862122
3535.876953 330.474030
349.546112 327.777283
1089.050049 299.522461
79.197517 511.404297
4554.179688 790.520935
1151.692627 1006.179749
419.029053 592.749512
13439.044922 485.587982
2391.914551 330.952148
29.045837 240.583618
54.270645 499.569763
2877.507324 572.735474
1320.962402 712.061829
5568.528320 899.088196
14438.406250 1199.973511
8155.563965 885.596191
510.167053 646.985352
434.719604 517.717651
2639.378174 828.616699
5289.291992 636.064819
1502.381470 637.658264
16434.660156 909.839844
14988.230469 854.791504
5853.135254 1035.206299
7980.187988 1128.870728
6649.583984 1044.839844
4210.253906 791.180847
112.386589 1184.288330
629.275879 1599.637085
4860.512695 1837.406738
32422.042969 652.866150
31527.277344 625.387817
27564.105469 548.635254
4187.611816 570.880493
2255.560547 588.062988
1001.779297 493.761230
2995.305176 454.923950
6182.098633 519.242065
16324.256836 1668.919678
20513.978516 1255.884521
3836.285889 940.121277
7829.945801 727.923279
323.300995 261.866608
632.323914 139.994171
1362.322998 139.964874
5467.040527 322.507050
3387.212402 138.831360
10666.525391 293.623779
57.404106 400.878967
3837.851074 383.544464
1951.507568 363.604736
452.503082 453.369080
8339.811523 569.537842
124.188766 659.579102
4238.693848 296.637360
4448.825684 328.516449
15699.163086 326.416595
674.058655 325.504120
2090.020752 196.481110
1734.588501 375.234955
61.299171 1006.512329
2355.054932 2101.438477
4725.921875 916.627686
5630.290039 653.794128
3613.051514 472.844757
360.719116 294.096252
1959.002441 299.731018
440.621613 279.705719
182.373734 329.092316
13274.714844 508.307068
2443.039307 1318.279907
7160.519531 842.142700
5082.392578 533.729614
3475.761963 372.059418
100.206146 228.131287
1742.890625 115.769432
99.935463 36.945587
1713.370850 0.042740
27577.994141 1802.389648
10596.520508 1243.652588
7861.910156 757.777893
2628.033691 422.353149
226.138016 119.726189
585.729248 182.523209
392.689209 288.043793
1772.779541 427.164764
53.032349 106.137794
2957.702637 84.387543
1847.171631 81.474014
3548.965332 90.899590
31.286951 26.459272
960.150146 83.475883
810.732666 199.114120
15941.842773 400.272430
1102.238892 234.737091
823.895691 75.388550
530.941406 9.298647
383.405243 2.025852
293.455444 673.596436
2011.810425 963.952576
10451.733398 1284.331421
247.481369 1413.285034
4612.295898 1557.682495
14478.594727 1233.146729
7606.324219 840.972839
3481.149170 613.539795
608.200928 630.247498
3025.699951 764.086914
1022.041748 1244.448242
181.627838 2182.629395
33360.363281 1038.805664
3547.038574 741.688782
6558.830078 666.941406
3217.270508 641.514404
1098.771118 593.091492
521.276062 310.492310
5452.393555 83.527222
382.626770 5.433127
7979.828613 1827.241699
1593.924927 1474.305664
10359.261719 1161.190430
163.157745 876.881409
1489.002075 311.236755
2784.482422 510.382751
13711.449219 763.309998
4059.898193 1081.670410
7670.810059 117.908157
8245.826172 4.524493
583.512512 33.169037
991.434631 149.323105
780.317139 886.218140
336.299561 930.711975
77.331306 1112.747192
1560.587402 1279.950806
31407.320312 2577.059082
22476.986328 2113.329834
4525.440918 1548.623779
772.571777 1093.573486
480.408417 142.029846
771.902344 52.944798
1297.143433 91.999008
9542.646484 299.054993
7439.933594 360.452545
552.932922 368.991394
2310.839111 353.060944
487.904907 269.278381
8.665262 39.510201
3208.379395 32.073067
231.027222 67.487518
2272.800537 107.421059
6613.551758 419.909088
4095.710938 346.956482
9801.581055 226.251419
1610.560547 109.111061
41.913551 65.463203
768.444946 202.427994
3254.631348 484.534302
2218.970215 820.197144
13611.320312 201.931641
3698.846436 224.004196
3719.613281 163.157974
2466.153809 77.293213
2315.984863 418.815369
7601.057617 501.085693
2571.530029 590.424316
1270.192139 636.632080
5949.254395 1088.198120
28656.304688 794.175598
1902.945557 545.652161
757.568604 417.061707
2141.722168 542.073364
1832.439331 443.624542
5844.112793 641.797913
9690.905273 1258.772217
20925.626953 455.527344
3670.365723 571.967651
707.253845 709.497192
2449.163330 694.830078
557.860291 723.607544
447.457642 794.339172
571.055237 804.358276
4391.666016 695.571411
1831.362061 997.685669
39675.339844 861.398132
13744.123047 730.642090
9507.972656 681.891846
191.583344 15.748875
1058.785889 89.555954
1303.562134 383.201355
2421.223145 936.843750
3009.301270 374.828278
406.464813 202.391418
362.530823 119.935448
511.620453 55.149834
326.464966 157.237152
1676.927979 182.596161
8.384631 273.390320
10974.329102 317.924622
25061.027344 1459.088623
658.739868 1079.815918
206.316559 639.093567
2419.484863 301.889771
755.553650 201.158112
162.430054 238.618103
1784.770508 497.845734
496.533386 970.925476
16972.988281 93.339188
8236.157227 237.899292
6580.084473 312.463867
2779.510498 274.131836
574.777466 64.015663
1988.844238 33.580563
1028.747681 222.506958
7321.070801 688.147217
7403.614258 982.702881
8595.461914 649.957581
5134.046875 410.089691
613.679626 213.502228
534.870605 129.626328
71.976006 187.608490
329.381317 322.404297
4794.370605 566.263062
5047.609375 520.717896
1810.721680 282.950134
1908.928101 160.814880
2134.280273 120.135757
9.809509 401.062622
1582.815796 475.999115
519.327881 578.319580
10453.013672 702.906555
9307.708008 661.637085
10396.863281 493.367950
3492.532715 393.683777
1211.230713 367.301392
853.914124 818.285767
243.752457 1618.803467
641.787598 2656.685547
11031.911133 3770.216309
2711.774658 1730.400269
2032.043945 880.865051
1334.615601 408.433228
5321.067383 388.736511
611.244629 1377.751221
428.256836 659.927002
2017.493652 313.116058
14147.159180 619.616455
10889.799805 4320.987305
24461.804688 3565.573730
4050.339111 2891.750000
3936.615723 2172.599609
954.112061 247.339127
3833.041016 250.366302
2773.575195 286.005066
2106.062256 350.823975
8879.968750 428.123962
68.406410 370.288239
6778.452637 316.272003
5592.984863 272.304535
1305.111328 160.876160
890.698730 155.255173
1608.711548 251.032242
6114.702637 383.064301
6382.122070 617.751221
2232.682129 584.671326
1092.779175 447.061798
3791.682617 276.434448
32.891941 672.910339
1408.317749 1117.803101
298.665955 1615.632812
12478.808594 1896.684570
19951.792969 1064.989380
20785.570312 879.916260
5525.507812 610.544128
211.036713 491.806793
4381.166016 1350.368286
3058.928467 1429.538940
7579.279785 1441.292358
3619.217285 1440.760254
18690.353516 2880.126709
28344.968750 2009.445190
3316.892090 1475.690186
4121.739258 1303.199585
4891.961914 656.172485
3349.328369 356.667023
49.745213 217.516098
20074.605469 410.348480
3229.100586 583.621948
4172.954102 751.080200
5170.971680 910.926758
6247.497070 888.382507
410.918579 118.719040
1098.992920 187.403244
4511.025391 329.388428
4366.102051 467.544769
35477.957031 391.872375
467.805756 363.353973
6569.949219 260.275818
9223.303711 153.844345
1381.997925 119.211006
3349.873047 223.549240
787.944031 384.847290
11320.126953 587.848877
5202.652344 81.923546
3828.935059 44.424622
49.589901 41.334953
5298.067383 63.825062
1299.216187 100.798492
421.317749 290.142670
2940.747803 639.770264
5536.950195 1137.946289
17771.994141 856.995239
6625.312988 438.800171
6252.911621 174.887207
2933.563721 63.942421
2026.938721 370.517090
31.141966 108.739601
2259.079102 52.711269
1209.459595 250.890625
5974.015625 1660.676636
2556.416504 1416.183960
11891.302734 1105.859009
9281.578125 737.017090
3401.956299 33.343254
364.148010 91.791214
1250.141602 156.593475
1141.970337 206.016586
461.040283 356.714294
17.810852 192.737350
3186.278809 69.091476
758.462036 16.468618
1498.248169 440.393188
133.091568 617.514038
4010.286133 1023.739868
3111.966553 1500.031250
3877.212158 1066.319214
1046.790283 986.907166
4416.705566 762.100891
839.079407 523.320007
1485.912842 688.584473
2271.501465 470.590790
1419.033203 281.532043
2199.323242 251.757904
8600.541016 1290.381592
235.829941 1070.572510
1794.676025 951.037170
3246.954346 848.405579
1945.699829 753.442078
1934.712646 1069.479736
8112.083984 1359.420288
3515.831299 1557.723511
2986.354736 150.417877
15690.875000 167.836823
1836.499023 274.042236
6854.900391 474.264709
2549.844482 660.144714
508.254242 613.849243
914.688110 634.144836
1819.293457 719.828186
18157.156250 2332.084473
4965.965820 1695.206421
13504.262695 1166.470215
2581.669434 824.484802
1941.423950 939.448547
1383.401123 895.006042
1474.404907 1097.811401
357.221710 1506.907471
3307.056152 916.348389
3264.823242 1176.313599
11972.371094 1243.639404
942.201111 1118.159302
707.229004 202.509216
1918.473389 126.570709
1259.542236 84.084190
2123.239746 114.327621
8668.785156 723.211243
18079.050781 534.530701
4596.549316 393.929932
2965.496094 290.004059
392.489807 65.874939
184.693878 73.514854
8808.621094 89.139763
1769.033691 107.779709
1722.553467 42.860291
1243.990356 57.090008
4870.226562 63.855129
1229.262451 64.716896
742.937195 212.169556
486.216156 370.666077
1302.467529 688.289612
1056.452881 1072.739380
2187.815674 469.584961
34082.394531 425.592346
2020.952026 322.288269
1830.671143 219.345673
121.084259 114.221458
3377.199707 73.614136
5449.905273 30.172401
2801.968262 2.328756
11893.740234 668.414673
8689.043945 440.336853
1009.015503 268.657562
271.225342 167.694427
843.342529 41.271790
2202.841797 171.064392
589.607666 364.675995
3021.117188 527.273865
56412.351562 395.590576
12292.279297 290.084534
6852.934570 140.168411
810.958008 34.022823
4701.189453 235.440826
701.951416 196.831970
1518.655762 130.541733
7456.603027 90.328156
27400.890625 509.943237
5823.932129 331.709656
1974.697266 252.203568
1547.139038 239.862885
787.440308 113.718903
498.333710 48.991379
6420.000977 9.696506
4629.576172 29.864164
1352.622803 29.744127
5103.924805 95.150787
7921.664062 149.843597
1788.826294 157.448532
92.502777 237.549423
1121.288940 287.207794
629.594849 348.566406
1894.670410 414.410278
63.582253 47.561172
3930.049805 95.647156
2683.738281 147.915039
2230.822998 194.281052
295.030029 304.463898
3120.890625 127.801361
2127.881348 8.753909
10147.643555 51.447083
5129.225586 520.806152
2352.509521 481.906006
5903.044922 482.433685
1112.601929 436.307526
318.855316 134.552780
948.220947 303.487427
442.568207 714.531128
5701.602539 1334.094360
765.216431 24.158766
265.111572 83.380486
4739.825684 126.911087
925.785767 119.135498
853.289185 174.306137
1782.283936 115.530518
2025.723267 67.152924
1605.891846 16.992666
9932.092773 1740.083984
648.191040 1147.922974
3017.311523 643.347229
2598.040527 322.719543
161.683044 180.189133
5689.120117 233.331268
1081.788574 347.825623
4059.423096 545.882812
10677.260742 49.718117
6223.609375 50.182045
651.490051 97.346664
2074.171387 144.390320
990.853882 39.839317
662.344116 47.376324
2002.989502 92.951668
3593.996582 136.948029
59317.097656 789.198914
4488.004395 539.859314
1983.275146 291.759399
367.048706 115.349014
3273.615723 105.708862
738.059814 99.834297
543.764160 84.706131
666.846375 62.175541
1617.615234 241.546783
2851.756348 180.720337
2209.183838 135.325165
5875.194336 112.724258
488.633423 109.401031
305.569183 135.736084
6264.626953 260.745117
1759.820923 452.879028
17176.597656 150.521820
1722.731445 209.963806
573.610413 206.921051
57.333729 154.374420
2645.623535 40.559044
3668.100342 96.498337
8131.280273 184.541824
4796.129883 291.787476
5207.625977 276.658295
5496.161621 153.806107
1092.133667 66.802238
1381.440918 28.390547
1900.062378 59.263000
1115.951294 7.929602
543.850830 110.018044
7640.299316 439.876648
676.144104 289.353455
24376.439453 213.378586
7478.327637 195.110458
78.130104 147.439545
189.099548 605.506165
614.083069 851.125366
7726.501953 1181.368652
10154.095703 1442.401855
1941.334473 742.027222
3361.134766 713.398010
7808.710938 602.760193
2168.436768 530.516174
365.671997 43.405182
488.355103 11.388581
223.917389 50.846096
5561.135742 249.961472
6296.239258 999.322815
48973.800781 520.599182
1582.423950 240.617935
2321.098389 107.812729
425.050018 40.447762
1590.880737 82.521332
158.524567 176.328690
6529.271973 267.756104
2259.801025 1063.602905
7847.162109 689.692566
2556.305908 343.039459
1637.899048 116.250908
625.070312 67.537613
4524.356445 82.098686
3574.359863 164.251099
3439.827148 304.764709
15650.123047 99.385307
2875.257324 122.767357
3175.313232 122.206635
404.354858 94.511566
99.433281 4.605038
2419.626709 98.862251
2337.043213 463.218842
6849.377441 1159.813354
1913.247681 420.380127
1085.124634 195.727081
257.333649 103.912178
542.586121 41.304810
1791.737671 195.269440
1820.128784 103.993263
3197.933105 57.326435
2972.232910 20.061008
12919.365234 1907.112305
14133.867188 1341.087402
1249.761719 800.169495
7538.931641 409.022278
655.719788 100.914619
14164.463867 47.318745
14505.893555 22.391132
1402.734009 19.704235
50302.328125 382.048157
9890.481445 342.664886
988.622253 268.014709
2259.131592 179.685257
3860.571533 29.859015
1697.836060 48.248306
3090.161133 55.655746
629.986145 51.442287
24898.453125 127.402588
11105.471680 60.617275
1462.729980 21.168585
4257.042969 14.573541
4179.388672 3.524390
1271.050049 14.171291
3493.025391 75.669426
4369.130859 165.294861
33804.179688 174.512726
27635.128906 153.402145
4484.989258 101.866913
7090.732422 41.114220
3151.527588 35.068493
136.421051 84.930603
3072.223145 133.767441
7784.846191 178.420303
9599.951172 197.247314
5051.790527 78.925560
12379.270508 12.077829
2570.562500 2.604809
64.625732 229.347290
4701.390625 312.856323
310.047760 634.867188
3258.691650 1069.919922
466.293427 1121.216553
2864.531738 977.533752
828.483337 694.819702
488.698425 392.551697
217.100067 290.570831
147.888306 264.625244
581.068359 277.969513
8062.234863 285.123016
17351.515625 825.429443
8685.371094 714.148254
332.623535 544.885803
5375.387207 386.859619
1096.253052 98.550766
1487.130371 164.968811
3426.752441 377.998932
2294.338623 702.597961
7090.858887 75.034477
589.408081 152.835419
12852.719727 171.447662
966.632141 130.648895
977.196655 313.309540
764.157715 287.230133
1747.718384 293.062683
3319.580566 391.530182
12406.056641 872.888306
1074.592285 580.516785
69.477119 417.614624
2127.913330 347.371460
2098.421875 291.263062
752.300781 295.314087
4844.967285 279.599365
5226.290527 235.773743
10289.364258 355.328461
7466.905762 325.249573
5746.706055 297.329834
1009.408875 286.557159
136.959290 29.854733
564.691650 43.737450
3274.679688 83.973801
3474.861328 135.892151
5717.896484 65.009109
15710.820312 72.993256
6273.285156 61.516060
1711.050903 40.870770
590.498901 429.454834
112.961922 714.858337
2263.982666 1090.993774
3566.625732 1469.395874
1023.177124 120.049637
9789.762695 143.992722
516.732788 182.797455
365.310913 261.758118
322.230804 346.537506
5386.687012 156.072235
7495.082031 280.067596
949.189880 923.610962
14867.486328 1821.290039
2981.162354 1237.662476
234.245926 896.447693
3122.595947 625.627991
3322.142822 462.731445
1323.114990 612.611145
1632.398926 859.312256
6912.916992 1175.182983
3122.137939 610.557922
9016.781250 486.803711
2899.089355 417.998291
1151.494629 404.709686
762.629089 387.575684
337.737488 312.535614
1954.197021 242.927734
9621.699219 136.974335
867.529419 2378.435547
7117.287598 1662.636719
3351.977295 1015.421021
3288.182373 587.696167
5459.603027 268.920319
1432.396240 454.436554
1715.195679 616.289673
5850.753418 715.308899
3703.751953 62.770798
5081.040039 5.304306
555.909668 16.635084
1295.471436 109.568336
230.929779 325.520752
961.811951 409.915039
192.145615 452.567261
22600.312500 443.978821
2168.671387 501.003113
16403.148438 327.660492
72.419205 237.854874
5250.574707 248.263458
991.244385 168.896515
3338.146973 220.041779
1882.120850 178.471725
14735.541016 66.515930
80499.140625 940.810669
4525.938477 465.280792
1438.781372 179.309784
3052.126709 110.432739
909.316284 112.271538
83.663795 89.548073
828.252563 111.393288
2853.307373 236.533157
23051.347656 11.812131
7763.460449 12.320308
5055.060059 70.110359
560.407837 114.332458
241.718323 96.416473
106.903809 74.768333
663.218567 71.841492
2147.200195 70.652756
7515.013184 303.580994
9318.159180 273.643555
2555.390869 211.825119
374.826050 144.965714
496.936279 66.001778
1630.986328 156.720123
4085.856201 263.590424
2910.441650 357.877258
2791.336426 107.667053
4045.431641 48.401760
5095.523438 11.365367
3628.325928 14.661531
1950.719360 179.733597
1190.586426 134.050018
155.857254 63.921406
19022.931641 10.671606
4995.451172 395.291382
3678.937012 271.343567
2548.753906 211.970963
286.895813 195.565094
128.464081 137.842072
1872.136963 100.920853
7753.505859 35.767609
14125.062500 14.318882
12287.510742 53.365768
1196.619385 0.207773
13642.826172 42.046543
3204.366455 110.495026
107.774857 347.539490
3198.265381 197.316544
9382.172852 212.510544
1251.850952 460.904968
31832.486328 250.246094
1663.463867 437.124573
12210.404297 553.597168
790.911682 511.835205
1470.632690 280.103302
1638.235229 169.483002
2564.352539 142.301208
10901.390625 233.939819
4365.525391 163.986130
9934.474609 322.055817
5095.854980 411.846069
1792.017090 388.443542
1239.099854 335.877045
11632.908203 383.979462
4328.943359 578.108337
4178.449707 838.143250
8108.494141 479.904358
691.768066 574.589966
14587.107422 535.142212
3329.034912 418.132477
525.184326 16.315357
2326.126709 8.156247
2750.355469 106.612755
9773.926758 318.686829
18964.257812 450.317688
2063.353027 319.743927
610.491028 202.493652
4088.234863 94.426064
1032.423340 259.992950
1282.866455 337.005371
1129.152100 416.873535
9700.371094 457.235046
19767.656250 311.295380
22048.740234 276.116241
1810.264404 234.242142
1137.225220 222.251633
2037.306030 45.302635
4136.125488 24.310089
2304.605713 27.572741
2020.684448 27.883652
41823.093750 987.189880
10125.014648 657.156494
10894.244141 351.051880
3326.547607 142.187866
801.104736 17.253056
16.768850 28.690685
651.868469 57.073467
17507.142578 108.156265
3616.454834 103.582428
13495.107422 54.658154
480.828735 27.824564
1850.753662 17.091024
1595.583130 14.210346
6003.579102 19.391926
202.090790 31.940609
2035.620605 49.637238
18621.417969 238.044037
3902.986816 143.179611
8286.284180 68.924393
2140.520020 26.891699
551.434326 36.589012
856.245911 58.580185
597.328979 142.246323
910.368652 305.703827
4480.393555 28.774010
416.231567 15.380414
4664.187988 28.993332
6687.069336 36.686447
335.377014 211.602661
89.826393 229.618210
2381.029541 227.066254
2646.077881 191.603317
6638.132812 211.584351
12718.827148 200.431030
2868.343994 189.537064
3205.157715 193.293182
875.340332 67.722366
116.822220 125.668327
482.153320 284.745422
1199.155151 516.002258
4552.641602 253.421616
18689.458984 214.287811
1820.675293 156.398544
3197.752441 93.300293
68.337784 51.200256
3683.683594 33.147251
1658.700317 30.378908
138.604370 56.714344
770.906677 129.577850
4471.021973 101.514893
642.889282 85.468208
1245.169922 70.483131
898.797974 18.481882
2545.987549 127.550140
3020.894287 329.157898
10272.214844 569.391296
18322.982422 176.480347
3719.850098 129.920166
6654.441406 62.877983
4543.968262 8.781282
689.825256 43.115845
1031.120361 151.741516
6518.749023 390.977478
4296.480469 738.291992
25616.535156 483.983032
3411.570068 287.511658
11172.991211 139.949768
376.436279 49.872540
2787.238770 270.943695
1199.791138 231.692963
623.131287 415.403229
2753.411621 726.710999
355.990356 1439.171997
3639.078857 1248.747803
1769.172607 905.805908
2264.502441 529.950562
167.387695 1.892505
1460.089722 29.652021
2763.593262 158.023621
15399.173828 374.709442
5342.396973 116.216156
5083.925293 113.359253
142.414383 89.035370
824.830322 39.702137
546.965332 231.998047
1336.683472 239.131897
4012.802734 430.997864
6115.078125 795.555725
7975.824219 885.901123
10852.873047 717.703247
6582.520508 538.154785
431.351440 357.421570
564.706177 436.582703
134.288574 463.904419
3903.151855 636.172302
1281.499146 904.825684
2345.129150 865.656067
9582.368164 808.546997
1418.766846 684.216125
136.873413 533.925903
949.485596 459.672302
906.552185 478.675323
4499.040527 379.283875
4887.277344 206.151413
8238.444336 567.188904
16062.883789 364.054932
250.808411 304.185333
3335.639404 367.172729
200.392563 146.021164
528.999939 135.706833
881.397766 224.451141
4501.666016 528.191528
9803.511719 151.512054
6503.678223 34.087559
1554.690308 74.465378
2479.982666 137.050323
645.944214 274.210632
4.521542 168.691895
1966.065674 90.152451
2037.424561 40.516033
13191.667969 566.548767
5475.454590 562.821655
3395.289062 498.184143
8264.126953 392.509827
381.361511 25.052446
1522.719604 121.924759
175.636185 308.396881
1499.324951 560.187805
1352.155396 80.674934
2730.742676 43.238983
3567.521729 17.040323
627.624634 1.959833
1136.486328 6.465326
840.288513 48.520695
1011.784180 192.534943
2857.105713 492.773987
6866.863770 720.213989
14933.992188 338.949768
5640.744629 122.623093
156.264343 27.977158
435.630035 577.867371
344.035522 544.578064
1671.718872 513.370850
3444.507324 441.783905
10528.881836 1008.746033
23925.792969 924.597107
8564.341797 783.848816
883.099243 655.141174
507.338440 35.249992
168.299011 19.877792
759.054443 14.845718
2266.624512 94.542839
21689.558594 645.975952
1768.416260 286.637543
1699.493164 101.406815
1878.313965 44.860355
3848.176758 439.812531
71.157158 608.878662
333.995239 835.697021
1344.376709 1063.086792
16787.621094 136.095520
2418.555176 212.226593
1346.683350 275.338135
389.784149 338.471588
2174.572510 83.737831
1350.193848 63.984306
1842.158203 129.737762
1601.800293 340.673828
17535.593750 1095.190796
1025.598022 632.059204
1187.810059 329.395386
2705.585938 163.591217
1672.648438 190.177917
787.610474 206.408478
836.877747 233.816376
92.189117 226.579376
7942.691406 983.003052
3152.014648 700.293152
2508.161377 428.711304
2428.697998 251.252869
2767.565918 580.671692
1369.165771 751.121399
3874.861816 1217.072754
3630.999023 1902.011841
6303.997070 604.144104
2824.706543 701.014343
613.696777 705.073792
6366.627930 621.281189
44.415722 88.819710
338.869232 19.852957
1164.393799 101.686020
12861.056641 367.057220
5263.318848 1050.309082
23348.679688 739.468872
6272.910645 475.948364
1933.147339 254.669479
1971.759155 1.285970
851.931519 34.918053
4846.213379 168.842926
3334.865479 396.162903
33083.816406 470.669891
5790.949219 299.070007
6437.358887 156.229202
5487.816406 50.402538
719.071167 324.870453
671.622803 228.487518
1088.315063 186.263931
5099.109863 192.590866
21467.597656 1064.705322
7057.403320 884.461914
4478.145508 673.966797
1661.606934 477.303223
2254.502197 359.377411
1982.097900 518.058533
13.645573 629.505066
590.068665 661.930786
17375.810547 33.428307
2352.356934 31.262577
11737.648438 84.867706
7200.359375 200.902618
70.653488 146.375977
394.995819 64.601082
2732.414551 20.006371
6355.775391 70.662025
11084.133789 840.337891
2053.011230 555.333374
3366.314697 362.372864
415.860626 239.551758
2498.440186 194.599670
2234.232666 284.541443
7131.020020 395.878601
556.835938 555.704407
13765.648438 114.914497
4354.434082 24.573437
4134.974609 37.659588
4518.573730 108.137444
1493.812256 985.059082
1227.382446 1036.618164
1688.386719 1109.559082
7394.519043 1076.348755
7905.130859 1828.641968
4800.925781 1620.551636
10037.769531 1313.221436
850.800781 1069.868652
229.049118 582.300232
206.445465 607.636597
2601.999512 707.767029
2368.448730 949.871826
28364.208984 667.326233
22120.580078 540.692444
5411.501953 533.054871
8765.762695 563.152283
1898.306641 421.128265
1027.788574 601.986938
2223.626465 816.273926
13630.171875 970.173706
4325.391602 784.032776
3870.064697 602.466797
799.781067 430.484924
77.661179 355.461823
1324.724731 39.516590
1414.825928 44.414051
22.101255 178.874359
8528.811523 519.479675
14978.240234 323.473022
8333.411133 148.150757
7871.071777 93.150986
164.252625 69.794159
472.158386 408.390869
3836.275635 496.445984
588.017700 632.993652
392.983429 656.863525
8814.285156 2001.192139
14703.859375 1497.886108
13236.330078 933.828125
1620.425903 535.274292
32.198120 121.628929
363.199127 157.665695
5381.017090 174.436905
1372.994507 259.876770
42348.898438 551.997314
6805.951660 178.972107
2334.005371 36.367775
3343.309326 55.407082
4317.584961 419.548828
352.090240 386.162781
7568.538574 307.119995
1253.038452 201.042175
10385.248047 394.197998
4735.220703 385.404236
1858.031860 394.763489
1490.374268 414.262726
720.997192 509.574921
1676.893677 661.730347
6314.776367 935.906982
675.723633 1273.643799
9299.583008 494.996460
14300.720703 501.701324
1631.076416 487.129089
115.581505 470.217773
2168.603027 66.492035
144.867828 79.833755
1593.782837 271.328827
733.670044 646.747131
16881.214844 534.291321
5896.455566 408.656006
9323.853516 290.577026
139.639084 163.107315
50.065922 448.025818
337.567291 374.285522
5634.316895 376.387482
6798.878906 512.483521
9030.983398 1258.035889
1439.451782 935.901672
1047.640869 711.046997
1318.840088 559.231201
1624.254639 1163.896851
799.701355 1311.227051
118.976021 1263.906006
23520.246094 1018.810730
15146.744141 406.248108
9151.304688 475.328796
13149.964844 646.610840
1247.003418 904.344604
299.028992 1042.147705
4053.528076 1168.118530
8615.710938 1668.598633
9711.392578 2692.227539
8862.799805 1957.277832
13373.312500 1406.057251
5438.607910 1177.064209
3595.680664 1080.326904
1735.127686 1416.584961
3490.451660 1252.648438
2764.353760 1344.591675
1166.167969 1517.395508
12461.964844 3247.681152
11203.640625 3044.155273
20339.037109 2507.262451
4512.379883 1879.762817
1158.167969 55.836685
1720.212769 40.383804
661.105957 156.789886
3257.046143 457.267059
19918.908203 122.543747
7842.526367 102.254021
7548.112305 121.172157
126.644333 106.484146
1819.147705 26.824347
2471.588379 16.229115
4314.179688 29.121700
717.080872 52.070629
3795.920898 617.746216
10048.884766 406.939453
3167.800293 216.649429
68.386673 87.314804
1825.448730 76.421532
3443.811523 17.677593
2623.600098 5.971202
9472.582031 71.495789
19369.146484 148.131073
6087.186523 157.920410
1055.891113 163.689026
2285.572021 136.147461
643.698303 97.760971
424.144470 145.110764
132.853485 246.711899
2657.417480 399.839233
6912.251953 54.077358
1360.555908 58.065536
6207.288086 72.490700
1791.952759 82.414062
326.022430 155.816910
353.832184 138.237549
1436.246094 115.746910
1695.497559 89.636017
5071.706055 536.494995
4699.431641 385.135284
2892.749756 262.269226
239.083481 188.734680
1501.971924 219.156113
1285.837891 417.224213
2082.346680 680.918579
3816.120850 988.621155
4462.130859 124.906174
1444.351807 28.479790
1951.159058 22.079935
1295.878784 88.153954
1827.492676 801.253540
1041.300171 963.758301
6912.032227 1063.016113
3659.422363 1022.677368
14800.536133 1837.914673
2122.106934 1301.775513
1030.896851 891.952271
3703.161377 732.074341
1513.057983 214.493042
862.742188 34.509247
2365.657715 44.469761
1236.229614 383.848419
18736.640625 435.311432
10166.132812 417.037689
1182.211182 451.671570
885.460938 392.950104
401.262177 51.572834
2330.028320 61.094772
7112.279297 118.334145
4864.255859 249.173492
14793.029297 602.721436
2764.441650 340.072937
5144.383301 169.374435
13373.287109 82.016403
860.805908 367.815918
3357.346924 350.706604
227.198761 357.212860
1614.511475 363.518799
2765.884766 788.952454
15040.455078 674.936768
4227.462402 541.042664
1887.609253 430.479614
1098.012085 152.979340
664.404053 280.883789
2167.762451 561.595276
7394.828125 1075.749512
11180.466797 490.052856
7831.051758 169.208740
1068.178467 71.958511
3460.515137 89.736023
130.019913 148.753128
1435.806641 37.034119
7132.698730 0.018004
3002.877930 41.523346
25775.824219 1165.580322
5382.892578 878.149048
7080.451172 585.530396
1788.367310 334.089813
1059.377319 13.140137
1676.408691 86.975891
449.810608 218.912903
392.558136 394.674042
7745.721680 396.296631
22240.482422 207.668015
3122.390625 73.008148
3947.275146 7.008763
1220.351562 285.304535
668.744385 538.004517
306.998718 930.425293
8053.216797 1354.552856
3218.538086 1443.011963
260.684723 923.434875
4544.641113 491.407593
3023.314209 260.974182
40.326859 1264.978638
2413.329102 1202.311035
3858.802246 1075.252563
5169.494141 862.078430
8559.297852 2514.618652
16160.282227 2036.480957
4146.661133 1619.706177
1355.387207 1368.812134
948.619690 744.459473
350.879089 858.513062
404.750519 1505.775879
490.932129 2668.539551
13549.636719 391.751678
5663.661133 752.578430
1614.981079 957.147705
219.177856 893.482788
2033.859741 71.944450
1489.200439 107.345009
1427.669189 479.941925
693.638550 1198.208008
2135.311279 2138.912354
9286.337891 1382.036377
4102.120605 763.599731
2274.625000 312.556763
1394.563232 241.652695
689.041748 139.052765
2052.611328 87.161514
701.452820 217.311462
15661.510742 1097.070679
3073.752197 656.794006
5298.741699 429.564392
915.782715 326.543030
1149.389160 186.392365
522.513977 162.655746
993.397522 174.426697
867.428406 212.813507
2776.097168 674.389526
2148.689697 521.661865
4805.348145 372.133179
300.486328 255.667953
1365.178345 53.366657
2990.941162 75.827698
5204.383789 78.247314
1157.903320 53.870884
676.122620 564.296753
63.492592 318.494995
44.746037 137.926331
1481.235596 56.466946
1247.844360 185.536667
1471.356201 152.708633
462.238831 167.044525
7424.355957 251.893524
7263.417480 71.153877
7548.391113 145.190018
1916.349609 205.288300
350.891418 216.767731
1593.814941 33.512844
970.726196 115.836479
2830.110352 263.829376
6893.170410 452.373871
32942.093750 74.876167
1235.405762 46.752930
10944.767578 23.439747
1902.171265 11.073008
812.637878 237.548111
591.094971 188.600739
4002.368896 91.440033
5003.321777 14.848814
3513.010986 693.457764
10536.596680 412.349762
946.421814 272.931763
470.626526 242.437836
1216.811768 147.481552
2480.479980 116.400841
1542.660767 113.783905
1950.116943 216.958344
2597.502197 31.983305
2125.805420 9.591459
5098.818359 73.692581
2151.870361 137.598572
1245.016357 510.975342
79.056198 577.948364
773.589722 718.627808
2402.728516 880.589111
1603.840942 356.620575
2122.842041 476.772400
4397.026855 519.824890
2728.782471 510.230591
171.862610 499.414856
904.071289 529.495605
1302.413330 468.545990
5995.649414 309.403320
6122.339355 786.701660
15778.153320 590.555847
5152.045898 466.485443
3199.666504 449.820984
521.371521 117.734550
1669.046021 185.185379
1432.765991 420.830139
514.893677 898.037109
17572.757812 87.537773
2714.037109 9.470852
3735.580322 51.342350
1761.462280 97.534729
5.049795 392.753601
585.023499 430.186249
637.742310 460.331635
1275.477173 395.620972
2528.741211 2094.199463
14400.914062 1450.294434
4594.569824 861.516235
3423.681885 500.479706
1159.896729 886.112671
5049.711914 1212.964600
10407.684570 1591.406372
2158.918945 1920.047852
9382.546875 438.670258
6466.667969 477.142395
1539.363770 540.844971
2387.375977 663.856323
2275.626465 961.217712
2783.898682 969.126953
1825.808105 1330.037231
8759.183594 2175.451416
8265.947266 2092.553223
4831.624023 1586.369263
4607.565430 1307.431396
3195.127441 1111.757324
2841.080078 1523.228760
3820.388184 1244.178223
2289.382812 1258.594482
3298.803223 1527.270996
36391.152344 3007.707520
23725.246094 2883.788818
29051.898438 2519.389404
12617.289062 2006.996338
9121.533203 275.616974
2239.044922 186.097794
742.993286 105.300911
12221.359375 66.291138
9772.998047 552.034485
10811.767578 479.349182
4847.152832 416.726074
102.177322 352.934479
105.294693 106.003067
478.610107 58.521393
4745.138184 9.335432
8138.749023 10.899954
12499.337891 84.587021
719.213013 60.625366
12429.401367 87.075302
4253.543945 114.943413
296.826782 603.310303
4627.780273 844.798828
458.230530 1352.516968
2960.138672 2043.108154
23958.962891 281.414185
10080.475586 447.640198
9251.735352 541.198486
1462.098022 553.906555
967.281067 495.500183
1044.869873 333.294495
4980.693848 306.556854
1786.989258 373.509491
32204.283203 2404.160645
660.775269 1888.727295
1685.244751 1319.212158
2299.663574 828.166809
3987.853271 49.755383
2606.614502 84.866028
2559.757080 115.618706
8.117391 134.864792
3004.775635 19.007563
7718.576172 4.199905
848.527954 3.667984
143.097214 19.959555
79.330574 428.153809
2515.104980 547.765076
1337.721436 729.062317
772.100464 878.229187
10694.359375 541.904297
3057.544678 548.598328
6390.815430 480.705353
3581.597168 414.777161
559.870056 279.583588
2911.947754 144.106552
1542.317993 59.658054
13532.295898 167.619232
20598.259766 745.057434
14100.110352 492.816589
902.510559 404.706055
630.445923 365.615479
832.637756 347.854614
2387.287842 572.742493
2641.379639 1006.114746
466.041351 1528.299438
8628.037109 227.986389
4370.068848 348.461182
15325.408203 360.732239
3340.915771 316.626007
1959.222900 334.670044
607.920898 339.255432
821.324219 347.495117
3882.266846 344.701996
9557.185547 948.328186
12107.638672 702.524658
3214.136230 496.341980
5079.979980 374.602112
5135.481445 131.214005
1132.020020 276.681244
1488.262817 436.316589
5607.817383 586.632446
7510.541992 1397.935059
13538.194336 740.701660
411.665009 283.991333
97.346214 96.518593
1226.078491 496.187744
371.426819 392.467682
1782.958496 321.358856
1876.627197 281.957489
17714.140625 641.812317
1140.231201 707.399963
9286.169922 691.820679
6113.465820 609.175964
389.253693 51.604439
1451.764771 57.413349
1010.570129 40.087727
2185.089844 19.649775
2308.982422 142.283173
22992.910156 52.487789
1673.030762 18.873081
6635.365234 29.171993
767.381958 82.684807
1387.429321 260.645935
4544.017578 627.874512
1204.694336 1099.647339
671.482239 72.015129
412.323334 128.888245
11.485334 117.576797
780.522705 68.618874
39.844040 91.665718
3048.361328 204.001129
4538.666016 375.298187
5685.141602 571.565491
12401.801758 839.411743
5539.205566 483.637573
581.271362 215.672791
1153.776489 84.225143
101.270218 327.722534
187.079895 260.074585
1073.988281 455.790039
4138.817871 933.959229
66634.546875 741.519592
17935.728516 751.452332
9671.758789 692.263062
432.718628 524.077332
9054.110352 194.559769
12105.193359 71.722237
4083.005371 25.412792
12227.933594 96.018150
3554.142334 772.459045
13682.640625 630.747681
519.927368 492.495514
699.965942 345.413727
31.828728 21.158737
448.406189 8.565601
3694.217041 3.371004
9552.470703 17.037472
22739.851562 126.061211
7351.548828 80.017464
5839.975098 51.709515
2861.191406 34.775299
1789.389893 144.406036
140.519318 252.358032
115.885460 355.704926
3432.957520 423.263733
12572.992188 9.260899
17670.943359 0.702708
1845.066406 13.093466
14589.409180 59.996056
63.938309 25.878952
1991.515747 5.629822
1500.317139 125.108765
5650.803711 428.218628
1176.175659 446.431427
4339.091797 295.215332
826.523804 198.388153
2417.883789 108.598419
664.118896 4.820141
285.934357 31.939789
1415.861938 109.994583
34.043304 279.619049
5207.910156 568.124268
548.122803 260.421265
3885.848145 84.299995
671.365906 14.055717
1541.096191 457.055420
1352.507446 422.528625
177.344177 477.781250
4427.114258 519.566284
8021.951660 1438.009644
4502.741211 1261.235107
3881.854736 948.488403
1159.406616 642.217957
787.213074 360.880554
516.583008 399.070129
937.202698 456.827393
3686.225098 546.005798
29958.679688 318.142029
6539.232910 288.994141
3705.996338 299.886536
1154.911499 328.514648
818.416626 66.793373
460.177277 24.705334
2988.057617 2.776443
7809.563477 25.272905
8632.946289 253.332260
1451.043945 190.003189
10386.275391 146.680252
3938.439941 109.031204
40.199348 55.855782
1634.831665 145.676559
950.200928 306.439758
3555.140869 521.993347
87.442421 19.384258
12170.507812 6.052547
2551.118164 9.249555
1762.956787 20.165953
173.313446 36.896725
4022.586182 98.039749
468.998352 266.282043
4307.527344 582.404419
5590.597168 540.786255
755.318542 254.469238
1123.672241 102.149010
4382.167969 40.620632
523.983582 381.019958
91.431366 310.973541
1451.626465 289.027588
2544.287109 277.635437
37170.371094 1231.566528
1185.731812 1022.278015
3617.630371 762.328857
262.287201 532.181763
84674.781250 84674.781250
84674.781250 84674.781250
0.000000 0.000000
0.000000 0.000000
0.000000 0.000000
0.000000 0.000000
0.000000 0.000000
0.000000 0.000000
