469.064850 148.789520
3517.377441 219.377014
13818.486328 288.860901
29704.273438 342.177917
5510.947266 53.326553
1499.744507 43.535522
1168.951782 55.226242
69.253586 91.103798
9.709055 96.392281
924.164307 233.570892
14382.626953 404.855927
6293.617676 566.468506
56.743603 347.610718
10084.583984 182.353760
384.060089 65.996574
944.610962 33.955593
85.892090 16.125467
122.454773 61.474056
1726.060059 145.695953
14609.460938 250.080429
4722.971680 76.057983
8244.834961 53.615074
5440.131348 28.303886
313.016479 9.866572
1404.187988 97.715279
2628.789795 244.894073
1669.340698 447.001923
16454.076172 657.156738
4582.200684 90.806862
1231.834106 43.531059
106.782043 14.506107
243.798447 24.264019
295.998901 20.804007
3289.551270 43.460178
375.260193 129.616333
5497.311035 276.447571
2462.286133 293.967499
148.180908 191.888840
133.800613 109.319893
80.201744 48.539505
113.529648 37.995026
26.788568 27.453823
4152.122070 15.193840
4630.545898 5.236103
16954.572266 51.614914
2081.462891 49.518002
774.229004 47.834602
184.001282 44.666451
1329.758545 50.579308
365.847443 50.816055
36919.058594 45.026905
4846.410645 35.291882
831.424377 14.020613
7781.641602 22.973248
235.233154 34.024055
58.936539 44.291977
86.897446 74.136826
292.254425 174.007019
2508.947266 288.158051
8581.266602 373.622986
3266.154297 128.405991
420.339111 75.302902
160.599533 29.239986
216.787613 22.818382
2807.179932 1.729222
1127.812012 14.817716
321.234558 59.846146
5149.946777 139.757782
45004.820312 87.073311
2186.372314 49.682373
2418.946289 25.669834
104.040794 8.892965
1352.951782 5.815457
1828.419067 10.453788
3854.085938 30.453423
6308.622070 64.329254
642.587952 45.174671
4610.070312 34.206776
3899.562744 23.185555
2131.885254 12.229228
2789.995850 130.788330
711.274536 159.059875
2011.072998 169.208969
7193.264648 159.551880
4205.063477 5.439209
3635.774414 22.525644
324.112793 52.849953
298.958588 91.934158
1330.846191 8.464079
1595.898071 69.588608
3075.581543 178.024185
4289.553711 296.113647
4577.322754 169.194748
6156.710938 120.904305
714.434875 57.236221
67.516731 9.032257
31.061707 109.639725
1365.495239 158.404907
634.130432 202.332687
1857.989624 229.338501
10101.375977 16.021942
1587.138184 21.589111
189.553955 37.685776
1468.986694 67.258270
990.853882 115.349014
367.048706 291.759399
1983.275146 539.859314
4488.004395 789.198914
6820.457031 136.948029
3593.996582 92.951668
2002.989502 47.376324
662.344116 39.839317
311.173370 18.095291
4047.522949 41.224834
13497.108398 140.953079
2060.749023 317.697205
1680.643433 314.451538
523.949524 204.111282
489.985565 117.132172
549.953369 51.156036
1742.270142 38.161407
4532.483887 46.563629
13149.454102 65.635719
19716.503906 95.698288
20452.910156 75.387283
6495.274414 55.922337
110.167015 43.911636
1016.907532 37.959606
472.958008 10.135041
1618.258301 39.160889
215.189957 81.210869
1466.078979 124.927292
1220.359253 95.537025
10111.405273 53.138020
4198.521484 18.788723
1144.886963 2.674466
787.906677 25.717529
1271.859131 51.273304
1161.117676 101.902512
15680.140625 168.154144
9375.567383 31.728130
5174.572754 31.186657
3050.153076 27.005136
365.486237 21.563374
724.532043 7.601068
303.426575 24.667856
4134.219238 50.665588
15005.686523 79.791290
1325.631958 115.361816
44.858353 64.828407
1182.826172 25.952614
167.724594 6.497942
1545.031616 1.941106
213.211700 2.059194
8120.258789 3.252794
4205.289062 4.867037
1051.131958 4.301380
3022.196289 4.784953
506.580109 4.111738
904.144531 2.857378
67.186218 20.571793
2733.974365 21.289181
2680.853271 21.510908
12057.582031 27.345976
4567.283203 3.540748
8.023331 0.322557
292.550140 6.616462
160.251709 15.321525
397.548370 64.354179
1778.900269 64.102173
299.809357 69.996384
3913.002686 79.561890
19937.550781 65.672302
509.348724 72.700256
130.826553 73.313400
1212.081055 68.995918
309.787781 21.948826
1576.987549 40.969917
6315.596191 80.762466
26746.894531 126.790398
3214.006592 76.215607
431.759399 67.162796
1618.869507 46.854507
197.668457 26.860458
1377.562500 32.466675
6428.592773 24.001303
7333.671387 13.208219
5796.783203 4.662165
2330.127197 98.355469
193.797058 70.206970
2040.830688 50.615608
416.520599 39.632385
2033.354248 91.216217
266.950348 139.312897
2681.857666 181.331497
1774.213623 209.677338
11705.665039 11.110693
8237.824219 3.790932
1906.667480 15.977186
1452.550781 47.011967
1302.728271 24.433172
175.421799 22.732752
6736.950195 49.171818
15910.007812 105.623207
9489.623047 117.485855
4731.380859 91.827423
2807.490723 67.905479
649.027588 43.463959
2075.300781 8.502689
3884.627441 8.740649
1184.155640 10.315010
17773.312500 12.566703
16114.441406 18.030502
3826.298096 15.434051
343.548767 12.410162
960.756226 9.838587
702.281128 46.037861
2076.921631 49.370506
5908.596680 52.449734
835.184082 58.222572
12798.928711 14.115179
2026.331787 19.695137
541.222168 29.856394
2004.112061 39.636158
1405.019165 37.028664
2739.711914 71.858932
5118.982910 114.015373
4107.357422 150.570587
5925.191406 46.069210
11550.299805 29.931791
569.857056 17.981709
939.157654 18.547661
2.544409 26.016155
114.765335 69.930420
9314.898438 137.725098
1885.938110 218.425644
944.562195 55.977242
255.169189 27.481604
578.685547 10.318116
224.663589 7.753202
659.226562 18.102364
8503.975586 1.113717
2778.248291 6.804397
21805.146484 37.956905
1558.764526 135.680237
2804.359131 110.952675
2043.758911 81.597473
469.402374 48.434841
90.666168 113.411789
1507.542480 179.305923
434.419800 240.072113
3491.011230 280.154236
8740.738281 2.377565
435.632141 2.776127
2324.218262 19.825008
865.046387 57.233780
704.659485 2.918164
3800.863770 40.385910
5317.523438 130.385345
23321.537109 245.161011
5148.793457 185.674652
12578.795898 140.113220
954.167175 77.650826
240.683746 21.850510
1966.431274 7.539889
728.482483 18.839497
757.886292 40.080425
11938.549805 71.056953
467.356628 28.568893
405.413452 13.496766
195.266281 5.902440
111.373909 3.914064
1822.733643 40.275513
8717.041992 47.892864
1394.363525 59.048843
13846.934570 69.744133
1551.475098 30.089252
7795.048340 34.758923
212.454086 36.433144
803.447937 37.157944
76.167343 55.016907
2066.376709 114.708382
235.341461 189.599213
15288.036133 261.092407
4347.469727 18.159283
4903.695312 9.114564
6.269397 7.134770
134.041229 19.716888
1341.491821 2.065241
933.134399 24.764977
2309.323730 76.414764
10668.958984 145.081741
19499.117188 104.431526
580.465576 71.184502
1633.749756 36.219181
975.696899 8.928360
1574.678711 12.885998
3185.769775 28.242609
2832.743164 53.346619
2522.919922 82.127960
1153.694092 13.827841
5012.312012 12.279570
2080.675293 9.411936
629.766907 7.909705
1013.506714 5.887385
1478.142578 22.998013
14735.228516 52.429234
3969.606201 89.016510
7616.219727 7.977504
439.594727 4.118061
561.145264 1.145188
555.389709 0.195398
846.676575 14.943886
1214.617310 25.711403
2712.453369 42.577312
1880.780029 62.983089
10360.891602 22.502331
6519.672852 15.352732
1276.582886 11.148083
321.097687 10.519320
11.506491 0.291598
216.995270 3.163942
5601.292969 16.491196
5532.800781 36.840405
4423.186523 39.583927
1352.824463 30.791080
2967.661865 18.842360
494.900024 6.960860
1972.316772 39.830921
932.270691 52.628464
6441.554688 56.446712
4639.773438 49.444672
3994.059570 3.775055
1075.285156 3.794887
538.404846 10.321259
3139.683105 23.620295
1500.638184 11.320868
6737.009277 28.652325
13300.807617 59.372829
25226.312500 96.150558
1654.436035 15.153118
526.277283 14.302484
0.579613 10.604297
121.204742 7.276500
1057.121948 13.771593
4418.423828 27.532940
949.031860 49.445374
15817.322266 78.192093
24128.746094 40.348839
23.839880 21.018497
109.351456 10.407911
674.004150 8.113316
917.825867 34.614040
3548.472168 83.881195
2234.185059 149.452194
3382.677734 221.504608
11648.829102 82.849564
5279.491211 34.740395
2128.909668 8.682651
471.363281 8.483278
739.814575 5.634416
2995.063477 10.297064
3279.123535 35.958881
3805.297852 74.191391
4008.211670 97.338646
3239.651855 77.699677
2048.472168 49.498295
183.076981 21.549623
343.742767 0.229529
1672.604370 0.701007
4305.803223 2.466858
15617.201172 5.325252
3663.164551 6.408255
1751.881836 4.278587
599.615479 2.368555
1397.175537 0.901942
753.116821 1.723049
1348.515381 6.363146
4534.562012 14.608236
19083.033203 25.307581
22.727638 8.717444
5481.785645 4.641335
1021.224609 1.798964
563.697815 0.518554
429.893433 31.445269
428.868988 56.631130
3401.376953 79.997055
6677.209961 99.756332
29349.195312 51.267418
8793.538086 17.990278
1720.999268 4.511306
1470.796143 11.111993
2421.122070 13.126814
190.344574 25.657841
8741.510742 49.321774
5475.053711 77.934990
2668.585938 71.334106
942.793213 48.884407
510.164825 28.003723
403.090576 14.451941
102.666046 46.329895
4602.069336 53.275574
287.310608 74.510391
14473.390625 109.710419
139.150772 25.408949
4097.203125 35.729198
2061.318604 44.078568
51.420593 46.277039
83.683144 11.232731
1569.638794 1.830892
2018.752808 7.235006
8552.956055 21.286806
7296.920898 131.577286
634.841187 107.255821
345.537079 71.997559
1562.314697 36.505749
579.448975 75.515976
4670.574219 99.826080
54.325180 116.394180
43130.171875 121.950607
3687.849365 7.382051
1297.952637 12.148954
636.296326 26.531168
819.712158 49.086365
529.649414 94.441940
625.687012 170.205948
6730.245117 286.414856
9411.264648 405.879028
11780.135742 144.648743
5539.697266 124.301033
961.447693 92.234871
1675.630737 72.829910
57.143612 44.371864
2236.072266 82.869110
11859.388672 135.594086
8718.396484 197.917511
4481.971680 222.990417
3180.928955 120.365448
1248.533691 54.035461
218.960434 30.700964
251.433609 168.882309
4210.926270 173.357956
3152.124756 168.874359
42224.636719 163.124817
3211.196533 55.928741
846.699829 83.106064
1958.673218 118.661644
1213.419312 150.171967
26.004595 122.141060
1263.365601 267.815918
365.557526 428.639313
1513.606445 557.541016
512.552612 217.335327
5256.512207 105.286240
617.458130 33.889675
517.825073 36.601295
299.719391 58.316246
6836.522461 161.956558
1134.431519 316.803040
3190.597656 483.801514
1044.734619 194.678589
8268.932617 116.668922
959.564209 51.230221
447.348724 23.805098
102.573929 33.346836
5400.541992 36.904099
65.887718 83.532570
9550.054688 179.569366
1737.389160 127.180984
1335.806885 97.068085
208.697327 75.583076
148.774658 52.560978
994.622131 65.724907
6626.429688 61.478550
6830.643066 46.586819
1860.460449 31.967367
3089.429443 89.404358
2262.299805 60.507874
45.136662 52.998009
678.523865 59.367538
565.653442 89.790901
861.341431 147.801117
5911.802734 204.746277
17342.974609 244.274277
16223.359375 20.683090
13236.384766 14.719243
114.419983 20.585928
35.671589 45.072636
617.282104 72.821373
2375.632324 192.511292
11141.566406 346.035767
23966.160156 490.062286
2750.449463 128.423080
1866.037598 65.495071
2526.509766 18.378006
284.856079 14.204894
6359.809570 79.843071
1713.342041 31.490786
1207.679199 22.973457
11676.615234 80.698235
6840.398438 197.575714
359.458618 178.374039
562.947144 164.126556
1624.404053 131.891861
86.358421 233.300995
81.255638 308.937378
1674.765625 368.379822
3769.484863 389.524750
17095.673828 48.686386
8408.575195 74.781166
1443.900879 110.383110
723.989319 163.126083
1045.538818 8.096917
4871.750000 68.091370
1717.924316 190.284515
42605.390625 339.792328
18891.023438 266.776459
7411.455078 181.239990
661.016846 89.078247
1492.851440 20.603451
159.277390 41.181160
96.184937 16.659988
8376.758789 0.981731
827.854614 12.894829
11792.416016 51.657700
666.203857 48.482101
1842.670776 55.885025
419.553467 56.377880
105.837662 89.097931
6199.747070 128.259903
4069.794922 166.699677
5805.836914 193.001129
4962.712891 10.637002
9126.500000 20.989576
160.937881 35.446278
181.908310 57.370197
846.227844 29.374596
1320.572021 73.952606
1183.563843 168.465652
14319.406250 312.994141
7122.261719 152.276154
802.492859 80.130661
86.322548 39.432953
491.738007 21.909676
377.795410 34.157688
114.996330 26.896103
1511.956177 29.703220
36048.300781 40.471260
1034.480591 146.582428
2940.454102 114.436134
2585.731201 80.841362
408.310425 52.593052
383.869629 4.732862
900.635986 8.882891
550.420654 28.689426
6726.204102 52.327026
1912.959961 118.415939
1433.285400 92.101974
3608.422363 55.030548
31.926601 21.655508
154.058014 12.674325
1690.028076 17.074881
2366.111572 22.003727
13290.393555 28.700609
676.578491 5.751970
1097.726562 2.485484
852.043091 4.000822
219.122467 8.077170
278.920685 56.682358
951.335754 89.950935
3812.848145 115.012802
34142.214844 126.596344
1754.780396 31.624851
1013.322754 11.179927
212.667725 8.646154
73.335739 25.865509
651.534729 68.609573
1067.501709 155.566238
23808.240234 279.365753
585.925354 399.874573
1999.654419 96.416664
4808.611328 76.607155
3067.735352 47.958931
694.597107 36.119724
997.435913 62.974190
871.497559 157.709671
224.347015 301.310547
1119.512329 479.080811
2583.356934 231.280136
2608.431396 109.303566
802.024597 38.654846
127.067551 22.923706
91.307022 26.928505
3012.279785 3.081131
4758.134766 4.971556
853.457153 33.589607
4634.215820 216.373459
1551.725586 172.222321
1413.908936 121.121758
573.265137 69.573692
517.204285 148.696381
4689.965332 200.436111
6408.611328 224.903427
24310.212891 218.081039
191.923416 4.440062
1635.309570 3.577326
571.222290 31.987278
2.432575 85.637070
89.384895 81.395203
835.620972 166.167908
3379.687500 298.031921
1977.455078 436.841187
8560.477539 190.591309
3950.454590 143.575485
206.326965 90.734695
1.273395 60.184307
239.012070 8.326470
1422.526123 41.042446
14931.177734 98.790581
7774.195801 174.177216
2807.099121 82.914948
8004.604492 41.873875
587.709900 13.470977
658.653931 0.632322
242.134155 15.209411
5508.058594 28.525162
594.266602 64.342857
8925.208984 114.308067
70.490143 51.204361
3618.263916 47.357063
2085.810547 35.847382
557.423889 21.329058
1477.160278 74.959435
189.041351 134.209854
255.083038 203.511719
10094.312500 267.771942
10459.467773 2.877688
679.315369 1.182226
3241.860840 10.389728
812.070740 33.640774
3742.823486 22.576805
14665.007812 104.551247
7919.578125 233.039108
11130.022461 370.544403
608.021606 131.767349
1549.042603 83.217384
767.090027 31.345200
1112.007202 1.982728
1359.783081 53.206329
818.173584 44.859890
2748.411865 64.874634
21328.644531 137.067886
2850.267578 130.388290
437.510406 84.342094
121.953026 70.719238
875.118774 64.729294
205.282440 124.712959
1585.090576 130.378723
1450.306519 125.283279
5840.543945 105.883896
24683.761719 88.430313
5338.098633 97.703766
1064.178589 105.413414
278.972656 114.703964
429.360626 51.794758
1120.853271 121.174919
4375.611328 205.866150
5924.604492 288.854919
13253.223633 90.786087
4196.816895 36.261776
672.132446 6.984738
531.709961 11.532276
597.053528 8.476484
2154.125244 50.050980
1554.667603 140.802322
30221.925781 250.675110
3673.561279 129.593216
66.766541 108.156662
2564.707764 64.037292
16.204927 20.191246
102.575928 16.005886
965.384644 52.923946
3440.464600 123.107964
4602.244141 223.062317
1163.211182 26.019403
37.596962 7.086584
4452.307129 1.494459
801.707764 2.905141
859.953674 5.308939
959.251953 3.758487
3380.581787 31.475168
26603.884766 95.766731
381.284180 136.943695
2490.995605 86.521538
601.981628 50.838039
535.636963 23.798265
291.291931 10.963678
1076.639160 11.980581
580.412170 16.542170
8065.586914 25.314398
4145.516602 44.255009
5.575080 29.704504
254.137085 19.294998
200.052322 13.250824
834.514893 89.738358
3301.010986 88.609871
3472.369873 85.324097
18127.009766 80.395500
2530.501465 75.117439
1436.019409 80.622330
442.690002 85.351997
238.623764 88.572258
101.618614 216.453629
2054.514160 470.762878
5530.939453 759.330444
16443.048828 1005.580078
9058.101562 191.968536
890.799927 74.654755
1541.894531 15.870531
480.849457 57.209518
427.614624 30.890928
771.410461 73.224442
3193.532715 209.133606
17302.445312 414.798889
3714.977783 544.855286
724.912720 367.515045
311.694580 203.662689
100.762230 81.371918
1555.388428 64.895210
663.118713 59.267414
7471.584961 47.590405
14331.027344 34.803925
11992.780273 15.930969
6424.583984 31.930048
127.411110 48.977051
48.411072 61.314693
2475.732666 18.889858
954.433960 2.992526
263.152924 2.782444
23952.382812 20.799601
986.759583 26.824183
78.722885 44.931713
160.333023 50.099052
47.413322 39.031502
2543.376953 188.689331
342.546936 232.202164
2519.864258 275.054565
23281.667969 300.654694
8345.010742 75.519531
4765.753418 104.491547
576.680359 128.615753
96.764221 154.287277
3227.645508 96.597366
11183.261719 216.272888
7877.534668 395.487183
548.395447 579.723206
15845.833984 373.398743
668.295105 246.567200
1419.854736 130.060837
474.232666 68.849991
1385.517944 57.654903
4527.867676 57.117004
2655.640137 61.271286
14142.697266 89.580376
25555.164062 130.774033
3487.084473 71.791336
132.338181 51.666904
406.529907 53.369473
611.817932 9.780785
130.487503 5.115835
463.703766 9.385942
44420.285156 22.192532
21222.109375 22.571939
8045.790039 27.578304
5875.352539 26.410702
115.989601 18.995365
1149.050049 37.169765
1847.095581 55.196766
8417.661133 75.126053
28725.486328 93.891083
16294.562500 21.764910
899.593750 15.379936
5058.591309 15.991363
1303.388184 23.538683
180.597565 63.636894
64.378662 160.992935
792.635254 277.782806
1079.081421 383.689850
2766.181641 102.804001
2296.131836 41.972504
1138.931885 4.612508
586.255066 8.948221
61.101868 0.139608
758.078796 27.693319
6748.734863 101.374107
2496.791992 203.898666
35250.605469 180.060547
4957.700684 126.136124
1790.990601 67.236977
661.077759 18.396135
308.534546 84.438057
415.519135 133.239594
1648.394165 176.016953
115.067673 198.078308
456.144440 10.882597
1467.290527 11.130362
93.518112 19.900436
1012.622620 44.037083
10.954851 72.110588
2649.432373 170.074615
11866.296875 312.784668
14119.321289 467.267517
6106.912109 54.557098
803.095032 36.080235
82.196732 22.608189
205.740814 27.438961
1086.293701 28.614693
227.018250 20.792084
13031.505859 51.087601
2110.743408 121.329918
3421.108154 225.482269
3621.527832 166.930023
674.660706 112.282791
848.776733 63.419125
642.514832 201.576050
468.207825 244.707901
19031.761719 254.526794
5982.303711 229.131165
8311.259766 32.409561
8119.040039 44.676727
3326.991211 82.460617
14.017059 140.415741
951.701294 89.335526
4119.366699 210.569046
396.569702 357.497223
2438.924316 480.543762
12078.391602 197.263931
8260.952148 115.228989
328.587067 47.608894
918.002808 31.905945
61.996559 56.337505
583.622620 80.998726
2465.214600 155.145370
64.401482 279.779694
1275.360718 117.092758
792.527771 91.116531
705.654602 76.003723
801.271057 61.764786
1887.985840 26.776430
2250.569092 9.077268
10034.633789 2.131161
1050.225342 12.443882
241.979492 136.625504
4401.411133 103.452965
1857.863281 74.756111
496.502106 49.455452
1756.820435 35.180550
829.511475 41.783737
5702.257324 44.675606
961.141296 43.189999
524.597107 4.466925
900.156128 9.801443
270.433105 17.435068
32.292736 26.431555
1922.112793 39.591339
1752.234009 69.188004
2137.854492 117.086617
1964.638550 176.650803
12673.818359 39.896545
54.360260 29.364901
435.031616 25.002373
96.541443 26.817379
805.397156 4.324589
1277.477783 3.918778
2136.299316 17.047630
2239.012207 37.447536
12414.360352 103.009293
7251.165039 78.077682
652.777222 47.484631
673.171021 20.152510
2613.687256 21.494432
852.983643 51.856220
3763.092041 93.914749
26707.181641 136.070099
8600.214844 8.113951
7986.000977 6.770806
1831.683228 4.537758
95.118187 6.951617
172.221497 7.216403
114.204636 35.540329
5457.013672 77.626297
596.063904 119.776787
1585.135864 81.732971
4035.312012 48.870995
1251.109619 18.114882
186.672348 1.437236
99.259743 15.785614
252.821091 9.197762
12729.011719 2.818117
9289.547852 2.844883
4175.594238 13.159575
11718.301758 11.626676
2400.620850 15.116278
188.292908 17.870159
347.719025 45.458389
1575.595825 69.721382
540.641724 93.222824
2678.405762 110.189926
356.766907 2.228231
4536.876953 4.096167
3974.885986 11.395621
886.336182 25.210241
143.466431 20.701990
1879.676880 17.664576
5564.699219 16.039082
20511.777344 21.444870
563.559509 75.430008
547.992615 46.885712
292.484161 30.645641
1984.281006 23.810318
455.120331 74.098892
1047.237549 77.654816
1081.058838 74.109398
38562.835938 74.132950
5334.823242 0.783226
4036.361572 8.123701
427.196655 31.619793
415.377106 57.563950
4650.916504 1.634053
653.731567 6.827707
2653.234131 28.154165
3824.759521 50.705086
8458.898438 131.106796
4835.916992 101.948151
1079.851562 59.015858
1550.421875 20.507526
1543.462280 32.649372
795.972229 36.745346
10126.351562 36.466633
764.055908 38.113117
1993.155273 4.894500
4008.937988 0.294887
237.117310 8.479644
483.952942 21.945259
30.560301 6.591932
1566.415283 17.907009
242.274124 35.583145
4351.103516 52.359428
15694.755859 52.359428
4351.103516 35.583145
242.274124 17.907009
1566.415283 6.591932
665.112122 18.747461
22.450790 41.651707
483.404968 65.300941
317.759705 81.297699
51275.753906 13.900020
2612.180664 5.513710
2893.317383 0.347814
1011.472168 3.985890
907.194275 10.377923
510.876160 29.086262
12281.715820 63.266228
898.177979 109.059113
3248.960938 13.025646
1022.296875 6.973337
257.224030 4.319141
1.227498 4.122272
472.294617 0.626557
8203.717773 11.104391
5783.082031 36.402332
6024.845215 72.859207
18731.613281 47.741814
4095.161133 30.381086
49.935253 14.891378
1751.254761 3.440653
1534.915283 23.252827
6203.522949 29.601246
4693.254883 35.744308
28333.945312 49.380566
5816.859375 34.340027
1129.373169 10.689092
214.041840 6.567363
143.574921 13.968544
1004.347168 70.240601
8049.941895 71.201363
1187.660645 83.014587
29268.285156 102.566711
12719.772461 41.229755
8018.781250 63.780979
2352.510742 75.106117
403.190552 74.796181
509.167664 10.632483
466.489014 19.040726
5915.756836 41.445019
2336.471680 70.764091
21543.326172 165.577988
8156.967285 108.535889
273.990417 57.073662
126.396912 22.696396
705.927979 5.311989
5.228388 38.387516
680.743774 93.010597
2268.323730 149.626038
980.994202 77.825974
15061.328125 54.396610
1238.388794 23.967827
141.407074 2.411409
794.710449 14.783266
3417.926270 20.284060
6451.909668 32.239933
5372.843750 50.526794
5670.724609 21.603777
2265.096680 16.694138
387.803375 14.485998
402.107208 13.619420
266.746521 61.317490
5756.239746 114.712486
1660.610352 167.832916
19414.375000 212.591309
4573.364258 57.601936
99.258194 15.634564
52.846630 2.377253
10.940687 19.848619
912.827637 7.452692
470.114990 15.936779
1923.043457 49.714516
10217.783203 91.235031
21805.613281 118.755508
1698.417847 103.311089
3642.955811 67.226875
1160.852417 28.404860
6388.681152 0.390701
8106.014160 0.510213
19771.876953 4.412179
11773.102539 12.251649
669.751465 2.517598
3188.875488 3.355111
3084.909912 3.483469
121.480202 2.134044
1439.746460 20.665724
2070.256836 27.557522
7953.062012 28.616966
10110.806641 23.088173
38315.234375 6.241259
5740.537598 3.157679
1265.536865 4.830152
976.690857 11.598643
825.721680 9.937362
173.444946 24.174143
1992.312866 41.300117
3351.329590 56.299412
17205.214844 6.846575
4142.987793 2.713245
5328.292969 0.097873
5733.177246 1.807238
631.260620 66.210373
2440.870361 103.362167
158.347366 131.855209
28938.125000 141.430634
27958.115234 9.349567
1074.993408 6.171333
455.582428 12.371075
1368.675049 32.926010
1957.268433 81.568764
476.886475 179.758331
3130.095215 303.375305
29654.753906 420.370392
9400.479492 48.529987
2364.026855 24.213379
83.362663 11.674141
10.761765 26.050945
154.982178 3.634654
1837.848389 28.988913
2823.038574 100.523659
5561.618652 199.861267
2644.306885 118.879143
1393.442627 97.049652
1542.642822 60.000469
1220.476929 20.859127
317.431732 17.108946
1332.712402 48.676716
4783.565918 105.712860
10848.899414 184.124069
3339.973877 10.520023
8223.817383 0.954831
1991.604126 0.371452
580.760376 4.268760
655.221436 26.116726
787.850586 18.543892
7105.250977 31.625877
8386.363281 70.468040
1541.318726 151.259903
214.917007 108.583298
1487.687256 74.294403
15.475518 46.516426
114.733932 67.440163
3025.227783 78.564316
7095.183594 79.260170
3400.954102 67.814972
796.051697 33.919548
796.224609 33.582016
178.151108 39.378471
334.007294 52.033264
1070.401367 4.122865
1681.948975 15.878050
5348.193359 37.383720
8223.368164 63.661873
8507.410156 17.866953
5089.069336 12.842789
546.698608 6.784230
119.990051 2.317595
537.978455 55.819180
554.778259 115.410263
3761.500732 197.181946
633.089966 286.027527
3655.251221 17.598034
4812.228516 7.710423
3331.064209 8.289707
108.294128 21.905533
584.422607 35.528286
5216.866211 54.238850
5529.375977 99.277077
3129.869629 175.209244
10309.636719 264.375580
1875.855225 153.163467
1547.398682 79.144516
289.640259 42.164505
90.454956 86.737427
724.397034 80.878746
6426.841309 69.141350
9811.463867 56.374229
5149.480957 36.468346
639.162231 53.513859
672.292114 71.074966
513.786255 83.416084
242.993546 29.167416
2610.732422 32.793537
1070.286499 58.448311
32452.880859 88.247955
4802.450684 189.145035
5174.773438 156.385742
2701.938232 104.575165
201.811646 55.579006
4467.631836 20.579782
3502.030762 28.627350
4353.978027 39.280727
10531.275391 49.704529
2992.771484 28.345493
3299.312500 22.432182
880.427612 18.013245
4237.069824 16.974937
922.173950 15.536869
832.366821 10.664451
4971.541992 11.717774
18072.882812 13.941826
16277.449219 72.708717
4576.955078 63.823097
403.060425 46.648724
122.744110 28.394960
1967.734619 7.994549
930.640198 20.751568
5177.701172 37.856518
11462.302734 46.759071
29438.882812 110.722885
917.512268 74.889709
1067.697144 36.703957
292.335236 11.925354
528.336853 22.601330
3234.743164 32.260509
920.057373 36.627605
15450.738281 38.189129
3169.627441 17.609514
143.894928 2.754240
1390.940674 1.226340
165.974838 10.107086
494.311340 10.462834
293.164856 5.309396
314.518555 2.961399
6943.566406 4.006014
959.193970 15.904757
2658.190918 19.617804
352.694946 19.798317
275.688721 16.189114
594.481140 11.964378
2710.240723 23.105265
9331.013672 36.143768
1978.642944 48.041061
1139.563477 10.963408
4539.578613 5.521469
1101.854004 3.058656
290.945892 5.003727
1022.628906 3.449824
4229.673828 9.076882
969.036987 17.022606
12000.880859 22.417717
896.816589 51.634308
1363.869995 33.764824
543.739380 16.158958
1104.536255 5.156645
425.271179 36.759850
3676.985596 45.675079
14681.216797 42.154568
1850.021240 28.329784
13109.408203 13.025424
1439.964966 3.614456
1705.878906 6.849055
390.587280 20.641273
31.894138 70.259506
1336.906982 87.943146
16057.031250 101.144318
8390.665039 114.151909
928.159424 26.553093
5514.791016 17.684643
41.596867 27.473818
549.917114 48.131657
369.221313 95.704407
1832.723999 76.068657
4371.633301 44.032093
6148.242188 15.090359
10354.053711 19.318075
328.409973 41.812805
811.222717 71.617905
842.554932 93.577492
3941.232910 59.532608
5889.286621 85.798416
16832.169922 122.213783
3228.437988 162.285767
9945.237305 18.185558
4139.073730 24.399820
4354.089355 32.892982
931.011902 43.321060
1416.483276 1.914305
2326.245117 17.913528
1723.185669 51.017883
55303.039062 96.560837
5031.619629 60.400051
1371.928101 35.169781
746.427612 14.896765
1311.145508 2.294075
2129.330078 42.190487
239.729233 24.592169
1021.791077 9.948364
28841.302734 2.037546
42950.074219 44.041622
1540.334961 57.469856
944.402832 62.436905
626.007935 56.637516
3000.400146 2.597922
2271.093506 17.882549
11695.887695 42.430534
1054.500488 63.366371
20640.378906 65.544693
80.035736 47.578186
5811.295898 23.010220
3787.212402 4.719333
442.989258 6.318799
277.008545 6.851112
781.229065 6.450317
52002.023438 6.291778
5757.629883 0.592649
2097.381592 0.149853
646.176636 1.890042
351.860382 4.433935
1638.704468 6.733498
5708.807617 11.217780
486.916107 16.268679
2489.015137 20.300194
4516.763672 10.280071
3911.474854 6.834818
681.641479 4.433964
948.247925 4.260058
477.750641 1.703120
3343.697754 6.076203
2967.995361 19.844688
12666.834961 44.465618
3991.974365 17.654976
4484.936523 9.148693
900.574280 5.083045
419.854156 2.523833
331.065735 66.723808
153.070190 73.162941
37.939812 70.188675
1817.161133 57.820702
6356.028809 20.227377
7517.657227 28.294369
1318.951782 40.043659
196.451141 54.119621
1112.507202 6.287595
129.134140 33.800648
1927.852295 82.925003
17258.757812 143.269470
7206.928711 44.418472
4852.721680 27.420221
1754.930908 11.184675
260.980896 1.096059
2057.746338 28.786510
3460.805908 30.103840
6987.724609 36.596558
1302.220337 48.116882
103.806717 38.364212
1974.851807 35.971184
837.614868 33.594391
38.233040 30.754992
2121.110596 33.778111
929.439270 75.037857
19009.527344 129.108688
712.992859 182.112793
4499.449219 22.150570
1934.827393 12.794157
1091.840332 7.186428
63.800808 11.827099
545.589539 85.267746
741.641846 180.007050
1669.105835 287.027435
13880.924805 376.764740
11238.259766 55.502819
2130.842285 22.102222
539.673950 6.788148
369.021301 25.163227
768.851990 4.888949
701.976929 66.013023
6668.214844 194.758987
71.898575 361.120422
38860.820312 143.993652
930.462341 104.522011
3087.164795 53.705540
603.860474 9.686708
348.301880 47.832832
1143.769043 90.360138
11360.286133 153.680679
12667.715820 226.700562
2100.061768 49.173424
1773.766846 32.993187
15.459221 24.965620
189.184341 27.766798
188.766922 31.078735
2018.872314 109.776817
329.991516 232.935806
17222.248047 375.065216
661.576477 94.117035
2578.687988 49.057144
2947.952881 14.680965
482.213135 2.962611
371.646301 25.928520
3689.655762 22.907930
2004.823486 59.369396
3283.077148 140.206940
16890.865234 111.987328
1027.218384 92.396835
1415.966309 74.100952
608.648743 49.440079
55.431812 34.080467
3066.138184 38.052902
4762.283203 37.594898
16559.984375 28.479462
3655.568848 98.521080
1778.261108 70.538864
713.713257 46.546707
309.552094 34.493977
609.857727 38.880688
201.121643 66.881569
1866.478882 90.371017
25989.623047 108.848885
2522.151611 47.649647
1791.952148 12.677765
1522.376587 1.768789
141.706665 13.507591
235.115875 32.807365
868.606995 20.540741
12532.192383 8.618991
627.340027 1.289340
5532.195312 29.201881
9.649004 37.192188
2601.624512 42.143784
1351.386475 40.870544
359.266968 10.528931
9211.477539 20.771622
4255.945312 33.183578
3257.867432 46.646828
1014.998230 9.002216
2685.275879 1.875728
1565.465088 0.162143
179.571198 3.350715
1640.446167 31.842407
331.186066 69.263474
1135.146851 104.866760
2592.814453 129.647049
6079.270508 62.068180
4042.309570 22.736111
362.796875 1.682259
758.361755 5.696875
736.313721 23.044205
1271.092529 13.174596
1275.790039 18.793789
2133.866943 36.029068
761.367798 64.307503
11027.170898 71.566750
1262.637573 63.164570
317.395142 43.397346
473.498352 16.432442
52.726345 22.843689
376.887756 23.007664
2725.682861 16.595633
15010.255859 74.303490
123.366982 39.478790
353.818390 17.253723
695.035583 11.315626
60.652077 67.443695
1060.654297 89.312645
935.047913 112.568405
10146.277344 134.773209
5824.670898 1.431265
1945.621582 11.675803
205.054337 28.111513
935.903442 47.133488
1554.283813 13.958632
1306.561768 55.800980
3887.416748 111.610359
14619.664062 166.543945
14547.125000 141.740692
88.595161 73.493904
383.290710 21.592867
1493.990234 0.285458
15.875698 34.928383
5109.613281 87.801910
2244.680908 150.889191
15314.746094 203.128616
607.437073 42.650948
4016.423584 22.496662
1769.741699 5.926988
272.108398 6.921603
1033.141479 66.081467
365.203247 143.974884
1519.574951 263.913422
8116.307617 410.301544
14962.501953 88.907715
390.227814 45.268227
1585.651611 25.404066
359.071472 29.675533
1274.737183 4.440958
248.880005 22.738594
2144.636719 79.020691
40728.539062 165.030792
8426.525391 170.837463
3382.377686 113.778809
124.149139 61.221127
314.713165 20.853876
476.413025 25.514610
658.086792 62.771832
3925.475586 112.796829
46088.542969 163.772308
20350.027344 38.515110
1405.491699 19.434067
2394.013672 6.947624
1013.231567 7.158217
904.145325 9.909525
2010.629395 20.249874
629.647217 57.549377
4089.112793 112.820641
5703.439453 93.837448
25.343651 75.833992
343.233643 50.048115
575.101624 23.714386
315.047821 52.583950
1161.359741 60.100559
7715.970703 60.228451
15520.407227 53.106091
3242.970947 23.705570
2616.478760 23.955490
1063.286499 30.060146
55.949451 40.932236
205.983032 9.232804
104.914658 29.971512
13127.867188 56.385418
4669.835449 77.120872
2114.356445 89.363739
4586.049805 53.814884
1223.419678 21.631512
17.804352 5.045641
3288.695801 74.864761
5320.720703 83.476006
9236.685547 74.952972
28450.931641 54.984203
22497.203125 1.413980
5320.090820 5.661233
2553.160156 24.965952
138.632385 51.998184
552.790161 128.738617
1098.724609 187.739029
1079.330444 265.192322
17291.033203 333.848694
9794.760742 111.636391
5143.138672 110.137421
2036.223389 101.178467
65.931206 101.581627
1463.546143 53.017017
1644.559204 81.426743
1660.602173 131.163803
64.649323 201.881577
7555.235352 152.659622
7538.872070 92.157234
907.908203 56.755276
269.563568 44.618073
1556.083374 43.004726
1523.092773 53.137062
2577.789307 75.261208
46756.320312 105.505234
5665.390137 94.438187
2048.264404 74.307205
360.803528 56.809792
130.207886 45.113548
3289.236572 24.945974
3619.721436 38.368095
5603.507324 45.574631
24395.396484 47.765697
10351.730469 57.278877
4300.240234 23.784081
1449.383545 8.539993
117.299011 11.570145
907.248047 19.630861
1584.978149 29.031397
588.605408 69.654861
5036.047363 121.830292
6226.733887 98.193283
7478.029297 102.637398
295.082977 78.184692
869.032532 42.044228
18.630430 9.014833
6410.847656 11.494300
5679.564453 20.195438
2806.293945 37.760273
3163.083984 109.192375
6129.690918 62.517891
298.210632 30.447979
782.560120 13.898277
706.690308 105.958237
640.175415 119.671783
10787.725586 114.789810
1372.605713 91.985733
29760.921875 27.695122
3706.308105 35.702576
796.240479 54.254932
2278.496582 80.597588
1671.679688 71.567749
3545.351074 151.546539
2561.079834 254.633850
8772.631836 357.861420
5512.539551 66.753304
5552.258301 33.801544
535.285950 17.265638
114.788017 26.937321
24.469622 2.730272
1927.605713 30.430792
3631.249023 92.030418
5247.677734 182.635590
9133.317383 104.141205
1947.220825 57.812542
604.198059 24.098949
1040.444702 3.648571
147.219025 27.814463
3156.644531 33.676510
3112.722412 70.522064
29082.234375 136.855408
790.311768 157.343140
6360.856934 114.803009
1225.291504 77.027084
348.988220 45.652721
493.842407 189.641296
1396.043091 219.053467
3446.988037 220.592377
29208.726562 190.674103
2535.778320 67.777428
2880.656250 79.645134
1213.403931 106.076164
849.655029 146.396271
380.190247 251.851883
54.373299 450.940399
23844.542969 652.003296
21413.949219 815.288330
9514.918945 251.432159
9099.003906 105.849533
331.227661 51.165417
57.331104 104.847267
1278.475098 56.756706
2988.649658 77.392258
32.375748 184.954483
6434.802246 359.461609
4719.705566 305.693390
2559.429199 256.296539
4238.809570 184.856812
233.807251 105.856903
2164.633545 3.543979
182.949127 19.090258
2134.146729 52.041779
9256.857422 106.262901
6207.168945 72.417252
898.273071 29.964970
2126.591553 7.722513
1364.002441 0.195172
1612.257935 3.145054
4658.878906 5.012453
9638.886719 20.910236
1437.125244 47.164013
917.381958 64.342941
7877.893066 49.498543
132.232910 31.286808
644.062378 13.734419
1984.385620 5.088366
4371.280273 8.434733
2262.784424 13.269899
7143.896484 20.596073
2760.662598 11.432697
1197.031738 4.434426
301.863190 1.985322
731.310181 2.719920
746.861084 22.474567
1317.386230 18.977367
66.143555 13.472688
10264.710938 10.209739
20240.164062 0.646053
3347.247559 5.997971
151.112732 14.306629
38.919300 20.895947
332.349060 17.191465
1119.333984 13.766437
114.991005 11.839540
24682.564453 9.765016
7714.268066 39.512268
1768.612915 36.854118
832.035828 30.376348
104.303261 23.004271
943.450317 66.019455
2131.538574 108.239586
2132.109619 147.124802
2395.990723 176.878555
4515.618164 19.038643
987.631104 2.257871
644.886353 5.788153
849.014832 28.968702
396.964600 58.036484
278.954224 124.121033
3837.588867 218.559738
41896.878906 307.976410
16142.261719 189.218750
1417.646851 131.157043
201.816391 72.509369
82.212090 41.203072
654.674194 10.877909
115.786514 28.442711
10039.392578 54.674221
29765.562500 93.309166
6501.145508 111.806358
8911.528320 48.619740
8.481643 13.281596
1781.309692 3.441587
1550.486816 25.730858
5106.454102 31.050268
7243.390625 33.768112
18216.152344 31.316391
18137.652344 26.494289
13987.216797 23.134151
7748.761230 20.597263
299.613678 21.424059
2641.429688 23.082209
2573.941895 24.854141
3594.533447 32.680794
3942.099609 43.310829
11189.695312 24.559347
4847.260742 30.556995
584.097534 30.478571
778.537720 26.395813
565.927734 35.015404
2044.301758 68.297592
12308.936523 107.068069
6253.313477 152.414597
1850.902954 94.266441
7508.304199 34.998837
2199.623291 8.495989
127.532379 11.802547
173.855728 5.685460
1782.938843 0.104274
3873.429932 7.253287
7830.752930 24.035357
17825.371094 97.327454
3623.935791 75.473267
1516.061646 48.799767
758.951233 23.376522
1179.907837 31.147846
971.254944 58.510254
7953.224609 83.515533
2004.406372 99.222076
30259.529297 18.245834
1478.640625 4.642338
2538.074463 0.579860
153.593048 9.811656
823.923218 140.369080
2223.421875 254.102341
4033.524414 365.737122
2407.601807 443.877380
2775.117676 63.136971
1726.132446 25.141920
186.325363 17.411152
991.209229 55.522385
647.418457 97.011002
2846.516846 250.655884
3561.156738 447.294495
9410.094727 622.209412
7107.662109 206.896393
2.093877 123.415184
796.029358 48.671276
281.624207 28.824764
305.957947 52.497700
827.064453 125.415901
4399.583984 270.373535
496.940277 489.532471
1284.067993 120.745667
423.370300 51.699280
1562.606689 27.357807
963.830933 27.196854
1272.711792 0.852692
1532.562500 21.333958
5064.136719 108.457382
14144.482422 258.158966
3982.617188 300.924744
4465.279297 193.173447
809.497742 102.722450
1156.595825 34.142372
64.683472 3.122589
1114.289917 5.155581
3219.868652 19.482847
2893.429199 44.039673
709.290833 141.951675
888.117432 89.778412
2862.130371 45.625546
711.056152 16.098465
76.095230 30.624458
356.494598 21.567993
2934.991211 13.614717
719.912903 7.868287
62.803001 36.978630
2603.965576 42.629620
1648.046021 43.172737
283.000183 38.632481
1666.440186 10.906002
7451.779297 33.078621
10107.243164 57.679829
3271.495850 73.370735
5471.064453 42.045105
3.878700 24.380318
1012.047241 7.380272
654.798157 1.226607
173.647415 9.184922
721.812561 16.288532
389.525543 30.051016
13850.254883 51.344090
1211.549561 17.981024
494.452637 9.085909
414.357788 6.022905
517.716675 6.291408
2249.862061 6.034445
1268.901733 15.860868
43.074013 32.504986
21661.226562 54.868027
15409.193359 8.722621
5646.783203 2.791237
614.454590 0.817242
326.875122 1.666022
703.275085 4.081919
619.123535 11.680947
9131.667969 24.103153
1224.043213 33.935081
9509.771484 87.985413
8529.136719 57.952942
897.763550 28.176228
718.119080 8.710770
964.144104 38.385281
3924.089844 45.554642
1299.515747 41.781410
4547.631836 32.382038
2417.787354 14.486300
12295.968750 2.831696
548.649414 7.368942
897.014771 22.665268
811.910461 90.842484
738.128296 94.625504
2120.460938 96.490936
28532.582031 100.069771
2434.439941 26.045488
3254.031982 43.397369
390.172089 64.090218
436.636047 81.058884
1352.393799 21.838415
492.579163 29.331539
6547.065918 45.593384
6105.612793 60.018990
3954.415527 99.892761
1865.949585 79.726555
237.388245 52.307259
565.347473 29.938465
878.613892 57.833237
1164.710327 80.209213
465.148041 92.959122
450.533264 103.630936
17852.371094 32.633511
2396.983887 2.813096
552.222656 4.655348
1175.576538 28.390743
1647.822998 56.569035
397.334991 102.826881
6660.292480 161.060394
12131.753906 207.570557
10740.579102 122.450340
320.418121 89.154236
146.388412 54.911247
796.336304 39.768112
1829.525269 129.384811
3997.943359 242.894272
48671.968750 372.556305
3469.853760 489.651978
3691.259766 51.535202
372.838715 20.116993
1932.490845 17.107426
31.882694 51.943497
6.392256 126.439362
4200.608398 285.732269
6374.772949 497.142273
8983.816406 725.985657
18618.177734 301.008240
3878.968750 141.636948
350.015747 50.632183
441.180084 44.347099
1341.992554 110.305641
4054.958496 107.414871
6123.941406 173.071014
5243.666016 311.287598
57581.523438 330.955902
2916.860840 270.608826
11741.251953 213.941406
1256.802856 155.571793
1506.659912 31.936663
3488.369141 21.357880
3026.666016 12.258203
1080.999756 9.228966
16914.857422 105.949532
8997.479492 78.614799
348.242004 57.698055
2038.334717 43.177692
131.567017 30.673010
2259.828369 34.672813
1164.160767 31.428881
14100.723633 22.813196
16916.970703 9.312946
2768.688965 7.363913
503.736877 12.139219
289.580505 21.533754
266.870941 155.542282
2688.883789 217.914688
104.220245 281.036469
19206.238281 341.242676
89.343277 21.578711
3374.747803 20.297611
2715.855957 48.941040
1166.735962 97.203690
535.078186 13.749627
378.814636 19.434099
3574.196289 81.386650
10298.451172 181.192902
1338.500244 263.621155
59.820164 209.821106
1290.907715 135.196442
243.300720 60.090847
523.611328 47.726395
5721.962402 55.818623
495.810272 56.345253
1283.877441 49.000923
10573.240234 6.149468
3702.692871 11.895836
332.943115 21.965015
1053.844482 35.049259
1616.693970 33.844475
4228.213379 63.031433
4838.717773 116.336906
6445.277832 181.255997
331.491577 36.149860
1589.736328 37.646633
35.380669 33.120041
21.871246 27.648846
2874.110596 34.120132
1200.756714 41.974041
2329.037598 48.863537
3903.899170 59.690010
5003.034668 124.300980
5903.612305 68.732300
223.877335 37.399071
342.872131 29.121174
771.663635 72.836411
285.708099 81.170982
2248.643311 96.325882
352.800415 120.992950
27413.976562 11.251688
15597.225586 28.816458
174.831741 49.116005
379.994385 64.060905
1733.098145 58.779556
3657.007568 32.517410
1613.868286 14.565355
3906.708984 5.507150
2983.129150 125.785789
4332.545410 128.085266
684.075745 114.277023
52.358414 88.612503
692.366089 66.353142
2425.873779 152.740540
20038.255859 240.795166
3678.234131 298.017517
8753.439453 102.295029
1053.216431 47.808228
765.905518 9.951515
936.348633 13.582253
516.618225 6.292442
279.986908 9.742222
348.377991 40.369949
2462.958008 92.084305
11632.119141 77.115486
13618.469727 67.618774
2337.439209 48.374069
107.109505 23.739725
91.258720 47.382061
491.555939 61.160355
11.319667 66.276566
4386.181152 61.463943
22121.679688 15.950534
3995.610352 12.214189
5929.237793 17.121567
968.523682 30.413427
481.896942 51.510857
1466.731934 106.923729
10582.060547 180.795914
3427.027588 259.539673
6241.777832 8.887336
1445.043579 0.824589
107.653427 3.302222
746.272888 18.284527
1874.219238 36.070564
19.541079 118.085220
282.117584 239.417313
1053.785522 365.987152
814.298462 126.391151
757.122070 76.579819
1396.290649 29.881100
0.362065 9.012343
922.522278 18.411783
1430.563354 67.278610
2180.124756 161.738037
13450.246094 292.444336
10983.198242 100.512611
934.283386 53.873245
320.296387 23.254539
90.123672 8.283075
3926.137451 11.020393
4448.228516 0.118009
26851.474609 9.277426
9581.516602 43.146622
9468.454102 113.590973
2117.633057 84.581230
466.973450 58.404064
3541.262695 33.002308
124.586525 1.340017
1491.520386 1.154893
713.023682 3.439054
36091.535156 8.210386
6899.858887 10.535275
6091.801270 8.104420
2298.330322 5.650121
136.762573 3.180398
92.222244 27.566635
1766.777344 47.386093
3490.890381 66.088104
390.370361 77.695343
52422.070312 1.110072
138.025085 0.494029
6704.334961 3.215806
505.991028 11.991150
63.483326 3.506630
1465.243164 18.802986
5661.065430 44.070683
2745.525146 76.082962
262.701874 67.513191
2131.440430 34.358959
343.754181 11.062598
221.129089 0.550786
769.558167 42.728748
977.530762 72.495018
4333.446289 96.416298
490.297607 106.539871
2069.654785 37.123169
2307.411133 17.452707
23.782738 9.446394
218.681366 18.634079
1124.631348 49.259090
177.784164 78.187363
6871.141113 129.048325
6676.652832 187.003952
900.509949 60.693207
96.255783 60.928928
651.476440 52.596542
336.353699 44.059410
321.204803 20.763897
933.812256 26.680397
1472.578613 49.769829
16338.445312 90.053200
4237.305664 90.447998
1921.123413 63.650116
127.886490 42.882156
366.566711 27.769669
88.554337 22.176792
385.644012 16.531195
2583.789551 8.522444
29976.062500 1.742994
14680.215820 38.765762
1751.086914 30.547560
5709.265137 26.460529
2429.255859 24.753706
1705.737061 12.500105
738.838684 23.233400
1539.687012 38.716049
18054.271484 57.892159
12618.269531 5.745634
985.763550 1.724537
346.721680 2.206831
429.688629 5.817886
1558.773071 26.818869
3164.546387 64.719147
4470.639160 108.777153
8048.415039 150.910843
4090.558105 63.002815
2951.105957 23.625151
2265.134277 2.387636
321.660187 3.898118
367.722839 37.418777
3337.279297 45.643547
879.605286 68.355110
15746.772461 100.179520
1882.827271 77.231003
2487.691650 67.898727
280.191071 55.054451
733.036865 42.569862
2672.300781 86.524551
4167.471680 138.279236
6337.987305 197.377747
5428.897461 247.389618
1641.534180 21.670418
3554.433594 25.287899
934.652161 33.144943
738.441162 51.478691
214.150238 55.681175
4729.255371 64.013504
3939.010254 85.508209
680.681274 135.944244
2616.451172 198.699615
1711.208252 110.629578
2705.232666 66.438873
512.818848 53.803776
515.737305 8.277764
101.925804 2.754359
2204.487305 14.376570
417.653473 44.006794
2918.023926 20.359182
5264.798828 29.219152
4569.488281 30.514688
1294.989380 21.416801
2193.313965 86.600983
194.992249 115.963493
2961.983154 162.384583
2154.729248 229.368347
145.607010 11.871639
3636.655518 17.532782
664.828918 39.393826
915.251953 63.555428
392.132294 40.151688
5594.433594 46.136292
2030.549316 51.437290
861.008240 76.546654
5959.399414 151.164566
2429.543457 64.264183
524.208923 28.916397
1894.369873 29.203548
313.924744 13.493646
924.393066 18.788174
578.159180 24.242323
9112.933594 25.405863
8123.429688 44.766174
3264.539551 32.706997
685.366638 20.379368
349.324066 13.279927
5661.537109 16.012810
655.590698 24.124023
8656.532227 34.596729
599.039001 45.285675
395.956909 9.407857
415.245178 8.439463
57.156433 8.824095
1071.060303 11.054062
1419.137939 43.852085
6544.055664 54.476364
24353.833984 70.295341
14199.818359 83.641830
6121.936523 103.227982
1112.931030 81.257736
1070.694702 58.915901
993.055908 44.862717
2601.101074 24.767384
2113.033203 17.785585
1891.307861 16.343561
2884.435791 40.470566
21547.576172 18.118164
9924.930664 0.077221
5065.007812 8.288913
683.133972 21.693359
736.021790 0.649063
2646.337158 0.124572
2764.647949 2.010870
1640.674072 11.086040
1212.587402 39.533211
2212.691406 17.097834
2295.597412 5.587718
4523.241211 1.689916
3839.646729 20.413368
544.626587 38.088509
832.539795 69.540817
9976.526367 108.796112
364.480957 6.851254
1045.704346 11.272471
384.565063 13.554042
791.614258 14.534473
714.861206 21.362206
3548.862793 14.328161
5059.117676 22.494184
1135.998657 43.780014
3746.158691 106.216904
211.146805 88.628235
2670.896973 65.269379
1913.085571 40.533516
1390.753052 1.301223
150.452499 5.228549
760.325195 19.732162
4974.528809 41.937565
1092.623047 9.385929
2612.524170 12.208199
467.688538 10.466043
483.525085 5.091146
3273.615723 112.724258
5875.194336 135.325165
2209.183838 180.720337
2851.756348 241.546783
1251.942871 62.175541
666.846375 84.706131
543.764160 99.834297
738.059814 105.708862
903.243408 54.372372
4079.058838 73.631042
6174.107910 92.819313
2249.763672 136.544968
19506.396484 126.583435
1796.885132 36.458458
298.688232 11.467674
125.254906 27.886648
241.364410 10.702128
2017.374512 14.064543
19088.074219 25.050323
9676.397461 47.128445
625.528992 79.724136
2681.726807 45.122612
1197.955566 23.609722
127.853989 13.319107
2104.440430 2.580811
820.936523 3.673746
270.302094 4.322773
6951.823730 11.388950
4465.622070 78.202263
4417.705566 33.271515
7471.193848 8.854506
1984.935913 1.708636
1149.433594 23.279011
4307.902344 33.098339
593.967285 59.140995
3257.572266 93.572083
1976.373779 31.189499
2153.750977 38.844940
296.356567 36.203205
1483.298340 27.536596
741.902771 6.978717
695.641602 8.130761
346.223816 6.636354
3454.558105 7.342168
3370.470947 87.410378
3560.242188 42.248371
644.437805 15.424782
95.810921 6.404113
2486.551025 7.255872
339.541016 7.209092
3842.830322 8.665842
538.209656 11.335354
469.279053 20.887138
496.985840 16.327887
1042.953003 12.105953
1174.343384 8.933088
3267.253906 11.811174
3.119081 15.172121
11095.510742 23.118610
2370.108887 40.441692
7684.333008 20.521374
355.401367 8.289264
413.912048 6.316083
162.083130 8.901388
1985.240112 18.249908
791.319336 15.881408
4207.131836 29.647385
3563.701416 47.523705
2640.961182 105.328041
1951.268555 97.976532
392.962341 71.420303
77.489136 39.630733
2265.931152 30.753025
3911.891113 46.119221
4414.414062 67.116936
8484.635742 84.075752
2163.158936 38.957787
386.704041 37.574921
267.896454 30.832699
2941.619141 26.231350
1246.481323 7.137625
4246.487305 6.201753
11232.145508 2.632128
11321.876953 0.037948
7807.986328 106.825829
1595.571899 57.454197
1246.865967 24.571390
1464.708984 10.117754
4246.720215 47.858051
2193.488037 53.896660
1950.583008 62.900574
121.484711 82.761887
432.534424 2.482607
9151.286133 5.117006
7964.237305 20.541008
1027.831421 37.143600
500.188995 22.974976
2544.907959 14.608179
4628.894531 18.910122
7281.652832 42.619339
10676.791992 64.237656
705.809509 51.709824
168.046036 43.925529
92.159645 34.676422
3810.752930 1.014220
9275.944336 0.315449
406.655914 0.072506
20401.773438 0.359483
6991.621094 20.157383
3845.373047 12.732411
2238.303955 6.665536
585.264160 2.843275
2775.409668 21.130535
841.632446 19.164566
1796.222656 21.167381
1593.695801 27.750771
4210.308594 15.346072
1287.321411 21.193727
1607.344116 24.573643
3722.923828 24.054565
1771.039307 23.186089
816.494263 30.415081
6844.804199 43.893097
1103.989502 57.965317
702.350098 34.032143
1237.188965 34.109474
1642.139038 29.250641
386.777252 23.798246
980.645569 25.434746
40.276634 36.253483
2336.431641 59.431828
221.520020 100.911880
1025.868286 10.194775
3770.065918 3.082347
1334.013184 9.114732
779.835022 17.902758
1683.935425 8.981848
9129.937500 3.922873
1168.539429 0.705099
14746.126953 5.334810
2554.601562 87.064796
1267.869385 50.154137
674.526001 26.818325
229.811920 15.093613
905.952148 21.491102
588.726807 41.881191
1128.006958 80.759735
3500.238770 133.921204
7046.728516 0.357908
5246.864258 5.089573
932.383057 10.527912
2674.624756 14.131624
952.196960 21.043739
5544.208984 29.635162
227.665253 46.499653
2640.034668 66.666473
2917.739990 102.211105
4440.537109 70.436821
2184.879395 42.460770
203.316864 24.945301
619.349060 5.166677
1659.094727 1.012249
3271.087402 2.320884
5593.441406 17.596037
3918.711182 12.150028
972.095215 3.240010
844.421021 4.457526
189.760117 6.914536
6170.220215 4.002314
636.919800 3.509562
1462.933594 4.092882
4612.859863 5.437787
2152.708252 18.765675
1638.931274 13.980759
88.310852 9.394865
1050.270020 5.931827
70.233307 23.615133
3054.282715 21.702999
2013.465332 39.659164
9041.446289 79.206871
11970.886719 10.818264
1968.407471 26.853739
1115.389771 36.247547
163.879990 33.112648
929.098450 9.460449
1437.542725 5.292235
1928.671387 3.927614
7494.117188 12.308241
3229.559814 41.444386
5455.577148 22.660225
649.390015 14.757012
1605.069092 12.204032
1964.465088 2.342426
1872.672119 1.868985
2704.527832 2.891529
1992.419922 5.954451
1676.355713 0.922373
385.593140 2.024282
3418.327148 3.027631
2325.625000 3.079606
2589.174316 11.222729
473.227722 9.455257
15989.289062 11.990957
9783.294922 22.086435
4256.226074 1.709216
626.989014 5.010217
2797.789307 10.055360
930.630554 12.433932
4395.805664 1.299178
1844.845093 2.261604
3090.634766 5.996661
1830.350586 14.694492
1976.918457 16.970995
1840.194702 7.294640
5260.222168 2.805710
855.980957 1.428824
1052.503784 10.255210
2543.230225 8.661573
1155.952271 4.775718
3001.368164 1.284275
4558.234863 16.215521
110.761711 9.807495
1162.347656 8.123585
820.431030 9.325105
3258.203125 1.983747
172.601227 4.289664
1784.824585 6.401777
143.584625 7.183443
2207.657227 12.667727
1646.166138 7.284791
975.467041 2.953564
1990.505127 1.148527
1934.926758 31.557016
3562.971680 38.500435
19786.162109 49.706684
3375.211914 64.058205
3608.178955 5.317246
1447.373779 13.548109
913.159058 21.315372
758.670227 26.848038
4924.306152 10.457550
462.990967 16.041544
8660.086914 28.669117
2141.751221 52.563828
1927.689209 46.874210
8592.017578 22.566597
1617.564819 11.309854
3126.023438 8.671688
379.915771 7.094854
3240.820068 18.536217
4510.175293 42.615059
10501.265625 85.906960
3580.759277 73.901329
83.974953 29.728071
2927.733887 8.539951
27.168173 3.321340
295.513489 18.613113
1890.204712 13.415407
3672.294189 12.334229
3390.457275 12.150275
1521.116089 87.637817
4362.764648 70.531639
3824.316406 49.336651
1148.419922 30.663498
6833.229492 12.110312
4604.166016 13.467993
4573.789551 12.633240
3568.340576 9.889812
523.488647 1.191396
4650.522949 2.821009
665.010437 5.664835
166.853668 9.133255
338.572968 8.505557
103.555527 16.930771
2381.753174 32.036854
95.114662 52.608387
16921.542969 31.925518
2776.743408 18.583696
190.960403 10.028648
200.790146 6.478475
1374.294800 17.595163
1309.166260 21.746223
2173.601318 28.767515
6171.246094 48.765209
4326.537109 80.911659
4488.464844 34.884338
282.273834 15.024544
2866.776855 13.180690
231.534576 17.368557
2304.778564 6.390992
5091.809082 2.200961
2090.033936 5.338128
5633.123047 95.063972
800.683716 75.884949
1843.851074 54.406960
421.802094 33.998028
61.146961 34.194874
1546.824951 48.035229
6687.602051 77.849098
3459.955566 118.443367
3692.423584 10.453429
5801.671875 23.328533
3018.236084 30.542383
1123.401611 31.650982
2070.589355 6.935118
6809.684570 3.470009
1941.045166 3.274851
17314.085938 2.152002
991.734131 130.045547
8536.379883 88.726837
2516.611572 48.819839
259.565552 20.627357
1045.031616 9.536296
959.375549 25.273338
5351.937500 48.473259
2458.610596 72.694878
12721.313477 12.585015
2058.672363 9.019738
759.418884 4.795090
244.332382 3.463456
692.257263 77.071785
1774.715576 117.958809
6170.932129 177.661209
9713.705078 230.367432
429.918335 105.847122
1884.648560 101.437515
800.089905 82.032074
3169.467773 67.307442
51.280769 31.569750
1788.915771 41.200943
11800.521484 38.648960
9328.333008 40.491299
5208.392578 161.807831
4168.936035 62.403728
109.841164 16.625366
538.050781 15.253103
355.947174 95.399696
7647.060547 120.953125
2582.371826 158.151337
974.981445 194.099030
440.000122 47.151234
4907.629883 67.976318
5510.591309 78.292976
3407.802002 83.762856
62.327755 30.211922
156.530228 65.528168
4899.514648 123.168945
12337.927734 192.539703
2513.227051 173.109863
2555.021484 103.212570
1169.882568 50.411751
495.205750 24.565083
2483.772949 76.947159
6670.760742 71.605835
1240.853027 75.746628
2265.325684 96.564308
751.137939 94.625099
2173.955566 86.636650
2114.544434 85.292191
2179.791992 82.971329
2227.575195 66.972107
5912.063477 76.112930
38.412666 83.390778
6527.401367 98.964470
7804.833496 24.262089
5331.207520 16.214792
55.154320 29.260324
256.190948 50.145821
2547.033447 10.169445
2010.718628 17.336611
8922.308594 23.795908
1516.486572 26.334389
12660.583984 104.161430
6017.998047 60.517075
382.196259 26.910610
486.299866 10.687908
390.833862 23.279932
1848.070801 36.552776
483.510529 71.350754
8411.866211 115.773605
1770.407715 39.148304
6179.135254 49.076809
3625.692139 43.499405
537.647461 29.867826
2693.484863 54.201752
3274.406250 66.666672
198.885529 83.195717
7308.821289 108.023346
4102.334961 47.930435
4546.823242 33.208244
1917.012451 33.755405
5.336064 42.737850
6092.274414 56.209816
4261.621094 56.640285
12069.880859 55.188488
988.349976 68.741669
4679.770996 59.735352
6086.770996 30.242523
764.568481 31.119175
2049.889893 45.565575
152.916336 76.642464
258.271515 90.234482
3319.466309 135.332169
4821.054199 193.925980
10311.023438 102.135216
13612.048828 122.740891
5667.888672 115.177528
2233.671143 91.740402
892.857666 45.670204
3945.160156 49.885227
88.606354 50.076115
10846.609375 56.400284
4845.221680 115.559608
573.407715 62.656265
1049.875488 39.076271
3469.443848 38.222984
2824.840820 14.825953
546.219971 11.935365
1128.021484 10.325884
10808.724609 20.734352
1602.282715 14.971845
8253.615234 1.847225
377.715179 4.432409
2660.105225 11.842028
54.544689 68.478073
5841.833496 65.709305
6174.605469 73.688492
1748.861572 91.782173
442.930939 70.046661
445.223358 79.314529
2566.805664 81.768967
2023.673584 76.455101
170.179016 16.873104
46.211090 37.551418
376.528839 88.954666
976.417847 191.600876
423.807587 104.395935
3716.901855 29.873558
2393.696777 5.667796
1635.750122 7.120083
332.299377 23.716091
1007.749390 22.874861
9655.025391 32.498695
5694.156250 55.583759
531.725220 206.196014
153.069107 129.160706
133.041641 71.598213
647.634460 37.810585
1140.613892 25.743977
934.348267 12.905350
295.429993 5.723444
7192.524902 1.390890
4144.166992 192.478973
2826.860352 141.259094
5042.198242 89.935165
2653.811523 50.221558
339.170105 17.840668
955.644043 23.878708
762.498718 35.967644
262.940186 54.837582
36.450504 30.480532
475.316559 20.918100
3265.257324 16.686453
2457.874756 15.859274
0.927142 5.299046
101.367165 11.899391
8847.049805 23.289276
7777.055176 42.341431
215.067993 33.346981
436.167969 12.447778
83.633064 3.010478
564.673706 1.865082
391.669464 64.905373
3519.168457 88.848557
3476.060059 135.621216
4741.288086 184.172256
3057.785400 93.611061
4864.023438 101.832809
7063.595703 88.254784
2621.181396 68.874573
1075.145630 55.683586
1974.699585 84.632217
2712.454834 129.280991
1856.524170 216.491837
11622.078125 111.363976
3647.882812 23.567949
7910.278809 5.512904
789.426697 26.288229
252.724258 41.215199
1152.787598 27.755280
243.232666 13.386437
2074.206055 3.921682
809.854248 187.765442
1800.417358 128.751892
1356.338257 84.133514
73.901955 57.077492
234.676483 28.805304
8992.974609 49.755798
1977.859863 77.334412
8665.404297 112.210556
4930.291504 13.612108
578.964966 0.870617
607.647644 2.307521
293.983734 12.836041
515.857666 82.356766
98.604225 80.265953
805.046387 99.627449
1231.557739 131.610504
7852.162598 151.049881
8561.940430 149.367035
1379.929565 130.509918
223.449982 103.232567
1023.550049 14.052908
80.569870 10.181869
14602.617188 10.308832
16230.052734 26.737999
1274.741211 14.371471
1095.338379 1.275270
136.463089 4.887510
170.060181 12.334719
1146.797607 2.083639
1828.464600 3.400059
5971.037109 8.188231
6913.725098 15.812166
3959.436768 10.253818
1763.791992 8.278242
7533.208496 5.916031
1591.103149 3.433845
1358.742065 19.068027
2633.641357 18.689297
2073.829590 39.197594
5314.502441 82.180008
3666.277588 14.754329
521.484924 26.287518
1468.821045 32.692924
660.458923 28.286087
4667.971680 41.961815
3502.082764 59.597012
2519.288330 77.114220
1386.754517 92.521538
10071.423828 45.995594
5877.729004 28.774549
135.939819 22.747599
620.399048 28.157349
340.763916 43.238403
7683.230469 48.438499
1213.207275 59.858215
25387.988281 102.731621
11269.955078 56.603958
4770.607910 9.317822
85.822464 8.820470
636.000854 28.215021
1137.469971 66.422989
1326.000244 66.883575
2361.317383 79.750519
294.161469 92.154991
7215.746582 169.058105
4748.589844 151.215622
880.475525 117.841400
2244.195312 84.926361
261.915039 4.880156
345.890839 9.528380
4386.355469 32.499466
5868.936035 90.093086
617.058350 46.882370
503.659180 8.565348
1852.061401 0.029984
140.712921 2.778875
83.730530 11.968071
192.979370 14.820601
10563.268555 27.278584
8154.886719 42.418175
4894.102539 72.337822
20.481462 59.418194
157.535278 39.760323
346.260345 21.384180
1329.079712 47.440098
774.117188 46.164833
429.146759 58.990356
4710.702637 102.273445
1875.674438 23.447435
1995.588989 17.500187
2165.343994 31.398485
2692.445557 44.717140
659.839050 0.024385
948.335632 4.206645
1305.542480 20.754644
3746.130859 59.694756
67.903664 147.859314
547.623047 70.623871
1024.149902 24.808064
84.936600 4.841269
90.372025 13.451468
1016.190430 16.390331
4542.145020 30.329611
1532.755005 58.915977
403.932465 119.268539
968.204346 70.781181
490.396027 37.940666
502.138947 19.977766
2226.801025 47.077755
91.259392 57.997456
974.010498 81.940208
865.702026 116.436523
3694.155518 140.779678
2808.888672 99.879333
2066.026367 68.604271
289.520294 50.540142
572.679810 75.269341
4034.050781 160.883148
265.182617 283.568542
1050.518066 435.546875
268.028687 115.916237
3420.331543 41.396450
1104.370361 13.796207
997.185486 26.418056
2.366621 98.406799
2380.406738 62.253738
4394.421387 26.514551
2170.190918 31.329571
11625.467773 318.027527
3214.500488 198.146271
218.579468 140.410538
102.975067 118.910736
869.162231 13.877093
6579.543457 17.795492
132.849152 24.382872
7860.934570 32.877934
2647.051758 16.462406
1886.010010 13.919326
724.292236 12.569778
297.410187 12.377642
41.893314 31.490410
431.919830 20.218945
9294.781250 17.749987
3842.110352 25.009838
2841.362793 48.921112
814.577026 56.706345
343.266846 55.804478
324.791443 45.802383
4769.107422 59.034073
1737.247559 79.617630
1879.221924 136.719376
8355.877930 202.528244
884.680115 137.155060
3371.208008 145.772888
1559.355469 118.639229
334.326233 79.002762
5032.640137 99.723343
4468.754883 133.706146
9900.409180 156.250778
1131.623047 165.436890
5074.127441 231.323547
5299.078125 135.142487
206.426071 80.242332
651.571411 73.469330
1219.155884 46.150414
466.923431 37.826118
13667.384766 25.105829
13874.724609 29.166620
80.794235 42.957767
10369.924805 17.440609
1506.718018 22.805281
929.422974 38.994545
2430.497070 8.347464
3004.225830 9.432734
2757.455566 24.617222
9617.380859 48.288254
14935.464844 32.808903
146.932343 37.787991
2868.951416 31.679722
6823.045898 18.714987
7215.681641 22.628466
2309.534424 32.664654
118.063446 51.935154
3976.489258 81.335594
4542.659180 39.316452
907.026611 25.330647
675.458740 19.499701
6894.227051 18.881956
136.676666 11.762478
1279.207764 32.324726
4926.171387 69.426575
11908.740234 128.467529
10908.139648 68.041618
3852.921875 22.888374
1005.009827 3.626555
1277.389893 2.140682
103.086563 32.748497
1103.984863 13.464970
289.445984 1.719949
3176.458984 13.857000
2381.204590 82.998695
2326.312744 60.110470
2973.328125 52.365227
3101.983887 46.386589
399.918701 1.439780
685.164551 7.518829
4385.926270 17.503611
1650.543823 28.590527
561.740173 8.149430
610.574402 5.443467
886.363892 2.155064
556.077393 0.068359
985.538574 62.678204
5699.840820 68.094009
4028.857422 97.840584
3478.194336 154.121582
30.310478 18.891485
3335.185547 42.422462
3379.337891 61.352264
58.610050 66.066727
182.418610 42.121098
870.300781 45.265938
7036.060059 35.130047
2815.515137 22.777782
2292.367188 125.451576
1969.313354 61.216614
602.408875 31.523392
1274.592651 31.371151
621.745605 49.413837
2136.921875 82.437767
7234.349609 126.491043
3187.541504 168.727936
1698.273438 21.149363
6616.365234 25.038458
4384.563477 26.748327
962.271423 32.157631
953.439941 61.687698
264.995514 57.025093
7163.529785 60.844955
3531.775391 73.611717
4994.494629 151.821152
8214.796875 121.687126
7355.004883 94.885994
2056.907227 74.451981
121.177322 97.606987
627.085815 102.154167
649.147827 117.734718
5016.722656 158.077774
673.584167 8.324148
6242.995117 26.956905
2057.605713 59.999443
376.104523 86.320213
503.462158 5.534785
177.732605 3.026680
2445.605469 4.097323
2267.476562 8.790806
1956.258057 120.387100
2452.383789 75.172546
2399.526367 38.483562
168.803421 15.698602
86.332443 12.055962
7072.925293 10.439573
6824.392578 10.495033
7547.198242 12.703129
1393.782471 11.891636
1803.002686 13.848395
3101.548096 14.746951
23.585609 13.961280
3207.942139 19.492195
1537.517944 31.224867
1178.040161 61.241920
4397.480469 107.851669
4031.361816 15.539693
12158.843750 17.864855
2424.733887 20.079567
13.076976 18.968531
102.075722 3.595536
9897.568359 2.155176
8347.779297 1.171607
3721.330811 0.324537
3608.814453 76.731606
1677.298218 47.295628
84.459373 23.436222
357.883545 9.255810
2418.455811 4.027730
8792.185547 11.624844
4905.229980 31.929548
1200.047729 58.456802
20276.970703 17.378096
10410.619141 20.917154
6229.403809 16.444324
1716.560303 8.034394
1171.866211 18.783607
2430.298828 22.610594
9682.372070 19.292488
8014.706543 13.066525
3043.109375 38.994202
3208.591309 15.554293
656.908020 6.960279
806.856140 10.788402
167.385651 8.224375
1255.881592 5.777776
3950.566162 1.674226
7133.645020 0.538072
247.802856 4.028801
3013.948486 0.241934
7033.510254 2.574882
495.924622 6.672858
1174.081177 35.320187
1602.344604 37.975101
1332.908325 41.425213
4802.587402 47.903458
737.231140 3.062312
190.554840 11.208193
2657.983643 21.772362
1950.266602 30.388363
3396.044922 25.227627
1837.535278 17.810667
111.626083 6.415546
5450.686035 1.505327
3450.297363 55.895958
179.962540 31.763428
1054.513306 24.129717
541.531433 25.428734
1169.546753 16.182621
3174.679199 22.221094
213.458160 53.142555
865.329712 115.680756
1055.056885 16.402283
1532.792480 13.414804
460.963470 18.400755
140.930176 19.159794
3518.491455 22.121763
3606.761963 10.224243
23.471893 6.113538
4751.485352 3.467531
1024.199829 202.677170
207.450806 151.180969
1195.280151 94.976494
2198.299072 49.568329
8529.566406 25.448381
1490.835327 32.201221
12762.886719 42.075867
124.527039 59.461983
7338.607910 26.502811
3513.037598 13.831851
347.152863 13.174429
1132.177734 18.737652
665.112122 3.985890
1011.472168 0.347814
2893.317383 5.513710
2612.180664 13.900020
22358.246094 81.297699
317.759705 65.300941
483.404968 41.651707
22.450790 18.747461
137.504929 12.298515
1490.062988 12.306904
301.117798 12.135846
1940.799561 11.547569
2271.924316 11.547569
1940.799561 12.135846
301.117798 12.306904
1490.062988 12.298515
517.083130 18.569513
996.212158 18.186068
3059.985352 26.273514
3187.273193 47.277969
14540.453125 1.257325
1064.481812 6.966927
637.620728 15.364434
292.878906 19.494057
2530.462402 4.888947
2748.123535 14.131145
14069.375977 25.759796
103.171646 38.876553
2140.822998 38.696083
2483.350098 17.079891
1142.735352 3.970747
692.956299 0.492372
1156.373657 3.969434
1477.204346 1.424864
3195.595703 4.281162
323.067383 24.092152
2705.901367 39.657112
13319.644531 11.798045
7165.778320 3.543511
486.197021 4.161525
936.976685 62.451363
11565.301758 74.825386
12569.253906 112.159317
10519.490234 162.730179
8598.935547 90.870537
841.009888 97.956566
659.900269 89.226501
780.177856 72.048698
3000.340820 4.782856
549.993774 3.567188
2320.216797 9.593571
5627.317383 30.366436
276.864410 182.082550
14825.247070 98.811264
1227.394897 43.030785
471.540619 14.811316
71.508064 2.283274
105.989212 4.445816
5325.924316 14.747966
4380.095215 29.041889
1704.023682 80.360497
4656.914551 55.315498
2358.713623 30.049541
199.955948 10.988536
3093.719482 3.756251
83.253372 8.897746
2094.046631 20.457462
139.197205 39.991283
2408.637695 6.839607
2214.713867 1.275329
790.002197 0.643636
185.118866 1.724955
768.423279 2.135620
3446.336914 5.962015
12278.709961 30.421850
2158.060059 92.360138
1382.922607 47.570713
37.828876 9.074483
775.936523 0.199331
631.887085 1.727625
1949.056396 23.078753
2681.342773 10.952445
771.629822 5.715484
452.435791 2.796176
5043.618164 158.690430
7714.690918 123.672829
3079.481445 82.505409
179.745804 46.824402
5969.062012 26.095564
8952.796875 17.459215
2116.175293 10.230667
39887.527344 5.628251
25807.863281 44.890816
5305.779297 44.698444
1034.016968 41.094627
207.093658 34.510147
6933.529297 0.428490
1829.296875 1.653162
2843.101807 4.446163
3514.815430 6.302431
12178.710938 25.409580
4652.984375 18.099028
2663.459229 9.473993
2007.503296 2.927418
539.033203 2.820122
2084.349854 0.004967
5887.060547 3.399677
12307.543945 13.582483
16261.497070 4.849721
7256.629883 9.515120
4738.040039 11.004675
4446.091309 7.996567
1603.804443 2.962342
2127.861328 8.240579
1884.132568 15.866588
3331.626709 24.235672
7153.069336 5.956699
2084.302490 2.948208
3271.926025 0.927076
5542.353027 0.644713
1539.172607 36.953091
6585.226562 27.704067
5733.109375 45.858856
13825.490234 94.628479
1107.165527 30.605461
975.778442 53.461433
1291.578491 64.428802
2695.767578 55.862991
518.043396 24.657747
483.785400 29.148087
5388.615723 34.223747
7289.071289 40.310169
3733.971191 22.587719
3868.080811 18.430897
1796.730225 18.202633
3981.618652 20.739527
278.336060 34.768547
4519.654297 35.776737
415.743744 49.116623
8573.775391 82.877197
1647.377197 29.826447
252.976425 25.176786
4534.189453 30.537693
2056.062012 34.973141
867.171021 11.681511
170.398422 22.319305
2621.013672 30.429852
1580.943848 37.715374
1490.443115 134.271530
1135.219116 65.859703
52.422928 22.250168
1072.667480 7.145119
465.238373 21.772602
4325.730957 20.231106
13154.027344 22.225067
1434.244385 23.978706
479.210724 46.249416
1280.999023 45.160633
206.848160 37.630085
572.068909 28.276443
1003.153625 4.614894
2575.622070 6.159483
6623.546875 10.826445
541.378296 19.788191
5756.797852 0.329722
8290.052734 0.485061
5935.474609 2.397122
2080.926025 3.891896
253.367096 62.565491
1140.041748 93.949181
100.318680 136.311905
7502.119141 188.290985
3422.212158 2.228637
3381.806152 3.729707
1901.014526 18.224327
17.123354 38.419113
2207.928467 13.035309
1806.239746 8.286652
4569.551270 15.967360
618.026794 60.751717
4369.770508 230.788437
961.708557 109.712875
232.627838 45.148354
522.013489 21.080683
793.131470 52.626167
919.310669 61.928307
3550.249756 85.622955
5854.819336 123.894241
229.784363 90.652527
822.549988 72.203522
1538.628784 60.510727
238.120239 53.563030
634.821838 36.106174
4464.832520 20.502705
2151.455322 15.450649
1627.662109 10.583739
183.519775 262.629944
2433.774902 202.987869
2849.024170 132.444458
401.343262 72.874664
4090.338135 18.497980
2155.488525 40.720631
2179.492920 64.825974
3267.909424 84.129486
770.069824 18.539116
954.263367 6.706281
1537.390869 0.600179
2353.616699 4.165133
416.076050 26.113174
404.586487 35.378105
11493.203125 47.825748
988.554688 58.407707
5576.345703 83.353912
7110.799316 58.503223
637.223633 37.157730
687.593994 25.720451
2465.246582 4.662234
325.202423 11.503244
4723.593262 16.951134
5750.645996 13.038226
17127.406250 156.324463
1550.682861 95.082596
106.930511 41.544483
704.228455 10.999108
36.942192 13.323673
3088.276123 12.466966
1923.067993 11.240012
1409.898560 17.212742
4351.580566 19.687336
1895.374878 5.762162
945.095581 4.932544
1272.785889 9.941667
375.170685 12.158960
592.585815 8.044763
103.482056 6.953319
9073.101562 7.719710
1050.223267 28.759453
3623.356934 29.409847
955.315308 25.412354
67.227982 18.706650
1266.159790 4.226549
14.385736 13.840521
5946.531738 27.582077
736.393860 42.133488
778.501160 10.427939
1195.986816 5.159017
1447.276978 1.136516
565.795471 0.198529
116.626244 14.177594
489.774719 13.715846
8019.515625 9.973857
7296.679199 4.530719
2701.700928 44.069702
1422.954102 27.276129
1264.021362 16.983316
509.512817 13.748850
3512.831055 11.539491
975.976562 13.851311
2260.257324 9.429844
14182.578125 2.520938
932.613953 23.401325
4082.905518 5.390954
3682.568848 0.034515
1048.131592 4.574763
4165.408203 50.222935
2120.058838 31.071707
6182.640625 16.358597
1694.076904 24.122248
4859.305664 1.075226
1693.209473 16.741907
3157.189697 41.515797
1462.904053 55.826576
413.405029 32.026947
1202.347656 21.327568
2596.888428 11.503803
7812.904297 9.844967
6114.412598 4.207829
1298.743652 16.582802
417.014709 29.762606
78.774155 35.947006
7353.101562 48.638733
1467.672607 39.736324
8862.235352 48.214298
7889.681641 76.862480
1000.920898 24.294933
742.497559 49.609520
5301.833008 64.172508
448.211578 61.686329
755.301147 0.354075
2153.294922 0.773718
5603.635254 8.329433
11458.835938 28.151165
6491.016602 41.719311
1304.372559 19.323742
2485.729004 7.859985
4970.287109 2.793050
1600.848389 15.988392
3141.617188 24.381365
7300.460938 37.428173
12573.608398 49.142757
3794.154785 34.040073
3569.615234 29.392059
1167.597168 21.449823
1855.937012 15.422297
2323.287109 11.552941
4144.067383 2.360870
2492.997559 0.225544
7045.583008 1.303688
9090.585938 99.799179
4182.809570 81.187355
5933.768555 55.159557
7064.148926 29.846645
902.189514 5.542827
2058.595215 5.919374
4909.249512 7.847757
13205.606445 11.678799
2556.729492 21.878384
4107.557617 14.724122
40.425854 9.608618
1175.235840 6.666253
638.834290 8.315447
1355.313721 4.281742
2050.968750 3.960591
14528.208984 6.795281
2889.842529 55.937122
2890.020508 42.489227
2583.800781 28.424137
2252.899902 16.488760
1118.639038 7.447261
3362.759766 9.460723
4180.649902 13.840249
6395.099609 26.474918
3712.304443 22.474781
1435.070435 5.950685
4894.761230 1.888593
6317.144531 4.351092
225.973206 19.392941
955.149048 19.555611
3653.332520 23.182119
9472.141602 26.605669
4690.133301 44.351574
3092.939453 41.052608
1747.427856 32.941635
556.716187 24.368162
409.004425 8.492870
54.716671 11.937407
192.997803 24.340328
602.378723 50.530865
2451.149658 9.005552
6581.410156 2.640041
1578.361816 4.343287
177.984818 7.138517
4375.601562 0.949345
2140.426270 1.481572
1648.397095 3.560998
5052.275391 9.241480
3386.823486 29.867376
262.326111 14.424170
550.488403 5.353293
584.219788 1.665271
4028.138184 1.460294
778.201965 9.730154
11527.601562 31.684185
6885.878906 68.097649
8364.936523 2.892936
1454.035522 0.068625
4596.858887 0.706267
863.606567 0.591225
400.727478 10.305323
1922.656494 17.383183
1993.988281 38.649136
10362.502930 80.573036
17784.601562 12.950163
549.886414 2.215711
4405.688477 3.724620
195.821381 7.539769
2982.258545 28.524952
188.875702 24.304989
2273.184082 36.781109
735.597839 73.038185
2661.850586 38.281010
2326.882812 36.779736
133.699203 39.372181
1993.622314 36.679432
1074.476562 5.119553
436.665283 6.484820
13637.438477 17.148212
7258.122559 43.806324
377.884033 20.446445
708.486938 7.108618
830.003662 4.769876
67.978851 5.466284
139.491211 32.604824
187.538254 35.656719
4183.498047 46.914169
369.313446 78.870209
2209.019775 28.648470
2004.573853 12.204498
5121.626465 16.487263
3752.665039 26.637924
829.051880 29.877708
4381.951660 43.648487
1983.875732 63.951103
8224.921875 91.300552
637.151855 47.314602
971.645508 28.156651
1530.105225 20.495951
19.565447 21.892921
635.392456 23.290514
1586.898438 34.285244
1289.619629 41.042309
10014.081055 36.660515
1617.182373 108.914932
7853.191895 68.668892
1083.095703 35.547462
363.324097 20.465519
422.262726 17.571358
2211.485352 18.537067
7307.261230 20.126743
10417.998047 38.307327
6244.429688 47.882656
234.991577 9.066435
527.757446 1.339195
1011.277466 9.668406
1003.496887 33.999344
570.212524 25.066944
2538.770020 17.212059
3298.523682 11.153305
2850.254395 49.062389
957.736877 51.396038
805.159058 48.954384
2829.050293 42.586369
82.739708 2.426978
4981.527344 11.368825
4377.559082 31.397871
1455.848633 62.825211
566.630615 8.455138
1952.351440 2.198563
1262.570557 0.497787
126.894485 0.251418
1154.327881 0.399132
2858.992188 4.954210
6384.086426 16.837879
19433.847656 41.343307
2889.721924 85.614929
14161.137695 39.716434
3370.013428 12.747556
182.612747 1.711680
293.405273 63.791351
4695.311523 61.837555
2325.649902 62.341724
869.199402 61.247917
9659.230469 77.117470
6588.872070 81.128807
3166.079834 77.118263
1164.970215 69.675575
546.031982 1.374978
1361.301880 0.001671
2648.673340 0.851233
1542.401001 5.728729
6567.694336 134.849548
2907.743896 76.847992
508.266113 33.666206
39.721119 9.943836
1085.736938 58.811523
1698.512451 71.992332
686.564026 95.570831
1704.699707 128.579025
14255.247070 30.340176
811.527527 36.203369
288.011414 44.554642
1022.281372 51.500984
3990.205322 1.402053
675.915039 4.665248
1962.501587 14.530958
3727.884277 35.480835
2526.991211 125.061272
737.443726 64.715652
720.495544 25.024944
2012.966431 6.048062
866.678345 20.202377
2186.370117 22.228823
322.316223 29.913397
4648.361328 37.199360
4049.270996 61.341827
1839.976562 54.048111
3633.408936 40.230793
2540.848633 26.880283
970.014771 67.103134
1663.218750 83.434875
6346.030762 124.340195
19129.546875 201.779343
4247.271973 5.534664
1246.594238 10.160826
1260.894409 33.832119
466.061340 54.757111
683.487549 0.597314
1627.476074 1.885535
7460.875977 12.476560
6345.283691 40.205299
11147.444336 111.186523
2052.372070 54.848602
3409.933594 21.093163
833.566711 5.611900
1660.968384 0.317303
6043.597656 3.414756
771.347229 14.395884
19328.107422 37.396877
11698.154297 25.999954
3901.599609 9.567691
3054.450439 2.660602
510.188263 0.522253
148.783722 29.028721
2568.742188 24.304502
5568.818848 19.636341
5740.840820 17.241961
330.527954 59.625698
3043.093018 47.880955
1215.040527 39.246021
3111.644287 33.528439
2625.815918 20.999706
2898.792480 42.598965
3467.922852 65.453735
6455.110352 81.381042
2581.295654 9.992702
4192.616699 5.599039
4198.519531 2.945621
2168.723633 7.139978
1511.782715 13.166636
254.028854 6.263343
10462.661133 0.839416
1008.549316 1.881251
9123.584961 78.157486
743.812866 50.254326
1312.772339 31.482986
104.753845 20.540569
2755.560303 17.286251
5202.399414 29.449175
6144.731445 41.734230
5417.061523 54.465385
5196.587891 23.204165
2617.226807 7.422379
4663.805664 2.528741
568.543579 7.074023
1379.391968 111.332024
1038.548828 106.124405
3354.197266 113.945007
5964.362305 124.819809
767.580444 133.545853
6835.790527 152.339569
4006.403320 147.630737
626.360535 128.919662
10.246799 41.670685
2897.529053 61.781376
3187.601074 80.268372
466.122986 104.229553
3172.619141 75.374390
1668.278198 27.603706
856.813477 12.169189
1005.202942 21.508259
847.565430 17.960157
235.680466 38.789150
5821.219727 71.769951
1666.186768 103.871315
1450.242188 70.158585
3407.693848 52.896526
267.267822 31.142439
1986.218018 16.218384
365.754059 1.219671
723.767639 2.893075
1337.015991 12.441837
11657.739258 38.492226
1023.504456 51.694592
1357.917480 18.971573
1809.617920 4.871597
831.693115 1.461277
4178.057129 54.324493
3112.327393 45.557495
3182.074219 59.280518
13095.756836 79.768631
660.387512 207.073669
4109.059570 187.345306
5990.099609 141.427734
182.121170 89.947083
485.238403 7.102521
9064.218750 18.028671
2829.399658 24.684532
8490.396484 29.198112
20090.193359 160.395020
1359.350098 76.721733
2199.789307 22.530912
1696.955566 2.931303
4321.368652 37.369747
1133.961548 37.215580
4997.960449 36.509487
2784.681396 31.922203
11185.833984 56.891834
7337.985352 53.494690
1248.537476 46.425522
1718.566772 40.197308
283.192810 58.736572
10581.517578 73.810844
5458.374023 102.179314
4315.375488 148.216919
3945.974121 6.761202
5519.224121 14.085485
2265.325928 31.224554
236.811401 46.875416
1219.857178 4.451757
909.845886 12.763735
303.088501 33.317650
589.709351 74.349457
3597.912109 55.080303
5615.745117 18.384844
2879.009277 3.503347
1679.165527 1.336277
119.406067 26.787613
8770.951172 33.910088
1986.805664 37.634827
14550.362305 43.748814
2128.472656 120.548805
342.901703 61.440220
1444.279663 28.694172
1291.693848 20.941914
1937.201660 97.168251
496.158203 131.340866
1571.516357 157.945038
5665.219238 162.482025
3403.025146 59.666985
1998.474854 58.480328
1471.165039 58.589191
1603.546997 70.425636
1682.566406 92.497948
309.025818 114.002686
8427.028320 157.302032
25341.037109 249.769470
2619.317383 134.233780
7557.541504 62.930954
2933.576660 52.774376
1734.506348 71.344933
1851.497070 116.224289
5651.586426 107.289764
1766.170044 122.682930
5357.971680 157.701385
2615.069824 158.842209
610.240173 170.804337
5896.884766 163.558243
3877.977539 140.566010
841.021118 7.809194
188.488556 11.612481
454.451385 21.542477
3642.001953 48.087631
8301.314453 46.474785
4899.813477 12.733357
2268.350098 1.920659
598.270630 3.682627
5955.103027 0.443046
2382.189453 0.999432
1110.300293 4.403429
6507.625488 7.972459
6829.939941 69.520065
1468.945068 44.791786
2410.848389 21.957045
10.564517 6.656613
3045.166992 8.925234
171.842102 4.938143
10364.566406 0.963550
1716.765015 2.093279
6709.691406 5.559659
2008.684570 3.238225
181.409134 6.118470
1605.180664 9.275182
1380.601807 12.623051
1216.484863 15.567072
615.750183 23.335243
874.032410 37.730591
4192.200195 10.937962
1948.610474 8.465556
2465.721436 9.642897
1548.068848 11.305099
799.110962 20.377750
4791.892090 17.542185
334.384705 17.704088
9808.467773 18.810513
374.690552 79.825706
327.477905 61.933350
220.961777 43.261292
563.097961 28.680487
141.293533 23.895145
4535.133789 47.369228
245.570389 79.299301
12853.314453 118.460861
5482.453613 19.036694
441.559692 3.158771
631.117981 0.660237
2221.473145 8.284946
2341.546387 52.678646
9320.785156 76.923920
8397.205078 105.728851
2614.148438 123.812416
8000.738281 147.821976
2946.596191 107.605240
1027.355957 68.728027
76.233521 48.004776
613.332642 13.232416
3993.145752 4.768516
2601.949463 0.796143
9367.559570 21.582294
18467.076172 45.654572
3303.463867 11.269180
1300.711304 6.685880
4.567299 12.940192
1337.722900 7.382454
4979.796875 5.564866
8065.849121 8.159662
1860.932617 16.865858
163.712875 69.528511
465.468628 44.315804
5592.526855 25.382284
1829.364380 13.516365
2010.553345 64.948708
1011.239014 60.111050
1196.364258 60.743576
6846.932129 65.351349
668.794556 100.606087
11521.056641 95.648460
2358.265381 85.999596
1227.594482 74.527191
5420.676758 14.882991
323.656403 34.937450
9665.209961 64.602402
230.185486 113.756027
8395.015625 110.842911
3577.944580 38.105659
346.110291 4.945356
1095.248047 2.016009
841.661682 16.303289
7018.363281 5.534087
3803.452881 2.212417
10011.560547 6.408955
6503.750977 117.157471
765.430664 88.825142
2552.862305 59.686256
159.970459 34.611919
3314.256836 1.129843
156.660309 8.870481
4012.930176 24.114773
4591.464844 45.190010
6043.512207 29.633368
7537.350586 15.985981
2863.836670 6.026434
1794.488770 0.622871
1597.322754 20.278658
958.186768 39.501526
4947.551758 82.041512
375.561951 136.911926
32.168552 88.461510
453.574554 69.035751
1681.124512 45.165661
1810.907349 24.995562
978.526367 128.644730
4774.888672 137.682083
2905.303223 142.619904
10814.346680 139.115555
179.461456 121.981865
2980.503906 119.872742
2104.755615 118.278214
68.006767 121.031929
841.308350 102.601097
452.413574 119.670700
3874.639404 171.820847
3839.067871 292.341187
11643.306641 21.790535
404.098877 6.483692
1050.415527 41.938248
1869.989502 81.527534
972.184631 0.927190
407.681305 16.465616
5660.609863 59.380219
1474.479858 134.856079
761.653198 291.390442
1146.778931 156.418030
1357.221924 63.064743
1258.561401 13.824347
2249.724121 6.664703
853.380981 6.252325
1322.879761 6.705814
2342.188965 17.584726
1345.658813 170.681458
2052.345947 85.518463
2078.030029 32.843792
2065.981689 11.048069
302.758881 24.120628
158.014984 20.172977
98.600899 21.143463
3357.483154 26.341400
785.572083 78.833946
242.944473 63.109230
1299.515381 46.917061
8.013178 33.265503
3081.056641 3.208564
1916.932251 4.701902
4088.443848 7.838924
321.663025 8.729606
114.255539 61.192322
82.682755 41.503235
303.993256 21.666691
1231.414429 8.115063
2188.853760 22.603167
5451.464844 21.379622
7450.779297 20.065342
7724.164062 25.000380
3141.731445 1.511357
5561.614746 1.958525
881.833679 10.204731
578.581177 18.854603
133.305099 5.463273
2080.789062 13.358750
1890.811890 28.283840
1182.732300 50.305931
14961.649414 12.667095
1552.180420 5.098997
1039.590454 2.328497
344.107880 2.437818
2448.522217 14.094869
3360.429932 16.722324
2942.567627 13.898363
3454.902588 6.744919
1117.448486 91.673462
4592.767090 50.454906
885.062805 23.023331
300.652405 12.862902
1565.255005 15.621632
143.529053 15.907088
394.561890 12.828912
4143.335938 14.552766
1593.426270 25.637854
1285.126099 6.311911
4348.321777 3.413878
804.989990 9.687897
2116.312988 52.766888
1602.423584 54.349686
1061.893066 64.398758
12176.050781 82.340988
494.911804 19.627554
1624.066772 37.993328
126.936623 50.391453
634.072083 53.977749
1626.778320 37.271431
837.938721 46.702728
2102.094238 53.210960
12081.917969 48.756897
5005.076172 87.452896
1627.410278 66.737823
563.189392 45.882248
1223.875488 35.109726
1882.527100 16.979853
1270.999023 25.150532
592.878845 43.331406
6061.085938 83.407143
12248.614258 42.744217
1001.104492 10.005819
1794.734863 3.469550
1726.396851 9.477961
2118.794922 29.173256
3325.923828 29.004023
1829.201538 42.482014
5405.591309 51.883484
284.932373 206.899078
3718.198730 165.466110
1923.122925 106.867355
958.906494 55.695732
5747.038086 98.873489
1549.815796 140.936249
27182.457031 195.137207
173.675201 256.390411
7682.845215 2.263212
562.424561 14.756574
4037.183594 38.338467
1637.423340 66.253174
3215.038574 84.051514
5271.222656 109.212196
16112.480469 147.494141
8828.606445 225.611557
7016.464844 144.777802
5074.561035 57.554337
5388.110352 38.166031
1542.664673 57.022415
879.124756 115.396011
642.482666 108.464912
4562.760254 116.329407
4965.073730 144.744919
7383.486328 173.093170
21880.529297 154.668716
7153.811523 141.398956
4967.230957 128.351379
2537.451416 13.811892
226.194260 8.636518
8069.028809 5.691278
12738.493164 4.569260
10911.490234 75.366585
1526.742920 56.008762
1945.109741 37.296169
1473.237793 22.932943
1641.326050 12.738555
2575.364258 12.314185
1215.482666 7.301988
14545.933594 1.776171
2038.000244 14.355709
2112.750244 5.137192
3271.435791 4.306831
1356.065674 8.679896
2201.161621 73.141159
5387.130859 86.781822
1186.675781 127.620407
6983.450195 203.003052
3469.037598 1.030249
4419.002930 21.758327
2353.244873 49.473381
1253.034424 66.392601
16.096647 35.346355
156.987213 21.778099
2417.787109 19.783478
1045.066406 28.675251
5081.050781 187.348389
1306.100098 143.290222
160.204971 98.672226
2372.850098 61.277962
159.175476 0.367413
1654.509521 2.610540
1492.481567 6.714055
1631.329834 10.734794
552.986694 6.343838
1540.573364 5.486895
257.811371 3.066684
1027.900146 0.770105
4010.938477 51.800507
7887.081543 60.410873
91.466476 77.462807
1060.569946 100.119232
1656.605957 16.891529
2814.946533 32.174198
3266.489746 43.072327
584.957825 48.167809
1390.341919 12.958380
2447.054688 11.424711
6533.647949 6.268702
2420.133301 7.267275
16533.578125 117.844292
8433.068359 56.629539
67.355408 22.889219
247.950165 12.767981
3267.534668 37.022484
2592.406738 42.369904
1443.946045 75.373322
3651.224609 136.380692
318.211548 19.383158
3719.913574 36.427639
2034.148682 47.154079
101.913429 44.557076
1516.366821 35.311653
3034.186523 34.287807
2181.830322 39.751663
439.710480 47.161186
1992.584961 141.763275
1027.642700 107.452011
439.015808 73.131531
135.252716 47.736950
1517.794678 4.456492
2874.640137 17.107580
21311.130859 39.650253
9407.369141 63.658630
4479.145996 132.102539
7278.314453 82.235924
185.846146 37.667229
1103.696289 10.175663
318.584747 51.646954
681.426758 46.763626
2348.354980 38.388599
9597.759766 32.077885
9594.114258 12.787885
3895.465332 24.097370
6845.491699 38.269066
1273.468384 48.864471
1615.799438 4.885278
248.656754 4.266999
986.614380 5.385899
1532.855591 6.740737
2008.038330 56.271187
7803.614258 37.971539
1742.754272 21.230679
2250.045654 9.928150
1572.802490 20.753641
677.632690 24.332621
3300.055176 53.183342
1192.996948 113.183716
389.374390 21.770802
389.374817 22.580622
571.993164 27.865919
283.152130 26.551857
2186.053711 11.934725
7660.667969 29.120729
16259.892578 51.968491
6948.545898 81.654243
956.889832 57.519703
886.812134 21.045158
806.846680 3.107600
528.753601 1.783241
860.811768 38.720028
4024.012451 37.324825
762.345093 47.250824
2806.248779 87.448692
21577.523438 22.451843
12311.633789 7.654598
5289.009766 18.796978
888.140137 33.720867
12904.501953 6.175854
307.083832 2.839949
22622.429688 1.573831
7495.693359 6.648745
886.456909 83.735229
1132.736084 48.087906
58.512787 24.286549
1891.281128 11.876198
197.308441 0.305458
2776.537842 0.379760
3346.595459 0.225434
11463.629883 0.999874
16000.081055 16.265018
1158.660400 7.326137
7850.379395 2.137475
2310.029297 0.355062
3172.098633 13.643591
344.518463 25.512255
1248.812988 41.123104
5612.128418 57.065857
940.765930 0.096073
2390.941895 0.948797
650.169312 2.822412
3218.016602 6.465374
999.581909 1.156406
35.286278 0.736487
1675.374146 9.979404
2563.910645 37.991756
131.558701 48.784523
1641.232178 19.748047
821.177734 7.580226
1039.875732 3.619764
596.776611 1.943348
2699.053711 4.755519
260.301361 10.939102
223.335709 23.572100
2072.942871 61.154766
816.540344 29.604958
323.937378 10.479586
188.462952 2.670957
3293.347168 58.027813
152.232193 46.100361
12421.839844 47.186134
2391.929199 56.166809
7513.836914 92.207092
1375.164429 105.257858
1005.360474 98.975510
2271.704102 79.269547
1423.702148 24.782343
17.549412 38.488564
754.874146 51.091274
19409.714844 63.710846
11362.406250 33.949169
799.419922 13.200458
1072.125977 6.696344
159.953552 12.387995
1314.162842 5.417350
2881.419922 1.962537
2890.730957 0.563772
3109.825195 2.028142
3402.454590 48.482197
219.145660 33.333450
4674.998047 20.477062
2259.990967 11.276163
1573.483154 10.843201
1696.973633 17.350723
563.995361 32.909931
8282.930664 59.605885
259.042511 21.753546
3762.666260 12.013573
2121.067383 9.112492
117.999542 9.038175
4190.159180 3.800153
804.843994 12.186233
5362.620117 27.643522
3258.452148 56.409775
329.682556 68.936928
729.998657 26.094650
393.345947 4.928109
2216.530518 0.068765
459.410156 34.109825
3365.913574 28.728806
374.854736 28.653467
2887.605713 29.671087
5398.215332 91.322144
826.486145 81.754929
917.879272 64.637726
892.944214 46.800632
57581.523438 57581.523438
57581.523438 57581.523438
0.000000 0.000000
0.000000 0.000000
0.000000 0.000000
0.000000 0.000000
0.000000 0.000000
0.000000 0.000000
