1008.839600 322.401001
4748.590820 404.317169
4251.838379 463.686218
9480.786133 487.548584
729.238403 160.190643
1783.628662 152.077621
967.259155 178.674316
502.925323 239.852844
421.209625 70.252037
472.766998 188.665436
1380.700928 484.533264
8594.475586 984.640930
7517.084961 654.477661
6349.520996 334.673676
3418.927490 155.034790
838.676880 71.080864
814.592773 39.875191
750.259155 43.555412
442.452972 91.051071
855.894043 168.650085
16017.287109 705.129761
2970.608887 458.976044
478.534363 244.964157
2582.088379 102.156731
622.469360 149.738586
3919.642578 298.704803
3552.205078 464.745850
7186.110840 639.564453
1625.454834 377.263367
1775.971802 144.733887
2235.741211 34.944317
399.011810 47.628433
112.684227 29.540323
1104.548706 73.159561
9602.082031 224.375961
397.435242 470.636932
539.631531 823.697876
8988.015625 513.769714
164.309219 261.454803
1679.768555 94.697044
309.425232 142.434631
3232.876221 104.094742
1607.936523 72.297470
1214.831299 48.810539
2694.080078 311.531494
5313.965820 279.408783
3524.049316 234.497711
421.262451 186.708664
6368.166992 97.691589
5842.331543 122.533386
5531.393066 153.692596
19147.910156 182.871689
5998.850586 93.032669
1097.036621 85.507561
204.091904 81.053009
229.493927 83.900864
123.458466 77.960350
387.236450 109.876846
12380.668945 161.982605
5187.220703 281.303345
4768.903320 283.676270
10138.900391 98.655350
652.259583 34.148483
843.200439 45.017910
1109.189575 7.111153
614.411865 22.033800
558.178650 98.040833
690.066345 212.773636
1071.474731 301.566895
230.076447 227.620697
5709.731445 136.387772
1798.774902 52.544693
1690.038452 25.709827
378.076141 41.783741
5768.045410 76.485954
299.197510 126.793121
992.058960 222.724518
4027.589355 135.640152
451.234802 69.970276
1760.922852 33.452717
381.400208 260.156830
89.445976 347.630859
1476.190063 446.556763
11951.660156 532.808228
2636.169434 85.084671
3017.257080 113.329399
215.919937 148.670853
139.003860 194.794464
884.910828 6.824820
329.402863 40.443447
5672.595215 105.969139
53.493977 228.595795
10961.998047 624.397827
1172.505127 299.821136
1685.973755 97.509209
304.307648 13.092759
104.294930 183.587463
322.234100 251.758835
5542.972656 336.950562
555.768494 430.003967
5167.029297 170.641495
1559.681396 128.561859
38.910458 118.392967
150.572144 137.872147
2168.603027 163.107315
139.639084 290.577026
9323.853516 408.656006
5896.455566 534.291321
9561.020508 646.747131
733.670044 271.328827
1593.782837 79.833755
144.867828 66.492035
1728.876343 91.084717
1655.588623 122.460266
1884.208252 242.282074
1163.946289 431.213654
6811.969238 748.176025
2785.824219 510.386932
7130.113281 301.293823
742.526123 153.824097
294.791962 134.869476
5571.191406 139.011597
3711.290527 164.046753
16922.615234 204.921570
661.329590 269.178497
122.481079 226.268494
3222.802979 184.548904
1669.348755 151.613037
588.950562 14.440799
210.033478 46.474472
5344.501953 128.310837
224.126709 275.586670
6724.376953 262.950256
18465.585938 125.083435
863.027588 48.145924
5485.657227 15.755226
903.417603 42.547554
137.286072 112.323555
4407.404297 177.092041
4055.197998 207.554352
13508.615234 290.663269
2089.322510 152.870972
2194.683350 47.721279
177.695419 10.660716
27.745316 1.375219
1910.707642 13.052735
314.692352 78.079407
4439.274414 211.424377
1786.913818 230.135422
1012.758484 125.256325
5034.611328 60.589611
622.038208 21.111343
1897.409790 42.254662
435.193939 43.405529
3880.386963 54.172260
2663.498535 75.138321
1504.523926 144.288773
1818.577881 103.339340
671.057800 71.422188
109.557755 51.173798
793.064758 60.079807
1890.660889 109.561172
7519.839844 178.166061
3853.046387 246.786987
3696.013916 18.264610
4257.816406 25.102467
167.819885 28.085209
797.607117 35.421741
305.818878 71.084618
492.831573 128.059784
3266.470215 177.810425
8877.209961 195.658920
1760.136230 233.940094
312.142822 138.073227
1715.438965 64.589943
787.510559 41.780930
2309.593018 113.466080
1314.161865 121.231316
14259.219727 99.155792
5801.760742 57.746559
1203.030640 213.364807
2210.991699 128.649033
331.592651 88.553406
1335.050903 92.035751
995.746094 27.485096
904.485718 13.181734
193.659302 24.449711
2899.495850 73.668053
7077.116699 79.563187
2799.168457 67.006401
4505.484375 60.824966
1172.923096 47.865471
2245.517822 156.567383
648.589417 209.103134
94.085052 288.167694
3268.555908 386.230316
5433.984375 10.948681
2250.341553 45.613266
3809.687500 85.692352
2506.821777 120.578156
296.393158 18.191893
1488.539185 54.091663
148.249924 140.314896
5984.407227 246.662582
2266.827148 435.576660
7829.416992 292.525940
199.695908 151.734009
639.709473 51.707428
162.746765 20.589371
4357.096191 21.347765
537.897461 28.862667
15120.591797 44.815216
7360.198730 96.416779
1819.078979 63.913322
423.571228 40.321198
1524.602295 26.406898
1980.168335 34.294575
180.026733 71.529556
680.556763 124.070396
3852.322266 171.889145
5478.826172 96.400063
77.682365 70.342598
1728.965332 40.881248
403.524353 24.530327
153.070007 39.536320
655.702393 55.204685
67.481934 78.192696
483.808716 111.202789
13583.958984 171.801575
920.318420 97.883575
267.622284 52.159336
457.133331 35.387806
2975.677246 56.688324
916.557617 124.833275
4806.008789 216.802490
2278.631104 314.843262
849.411255 133.549469
1149.604004 69.851799
290.197296 30.092251
2891.761719 24.075027
100.006607 15.947447
1345.232788 1.346992
888.140625 17.104004
11204.362305 62.737999
11428.231445 378.315063
821.366211 254.382233
315.547119 144.418777
131.023926 63.247158
2029.242432 262.430481
2313.893555 387.540344
647.254150 516.488892
2752.549561 629.164062
1115.201294 12.523174
6008.585449 23.104494
5172.174316 72.895462
358.042084 154.797119
445.614929 28.260427
3664.389404 47.661041
1893.343262 73.991501
3644.297607 126.680634
5543.514160 621.870728
4919.585938 317.597351
241.589722 120.326317
274.294006 36.652893
728.651184 49.020569
1546.924683 76.686790
7037.571289 135.188080
10408.028320 213.815567
1612.560669 120.605247
995.424744 94.629410
1117.296631 69.255463
862.762756 50.149017
638.933472 33.094368
4597.012207 25.671434
945.491211 31.670420
18813.263672 55.025200
11005.367188 246.209534
280.614868 163.001312
1536.431763 97.699684
69.494759 55.399036
731.728882 67.311684
674.835754 158.400787
812.116150 269.213715
7651.126953 380.105774
6348.688477 116.765175
11779.307617 41.503105
384.390320 3.968019
160.595200 12.648522
502.935425 7.788844
4451.240723 17.443481
582.105530 70.249527
7096.398926 172.644348
173.514053 428.948761
5229.209473 250.408020
3504.476562 118.835297
5863.121094 39.784721
188.293289 13.915329
706.821411 12.736189
115.686920 19.582460
4491.078613 36.340836
3917.310303 189.871658
191.969391 116.385010
611.241394 60.359997
426.687653 27.396908
315.462860 4.525080
720.795166 20.150406
4660.694336 40.378731
4081.104492 59.608521
910.141479 78.938759
15.011890 41.626686
251.116638 13.241915
1222.088501 0.627767
874.781189 30.814808
303.320953 44.677624
3576.362793 67.569458
2759.876709 97.515747
1242.187012 77.574356
4101.297852 50.911617
210.701447 33.673901
1351.949707 26.974882
542.334167 7.379107
1662.369141 0.977743
1252.753052 6.313918
3197.719727 29.830250
9761.800781 166.415955
797.097717 100.702568
173.168320 53.100620
550.456421 23.602100
2110.385742 61.567589
2640.729248 73.770592
2585.735107 94.168381
4066.950439 125.828041
1308.195435 15.339302
4358.858398 22.367899
870.605957 36.978050
150.587158 50.773018
2184.070801 61.800133
899.364746 67.322372
3012.276123 61.764568
827.641113 43.824665
1461.602417 112.952370
2657.651123 80.780296
1067.009888 59.782944
219.576279 55.305157
195.468033 23.509628
2362.344238 55.885056
1784.758789 104.887848
552.095825 163.288971
886.597839 26.386257
235.600433 11.806792
600.382202 5.442028
5415.094727 8.029718
1769.909912 84.293694
526.240845 222.969604
494.009003 422.458038
16497.058594 661.575684
6873.416016 188.947250
1208.725586 65.290283
1305.812500 6.567427
960.351501 12.531763
914.770142 15.029411
725.930115 0.854034
668.401184 10.986055
443.698120 51.184246
2157.356934 514.444641
5797.873535 317.471619
2383.037109 161.533936
5801.030273 63.070427
304.203217 47.576416
4102.108398 41.985039
11525.923828 39.889503
23187.148438 42.979641
1252.812500 73.177361
100.978600 67.271805
176.005371 61.192574
1032.309448 54.494389
444.072266 31.819496
1877.265747 54.936790
551.412842 79.483231
279.234619 102.699821
6041.967285 16.505184
10385.409180 3.985409
2327.159912 3.250342
68.349190 13.433899
270.932922 63.656845
1410.778076 121.997971
1283.037598 229.645432
5986.616699 386.394104
111.492279 35.877262
2643.986572 14.694127
142.404388 20.410614
239.611877 35.973213
1738.504639 5.219401
551.927551 34.299278
663.666504 106.161720
3744.954590 215.986847
4562.982910 355.313538
2572.661865 204.602997
244.712570 90.014221
658.486633 22.871790
1089.943848 158.218506
4007.668213 221.940536
568.416077 273.532837
7648.406250 279.208282
4177.786621 196.769180
3788.098877 159.216660
2504.141602 122.836449
1504.463379 119.099976
248.864166 17.693609
1448.436768 9.377326
2449.551514 2.891520
14094.472656 15.731302
81.570808 248.473312
3561.047852 130.780777
2176.858398 59.328743
2865.684082 28.487421
2277.043213 196.391998
6621.627441 286.575562
3406.783936 369.816284
1446.619629 429.005341
423.026672 0.844637
1500.857788 13.778134
881.733093 52.227066
418.358856 114.774170
1511.571045 261.051666
437.538757 345.778564
9348.083984 370.033752
4615.008301 339.286835
3495.568848 459.634827
2084.934326 241.943893
2735.545410 142.509872
855.855713 167.308670
1068.256958 39.872860
37.396851 80.726318
3562.153076 231.234833
176.641907 513.512939
1859.110229 343.436066
429.826294 195.961746
2976.197754 112.855003
1367.849731 61.739845
1770.765381 342.606659
8649.302734 366.916229
5166.091797 390.207703
378.484467 373.393158
907.009216 464.799438
4928.457031 446.941620
1539.486084 394.209717
978.433105 350.173492
582.911011 163.896027
1196.125977 342.036469
973.391602 605.452698
2131.246582 968.173706
7047.382812 372.090057
7369.380859 120.690788
1512.361938 28.650108
762.542969 55.848862
29.263021 19.537846
148.482635 71.439789
5744.687500 224.822693
2832.270264 487.640533
9621.123047 899.038757
213.145401 507.845917
1189.182007 226.928772
2954.432861 67.748795
1536.557861 88.902596
1673.627808 87.965614
4406.705078 131.043564
14121.039062 186.896759
6023.252441 648.731934
1980.551270 480.703491
4831.813965 300.191071
289.643250 159.357498
2362.688232 48.052940
7.978925 55.843868
145.582077 104.722618
5028.848633 183.638000
2993.221191 173.544525
4092.720215 151.381210
1945.061523 115.257454
962.143433 74.282501
1202.564331 101.678719
349.376221 181.587402
6812.359375 268.918365
6648.985352 342.623596
6167.413086 104.698784
2806.552490 56.590778
163.998718 34.281120
1257.642334 48.919041
1421.993164 60.524822
6051.853516 136.895203
2103.253174 264.325592
11075.427734 469.100037
6817.833008 387.890289
1180.982666 153.288574
3176.305664 41.126137
304.652344 22.794781
333.181641 170.304504
2744.260254 158.810837
1193.142212 203.577164
27515.375000 257.479919
9180.132812 733.038818
2726.186279 606.611694
912.962952 428.046112
1218.639160 264.835236
3007.207275 434.410736
1582.851562 524.565063
11907.159180 576.246460
4966.202637 571.931885
3923.492432 100.821991
14890.169922 156.543457
5342.457520 233.739075
7539.954102 330.311829
305.163483 28.668156
1294.354004 28.063780
4388.373535 80.228531
11139.205078 229.492249
9475.757812 690.044312
2083.395752 364.190338
2421.891846 163.349335
4087.787354 65.825958
1666.855835 59.131042
373.399231 42.966938
1536.682373 70.931099
2616.429688 112.222237
2729.716064 309.183502
15.753436 290.830902
3882.878662 216.964752
397.470337 125.374512
2928.888428 115.915329
688.351257 121.801804
303.182068 116.479324
378.734711 99.862724
3526.012451 49.620308
690.809753 66.005356
287.785583 84.046097
1171.026489 101.891380
209.005020 139.878555
785.907104 383.300354
2858.640137 715.963562
1286.523071 1066.988281
4711.593262 258.592804
210.420593 112.643982
2737.986816 22.112684
1546.510742 21.016245
928.494934 217.306534
1369.506348 241.223663
4324.317383 323.390686
7122.153809 474.973419
1112.408081 648.328491
1513.442383 451.615967
1832.368652 317.318573
334.724304 242.206345
112.658211 12.517372
965.447144 13.521262
208.797928 50.428284
5088.372070 144.279709
1083.941162 549.487305
7318.004883 302.870972
2790.140869 135.621811
5136.654785 46.541908
123.833328 61.659092
642.768311 82.827682
4876.152832 111.709785
751.233948 138.798874
3149.262695 53.564491
1822.563477 54.067078
498.314362 51.786469
409.383820 52.179317
189.962479 94.674225
3608.048828 176.427887
934.901917 304.317688
2466.434570 469.781586
4803.132812 69.579895
216.395294 33.944168
1017.429749 31.006294
154.678177 50.305302
850.174500 111.585373
170.557190 160.274963
2516.707031 178.803101
1.630658 174.973602
7707.948730 470.678589
8430.143555 234.652374
248.270233 97.952156
1949.226562 70.764618
195.360611 146.922028
278.797760 336.317627
263.130249 650.744446
1560.307129 1058.614746
18017.062500 335.494446
1292.508789 174.600311
4617.105469 88.173004
1265.422485 73.089127
7252.262695 90.678329
91.198997 33.435852
1020.081421 49.800117
1962.548340 154.998535
3251.762939 880.114502
22.931446 615.550964
6659.790039 386.413727
274.361450 209.868103
638.612854 322.206421
1326.600952 436.076996
3655.936768 589.927124
2347.337402 768.295654
2377.857422 70.779541
1101.012817 106.873100
549.258911 168.680984
2145.870850 238.832123
3199.982178 91.114731
1245.193726 152.222702
1849.399536 246.835022
1160.967285 378.957916
2794.967773 787.025391
1249.134277 433.696320
10341.704102 195.724747
991.171082 90.929764
443.546875 4.806101
15.007961 33.163113
3349.934082 121.890831
9918.627930 261.776215
3424.028809 306.483673
1396.759766 194.300049
1688.804932 99.192924
299.631500 31.346464
626.239014 9.786143
528.385315 2.065235
2264.259033 3.720809
8346.099609 15.887417
2425.157715 363.483215
2552.329590 221.748474
352.449799 108.547806
845.117310 39.728397
1824.580811 93.458153
452.306763 193.473785
800.301208 307.556305
18412.253906 409.078918
1734.195801 49.617065
1716.518555 13.179546
2056.918213 2.075856
2035.466187 27.255020
172.696686 23.825584
367.860199 43.864971
384.580505 76.913078
14648.726562 155.241150
1277.587891 485.321228
12193.646484 220.957825
322.320404 70.672531
5228.350586 20.042587
663.827881 96.036835
4083.359131 182.402390
72.508682 362.898376
41883.347656 575.879150
307.978394 348.270477
7882.780762 297.710785
4995.929199 204.187103
573.861267 116.104317
2213.763916 222.199799
797.758789 178.637299
2774.295898 124.662064
4424.075684 66.244347
887.892517 358.212494
5377.692383 329.797272
1425.551758 294.029358
5836.662598 258.600891
647.216797 84.896912
839.666504 217.737732
9767.548828 435.577301
9007.285156 723.216309
2405.857178 124.662636
2453.237793 39.500820
1972.967407 10.033968
918.077515 22.783228
461.878357 2.760314
3134.137695 0.939593
39.302299 8.674049
5159.318848 44.657040
9538.321289 730.157837
4273.656738 392.804169
3160.998779 156.856171
413.782684 38.363945
3295.658691 27.396969
23.380562 89.422562
2389.027588 179.282471
4890.277344 264.489563
5357.942871 135.055847
7233.420898 89.771271
2336.700928 39.952332
1485.706909 11.990222
1090.554810 21.614014
1442.908325 115.578812
1675.759521 273.372437
200.714005 463.165222
4845.188477 339.434570
2485.740479 188.703995
2331.041992 69.348389
164.005829 7.345722
214.392395 124.562416
705.932983 160.150375
1941.753784 223.079269
5855.440430 311.806641
770.317322 221.449234
1324.535400 159.856369
1046.449951 124.748100
319.407349 113.430969
88.602531 149.921463
4964.194336 156.326263
2051.239746 169.037292
2945.142090 187.105652
2004.225464 266.952698
6708.029785 214.520401
998.781250 175.359924
3064.091309 154.446823
243.616653 527.653381
6205.605469 873.630249
1282.850586 1266.371948
17106.863281 1710.278564
1360.054688 232.537979
3839.919434 16.445972
895.806458 39.910042
254.668396 235.165955
141.648407 30.962402
3401.144043 27.230680
2378.949219 278.437927
1209.610107 811.625244
325.926117 1834.024902
17708.421875 1157.307983
1291.512695 620.671753
2852.536133 240.529251
1959.454834 225.116638
1836.461548 217.772339
2110.046143 246.230911
1777.739380 301.541656
6658.873535 559.607849
339.920197 456.470032
854.215332 353.882751
71.396744 272.082397
306.197723 57.966694
1640.500977 82.864372
9588.971680 105.681046
3767.621582 105.165695
929.384766 284.056396
1086.771362 191.998749
274.192596 107.125809
278.893616 60.136051
426.444611 351.150482
3089.404785 486.533081
752.572998 562.169495
22385.939453 542.685120
2402.408447 150.125519
1978.243652 116.856331
441.627869 131.442795
2101.250977 215.524017
2731.410645 183.571136
96.963409 235.285309
1117.682983 335.279785
10751.875000 558.865601
5258.996582 816.733521
7057.969238 397.093811
603.975342 196.402527
5285.421387 154.678543
651.938354 44.715561
37.524818 25.657837
6169.934570 134.577103
18727.212891 337.485229
1842.086792 484.380859
1923.617065 439.028137
442.705963 321.096375
956.326904 165.945816
1609.624268 43.481293
1963.910889 49.650166
7881.753418 59.934200
11420.449219 57.986805
7137.218750 236.071320
7402.744141 174.015747
1248.213257 107.010750
148.899780 60.038261
1705.382812 77.109711
8146.060059 114.040230
9373.036133 159.281525
10180.769531 204.850632
8413.250977 27.636709
475.226166 27.470078
2017.467407 35.388313
1425.213989 51.281361
2621.625732 125.080139
2680.664062 260.953461
1131.892822 456.236694
432.061279 714.468811
12198.386719 218.869980
22700.287109 63.351414
4172.725098 12.378361
1401.582520 40.441833
493.215332 16.970762
2952.064941 26.534363
1703.203125 127.215736
1021.306458 326.368622
4769.101074 782.411987
3970.163574 480.255981
226.113724 245.258270
2843.398438 90.513313
908.911743 122.479187
29.496147 150.982803
3030.671875 203.979218
589.697998 290.648132
4978.349121 254.666595
845.245483 166.814026
373.631592 122.743172
22.611109 111.915298
192.150360 102.536232
5946.083008 233.725494
5741.453125 378.389557
961.284668 510.299744
1144.007690 354.496338
539.550842 156.111053
2017.988037 39.077930
371.976990 25.419222
1265.189941 49.989883
70.669342 22.240940
1359.475464 55.780838
10066.349609 163.793625
3175.261963 689.423584
5953.510742 455.180115
1787.120361 265.479919
153.388718 130.913116
2394.736328 443.455200
875.529297 521.351135
2195.215332 602.381958
241.149765 667.665283
11252.741211 103.694176
2478.538086 200.507477
822.949402 291.814880
801.374268 370.262146
1633.682861 43.663307
59.328224 114.402756
2177.861328 273.720886
622.921326 563.059143
20003.226562 600.235107
955.585938 269.541992
5694.323730 93.355972
387.409454 32.803482
2688.030762 145.122055
50.119202 171.149597
3359.118408 249.276184
4425.759277 329.391907
150.496674 695.117065
232.056732 537.132996
4565.538086 352.141388
1571.407837 206.521317
94.488174 25.902102
688.715210 9.097811
747.963745 21.343357
1018.544861 59.045212
8326.661133 278.110291
2212.194336 208.392532
2227.749023 134.762680
2512.280029 70.159470
674.183655 42.284298
99.787468 48.670418
2984.678467 57.691071
8988.987305 66.073219
348.740356 24.197945
853.753662 31.939758
229.623993 36.449509
165.772812 38.940353
922.794922 93.414185
1055.563477 193.697891
3068.928711 304.116211
11919.191406 390.893799
1648.019775 130.382980
1609.712036 67.614754
3273.860840 27.668751
4860.719727 33.591404
1444.300415 23.556889
62.374393 11.338396
10889.238281 17.884979
11808.200195 58.767937
7977.983887 292.557129
22.377237 174.934601
10.879330 95.232834
1977.969971 49.017670
732.525269 61.667397
3245.493652 116.584564
5357.186523 160.412125
11948.187500 181.996811
16119.996094 98.808075
4804.093262 36.246498
8124.439453 6.187316
1878.611328 17.687702
770.544739 8.259455
869.215576 4.366976
2732.616943 25.769352
807.678894 100.210732
3844.141113 202.506775
381.848236 93.151978
5008.460449 39.500217
1692.589722 18.717010
2894.715332 30.332479
356.708191 9.682584
758.187561 5.831347
434.166626 13.126199
7374.772949 114.424812
1836.800781 117.965569
1203.452515 98.036377
1568.714111 63.910103
5.102468 86.700943
305.158936 102.963364
333.541962 118.849533
5476.600586 135.051636
2969.223633 8.157697
1943.939331 23.829811
175.409271 45.894264
1474.489136 67.881203
1440.919312 12.665018
3040.936035 10.714204
1334.733398 71.508080
8735.291992 192.872040
1036.840088 223.885635
289.763733 173.068329
1472.920166 117.066879
13.116883 57.326305
262.919800 169.927536
3053.489746 309.848969
3427.239258 508.066895
4758.504883 707.469727
2016.416260 85.390198
2206.338379 97.311729
81.331474 95.030045
506.451111 105.827087
291.722626 14.500746
267.164215 10.051958
476.094177 33.364044
885.681335 111.578949
4067.427002 525.640503
1393.914551 281.813416
2420.889648 123.603516
786.675598 44.405640
1959.366699 107.940880
1189.449463 145.787018
19126.525391 205.587280
19794.771484 270.603516
6420.668945 60.087177
1558.317505 79.647202
1392.961548 88.498947
11.707523 92.929016
24.469622 3.648571
1040.444702 24.098949
604.198059 57.812542
1947.220825 104.141205
15602.071289 182.635590
5247.677734 92.030418
3631.249023 30.430792
1927.605713 2.730272
1219.857178 1.336277
1679.165527 3.503347
2879.009277 18.384844
5615.745117 55.080303
480.708099 74.349457
589.709351 33.317650
303.088501 12.763735
909.845886 4.451757
640.027710 16.256926
471.391388 44.714336
2079.621094 83.803619
1347.323486 117.274521
2149.364990 105.155800
3584.802246 68.155975
609.839172 31.510698
278.870026 11.098146
2647.059814 11.073225
1965.708862 33.968143
92.847580 59.301411
282.732819 84.074890
3297.314941 115.428238
230.274750 52.202419
285.936157 12.001205
184.224686 0.086253
564.800110 29.528116
2017.796387 122.254547
5064.449219 283.186798
742.632080 484.691162
6400.535645 73.861557
813.369385 38.890266
2323.475342 12.200503
1891.352661 0.988672
219.247299 248.806229
4208.665039 286.887146
422.653076 303.830444
6155.990723 273.231506
8125.739258 381.667145
7907.320312 313.530579
1383.615967 251.317535
205.291229 228.324326
2061.926514 28.349194
2758.614746 62.112144
1828.332275 152.384750
1556.698730 317.818726
1134.381592 269.508911
2885.385498 132.062485
2404.009277 59.084881
2558.743652 29.291420
478.186432 19.265955
97.798523 49.034096
1955.584717 87.083893
1598.143066 146.535614
4927.296387 315.022095
5593.783691 139.633591
1010.877502 37.974144
63.135441 6.607464
1274.937012 48.690155
9.453635 57.614059
196.975891 81.017128
11498.278320 110.688850
898.215149 127.516968
337.989197 104.974739
2634.954834 78.578247
1133.617432 56.993679
72.220863 152.466446
197.232742 341.217255
9306.486328 640.862610
5141.622559 1024.108765
1750.072510 122.936058
5857.126465 42.597614
17.905825 26.214905
81.583900 57.957611
1348.110474 51.458336
2656.485352 39.236988
1908.296509 66.248093
8281.835938 156.409439
1679.888550 833.934998
3234.123535 492.140869
1775.012939 247.873672
1769.724609 110.290710
1233.321289 21.929855
156.809143 11.766474
6236.971680 8.236397
23767.003906 9.259917
16564.738281 144.931824
18545.402344 109.271416
3973.772217 72.125450
4362.269531 41.766220
7407.148438 13.600276
7382.937988 19.339609
8996.771484 30.427073
738.992554 48.259163
23.591599 0.770214
3267.856201 1.124724
4672.931152 5.363754
1051.554443 9.757483
1031.614990 12.161709
629.053101 36.225922
416.499817 73.721764
5226.752930 119.692780
37801.417969 45.299667
12998.909180 20.973850
7056.503906 6.258304
5458.967773 2.641418
1531.286499 62.730267
4812.137695 93.699371
297.501221 148.385834
278.080444 233.587601
952.241821 100.407196
310.728943 54.234016
402.329315 40.379444
3320.410156 45.829384
287.935577 70.583519
2175.454590 207.945389
8121.404785 397.424377
13378.959961 613.611633
4115.715332 306.037415
1434.765259 128.780060
1391.811157 24.405245
88.457680 5.365468
182.303284 30.580790
634.040039 8.172830
2175.221680 0.103590
814.568665 20.140240
2434.882080 627.913879
153.795914 378.984192
1559.121338 191.595474
2165.388916 81.737198
980.034912 24.108673
1277.423950 76.041092
1343.869873 134.891937
2663.392822 175.130981
9614.383789 91.192337
4269.333496 51.436974
406.854156 13.990478
1526.859253 1.124448
2453.461914 38.191383
553.677002 64.790901
979.500610 117.762306
5760.891113 193.023865
2312.414307 289.016266
373.409607 173.560043
445.948242 88.991699
1176.635742 44.203434
467.459106 86.751350
1694.139893 75.216148
848.593994 73.239922
3482.108887 81.011383
1634.290283 104.619026
1223.526978 114.072876
1218.452515 113.146919
752.797546 102.094276
645.412842 1.983535
1413.614380 1.289856
3512.276855 1.992579
5313.970215 4.196910
7302.339844 68.741066
4062.480469 41.148190
1599.411499 19.494215
2970.085693 6.863585
465.318787 171.671890
219.891785 260.191895
955.933960 329.456329
5012.087402 362.740662
3794.925293 45.102448
4253.098145 22.349735
276.991028 35.645458
335.381500 89.145416
1995.192505 20.658302
1247.661255 156.561478
836.071167 453.420563
2308.302979 889.233032
1442.720703 476.994965
2044.778320 261.405029
1012.830627 108.787659
1108.667358 19.185925
841.074524 396.458130
2486.152344 454.231201
124.801712 536.507080
1710.108765 623.686462
6963.501953 489.984589
982.640015 433.231750
648.259949 390.375519
1378.461426 375.013763
449.584534 19.631386
6866.882812 15.275871
1896.974854 24.756403
852.944214 76.611870
1139.216553 594.045837
5345.240234 312.665985
1187.102783 130.557220
124.956154 45.461708
988.355957 212.244141
815.528687 243.870270
1977.084839 248.348526
5347.812988 226.211380
8513.182617 18.583252
2800.526123 53.212463
247.599182 103.707855
200.480438 161.167633
1399.987915 135.596710
1527.322388 141.330566
12117.328125 134.271118
1926.115234 129.792191
2065.216309 158.687241
3562.391602 111.372940
21.365215 101.792992
707.091919 117.106781
36.832882 19.778244
1741.583984 10.535338
158.262482 1.460403
5122.937012 29.419907
15237.138672 150.809692
4873.254395 46.056320
4474.879883 10.511818
7.274376 14.102617
1916.334717 37.940132
505.590393 52.679985
7728.738281 102.198906
1165.475342 183.486145
197.144669 9.203241
6674.373047 30.460861
962.712280 43.618744
1537.384399 42.145699
315.948303 18.402933
3051.830566 10.432410
1186.294434 6.675644
1577.771606 3.330867
9858.267578 146.272263
2869.345215 107.534233
2893.419189 67.431641
1087.557373 36.443417
2432.754395 58.223991
135.129196 90.321190
1541.420410 118.486023
7690.173340 137.852921
2501.017822 5.610794
834.783203 0.111668
504.889740 8.022098
113.847656 28.715519
568.796692 17.930454
4283.065430 6.626347
3895.566650 12.881758
1522.153931 53.899879
6096.990234 118.413788
1928.916260 69.656021
780.536682 45.626419
541.154541 31.827808
68.984047 34.855972
674.536804 24.165281
6768.249023 38.353817
2417.133789 86.665375
4599.511230 14.277645
1422.117065 33.947361
1247.105103 50.350899
1323.758301 49.587063
40.964890 47.175655
2925.042969 81.147049
6073.101074 189.116699
20385.199219 346.151428
3305.872070 109.756645
3295.089600 127.626282
2375.015869 111.102036
1055.870605 71.195389
172.046738 96.968819
2988.042725 95.191360
302.918121 134.747620
1186.403320 188.342453
343.313965 232.848984
6974.916504 241.817459
283.298218 202.193192
551.043396 141.281815
149.800598 84.646751
481.874695 131.376770
1194.830811 191.924911
16182.416016 239.483902
5144.177734 153.164978
3105.350098 124.135201
1665.459473 88.836517
526.732422 70.232277
128.189133 27.862118
1299.946533 76.958481
15129.781250 159.198364
13680.860352 265.043610
417.182892 202.717239
4320.153809 108.921059
2408.310303 44.673668
2667.100098 16.774050
843.552612 139.840668
2671.016113 155.771027
11065.936523 168.463531
5741.112793 168.235062
2773.247314 270.032623
8586.042969 210.199585
3970.033691 160.868240
642.832886 137.299484
208.097916 2.601019
1998.696533 12.724530
836.012451 37.038273
15437.047852 90.000420
3380.331055 236.923538
10042.542969 110.034676
5456.096191 35.131802
2116.159424 5.458471
166.936584 22.413204
4750.481445 36.661133
1353.994263 58.889946
3793.475586 86.367584
1578.114990 35.920425
3256.127197 23.866501
244.721893 17.219296
2379.952881 16.338718
1271.342041 0.536608
1233.689575 0.624905
866.624878 1.475089
11745.702148 5.182732
9570.625000 24.490108
3155.566162 11.158449
4244.065430 3.676579
2969.041016 0.958546
276.730713 28.596392
608.970093 57.336849
5105.221191 93.548279
11474.062500 128.924881
7707.473145 11.538407
1374.039062 5.955432
346.891663 4.906408
744.764771 11.344007
152.001450 70.540329
884.127502 63.474762
1087.853516 57.219894
7552.419922 49.950367
950.966370 73.350685
7160.716797 82.870232
2040.145264 83.586281
1214.829712 78.167465
1487.303711 28.562687
4513.215332 68.509277
3528.933350 117.158829
4609.133789 168.816986
4431.556152 99.579903
4356.547363 40.642410
2959.830322 8.269455
2345.562500 5.677368
1069.092529 31.937626
1485.982178 25.601120
3907.755371 27.286175
4720.387207 37.772182
1260.296753 137.395996
5005.526855 101.623772
26.785172 70.096832
138.956390 46.578964
414.950592 67.511337
1142.427979 113.666885
3495.573242 168.566727
5336.038086 226.799149
17121.404297 104.747612
3015.991211 53.513718
2733.813232 30.867481
1280.482788 37.310356
1152.679199 95.912865
1795.221924 199.273499
767.927368 358.788696
686.917969 577.552490
3996.980225 210.715424
1952.642700 79.107735
278.907776 28.407860
1474.185425 38.955666
1406.532837 1.120492
3110.411621 38.565361
1739.563477 115.204910
1040.938232 225.577301
4879.462402 758.581543
1952.119629 421.458344
1697.198730 168.734360
152.448639 32.678616
1909.950439 62.870766
1262.051392 95.176949
2230.691162 150.761383
5977.958008 223.105408
2030.956665 236.171463
134.886307 150.407501
228.186066 89.094749
1631.476685 59.624058
1183.980469 34.304085
3152.239746 130.946411
533.789307 278.387390
1443.232300 470.064911
4388.000977 404.149780
2676.679199 181.139465
90.778275 44.811859
4236.901855 0.037183
160.441254 58.875641
44.853489 112.778793
650.818542 187.477875
3563.895508 243.920120
531.035339 517.542236
297.092346 334.937653
980.736877 168.091766
3505.784424 70.085945
1616.401978 106.977913
1487.220337 61.196674
4295.281738 19.560574
16022.806641 11.734671
851.276794 182.698563
188.346420 153.827225
1665.013672 145.454376
3513.345947 135.528320
636.284668 69.118004
231.004318 127.882767
3959.123291 251.649353
11265.647461 440.006989
7413.673828 2.881980
1913.632935 7.078776
1191.346191 28.905727
490.604340 46.608192
3919.772949 62.807686
83.104279 27.617207
341.213135 10.442181
3084.888428 5.673668
594.609619 319.686096
3684.886475 264.207733
2673.051758 190.815353
2669.480957 118.906120
1217.292725 64.285332
520.331177 121.825905
2898.137939 194.971436
4592.546387 268.770447
175.297134 11.417683
3997.703857 6.091290
1002.872192 10.600687
285.433411 28.075165
63.143505 88.642738
92.457825 190.825821
2175.099121 360.180603
22544.105469 596.744507
1452.057129 166.845535
2271.939453 63.328415
3504.148438 27.045643
750.625549 37.700562
3303.074707 141.905777
130.301422 106.150436
2517.823730 72.109550
1492.283203 45.097370
5235.856934 535.711487
6172.619629 395.180298
2790.199219 274.534821
1789.651611 192.010361
33.356689 15.111308
1087.520386 38.649105
4717.363281 97.218948
9581.548828 203.037552
3246.192383 40.168747
98.596375 5.150708
2932.086182 0.658269
308.791565 6.241873
574.566040 206.982452
1247.123535 253.396118
9347.709961 290.993896
202.200165 301.435333
7330.020508 93.511040
5672.416016 117.717270
514.595398 139.147064
126.968369 167.154404
1972.222778 15.163610
2490.252930 78.841324
361.365173 214.627563
1253.394165 433.906677
5328.673828 294.955658
1660.169800 129.494324
4373.316895 38.661415
137.648956 4.228812
570.621399 3.708714
1244.349976 28.648294
3216.238037 77.166122
4314.618652 160.962891
3748.742432 320.140228
2760.746826 151.690094
282.433868 47.544693
659.243286 4.472130
547.845520 128.284546
701.429077 254.704208
653.454712 432.976990
30816.566406 615.171448
13163.896484 307.140198
2419.049805 201.048340
430.473572 114.671165
2387.942871 81.950188
5206.117676 13.775604
2913.588623 44.332767
1392.901855 134.758423
4045.662354 281.790436
1541.474731 528.969543
5053.484863 312.301300
492.133484 146.595520
4760.047852 46.574951
1758.091309 85.907158
2134.366455 149.427536
6212.675781 247.493851
5026.787109 376.493500
9708.670898 253.528458
7657.176270 139.222656
7427.679688 75.023872
2067.051025 59.388752
1105.271729 9.738347
2792.297119 12.489188
6432.510742 39.571625
2383.320801 95.786728
953.346130 468.974304
662.049194 273.153290
7878.001953 126.223740
1393.643799 41.630253
930.860596 205.334259
2641.130859 219.801910
3633.200684 218.684204
9272.590820 200.415024
5654.388672 66.808372
4214.428223 105.351730
2689.437744 144.041779
247.767044 178.724411
992.724915 0.143256
1529.190552 15.811865
4202.915527 79.784248
3772.506104 213.568634
781.103516 197.151093
4121.060059 88.763588
1016.292786 33.521469
355.851776 8.587408
215.510345 215.403885
1356.987671 275.506378
4105.208984 358.625122
912.710083 452.918304
77.294159 96.384010
2253.593506 116.345078
205.864838 144.291382
980.064209 175.156204
259.559814 167.774673
3123.080811 188.282288
4591.183594 201.544113
3566.912598 214.975967
3172.564941 496.310394
1562.836304 316.638489
4357.234375 202.074127
621.854858 160.623764
292.983582 108.673332
2066.822021 156.837387
3859.816406 254.447632
580.109619 389.866150
7454.116699 280.545410
607.566467 201.483170
2169.611328 141.756973
1802.427002 107.237473
1469.339233 122.236130
4744.500977 166.763184
1492.784668 208.753098
629.398438 230.521713
6310.561523 249.982132
615.777222 174.096191
1053.520508 117.445564
618.216736 99.946487
880.378601 90.308533
1564.028564 201.628998
8976.986328 397.734680
749.272461 663.428955
5924.929199 111.523788
1699.041992 56.887474
599.035706 38.848385
967.125671 45.493927
2725.884033 56.148319
1247.376709 57.411068
7139.504883 40.279549
26834.265625 12.920776
5615.251465 671.001587
632.620972 379.965942
7274.556152 172.790573
428.940918 75.456970
1235.616455 51.753922
450.056732 75.099808
6749.108887 113.653236
6346.183594 179.532501
17555.925781 36.053799
4753.784668 7.908535
581.345459 12.569967
495.140381 31.340767
7292.354004 86.538673
2153.611572 71.092529
308.265167 71.001282
4545.077637 87.172989
4153.265625 104.561844
4848.622559 120.190742
1536.930786 121.576599
73.154457 107.614258
990.261169 117.384506
1800.320068 185.471466
1325.855591 277.143738
1740.897949 382.825867
15732.983398 174.282196
74.143074 106.356697
1828.563354 74.427620
933.097961 78.974968
866.888062 9.948673
1116.885986 68.462784
4854.146484 172.393280
1222.984375 299.992920
177.378006 299.992920
1222.984375 172.393280
4854.146484 68.462784
1116.885986 9.948673
354.942108 34.482315
5590.088379 78.123093
771.475647 160.514847
5306.877441 278.176666
29234.441406 453.656921
527.451233 253.334885
295.658508 111.533127
130.649796 40.777191
5240.766113 378.962280
7671.094727 322.726959
4859.658203 244.131378
8959.257812 164.253021
793.223877 250.132843
1732.978149 319.465210
2261.171631 374.356506
32.292355 397.337891
1273.230469 280.348938
1983.683594 593.026245
5253.362305 1130.367676
4797.223633 1866.763916
9313.028320 331.875763
11016.894531 147.577637
67.005898 99.190178
1723.232056 137.883881
2245.212646 157.086182
1709.797607 110.002151
1408.326538 128.738297
6424.011719 182.309967
957.685059 1658.064819
6575.462891 1142.352295
3154.420410 665.834473
1803.711548 329.189178
1705.856934 5.514241
1094.869507 52.981113
4203.952148 150.952896
5165.149414 277.123596
439.967896 139.916626
1425.096802 95.138214
5410.403809 46.628666
959.682861 9.163813
681.683411 5.999231
622.500610 8.800586
4210.304688 23.647341
4247.580566 51.908783
5459.247559 290.038788
6615.931641 168.583801
301.040588 76.524628
120.705612 24.246817
579.779907 7.882111
1400.183594 25.764328
1554.395264 69.755501
6813.423828 134.599701
4230.226562 71.855606
5855.049805 48.256989
1533.917725 27.607517
280.506226 11.609583
796.262634 83.365196
1703.107666 113.191727
352.845520 155.938614
1569.505615 198.712036
753.966858 78.908463
1726.051758 76.973991
144.997620 71.986938
1095.560913 71.092445
16.013649 21.394005
3940.130127 12.948504
5686.612305 7.750391
8089.257812 12.685000
991.441284 142.279068
1622.192139 89.783470
730.969360 53.528194
780.408875 32.938808
541.280396 174.312897
289.674500 271.514191
1533.211548 385.069885
7061.910156 498.249634
9624.381836 1.762246
1098.036377 9.867928
272.777405 44.183128
212.179672 98.926338
1269.468994 119.601898
7960.589844 138.634888
15870.902344 157.726868
19137.708984 211.770126
1385.981201 492.945374
316.903168 256.465515
539.991028 133.202805
1283.905396 104.123940
1438.305542 6.660233
1435.447754 57.354095
4395.842773 226.411621
6717.335449 496.780060
14967.655273 236.590378
14296.140625 176.955566
1743.462769 111.820686
1211.238647 42.417416
636.358276 110.857002
5047.632812 139.479248
971.918823 211.000702
464.694183 330.554688
7397.709961 354.928467
780.394958 235.139191
4972.892090 157.385208
1800.016602 117.482559
264.445679 66.789040
2973.670654 53.932865
4847.934570 43.513973
9563.999023 38.135666
3486.902588 266.763916
1492.086182 190.864639
1963.718018 128.624069
233.396332 88.500679
1016.964966 116.112701
2757.171387 236.332626
7788.332520 418.632812
3203.264404 644.594788
10827.851562 27.840256
5050.327637 3.596323
1120.030518 14.154777
314.593750 48.573303
1728.049683 27.965895
794.524170 19.117012
1605.838135 46.366787
9928.922852 111.546951
6202.065430 424.354675
1910.299805 279.238098
1358.530884 158.191086
1361.584229 73.661652
835.140503 72.875275
232.907928 134.137222
1027.963623 220.986084
522.041321 328.594391
6033.257812 95.243317
2913.387207 43.146397
1898.025635 25.529350
2140.718018 36.679634
2666.999512 179.350082
455.119781 388.597778
1671.652710 657.796997
3689.647461 965.893188
776.919006 245.798630
94.083893 63.881786
2653.017578 0.220847
1555.713135 44.578827
1545.238647 63.402824
1316.725342 43.126732
797.570801 99.023209
18443.873047 300.358704
1255.631714 954.901306
2785.440918 524.049133
139.455643 260.705078
2876.422852 127.184525
464.056763 119.898071
180.469986 265.762024
430.436707 513.459839
12488.956055 765.356201
521.537537 497.789307
1019.523621 390.957489
2172.012451 237.263199
934.278259 120.030273
1399.971069 35.055435
201.662964 172.867935
588.481079 400.615082
2599.968018 678.980957
5219.124512 761.495422
5189.178223 413.960876
557.570801 152.836609
1386.173828 22.519882
1287.526367 86.570244
1221.695068 109.971657
4717.031250 206.165588
2304.687988 393.304840
5245.886719 476.602570
363.559998 295.440308
4449.112793 179.165070
830.893738 112.681107
1637.104614 88.432846
613.004395 85.583824
113.486458 102.019951
498.861206 134.612457
8526.926758 343.278595
912.023010 251.535370
1158.602783 171.483002
368.219299 115.935303
2137.246338 6.378588
3168.583496 13.541006
1983.259521 28.998285
5499.979004 69.194572
893.836731 111.233154
3276.067383 37.157516
535.197327 4.939811
437.799927 0.687574
343.203796 25.699219
1615.100220 25.677446
7164.501953 42.408508
7251.774414 70.032715
6410.059570 80.422592
1041.421509 75.324692
1442.290527 60.000233
1303.618408 40.094799
2527.787109 75.610550
1748.121704 123.542160
861.303894 175.174683
202.746887 216.834366
1472.737549 43.154076
3737.448242 30.373896
2037.973389 28.036306
453.478851 42.310310
1588.668701 15.077627
1575.624023 4.619117
3352.488770 20.253645
3715.405518 90.882477
2056.096924 205.531113
1512.799072 103.355438
1115.932861 52.938950
862.230103 30.675663
580.155762 70.544250
343.204498 80.332756
2024.546997 126.828850
5190.004883 207.934357
4911.902832 31.717308
1078.590820 62.206287
1941.617676 80.503342
691.807007 78.842499
978.569092 187.338013
2783.637695 226.658798
7014.411621 271.811279
10858.095703 295.215546
352.851379 182.405228
1348.105469 189.720032
807.367859 178.734070
571.859070 171.825455
3127.085449 95.469597
29.584942 60.370266
378.727600 20.424547
3223.859131 3.220031
293.544098 288.430969
4054.769043 195.704468
2524.617188 143.475143
483.643005 118.188141
98.917336 95.100716
259.585114 212.812042
2009.660889 408.504120
3184.392090 649.125610
1762.892456 0.728413
551.655945 13.631468
173.209946 28.137671
355.679260 45.297600
1038.860107 18.379623
1722.547607 52.668819
3929.891602 108.240517
17940.666016 199.214417
5433.869141 525.550171
708.003174 259.503174
5267.344727 89.613884
568.279175 19.166435
2700.162598 219.305573
5056.354980 306.900482
8928.383789 402.038116
11893.453125 493.763550
489.224945 177.152313
2918.497559 124.811455
2862.739746 117.154785
2188.646240 151.818863
316.245789 113.286018
1214.160889 338.212189
7083.640137 752.818909
29581.828125 1333.585938
3044.420654 673.999023
9831.365234 338.175018
990.994995 135.067383
407.936462 55.997314
1284.326416 155.213028
1112.523193 152.164032
325.542480 259.221863
20357.812500 419.067627
1830.671387 1499.792114
6038.389648 1071.793457
8334.142578 642.114441
7741.790527 317.189789
575.617188 56.847660
1798.052734 14.628972
4262.179199 5.673746
6421.434570 29.651142
5377.137207 290.538391
3143.284180 252.806824
802.498901 193.035858
1293.298828 122.019180
513.416077 9.817266
474.671936 17.590416
1499.674805 45.541088
1737.200928 97.002487
5334.294922 3.771696
232.391891 4.357678
1106.531738 9.431060
642.292419 10.631031
1544.854126 269.458984
1531.341187 442.248627
6584.618652 663.875488
11639.115234 869.562744
3289.663330 100.486847
1791.918945 121.172371
4793.521973 135.515961
218.092545 172.370331
870.868591 19.692513
602.708069 15.087608
1168.124390 59.360046
1521.867310 162.237015
971.334778 943.202148
35.549400 559.917969
3984.190186 266.951965
1912.542847 92.438431
79.357285 96.448433
64.592583 112.754921
704.776733 133.856171
3306.728760 156.808685
6557.395020 64.469345
928.311829 68.511993
783.791748 75.709473
4.014486 84.697174
422.927490 99.234787
2301.296875 135.198563
2384.412354 152.483948
6804.546875 141.883652
2740.371338 214.919006
984.702332 130.898193
3317.291016 78.072273
1427.598022 71.059273
261.895996 6.107861
2941.132080 33.127483
2856.150635 139.484070
8428.458984 326.851227
5425.207520 194.267990
6803.100586 126.321472
2341.305664 75.082039
1500.676514 30.484921
2455.234375 232.806244
227.802231 335.711639
460.995972 448.736145
9293.028320 520.167969
4514.606445 162.160812
545.227905 171.382217
592.444031 163.762772
1425.358887 174.967316
341.676910 127.467308
640.723389 129.072037
1114.349243 137.238678
9799.451172 157.711914
3974.071289 407.783295
864.743408 279.261169
287.038879 188.181564
5058.819336 141.422821
1163.111938 107.580658
1408.499268 203.621216
14557.421875 340.238098
12387.064453 544.819580
2375.668945 233.176605
5565.050781 57.758774
1220.765503 5.525583
2139.922852 36.242012
193.836929 85.906342
1923.819092 42.729527
1896.448120 12.616766
7319.747070 2.325145
3505.384766 456.423096
11768.934570 337.910492
2034.221191 229.567535
154.346329 145.715714
343.380737 19.325985
175.289078 10.933488
352.883911 10.502905
1587.946167 24.511829
7851.137695 6.971509
7718.408691 15.476799
1585.589600 24.405117
2099.337402 25.985182
2413.702881 90.033295
3329.986816 184.277863
1771.968506 291.130127
5026.102539 381.682617
231.342667 22.649103
95.347084 5.233468
32.265072 2.697059
545.911499 28.066372
938.133057 27.318792
215.301254 73.945801
4626.118164 145.494080
17713.445312 266.315186
3747.348633 395.302246
460.446381 162.657684
1837.594971 38.269844
3882.537109 5.831635
658.128906 14.029066
4060.066406 95.711678
298.869019 246.882370
8863.054688 436.478943
3716.892090 417.419952
5234.004883 244.475128
10487.723633 101.135040
2223.702393 17.269854
1747.040649 14.926178
1221.593384 3.095059
3447.893799 33.478584
25701.671875 97.366005
4039.166260 443.491547
4058.041992 307.513062
1857.552490 176.279633
1019.096924 73.855385
18.336157 7.105863
3921.114014 7.973549
1096.624023 14.625748
3770.428955 28.155277
2567.479980 76.628059
10440.230469 47.118057
217.227478 25.285688
3993.447998 12.349167
840.369995 88.390480
526.580322 101.005333
431.648224 104.241203
469.597107 100.026321
673.029358 7.747175
664.294373 21.160406
1372.820312 43.012062
2135.130859 67.554558
725.381653 26.263338
932.652161 88.342094
770.209900 206.573059
297.960510 372.822845
1169.431641 139.578247
964.551636 69.568825
168.989929 27.856682
699.973999 10.926029
1952.878174 105.729477
223.920929 171.280487
140.871246 288.562897
2851.383789 462.976929
96.002457 227.418793
2878.683594 126.443939
155.982925 82.173279
63.108204 78.091324
851.120850 30.287550
178.576218 54.205395
15885.660156 89.436111
2184.710205 125.183472
3602.208496 473.699341
2118.409180 279.610413
392.794525 127.433846
557.420288 45.769676
737.095825 82.969200
1255.728271 87.803673
667.775635 101.572563
5216.857422 120.624725
11741.595703 198.165955
1926.453613 153.890289
234.228821 115.898956
2820.563965 91.530846
1130.919312 7.597813
4116.495605 2.958841
2782.896729 15.143776
9108.786133 41.587318
7035.340820 62.921307
2381.802002 57.293091
2675.954834 43.428089
339.554138 24.147387
155.369400 59.738914
2121.778564 98.517838
415.284851 142.392517
84.480057 180.189346
792.595947 5.369637
1233.441040 8.573241
3499.583008 16.459524
1973.792969 32.322002
1020.897278 71.837952
83.218712 165.127502
7202.401367 308.526215
7597.188477 496.903198
1569.744141 112.458824
1392.102661 33.074543
497.805542 6.884283
1068.890625 21.174879
1352.987305 17.384068
977.031860 29.192028
1336.537842 63.580891
2055.767090 112.922958
3588.307129 440.588654
1797.775146 269.358307
4400.319336 129.865112
1443.397217 45.737785
3235.629150 583.147522
444.879517 743.118896
12.748617 862.594238
2020.367065 912.330994
9141.126953 326.044312
3836.478516 292.481384
3431.344727 324.806763
1343.813843 429.153046
2622.661133 368.971802
201.722977 512.209534
3224.762939 974.012207
5.885753 1721.609497
62045.695312 894.823792
1194.520386 746.931763
10352.617188 602.798950
3435.253906 446.833801
3337.947998 6.736992
804.905762 64.599052
663.988953 177.940750
5435.226074 335.178955
8973.952148 375.471985
17784.222656 204.181381
4982.122559 78.083183
1536.759033 10.702442
1448.356934 399.754791
1562.647339 585.613892
1235.796997 873.661865
2749.270264 1250.289307
7403.113281 350.694489
6525.315918 255.525803
3056.274170 246.488174
3958.742188 294.713715
3760.862061 276.456726
25.704689 281.753967
81.091644 439.296997
8097.124023 789.455872
10977.892578 827.157410
10640.863281 605.255615
1030.473633 461.170197
579.957397 352.482300
1180.443115 106.344193
741.787964 96.125412
1954.869263 70.176094
817.192505 36.043823
11101.076172 208.143921
25693.101562 154.070953
985.224121 120.472939
6158.128418 108.867767
2109.373779 100.473976
1345.270386 152.067307
1909.938477 194.630081
258.182495 213.703796
7081.858398 19.288670
1065.347046 17.854362
7746.680664 27.833939
3088.448975 55.686790
470.431915 282.928802
2693.031738 307.197296
3520.099854 414.663483
7564.754883 636.290100
13085.982422 271.667633
6680.952637 249.362045
4049.106445 270.291321
91.309601 283.945801
3459.710693 44.882904
2372.018555 66.664833
142.578339 192.626099
2657.605957 402.808899
44459.714844 340.023895
68399.015625 279.059723
2097.985840 195.840424
17525.242188 103.816666
329.337280 2.805920
407.117676 7.727011
1248.153320 41.493427
1103.018677 119.003014
7184.463379 90.872131
2234.978271 40.413570
2610.605713 18.649258
171.184448 8.854125
171.474365 258.772491
487.789551 429.958618
1900.923340 597.763916
593.186096 699.409973
1594.035645 56.496529
9410.691406 60.795612
924.759277 75.293648
67.038742 135.014816
199.242401 130.115540
644.971375 144.195389
234.025009 243.515579
1545.888428 467.044800
17037.955078 368.328186
3865.349854 237.175415
9788.317383 179.514771
731.566101 150.035370
398.500610 150.676071
340.480927 276.660278
76.734085 425.856903
861.369263 561.876160
6110.181152 13.956133
10572.966797 10.944245
675.132446 24.785717
3286.094727 67.049194
50.065922 559.231201
1318.840088 711.046997
1047.640869 935.901672
1439.451782 1258.035889
7092.507324 512.483521
6798.878906 376.387482
5634.316895 374.285522
337.567291 448.025818
783.163940 352.332336
5879.123047 344.279358
2658.802002 487.189880
320.516205 817.760010
19039.589844 894.938232
14770.834961 695.604553
1115.325073 556.661011
4029.166260 440.807434
535.535828 43.958355
1124.070068 60.556980
637.558167 104.927025
4049.089111 177.182129
30497.140625 155.486786
4374.181152 105.143387
2455.893311 70.218109
263.654541 49.159462
4015.470703 11.305348
1518.524536 25.953117
353.557739 128.674820
763.427673 339.366455
1893.250854 107.603683
9698.718750 68.851364
2338.811279 55.866245
439.130432 35.090752
52.721153 196.030670
289.918121 299.696960
435.213531 371.775970
3089.080322 397.587372
8699.596680 226.478775
10743.323242 109.599976
2363.989258 64.622658
1155.412476 102.101166
53.909267 57.671440
1334.492920 47.639763
462.608826 114.985565
1817.446899 278.803650
15708.287109 218.679276
3043.242676 173.035858
911.133667 142.181366
689.662048 101.465637
1237.052734 6.261078
595.161621 9.465874
108.087280 15.401278
433.758240 26.128073
12477.097656 31.656101
391.100616 15.587640
5737.268555 7.289055
1598.592285 5.059326
1277.779663 61.038734
2804.766113 122.398140
1068.117920 199.141449
5523.775879 263.836121
1887.608887 37.369160
11080.958984 34.798637
1150.894165 26.726334
1099.494019 30.130177
561.945801 247.840988
2999.717285 341.679413
1054.890625 382.318634
425.979309 351.776733
1363.675293 255.750275
23146.988281 151.979736
6088.672852 111.607979
1633.494141 152.576248
1158.360229 249.331436
708.261475 243.709305
2061.674316 205.087952
3372.115479 164.533585
2585.900391 202.135132
7479.070801 161.273117
6358.599121 175.724258
1345.000000 218.101913
621.275024 105.181892
7145.330078 60.318409
1423.594971 44.800632
1421.704590 78.754524
11843.203125 173.194336
8103.326660 175.821381
210.356339 173.924011
110.711365 150.027451
1391.686768 189.789841
1985.203735 283.620239
688.891602 446.498413
1216.015015 635.273804
59198.585938 117.928261
6341.676270 156.953293
10322.581055 166.371338
6937.549805 163.102325
3548.906006 141.595963
413.548096 194.424805
6027.000000 296.334778
11360.666992 427.053864
5299.187988 480.361389
4916.224609 337.362061
69.967064 219.708679
3509.724365 150.069733
2765.496338 3.616901
1029.371704 6.309624
4464.840332 14.507078
900.948364 32.700378
1476.985962 32.954544
5531.220215 13.468483
4649.137695 4.974324
1238.964844 3.026126
194.262375 118.138672
1013.759399 181.345047
250.379211 243.438446
5737.639160 280.502533
29230.945312 136.822540
467.369843 99.160316
3955.672363 73.449234
372.909668 78.066650
1436.414429 142.599762
1167.946045 186.508499
973.928955 241.282776
57.829723 301.205505
12488.583984 194.685806
144.574280 141.045990
4118.395508 114.452278
3185.281738 116.331558
1742.982788 137.040894
2781.273682 230.138199
1066.390869 384.143616
1856.582520 570.163269
1472.181030 213.621872
9541.180664 162.149155
1195.459473 122.854706
298.690063 107.168938
161.987900 79.949532
250.110703 39.890835
1765.229248 33.836010
3210.235352 91.510437
6254.110840 313.623718
9486.711914 226.965149
1500.027466 171.405960
1659.008545 126.600952
887.488037 280.625031
52.442360 473.236542
21.430435 691.718140
5424.868164 873.761963
56259.132812 39.123501
6619.927734 53.641148
851.131836 82.427094
4662.880371 150.145172
2579.198730 208.902924
834.540283 189.634521
1391.431763 204.394852
619.302002 319.744324
2120.699463 412.469788
1473.161499 259.337219
4720.265625 214.242706
2167.723877 215.243988
802.895691 15.757138
966.956116 55.837708
1669.484497 146.734741
1206.129150 271.452942
19144.486328 67.704277
7854.207031 58.289497
1545.515503 39.843796
1004.687866 18.332291
1318.673950 3.503124
3093.256836 9.846178
3260.582031 28.935381
9109.832031 69.703796
4231.131348 67.413750
10147.927734 26.219954
11098.902344 7.635953
1038.034058 2.651770
202.345337 138.914062
85.456116 280.157928
570.727234 474.966766
2827.130371 673.690857
16991.082031 135.502319
1493.192017 96.512520
9587.046875 67.069969
2617.293457 71.648796
1749.040161 21.609837
1945.361694 21.807867
4237.624023 97.692268
4864.968262 269.851929
11569.128906 242.755066
15080.730469 157.000916
2091.031738 103.514900
2906.847168 58.298203
777.161621 0.444098
531.145264 5.518215
238.053177 23.069092
417.800568 60.794491
9178.694336 56.074085
1921.039307 21.586889
5818.296875 5.816335
1233.826050 0.793653
183.941574 18.613062
1694.915894 40.810291
1708.476685 81.562492
5182.400391 135.739792
487.709930 49.320274
6919.014160 31.163651
100.825645 18.827597
225.732346 13.115887
540.198853 7.368432
1022.230957 26.685036
1915.276001 65.702911
403.577820 122.912857
861.591431 27.237574
6156.883301 11.779316
404.729279 4.557387
2852.243408 2.240396
1262.333862 27.557756
225.903137 7.703022
2314.540771 8.560465
277.579102 48.285934
39.808971 86.574905
12620.190430 65.058563
922.656921 57.747074
1168.927490 47.467133
544.767395 66.245308
1101.635986 87.790535
184.132385 116.664360
3769.253174 145.303253
12126.486328 17.648249
1333.390381 32.054813
4544.970215 43.331005
2810.534668 52.927933
294.814331 101.710968
2975.729248 111.435326
2155.296387 115.876503
6446.944824 117.869644
8486.521484 98.183632
5057.642090 82.083893
2.870631 80.109009
2962.112793 89.048378
1273.760254 11.953429
1245.636597 53.292206
524.933411 126.752411
9785.064453 219.804688
5738.624023 29.838158
25402.830078 16.355648
4522.653320 5.429495
1672.265747 0.068771
250.381012 146.985779
2453.335693 293.536865
996.826294 531.960083
1147.577271 830.696411
9419.553711 191.961090
4134.532715 119.631615
584.267456 84.083153
4974.950684 85.988777
3312.776367 81.551201
691.100586 69.322678
484.550812 69.338882
291.917053 109.738098
26680.968750 308.921783
6584.294922 186.004227
5982.851562 120.583633
2068.455322 94.478935
2232.162109 22.542021
1553.395874 14.898966
1747.112671 11.361311
268.996399 15.481483
11581.796875 28.160189
4319.123047 30.498634
3926.989990 31.976191
2187.319824 29.354042
1162.768188 42.353268
211.952881 56.125908
42.405422 64.116577
10109.403320 64.360107
11561.405273 2.690862
8112.573242 5.243272
2033.350342 13.416541
289.409119 26.715014
1381.635742 34.892246
242.280243 98.246246
2188.865723 246.785873
1275.929077 461.776611
1662.187988 16.477331
10167.084961 35.179462
3317.481934 41.696987
3996.755127 31.158325
1045.807007 47.529469
204.674713 83.304657
4376.930176 157.693939
5874.403320 269.809998
10109.833984 237.049286
8798.995117 140.415970
4367.856445 77.127167
949.421936 46.380260
397.982056 258.252625
344.134430 364.299286
568.437622 432.927429
1853.036987 429.049561
5620.981934 232.740875
5900.646973 166.308243
4620.382812 134.909332
95.449966 167.963623
1120.517578 108.322006
1728.775269 66.518753
5024.810059 24.451065
1925.051025 25.939503
2151.494629 173.986008
7573.946777 120.641129
4507.450195 115.797760
346.742554 122.777176
1220.799683 257.092255
2508.125488 374.249512
1019.276917 469.553406
4208.730957 513.837585
23984.345703 38.521603
13198.119141 43.599365
6910.952637 77.873535
1904.631104 150.783478
1726.231934 660.405579
1572.416016 756.331787
3100.078369 776.848755
2839.261230 759.227783
16932.085938 476.660248
6982.848633 354.741669
6078.813477 380.928253
201.212997 510.838898
3736.914551 241.512238
333.596283 231.600159
2143.689453 388.837677
5732.215332 745.748901
10921.309570 485.077850
21590.468750 432.986176
7566.115723 396.689575
704.057129 325.251862
2553.509033 528.583374
2857.542480 675.761108
1244.652344 751.334717
2342.523682 699.968140
3279.500244 504.825317
4379.319824 406.909241
4361.982422 354.086823
1366.522583 398.230530
1370.058594 453.138855
982.644409 686.798828
598.901855 1077.252930
964.191895 1586.682861
20944.074219 520.668945
13289.033203 393.381378
1651.217896 342.282928
1250.978149 353.527985
4684.895996 258.589020
244.701508 348.705078
82.494576 603.362427
2876.226074 1024.650757
4692.149414 726.502075
4605.633789 518.271545
4981.262695 377.594543
226.624252 285.028931
593.766296 277.062622
207.142349 299.840210
2281.953857 355.779053
956.818115 450.185089
15120.790039 630.380432
3691.533691 463.618225
290.808136 348.922333
1628.496826 289.932007
1485.275879 174.550659
3940.861572 211.250107
197.164566 254.476196
4076.812500 291.073608
9985.702148 326.703522
4298.320801 246.464081
11029.093750 186.351990
596.668457 162.093338
1549.563477 235.158630
907.120056 406.232208
2632.695801 578.507690
341.495850 690.682922
24084.910156 197.389496
1650.293701 130.751450
11453.402344 91.932892
3426.836670 121.918320
496.876862 253.722046
1871.043945 336.576721
3738.644287 558.326782
13012.651367 932.811096
16176.091797 334.955658
673.447144 269.162811
4021.774902 254.682129
145.534317 246.119781
5567.266113 393.912079
50.199043 376.207581
3597.787109 383.345093
12866.287109 421.136169
12996.327148 837.897034
1317.629028 668.881165
11965.158203 532.335632
271.073578 442.149689
3085.986328 587.286926
1585.446533 803.412842
398.313324 977.510498
1628.836914 1029.977173
17802.876953 279.388367
21478.906250 286.880127
9071.899414 314.173279
2432.350830 410.210266
1166.545776 234.808701
854.706787 162.085281
645.527344 233.082550
3000.405273 535.436035
1822.922119 534.710205
31466.394531 424.668060
5021.133789 388.390503
6097.957031 332.956207
136.923172 87.482422
756.834900 90.560898
3316.195312 112.372879
2674.801025 132.608704
12807.749023 344.819061
211.482468 272.371735
4379.540039 187.289597
295.291290 119.514549
670.454590 144.917862
3162.154297 193.757263
1223.016602 246.225388
146.563797 279.837463
18217.017578 77.917236
1365.353027 92.921173
10302.052734 100.464249
1867.972168 113.894966
53.891026 272.602051
2921.736816 507.204437
136.535950 878.238220
5762.833008 1317.764160
10175.587891 448.481506
2708.868652 308.957611
352.155396 212.565796
2961.358398 185.433487
838.515930 68.210159
1890.590332 86.255280
571.723938 157.598572
8344.168945 307.623413
4621.144043 197.156876
6196.532715 112.520050
4116.055176 80.973785
1647.959229 71.076035
239.121628 57.237022
1851.385254 31.000822
297.616486 30.665390
588.419006 103.815910
10943.678711 204.927734
8297.067383 108.490692
2214.569824 78.965431
751.809937 73.312843
751.471680 37.848881
3289.624023 78.869972
58.507023 126.317078
3603.126221 161.853104
5115.688477 20.428154
54.925117 17.227201
6242.902344 11.503814
1053.954468 15.243103
354.264832 63.943489
4281.917480 173.860870
1792.575684 345.942383
9265.719727 544.865417
6682.550293 12.159033
1132.234863 9.445505
375.230865 7.888169
522.569885 16.848953
2729.098877 395.361359
484.350708 485.335632
6492.060059 540.650085
4326.513184 578.584839
13143.110352 383.821472
8579.028320 247.736343
110.173248 224.259171
518.732300 291.262634
708.920532 366.201630
1291.633301 563.690857
781.216614 998.451294
2348.525635 1618.300537
5003.275391 624.591797
4436.544922 520.335388
1358.078979 430.532501
2263.046631 354.849365
1006.134216 107.869286
1064.926758 28.414881
4703.599121 13.257111
336.567993 117.630768
15472.734375 556.112183
2879.209717 394.897736
853.817261 288.489075
2320.388428 200.158722
873.145996 300.626434
1801.180420 480.011902
3699.886475 712.251343
2269.786377 930.943115
6256.111328 66.571228
3936.266113 113.348557
741.898865 148.302475
1524.174072 197.156799
37.973541 441.427948
620.417236 536.995544
809.706543 689.422546
642.096497 907.838562
48978.566406 708.029419
2281.503418 509.738953
3352.218750 411.670593
5042.872070 396.419250
1184.297241 10.025229
1196.532104 55.281044
3097.172363 204.250336
2086.654053 441.356354
2013.513428 245.409988
2002.254761 178.568359
5993.239258 109.938774
399.321228 42.866943
10.387914 11.176634
3144.019775 5.730962
1555.529785 8.847047
2127.365234 41.975292
6832.058594 159.207870
9875.989258 71.966232
1658.599731 29.359474
166.194717 15.949263
608.757568 131.006485
1396.826904 298.950500
3154.530762 506.878571
2884.087646 692.983154
11730.055664 52.713886
15984.949219 29.543795
164.127243 13.481498
1203.434692 37.124969
1619.360352 187.908279
1260.561035 181.030212
244.118622 240.754639
1341.923828 429.897217
4062.000000 290.923004
1810.727051 192.560593
15788.689453 184.433167
2234.801270 195.869781
588.845276 268.541565
328.318176 365.612854
11736.013672 562.011719
4187.630371 805.368530
10782.373047 609.962952
3325.227539 497.883636
1999.422241 374.685913
846.056458 281.594971
475.559448 287.665375
2354.655762 307.624420
92.949089 280.243317
1607.560791 200.850006
32133.644531 324.319031
12762.267578 268.145660
24556.164062 239.824738
4567.862305 252.508652
83.957603 45.132469
2447.704590 218.106079
1730.362305 563.039551
179.307571 1016.323425
1793.788086 112.563087
7377.386230 98.004532
1260.504883 61.381145
1217.275635 19.364872
644.900391 74.852036
1333.600586 55.324886
309.549896 54.316078
2458.168945 136.548294
641.291504 295.054474
4241.219727 129.133850
179.262299 74.858795
25.989277 75.923180
419.367493 70.058502
1102.849487 158.466049
222.404602 310.605286
208.959000 490.666229
20014.082031 161.142639
7454.687500 120.730507
876.871155 77.357002
315.986023 50.273350
532.887207 74.435509
3575.567383 138.384338
319.587799 264.677612
3967.216797 452.989105
14590.258789 329.000977
1792.758423 187.042267
5551.327148 100.561745
2087.479004 63.824383
259.617279 26.241640
776.600830 54.345959
505.439209 108.903030
2551.511719 190.978607
2433.484131 45.044647
3338.164307 20.581793
1573.832275 13.432962
1632.008057 15.314956
191.747772 146.320557
3099.045654 191.266769
65.051765 223.513123
12255.635742 241.506500
1081.809204 69.964890
1297.353760 51.139542
3115.925049 62.309391
863.379578 98.417740
325.476318 804.054810
207.857086 1219.051270
1530.832275 1839.621338
58.577637 2601.619873
8599.251953 373.226105
2453.010742 340.187836
2024.953979 416.458801
4419.409668 560.096802
1975.811035 310.269440
200.126511 235.652130
2482.869629 531.266724
12654.133789 1271.823608
28479.322266 1502.866943
21883.263672 1155.474121
1934.475098 871.787170
2293.658203 575.279846
5607.856445 91.055199
718.180420 135.323364
1587.532715 184.468994
439.615662 224.976883
18983.455078 182.575165
19801.722656 120.307335
278.428650 78.022644
5969.603516 68.191666
1475.189697 96.195679
2312.374268 119.800270
1280.111938 116.457481
7081.243164 82.918930
6787.137207 123.050766
1200.051270 76.538368
2536.765869 55.313484
143.333542 66.364700
58.518444 656.240417
453.836182 888.149597
2047.929810 1000.907837
6847.937012 939.609131
5281.149414 275.909637
20427.171875 216.148590
8394.675781 250.206879
83.724808 410.639069
3491.918945 732.498169
3070.721191 684.070679
158.375031 778.677856
4574.029297 1148.032471
12079.741211 832.622925
9976.498047 714.239380
18374.525391 744.804504
2027.191284 773.549927
593.903748 133.669891
3695.657227 170.861969
913.850525 347.793030
6083.512695 607.393677
16019.921875 693.139221
13072.946289 579.527588
29.541983 407.037079
5486.833008 232.060608
800.087036 59.570736
1425.929932 100.904610
3799.532227 121.897202
6087.700684 104.488785
9940.773438 187.901779
12805.065430 105.687881
5941.093750 45.621101
4041.445312 31.709803
227.558792 52.689449
3078.651123 115.647507
618.705933 197.711182
5865.568848 277.518036
19959.654297 0.071866
2590.868896 0.957479
2514.735107 3.846292
272.123383 17.167341
2410.405029 143.739868
942.013855 305.479584
156.542084 608.602966
4159.221680 1025.815796
14655.070312 128.368500
16375.862305 87.421150
9728.667969 79.788055
231.164932 87.777458
1382.964355 44.831402
893.015564 39.008911
4974.789551 183.341003
162.001312 498.988007
24796.412109 484.976440
25494.144531 351.602051
2804.050049 243.560974
6165.472656 134.167923
2084.448486 68.243805
665.831665 134.203552
513.486389 237.450577
1968.405029 367.602875
8294.471680 20.960432
1447.849121 9.409305
803.256958 15.495784
65.368492 32.956894
2632.790527 305.790924
29.354128 483.179199
2268.773926 721.301636
8.420683 983.840210
1535.123169 317.456970
4703.637695 217.109375
749.492249 177.351501
2536.142090 204.301804
1412.820801 264.160309
818.236511 179.903992
1448.021851 166.473633
801.203125 299.588196
16566.388672 596.048889
3184.525635 461.909607
1262.324585 399.865326
1380.793701 345.687317
4460.513672 525.845825
1358.904785 709.790649
7019.875977 876.739197
9704.417969 952.623169
724.839661 269.267395
20105.240234 293.731079
7577.717773 318.351501
937.903442 388.032288
684.458496 304.136688
122.187431 378.120605
2664.192871 621.404968
93.953362 1048.626221
7912.513672 528.199646
634.822876 425.660004
1674.504150 372.852173
7253.159180 326.141510
799.083618 353.630859
2234.493408 445.713226
24.386667 597.975647
2334.018311 767.888489
8262.961914 761.330200
1268.913330 588.317688
833.748047 437.164368
2745.538574 350.230530
2449.747314 96.158623
549.731445 76.340706
842.272888 73.281883
2128.403076 98.850075
17205.455078 345.948212
5762.021973 249.310394
5144.985840 176.852234
1745.831055 128.202545
816.646057 43.491032
863.989380 66.510872
2538.901611 93.463081
3294.436768 113.356247
292.838379 27.125980
1103.250610 29.468075
754.827515 28.408381
587.002258 30.996353
3862.310547 215.014954
154.627625 350.907532
3648.472656 497.113922
1406.577759 611.514709
13956.087891 223.433823
12321.837891 148.807098
7502.716309 108.302422
633.607056 127.946869
1769.891113 38.459732
38.129753 7.848560
3665.057617 3.940528
10238.361328 58.588253
818.413391 155.245407
6262.810059 101.898834
3923.436035 81.492966
123.872276 65.876831
1376.113037 118.154518
508.861053 193.005081
270.205627 254.012009
3133.034424 289.182739
21069.937500 52.638214
6978.092285 13.407918
1815.055176 11.746036
7088.444824 50.610367
416.517181 73.896645
2308.250000 36.627079
771.376709 62.237740
1773.445679 190.355087
15875.252930 122.699699
5266.926758 113.997665
4062.135986 127.013741
516.617554 116.240990
1755.632935 24.041859
2038.111938 11.087696
4439.393555 11.889422
1171.512939 20.806332
388.774750 113.953323
4482.539062 105.156281
1617.515381 80.720009
1792.879517 49.883324
53.250473 110.307457
942.207947 139.090256
356.378357 186.733078
5.120325 242.407166
3811.269287 48.374603
4255.335449 72.562027
1409.330688 88.538284
1692.945923 97.446663
283.924561 35.071247
2269.699219 19.192539
1658.884277 79.236427
7345.458984 211.460953
19098.126953 255.650436
818.420166 225.276627
1642.233032 172.300537
2179.011475 99.388145
1477.000244 156.420044
740.625488 369.280579
119.274979 627.637512
5541.160156 827.930908
11246.348633 139.928848
49.258312 111.283508
3338.319336 58.479683
1120.923706 53.783760
2294.340088 56.907482
109.366364 24.606655
112.709938 8.451709
714.082703 59.700394
6194.873535 188.002884
360.816467 93.890511
735.706604 69.763641
564.099976 70.497025
1634.153687 92.238213
5515.226562 153.930145
1959.675659 235.094604
1854.250610 305.516632
7747.116699 61.798580
962.625122 68.472687
4357.345215 63.049091
2402.352051 64.211830
147.219025 45.652721
348.988220 77.027084
1225.291504 114.803009
6360.856934 157.343140
1349.433838 136.855408
29082.234375 70.522064
3112.722412 33.676510
3156.644531 27.814463
119.406067 20.941914
1291.693848 28.694172
1444.279663 61.440220
342.901703 120.548805
1865.062866 43.748814
14550.362305 37.634827
1986.805664 33.910088
8770.951172 26.787613
646.126465 50.550926
84.616241 101.341011
4966.226562 175.535873
7594.993164 251.235138
3033.183838 118.516129
4127.520020 83.167923
1719.095459 49.925320
592.587158 34.454086
172.471008 46.586121
4598.064941 59.740612
1478.542358 78.348869
2738.915039 116.746872
3837.135010 88.737473
7098.747070 37.255676
1468.073975 23.411230
3908.747803 32.142921
426.904297 39.935505
391.112335 128.379120
307.814636 290.708221
2481.100830 488.128052
735.082092 129.839981
9867.551758 100.289871
2188.559082 59.099461
2483.542236 26.621439
896.479370 308.020325
1082.404053 410.611145
1348.807617 445.777893
4299.793457 382.595062
6243.266113 264.905579
2183.136719 186.334152
3565.437012 155.600220
3994.550049 202.954285
3562.239502 8.518249
183.952698 12.205847
1267.191895 110.631966
2317.874023 327.276611
39079.089844 108.443863
13344.670898 77.768166
16788.117188 68.314308
685.545959 43.057053
2376.842773 69.308456
249.751877 83.973373
370.197418 125.906441
3942.872070 225.459518
2406.481934 113.255844
1306.973145 46.593552
3485.183838 39.062828
45.136543 55.074413
271.869629 22.205111
1250.226318 37.615952
10.944798 72.025909
1744.869751 118.020546
9186.558594 73.324898
12852.071289 57.276138
1050.411743 39.595039
3203.532715 25.149141
860.813416 74.105095
6196.370605 292.913666
260.675964 684.383911
14673.845703 1164.630981
2553.581055 64.819237
231.428192 67.525955
3245.635742 42.098476
977.414856 16.695065
1462.545532 31.901211
1295.018311 7.196484
1461.037842 5.999645
7049.609375 84.573158
15390.128906 235.751373
4222.487793 98.418945
1119.865112 50.669861
8648.699219 43.693192
4127.431641 3.933780
7688.598633 1.163921
11706.968750 0.051213
10802.841797 0.430000
12742.548828 31.916443
3013.924072 23.886288
294.998352 15.628503
1447.620728 8.735317
896.166138 29.018476
3670.639648 45.872246
1100.646118 64.304970
5503.259766 77.450592
16429.146484 17.800894
1155.872314 16.602787
3301.190430 15.464543
893.264587 18.619291
2404.495850 11.577531
79.349800 51.396038
2376.360840 116.153549
2573.964844 187.557022
14175.832031 36.619797
26494.666016 26.618938
217.411316 11.220930
1807.167969 1.204248
1186.676270 48.247833
175.362045 108.706520
958.833069 205.506332
6519.602051 323.200836
26654.601562 0.587656
15846.825195 2.379711
3292.373779 8.969823
4082.152832 20.064272
1576.245239 193.457001
3038.940674 405.772675
1111.790527 724.960632
269.298126 1078.216553
6306.998535 286.863739
1122.689575 197.498947
89.532196 126.676582
804.765503 109.389694
1741.651978 86.533669
99.474426 45.044968
199.981857 31.722862
1704.889771 101.333321
17230.201172 325.018738
18991.173828 195.267624
8206.306641 140.981384
83.127396 117.686790
1652.937256 58.937042
278.268158 136.049576
2895.444580 234.964935
322.517975 329.863129
6386.425781 78.728607
1836.236084 41.852398
2929.601074 17.136055
1881.138794 19.103420
1051.526855 215.726318
17.008558 207.532623
3164.675293 213.681763
2373.819092 272.164337
12272.529297 347.023010
1864.295410 247.266022
689.564880 214.693375
128.629532 215.337006
58.913898 137.973587
3796.502441 164.003830
1317.796875 191.314667
2881.592773 201.612686
5201.248047 184.622971
7952.520508 166.429642
7696.251465 142.015671
699.972595 129.233688
1828.021118 6.450288
1059.980225 8.442930
732.295349 21.483461
245.805756 46.853771
4224.669434 52.007278
1960.802490 34.370564
906.727356 21.410030
2928.528320 11.831594
103.870171 277.069946
86.950668 386.209839
2778.764160 498.175568
259.142090 596.329590
11015.760742 102.653664
2614.986816 91.270012
5322.485840 120.262970
501.512817 184.810486
1591.209351 177.806595
2230.843018 267.365326
3254.810303 567.151428
177.911301 1054.943604
1411.402344 635.434265
9860.640625 496.033661
2697.262207 365.352570
1977.994873 239.867584
298.505463 225.894470
1316.219116 331.767548
2243.456055 437.733978
3722.880859 509.090576
19057.787109 145.486084
966.920837 123.538513
6364.874023 118.787827
1730.827026 150.527954
102.148293 210.448212
95.188683 170.299545
2133.104004 125.986565
4097.863770 141.106613
68.152641 351.866913
885.571899 230.767303
637.094727 202.522568
3275.739746 214.581863
3173.741943 222.246002
733.074280 241.941956
326.719910 232.690964
4427.688477 202.246201
19731.804688 49.405037
5604.852051 75.218010
1130.546875 122.453453
1294.101440 177.575623
777.907898 173.206924
904.311096 149.887726
1106.081543 103.908119
13310.356445 64.533081
1765.026611 60.778431
9978.586914 75.427162
4747.053223 117.920021
235.668915 159.522736
331.647675 135.601990
82.273949 77.910660
1969.899536 23.138390
2999.806152 31.249147
10679.270508 68.516541
34858.500000 65.918488
2709.686035 112.216110
4262.660645 148.735672
1784.301147 33.610374
712.749329 57.871811
283.510345 136.250351
93.638794 248.811462
16161.846680 65.596954
11272.745117 87.915573
1616.020142 80.288895
633.929810 51.880074
1258.244751 25.411537
83.416763 30.341682
463.524719 27.706293
1051.091431 16.438339
1987.551147 87.064728
3426.346191 52.571106
704.585022 29.051964
97.548050 21.556149
293.979218 79.291252
69.149345 117.251518
971.530640 150.556564
1537.354858 172.222885
17310.453125 25.732594
107.105164 17.394903
9941.296875 23.686871
1003.081177 45.563629
732.680664 42.336494
732.000610 8.535217
1120.292603 4.975951
9776.272461 52.098545
1069.976318 78.370712
3436.939209 83.253418
1469.989746 89.479630
674.211121 76.203423
10.128905 51.509285
798.056213 34.928280
1413.425537 53.640720
3558.032471 107.735687
10227.736328 53.324780
5858.430176 89.673111
1658.720215 101.021004
6347.298828 82.702919
127.549942 96.590927
2934.104004 174.014954
3463.708740 364.649994
2150.361572 599.948059
28947.453125 299.560944
4763.114258 301.299438
2715.732666 229.519440
653.565857 134.674103
320.192871 112.805313
254.075027 154.189850
1349.869385 212.983139
2872.476562 247.314240
30671.718750 265.838379
2074.752197 231.399597
11427.060547 167.882507
3987.541016 117.877129
3033.724121 167.984222
1649.119995 272.526855
1683.901611 401.876495
2792.333496 502.661194
21593.281250 237.277710
10211.687500 194.973114
1363.794067 143.523575
4184.191406 124.441269
300.924011 14.539673
6369.589844 59.987335
3229.893555 158.422302
3700.474121 304.156586
414.158752 130.675415
2556.650635 71.303024
2804.807861 32.435112
561.780151 10.691139
113.583618 161.953064
908.013550 194.551697
5058.147461 187.739090
14821.784180 144.905716
10454.702148 125.167252
30103.126953 79.386147
3447.245605 75.298195
2358.410645 111.172485
2585.896240 31.692274
2472.840820 32.261581
4505.381348 51.606258
3329.124512 106.382477
9153.690430 94.041458
12298.591797 50.884270
16300.013672 36.760319
1472.132690 34.218658
883.135498 10.320591
3036.706299 20.776922
535.667358 32.236458
12930.195312 40.926903
6052.629883 2.361740
5531.195801 1.301268
9073.154297 1.006129
304.538391 3.548947
1777.194580 6.379655
1703.091553 7.334474
4762.461426 5.864604
3307.770508 2.875328
50595.144531 4.440129
5456.014160 1.495706
1098.314819 1.502598
8658.785156 3.778241
1341.489990 39.181133
2448.613037 54.876324
1047.790771 90.662766
3018.364258 144.220108
2318.184082 39.162701
3254.502930 37.620861
9074.444336 37.856304
513.361938 36.705349
624.664612 103.711052
38.304466 130.344727
66.771049 144.326660
2219.298584 133.599945
22811.511719 93.853386
4561.675781 81.916626
6019.360352 73.959023
3395.869873 81.120316
4438.073730 62.006561
1048.929932 99.815544
1857.816895 180.983643
1188.428223 299.802307
10389.794922 111.924347
5203.298340 83.899994
3310.181152 66.751274
35.133087 56.440212
140.675873 21.330132
1124.629395 20.672981
858.818420 30.494673
1901.675903 59.240967
6209.324219 56.967567
4419.736328 34.873123
1868.153809 26.823322
10.676656 24.102694
2000.900757 39.973549
804.201111 114.545403
1772.933472 229.232422
1539.792969 363.869080
8850.263672 31.730934
15840.537109 11.122875
3585.330322 1.264675
991.348145 6.362551
15.595445 75.033859
444.232971 228.326294
3444.313965 512.933838
10676.426758 890.792786
456.757019 64.191154
25555.701172 41.360191
921.612305 30.436567
2882.939941 27.818350
714.763062 103.194412
3118.270020 144.250870
117.048523 275.087952
818.850037 519.350220
12931.701172 463.386261
6797.844238 277.569702
2749.647705 171.441177
3470.758057 117.594574
387.866547 19.466705
2242.596680 79.156769
1526.962524 195.651581
5496.473633 360.357758
1843.840820 83.334610
5570.010254 38.359909
3.572476 13.720654
370.305847 4.026252
1941.622437 136.828751
434.550171 233.758682
1299.911377 448.599640
6479.609375 783.604004
2544.768555 267.673248
19069.972656 171.929169
70.004990 131.083069
374.172089 116.393448
1051.394775 263.433289
1401.669434 325.636658
700.304565 372.440521
1537.637695 412.216858
1109.718384 488.584503
4600.400391 303.846802
919.780396 211.616119
1188.961670 210.435944
503.509094 171.202805
941.936584 105.775352
5531.956055 37.469673
1349.827881 6.469326
17281.037109 184.919342
4058.483887 183.140396
3484.053711 200.239487
923.336792 203.828751
385.540222 75.691437
3296.123047 130.923737
1285.556274 303.794678
4524.515625 565.892090
18048.193359 95.486305
4959.828125 139.573120
10552.223633 141.153442
1206.587646 102.081001
190.259979 33.622749
911.072449 25.049019
4711.252441 16.722567
751.806335 6.358189
26888.226562 190.352036
1748.111450 135.128357
1228.481323 84.948463
3155.422852 51.004623
2668.168945 46.171925
356.286804 120.333771
261.519836 215.037552
6355.480469 300.334351
337.168945 21.054970
999.701294 12.506722
3138.333984 2.512700
1038.305786 8.125504
496.829834 54.804092
203.098068 154.867844
2440.243164 349.877167
3943.139160 618.307861
20444.939453 54.421227
3112.834961 36.602425
271.235291 29.805645
1680.979980 26.901329
434.985718 165.158081
141.732193 134.983963
1062.566406 77.960106
2729.051025 20.926977
40929.593750 265.265198
846.043213 196.412445
11848.140625 168.776230
3771.869141 168.404953
546.103088 49.013035
71.759804 46.131176
3455.158936 84.515770
1172.932251 171.848007
1527.751587 66.227402
8337.072266 72.976303
3445.538574 78.310806
5348.498535 67.893822
1225.429443 211.935440
189.954010 302.653656
895.727295 383.313141
2277.445801 419.511780
4082.012695 85.750504
4165.774902 93.386383
400.146912 105.362442
1636.344238 141.977798
219.632965 45.450340
2521.398926 102.185532
972.832703 273.026978
5343.630859 559.667480
998.480957 220.852661
11597.801758 146.752335
1703.620605 100.126015
3358.263916 60.370438
119.374512 83.732246
166.374146 128.467178
447.432007 201.478333
284.548309 311.812317
13442.248047 153.657852
2222.527588 78.084457
2401.023682 51.481373
884.796021 57.736706
2222.500488 304.734344
58.636688 506.590149
7422.696777 816.072388
3543.776367 1155.173462
5421.052734 492.666473
14417.285156 381.882385
542.902832 281.655273
1232.474731 238.134918
2057.410645 19.814064
2654.080811 39.849094
4635.501953 149.968140
15971.963867 371.016235
19169.326172 352.228424
2920.449951 205.093811
18560.636719 113.019669
1220.506714 52.413712
276.544800 31.847536
1652.982300 106.549576
4630.441895 243.550583
723.852356 434.263794
14234.681641 61.952637
1131.677490 18.925621
4215.874023 3.000222
6768.155273 4.330474
420.175903 122.845337
642.215088 108.063721
1893.789062 120.005188
5371.189941 193.692581
34962.289062 292.994507
1669.113403 194.928406
2301.096191 153.389786
1875.458496 137.861664
533.617432 232.992462
76.090302 269.233795
138.092392 275.358215
1451.753662 244.655090
2612.245117 102.991264
4402.319824 114.848129
9928.667969 141.317032
4239.787109 184.146362
940.766357 40.319736
1198.795410 30.098619
248.550369 101.961411
3942.273682 268.471039
13242.789062 145.253845
4089.681152 136.999634
2297.223145 124.849258
161.102036 87.149185
4030.408203 186.932892
143.202484 266.553711
713.701904 354.006348
89.746429 420.960205
1167.209839 43.797421
26112.035156 70.995132
2599.226074 96.236404
2242.746582 130.695328
1112.697632 480.092285
56.743950 539.720398
383.104797 588.593445
3506.118896 630.569092
38401.656250 495.574402
3598.329590 414.127502
2793.849365 392.450226
4054.719727 422.544159
3825.674316 318.713715
1071.885986 370.113770
251.338577 493.873474
4198.248047 687.160461
17800.046875 488.377411
23207.220703 405.971161
16718.804688 352.607239
4195.732910 320.401306
2839.256592 285.289093
1063.344360 362.789032
3258.738770 408.862610
8875.012695 411.939941
597.135437 354.564056
401.290741 243.557846
43.633831 192.673920
693.464355 214.214249
754.553955 30.280888
323.253937 138.897308
3060.968018 343.730011
414.354584 601.373108
23154.468750 51.136047
12863.762695 50.116547
4602.978027 31.109428
1067.113403 9.230284
1038.572144 211.578323
2683.911621 221.502777
8330.887695 160.203873
538.865601 68.167374
5212.189453 275.178925
6344.230469 133.689423
7999.341797 100.477913
189.543198 149.447037
3004.082275 138.259903
366.782043 114.786392
8187.658691 116.380180
6783.479492 179.847351
5076.557129 99.777283
19143.742188 97.568604
15915.983398 127.310616
404.710571 147.426697
164.661957 166.678024
2295.052490 194.355469
963.884399 218.423798
5783.233887 222.386261
11437.799805 174.937073
6313.902344 166.091766
10035.910156 153.196991
3961.519043 151.048462
2521.978516 259.870544
576.044067 379.866913
978.312866 581.568237
1863.154175 825.541931
19537.097656 312.898102
31.508047 271.587585
6268.221680 236.474167
5291.375977 221.629074
354.942108 40.777191
130.649796 111.533127
295.658508 253.334885
527.451233 453.656921
42371.816406 278.176666
5306.877441 160.514847
771.475647 78.123093
5590.088379 34.482315
2864.359863 255.079590
542.922852 254.488754
1909.500366 290.970032
2210.731934 412.105560
1042.362061 412.105560
2210.731934 290.970032
1909.500366 254.488754
542.922852 255.079590
331.354767 527.339050
1783.216553 529.074280
522.093079 478.746094
11402.326172 384.960541
89082.609375 332.477997
2188.294922 372.363922
12796.097656 426.341492
2901.127441 485.249146
4380.486328 655.768433
2625.310791 1070.485107
13657.684570 1872.213623
1513.176514 2907.750488
5391.705078 845.743530
2830.929199 785.437988
2899.963135 682.519531
1309.530029 583.804443
1546.125488 489.356140
135.342331 522.009399
691.644592 588.609192
1736.031738 706.800110
29777.164062 1378.960449
9831.118164 950.432983
9575.712891 657.397583
3330.036133 516.682312
250.224548 13.806116
2047.595703 75.795731
1404.687134 207.070404
2441.436279 382.519226
26015.673828 183.691910
2238.313477 123.233391
1221.591797 63.103851
4306.860840 17.583158
959.692139 19.524580
309.967651 19.160900
440.140991 21.680309
382.961945 50.073040
258.873596 147.567871
2459.155273 58.046276
3715.514160 19.789032
932.137817 15.246682
291.750153 1.404974
3564.188965 17.439066
69.261169 67.219765
5901.659180 142.177078
5203.838379 55.039349
8791.752930 47.352978
2116.847168 31.782766
148.300781 11.690465
348.185120 62.086090
77.394363 105.988380
334.303375 153.266586
1537.538330 183.464493
5515.870605 44.782425
10133.676758 40.107212
4157.502930 32.632778
5397.633301 36.755577
194.621429 50.189526
747.722656 37.463600
4657.699707 16.547440
1104.158936 1.376938
8735.127930 61.137062
4184.437012 43.321678
987.920776 43.137245
2549.515381 49.860207
2339.228760 206.601959
14.444925 342.255371
2270.530273 506.666809
611.432068 658.943542
20847.537109 58.059055
5355.333008 60.188690
4249.396973 76.109344
341.780334 119.259674
2052.066650 422.124664
973.855103 427.129944
3999.663086 451.546814
2959.525391 552.392578
7350.372070 481.721771
10982.645508 372.232300
6585.180664 364.210999
1251.244141 398.144806
1723.987671 7.440795
1704.762207 66.171555
326.959045 291.948120
4015.189697 637.598755
34595.753906 335.911377
8623.794922 299.680634
5418.704102 206.087891
3733.297607 82.181076
7046.122559 13.862051
20.815212 43.933578
1028.611084 107.576668
2568.530762 206.479095
21587.558594 55.264709
3676.843262 21.967979
3691.185059 8.509560
1040.148315 5.561521
1346.221436 74.000923
1834.619385 70.478813
278.038452 51.383469
1159.010986 23.963448
10720.187500 87.242805
6890.489746 65.085609
4477.109375 59.207123
4067.170410 66.160789
2722.002197 164.449493
1271.852783 287.869385
627.916382 507.253784
3251.320068 784.419067
5186.269043 167.188568
1067.984131 150.149475
7429.481934 134.233673
406.607483 126.648506
501.142303 12.878170
154.733780 5.822462
6018.644043 29.804712
3555.150391 96.239822
6083.986328 247.966064
20051.845703 153.038284
2170.624268 85.406143
3790.640137 40.300037
632.849670 64.726501
403.906433 146.967804
1745.218262 261.975159
2058.121582 387.678345
11292.847656 24.867203
6114.461914 8.758772
2938.822266 5.573847
2174.469727 20.358730
224.942856 375.801544
2269.758789 662.644409
795.679810 1022.596802
4.938548 1384.038208
3884.286133 243.380341
525.823669 152.778870
1726.094604 131.151474
457.818573 198.611237
15.975673 366.175751
1496.675293 357.408783
5492.338867 502.284027
11.109122 864.558899
5749.109863 693.260254
13454.841797 547.231934
2672.843018 484.694153
1739.050171 429.354553
324.091492 293.989990
853.296936 560.218384
3351.694336 992.887695
530.083923 1459.614868
26088.527344 764.469604
2978.842773 581.830811
5948.956055 376.720886
2339.214844 246.878891
785.982056 122.757011
680.559082 235.718018
2943.370117 446.601257
159.946899 772.424805
3861.102783 653.441833
724.824219 333.132782
1557.191895 153.457291
1735.368286 92.646347
541.096008 22.757698
631.632568 10.492102
1400.835449 88.519661
1233.439087 293.887177
10080.170898 181.068573
5316.392578 118.086411
865.269470 94.280502
174.315125 64.349167
1587.102783 40.071507
233.181686 60.277252
1138.792358 81.175003
824.496582 104.188736
11410.375977 88.539352
648.729370 44.458683
1727.213501 23.752102
1008.149048 24.966576
329.593048 46.289135
3867.005859 42.777534
299.978790 56.524334
2998.156738 105.783028
1131.812256 39.436733
1684.811035 27.213087
613.867249 36.966675
3460.679443 46.866337
1153.472778 45.518158
770.349487 54.535473
686.447754 94.222832
5021.271973 154.976654
7037.845703 113.919907
3452.346191 107.090477
222.214905 87.513916
1738.942871 61.731991
688.528809 50.714752
620.505249 99.935303
70.901108 153.827057
5736.977051 199.266159
35066.542969 24.098675
29772.716797 7.117014
3015.304688 2.822063
7208.214844 16.787064
1727.324341 72.387680
860.897034 19.672583
3728.179932 5.779613
2098.178467 74.899261
12467.998047 100.277222
23.766851 96.183182
5915.689941 115.308380
3005.290039 112.665710
1990.607544 66.268600
19.993763 82.329041
2091.587402 150.214157
2137.123047 251.232346
416.394226 84.528900
913.284119 118.177109
1648.636475 116.812263
196.218018 88.998917
832.639526 274.849792
1034.030029 363.722748
1052.542114 440.520203
1494.116089 463.661743
15710.658203 256.636536
3595.745850 229.510437
3111.250000 204.574615
4330.439453 215.514023
88.103004 191.395325
386.359619 130.567749
7084.415527 59.286396
3249.332031 25.800989
24173.332031 214.046722
7979.287598 186.664093
9459.144531 199.206955
1710.059326 212.367783
1018.657349 98.731590
477.108398 258.376984
1683.619507 511.015076
2342.252441 781.603943
1997.942139 103.563354
11165.464844 103.626923
6918.635254 71.791267
2532.157471 49.483303
93.485184 246.119690
46.687988 303.362183
1587.155029 348.209808
1998.286743 406.422424
15675.921875 363.091187
4288.425781 204.919220
1823.724121 153.125534
688.260986 183.007599
1050.450195 421.237457
3442.436279 601.800720
2131.252441 831.850586
3495.233398 1063.423828
20046.968750 323.217010
1677.156494 279.003235
2321.080078 270.586060
2083.883789 312.187408
33.592445 481.520111
107.653656 758.910461
803.698792 1358.553955
4731.474121 2215.940918
18261.763672 918.829468
27151.003906 720.186523
2899.670898 568.261658
4240.686523 459.403137
3471.969238 593.791748
2224.678711 671.762512
3371.531738 811.584106
3226.137695 1002.598938
6454.942871 1497.891113
34293.378906 1075.506104
4587.187500 768.348389
13756.183594 612.550049
2345.088379 86.375153
1939.685425 64.304443
3394.002930 67.878723
2920.210938 92.205551
7356.595703 370.265991
8371.650391 292.463715
15178.346680 208.668671
5697.022461 135.986099
128.478271 40.663876
792.452026 33.791725
515.154541 51.360550
6701.557617 95.265205
8041.813965 33.852375
11896.280273 54.807243
2671.879883 64.482666
7876.330078 56.836018
685.604126 415.390625
3535.243896 709.447266
1490.220215 1072.110962
353.564301 1372.846191
50195.015625 350.116058
544.107056 312.579468
4578.950684 256.919159
2173.991699 266.931335
1247.062256 210.508194
477.691650 176.737656
2853.165039 198.897964
3299.099609 338.164001
5208.182617 683.620300
5849.382812 449.621063
3507.522949 322.714600
182.509064 257.672913
113.319756 80.131577
3270.253174 116.120857
696.075867 150.037247
490.004486 169.731445
1592.552246 24.607738
3494.672119 28.737598
7660.477051 35.955894
536.097290 52.149551
819.960083 235.682373
179.094650 279.407532
210.155945 306.807129
4054.032471 321.061188
11909.422852 199.109161
1511.764893 154.865448
3817.086670 153.051804
5346.066895 186.593140
1647.827881 98.576439
179.736603 104.524071
2727.704346 205.086060
16865.277344 399.593414
5209.785645 310.207764
5959.232422 266.486847
1839.123291 215.703979
3148.735596 150.949722
1261.948486 257.336426
225.510666 430.822784
1750.224365 604.145691
831.056824 693.839355
8095.385254 245.178772
15114.340820 198.852814
3411.074219 147.261963
5434.313477 155.339539
1534.695557 171.621521
1418.943726 169.737488
230.138031 143.839783
4220.815430 124.033615
946.397278 147.781265
2841.841553 99.427567
4876.664551 107.054031
2026.994751 143.337097
1842.772339 208.342072
4052.601562 308.087524
1039.981934 486.952881
5374.313477 750.324280
6640.103516 130.806427
5569.876953 95.714180
987.343994 115.179131
302.581665 153.621246
465.181213 133.351746
419.429535 79.659531
133.795746 52.472763
2260.415527 79.579224
14499.003906 319.255432
16479.451172 266.446381
1027.485474 228.148071
6264.700195 186.542252
2680.636963 38.125153
181.335159 35.589890
458.697693 35.399338
5172.974121 36.217129
4642.304199 31.983503
14186.398438 40.722012
4163.346191 43.703888
2650.659668 41.840523
326.874664 100.107727
1207.781128 254.691330
2271.274902 463.764740
2300.372314 664.005615
120.650345 66.310486
2543.186279 48.418278
428.814941 23.884834
952.609192 27.937897
1256.981201 70.528847
443.318512 105.807449
2642.060059 233.369202
8453.317383 495.166626
5749.971680 160.539154
511.982422 70.657639
920.228210 58.952282
959.726440 65.832550
1491.765259 122.300316
64.142891 224.501358
418.753967 447.409027
2830.811035 764.370789
24643.394531 403.315002
13572.296875 283.778931
4700.603027 188.020523
7360.065430 123.335205
265.877106 43.505825
3368.395020 31.351114
614.119751 51.458599
2936.069092 120.763947
19292.613281 344.695862
3046.603027 218.507080
1060.712158 131.313568
1291.489990 76.392845
3323.739014 2.727539
46.872967 0.182198
3377.258057 2.769079
12197.581055 18.081696
2507.189697 20.900135
16482.796875 6.687960
5703.776367 3.582910
430.649963 4.070361
1711.483276 82.735825
737.226440 108.645149
1815.530762 133.263428
781.303833 150.859406
15093.868164 9.793138
25923.576172 22.450260
6799.280273 39.090755
4924.070312 59.164604
287.660614 5.057839
439.278595 63.159584
1326.631836 209.339630
5261.066895 421.529846
2496.797363 115.547897
837.324219 90.730980
1289.236084 55.908249
236.585693 16.194672
420.537018 34.052071
223.089966 106.750023
657.593628 246.734680
678.885010 442.835968
6991.315430 11.705827
2319.464844 0.377076
724.203430 3.065953
1468.725830 9.221780
24.924046 203.149033
2244.222656 263.444061
1023.173584 316.941162
164.974701 359.962769
258.031677 334.047119
3065.590332 215.892197
1990.651611 155.484283
177.971771 157.553055
407.502808 193.623047
969.483643 194.045456
4764.447754 208.571655
6330.343750 248.983826
641.454102 285.308228
27789.929688 234.593689
196.214157 208.992203
1159.243896 198.407852
1191.721680 26.462612
2178.035645 23.128031
678.982849 29.856852
3687.050293 42.209908
30145.789062 114.456406
3876.100830 92.425598
13643.961914 65.610771
261.811951 41.508968
2057.594482 42.334877
519.005859 92.974861
1093.909546 155.942856
3046.327148 211.900681
8969.343750 6.793408
3767.211914 6.232359
2499.802734 5.302619
143.125458 13.897630
628.696899 77.030968
3054.090332 170.584579
209.555298 347.590515
1443.205811 589.623840
9123.623047 80.632080
945.919373 56.604046
4567.172363 48.013695
565.635254 47.646255
147.141602 165.586700
165.078400 196.212433
187.850143 221.810669
945.543335 252.399017
9091.193359 329.586548
8496.840820 207.791412
970.372803 146.211334
797.809204 140.306458
89082.609375 89082.609375
89082.609375 89082.609375
0.000000 0.000000
0.000000 0.000000
0.000000 0.000000
0.000000 0.000000
0.000000 0.000000
0.000000 0.000000
